70 40
TREE NETWORK (nID nID Weight):
50 0 55
45 50 34
63 0 49
54 63 41
23 0 55
32 0 53
38 50 57
52 32 32
36 0 39
69 36 52
66 69 59
21 69 48
37 21 47
57 0 52
46 0 50
2 21 45
48 32 55
31 69 51
19 37 48
3 52 45
64 2 48
25 38 52
11 25 50
1 11 48
67 2 48
34 46 52
41 38 45
22 64 42
60 45 59
53 19 34
39 34 49
9 0 47
8 46 54
35 48 40
29 46 49
40 32 58
15 57 34
26 63 32
5 57 55
44 52 57
12 26 57
47 29 52
42 26 59
6 12 52
58 57 34
68 48 50
14 31 44
7 64 35
59 26 45
51 34 43
62 12 51
13 38 37
16 1 33
65 63 50
61 13 52
49 21 30
28 15 55
18 57 49
30 67 51
33 14 32
20 60 41
56 8 49
55 68 50
10 40 30
17 14 56
24 59 52
27 56 49
4 31 34
43 61 38
PROGRAMS ASSIGNED TO NODES (nID pID1 pID2 ...):
0 1 2 3 4 5 6 7 8 9 10 11 12 13 14 15 16 17 18 19 20 21 22 23 24 25 26 27 28 29 30 31 32 33 34 35 36 37 38 39 40
1 32 1 34 3 36 38 8 12 14 19 21 22 28
2 2 3 4 5 6 7 10 11 13 16 17 19 20 23 24 25 26 30 32 33 34 35 36 37 38 39 40
3 2 5 6 7 8 9 11 12 13 14 15 16 18 20 21 22 24 25 26 27 29 30 32 34 35 36 37 38 39 40
5 36 5 21 37 8 25 26 30
6 1 3 5 6 8 9 10 13 15 16 17 19 21 22 23 25 26 28 29 31 32 33 34 37 39
7 1 2 36 38 8 10 17 18 21 22 24 25 26 29
8 39 24 9 31
9 34 3 36 4 6 38 7 8 9 10 13 14 17 19 20 22 23 24 25 28 30 31
10 1 2 3 4 5 6 7 8 9 10 12 13 14 15 16 17 18 19 20 21 22 23 24 25 26 27 28 29 30 31 32 33 34 35 36 37 38 39 40
11 33 17 1 19 6 8 29 14 30 15 31
12 1 2 3 4 6 10 11 12 13 14 15 16 17 18 19 20 22 23 24 25 27 28 29 31 32 33 34 39
13 38
14 2 3 4 5 6 7 8 9 10 11 13 14 15 17 21 22 23 24 25 26 31 32 33 34 35 39 40
15 16 1 2 35 4 5 22
16 32 2 4 38 7 8 9 15 21 24 28 29 31
17 32 16 33 18 19 38 23 39 8 28 14
18 34 18 21 6 40 9 25 26 13 30 31
19 1 2 6 7 9 11 12 14 15 16 17 18 19 23 24 26 28 29 30 31 33 34 35 37 38 39 40
20 32 33 1 2 34 35 38 6 39 7 11 16 17 19 20 22 24 25 28 31
21 32 2 35 4 36 37 38 7 39 14 21 22 27 30
22 32 1 2 35 3 36 11 12 15 20 22 29 30
23 2 4 5 6 9 11 13 14 15 16 17 19 20 21 22 24 25 26 28 29 31 32 33 38 39 40
24 33 1 34 5 37 6 38 7 39 40 9 10 12 14 16 21 22 24 28 30 31
25 32 5 39 8 9 10 13 15 17 18 20 21 23 29
26 1 3 4 5 6 7 8 9 11 13 14 15 16 17 18 19 20 21 22 23 24 25 26 27 28 29 30 31 32 33 34 35 36 37 38 39
27 16 17 34 2 35 3 36 39 7 11 13
28 2 3 5 6 7 9 11 12 14 17 18 19 20 21 22 23 24 25 26 28 31 32 34 37 38 39
29 32 2 3 36 5 38 7 39 40 9 13 14 16 20 21 22 28 29
30 1 2 3 4 5 7 8 9 11 12 13 14 15 16 17 19 20 21 22 23 24 25 26 27 28 29 30 31 33 34 35 36 37 38 39 40
31 32 1 34 37 38 6 39 7 40 9 10 12 13 14 16 17 22 23 24 25 27 29
32 2 20 36 6 7 40 25 26 27 14 31
33 1 2 5 8 9 11 12 13 14 15 17 18 19 20 21 22 25 26 28 31 33 34 35 36 37 38 40
34 35 4 5 39 8 9 11 13 14 18 21 22 23 24 25 27 29 30 31
35 16 33 1 19 37 7 8 40 26 14
36 1 2 3 4 5 6 7 8 9 11 12 13 14 16 17 18 19 20 21 23 24 25 26 27 29 30 31 32 33 34 35 36 37 38 39 40
37 1 2 4 5 6 7 8 9 10 11 12 13 14 15 16 17 18 20 21 22 24 25 26 27 28 29 30 31 32 34 35 37 38 40
38 1 2 3 4 5 6 7 8 9 10 11 12 13 14 15 16 17 18 19 20 22 23 24 25 26 27 28 29 30 31 33 35 36 37 39 40
39 30
40 1 2 3 4 5 6 7 8 9 10 11 13 14 15 16 17 18 19 20 21 22 23 24 25 26 27 28 29 30 31 32 33 34 35 36 37 38 39 40
41 1 2 3 4 5 6 7 8 9 11 12 13 14 15 16 17 19 20 21 22 23 24 25 26 27 28 29 30 31 32 33 34 35 36 37 38 40
42 16 35 3 21 11
43 17 3 4 36 6 40 27
44 32 1 34 36 38 6 39 8 9 11 14 17 21 29 30
45 33 35 6 23 39 13 31
46 32 33 1 2 35 3 4 36 5 37 6 38 9 12 17 21 22 25 26 27 29 30
47 1 2 3 4 5 7 8 9 10 11 12 14 16 18 19 20 23 24 25 26 27 28 29 30 31 32 33 34 35 37 38 40
48 1 3 25 10
49 32 2 34 4 38 10 12 13 14 25 27 28 30 31
50 1 2 3 4 5 6 7 8 9 10 11 12 13 14 15 16 18 19 20 21 22 23 24 26 29 31 34 35 36 38 39 40
51 33 34 36 5 6 7 39 40 10 13 14 15 18 19 20 21 22 23 25 26 28 31
52 2 3 5 7 9 10 11 12 15 16 18 19 20 22 24 26 27 28 29 30 31 33 34 37 38 40
53 32 1 33 34 3 38 8 10 20 23 25 30 31
54 2 4 5 6 7 9 11 12 13 14 17 18 19 22 23 24 25 26 27 28 29 30 31 32 33 34 35 36 37 38 39 40
55 1 34 18 35 20 4 36 24 40 28 13 30
56 1 33 3 5 38 39 9 10 14 17 18 20 23 25 26 27 28 30
57 34 3 36 20 4 6 39 25 9 10
58 32 34 2 3 35 4 36 37 38 7 8 9 10 13 14 15 18 21 25 26 27 28 29 30
59 32 34 2 35 3 4 36 6 39 7 9 11 15 18 19 20 21 24 25 28 30
60 2 35 4 36 37 5 8 9 10 11 12 13 14 16 18 19 20 21 23 25 26 28 31
61 1 2 3 4 5 7 11 13 14 15 16 17 19 20 24 26 27 28 29 31 32 33 35 37 38 39
63 1 2 3 4 5 6 7 8 10 11 12 13 14 15 16 17 18 19 20 21 22 23 24 25 27 28 29 30 31 32 33 34 35 36 37 38 39 40
64 32 17 5 37 22 39 27 11 12 14
65 1 18 2 19 5 22 39 40 26 12 29
66 1 2 3 4 5 6 7 8 9 10 11 12 13 14 15 16 17 18 19 20 21 22 23 25 26 27 29 30 31 32 33 34 35 36 37 38 39 40
67 17 33 20 38 39 24 25 27 28 29
68 32 34 3 19 36 5 10
69 16 2 19 35 6 39 24 9
SIZE OF PROGRAMS (pID SIZE):
1 98.0
2 88.0
3 53.0
4 49.0
5 43.0
6 53.0
7 46.0
8 48.0
9 44.0
10 70.0
11 79.0
12 81.0
13 61.0
14 44.0
15 90.0
16 74.0
17 70.0
18 95.0
19 54.0
20 63.0
21 75.0
22 99.0
23 47.0
24 92.0
25 86.0
26 68.0
27 71.0
28 44.0
29 53.0
30 56.0
31 51.0
32 56.0
33 61.0
34 77.0
35 41.0
36 64.0
37 78.0
38 82.0
39 94.0
40 44.0
COST TO INSTALL SERVERS AND PROGRAMS ON NODES (COST_TO_INSTALL_SERVER COST_TO_INSTALL_pID1 ...):
0 9006.060606060604 2.9696969696969697 2.6666666666666665 1.606060606060606 1.4848484848484849 1.303030303030303 1.606060606060606 1.393939393939394 1.4545454545454546 1.3333333333333333 2.121212121212121 2.393939393939394 2.4545454545454546 1.8484848484848484 1.3333333333333333 2.727272727272727 2.242424242424242 2.121212121212121 2.878787878787879 1.6363636363636365 1.9090909090909092 2.272727272727273 3.0 1.4242424242424243 2.787878787878788 2.606060606060606 2.0606060606060606 2.1515151515151514 1.3333333333333333 1.606060606060606 1.696969696969697 1.5454545454545454 1.696969696969697 1.8484848484848484 2.3333333333333335 1.2424242424242424 1.9393939393939394 2.3636363636363638 2.484848484848485 2.8484848484848486 1.3333333333333333
1 189.24791970188352 2.9696969696969697 2.6666666666666665 1.606060606060606 1.4848484848484849 1.303030303030303 1.606060606060606 1.393939393939394 1.4545454545454546 1.3333333333333333 2.121212121212121 2.393939393939394 2.4545454545454546 1.8484848484848484 1.3333333333333333 2.727272727272727 2.242424242424242 2.121212121212121 2.878787878787879 1.6363636363636365 1.9090909090909092 2.272727272727273 3.0 1.4242424242424243 2.787878787878788 2.606060606060606 2.0606060606060606 2.1515151515151514 1.3333333333333333 1.606060606060606 1.696969696969697 1.5454545454545454 1.696969696969697 1.8484848484848484 2.3333333333333335 1.2424242424242424 1.9393939393939394 2.3636363636363638 2.484848484848485 2.8484848484848486 1.3333333333333333
2 302.9720416263969 2.9696969696969697 2.6666666666666665 1.606060606060606 1.4848484848484849 1.303030303030303 1.606060606060606 1.393939393939394 1.4545454545454546 1.3333333333333333 2.121212121212121 2.393939393939394 2.4545454545454546 1.8484848484848484 1.3333333333333333 2.727272727272727 2.242424242424242 2.121212121212121 2.878787878787879 1.6363636363636365 1.9090909090909092 2.272727272727273 3.0 1.4242424242424243 2.787878787878788 2.606060606060606 2.0606060606060606 2.1515151515151514 1.3333333333333333 1.606060606060606 1.696969696969697 1.5454545454545454 1.696969696969697 1.8484848484848484 2.3333333333333335 1.2424242424242424 1.9393939393939394 2.3636363636363638 2.484848484848485 2.8484848484848486 1.3333333333333333
3 121.42730471066366 1.97979797979798 1.7777777777777777 1.0707070707070707 0.98989898989899 0.8686868686868687 1.0707070707070707 0.9292929292929293 0.9696969696969697 0.8888888888888888 1.4141414141414141 1.595959595959596 1.6363636363636365 1.2323232323232323 0.8888888888888888 1.8181818181818181 1.494949494949495 1.4141414141414141 1.9191919191919191 1.0909090909090908 1.2727272727272727 1.5151515151515151 2.0 0.9494949494949495 1.8585858585858586 1.7373737373737375 1.3737373737373737 1.4343434343434343 0.8888888888888888 1.0707070707070707 1.1313131313131313 1.0303030303030303 1.1313131313131313 1.2323232323232323 1.5555555555555556 0.8282828282828283 1.292929292929293 1.5757575757575757 1.6565656565656566 1.898989898989899 0.8888888888888888
4 909.0 1.97979797979798 1.7777777777777777 1.0707070707070707 0.98989898989899 0.8686868686868687 1.0707070707070707 0.9292929292929293 0.9696969696969697 0.8888888888888888 1.4141414141414141 1.595959595959596 1.6363636363636365 1.2323232323232323 0.8888888888888888 1.8181818181818181 1.494949494949495 1.4141414141414141 1.9191919191919191 1.0909090909090908 1.2727272727272727 1.5151515151515151 2.0 0.9494949494949495 1.8585858585858586 1.7373737373737375 1.3737373737373737 1.4343434343434343 0.8888888888888888 1.0707070707070707 1.1313131313131313 1.0303030303030303 1.1313131313131313 1.2323232323232323 1.5555555555555556 0.8282828282828283 1.292929292929293 1.5757575757575757 1.6565656565656566 1.898989898989899 0.8888888888888888
5 20.846841058117768 1.97979797979798 1.7777777777777777 1.0707070707070707 0.98989898989899 0.8686868686868687 1.0707070707070707 0.9292929292929293 0.9696969696969697 0.8888888888888888 1.4141414141414141 1.595959595959596 1.6363636363636365 1.2323232323232323 0.8888888888888888 1.8181818181818181 1.494949494949495 1.4141414141414141 1.9191919191919191 1.0909090909090908 1.2727272727272727 1.5151515151515151 2.0 0.9494949494949495 1.8585858585858586 1.7373737373737375 1.3737373737373737 1.4343434343434343 0.8888888888888888 1.0707070707070707 1.1313131313131313 1.0303030303030303 1.1313131313131313 1.2323232323232323 1.5555555555555556 0.8282828282828283 1.292929292929293 1.5757575757575757 1.6565656565656566 1.898989898989899 0.8888888888888888
6 191.37433341806394 2.9696969696969697 2.6666666666666665 1.606060606060606 1.4848484848484849 1.303030303030303 1.606060606060606 1.393939393939394 1.4545454545454546 1.3333333333333333 2.121212121212121 2.393939393939394 2.4545454545454546 1.8484848484848484 1.3333333333333333 2.727272727272727 2.242424242424242 2.121212121212121 2.878787878787879 1.6363636363636365 1.9090909090909092 2.272727272727273 3.0 1.4242424242424243 2.787878787878788 2.606060606060606 2.0606060606060606 2.1515151515151514 1.3333333333333333 1.606060606060606 1.696969696969697 1.5454545454545454 1.696969696969697 1.8484848484848484 2.3333333333333335 1.2424242424242424 1.9393939393939394 2.3636363636363638 2.484848484848485 2.8484848484848486 1.3333333333333333
7 178.09510885908617 1.97979797979798 1.7777777777777777 1.0707070707070707 0.98989898989899 0.8686868686868687 1.0707070707070707 0.9292929292929293 0.9696969696969697 0.8888888888888888 1.4141414141414141 1.595959595959596 1.6363636363636365 1.2323232323232323 0.8888888888888888 1.8181818181818181 1.494949494949495 1.4141414141414141 1.9191919191919191 1.0909090909090908 1.2727272727272727 1.5151515151515151 2.0 0.9494949494949495 1.8585858585858586 1.7373737373737375 1.3737373737373737 1.4343434343434343 0.8888888888888888 1.0707070707070707 1.1313131313131313 1.0303030303030303 1.1313131313131313 1.2323232323232323 1.5555555555555556 0.8282828282828283 1.292929292929293 1.5757575757575757 1.6565656565656566 1.898989898989899 0.8888888888888888
8 63.39193824811396 1.97979797979798 1.7777777777777777 1.0707070707070707 0.98989898989899 0.8686868686868687 1.0707070707070707 0.9292929292929293 0.9696969696969697 0.8888888888888888 1.4141414141414141 1.595959595959596 1.6363636363636365 1.2323232323232323 0.8888888888888888 1.8181818181818181 1.494949494949495 1.4141414141414141 1.9191919191919191 1.0909090909090908 1.2727272727272727 1.5151515151515151 2.0 0.9494949494949495 1.8585858585858586 1.7373737373737375 1.3737373737373737 1.4343434343434343 0.8888888888888888 1.0707070707070707 1.1313131313131313 1.0303030303030303 1.1313131313131313 1.2323232323232323 1.5555555555555556 0.8282828282828283 1.292929292929293 1.5757575757575757 1.6565656565656566 1.898989898989899 0.8888888888888888
9 29.309760455321136 1.97979797979798 1.7777777777777777 1.0707070707070707 0.98989898989899 0.8686868686868687 1.0707070707070707 0.9292929292929293 0.9696969696969697 0.8888888888888888 1.4141414141414141 1.595959595959596 1.6363636363636365 1.2323232323232323 0.8888888888888888 1.8181818181818181 1.494949494949495 1.4141414141414141 1.9191919191919191 1.0909090909090908 1.2727272727272727 1.5151515151515151 2.0 0.9494949494949495 1.8585858585858586 1.7373737373737375 1.3737373737373737 1.4343434343434343 0.8888888888888888 1.0707070707070707 1.1313131313131313 1.0303030303030303 1.1313131313131313 1.2323232323232323 1.5555555555555556 0.8282828282828283 1.292929292929293 1.5757575757575757 1.6565656565656566 1.898989898989899 0.8888888888888888
10 207.0378410870319 1.97979797979798 1.7777777777777777 1.0707070707070707 0.98989898989899 0.8686868686868687 1.0707070707070707 0.9292929292929293 0.9696969696969697 0.8888888888888888 1.4141414141414141 1.595959595959596 1.6363636363636365 1.2323232323232323 0.8888888888888888 1.8181818181818181 1.494949494949495 1.4141414141414141 1.9191919191919191 1.0909090909090908 1.2727272727272727 1.5151515151515151 2.0 0.9494949494949495 1.8585858585858586 1.7373737373737375 1.3737373737373737 1.4343434343434343 0.8888888888888888 1.0707070707070707 1.1313131313131313 1.0303030303030303 1.1313131313131313 1.2323232323232323 1.5555555555555556 0.8282828282828283 1.292929292929293 1.5757575757575757 1.6565656565656566 1.898989898989899 0.8888888888888888
11 98.26387647908615 2.9696969696969697 2.6666666666666665 1.606060606060606 1.4848484848484849 1.303030303030303 1.606060606060606 1.393939393939394 1.4545454545454546 1.3333333333333333 2.121212121212121 2.393939393939394 2.4545454545454546 1.8484848484848484 1.3333333333333333 2.727272727272727 2.242424242424242 2.121212121212121 2.878787878787879 1.6363636363636365 1.9090909090909092 2.272727272727273 3.0 1.4242424242424243 2.787878787878788 2.606060606060606 2.0606060606060606 2.1515151515151514 1.3333333333333333 1.606060606060606 1.696969696969697 1.5454545454545454 1.696969696969697 1.8484848484848484 2.3333333333333335 1.2424242424242424 1.9393939393939394 2.3636363636363638 2.484848484848485 2.8484848484848486 1.3333333333333333
12 155.14483186582424 2.9696969696969697 2.6666666666666665 1.606060606060606 1.4848484848484849 1.303030303030303 1.606060606060606 1.393939393939394 1.4545454545454546 1.3333333333333333 2.121212121212121 2.393939393939394 2.4545454545454546 1.8484848484848484 1.3333333333333333 2.727272727272727 2.242424242424242 2.121212121212121 2.878787878787879 1.6363636363636365 1.9090909090909092 2.272727272727273 3.0 1.4242424242424243 2.787878787878788 2.606060606060606 2.0606060606060606 2.1515151515151514 1.3333333333333333 1.606060606060606 1.696969696969697 1.5454545454545454 1.696969696969697 1.8484848484848484 2.3333333333333335 1.2424242424242424 1.9393939393939394 2.3636363636363638 2.484848484848485 2.8484848484848486 1.3333333333333333
13 72.68105134165849 2.9696969696969697 2.6666666666666665 1.606060606060606 1.4848484848484849 1.303030303030303 1.606060606060606 1.393939393939394 1.4545454545454546 1.3333333333333333 2.121212121212121 2.393939393939394 2.4545454545454546 1.8484848484848484 1.3333333333333333 2.727272727272727 2.242424242424242 2.121212121212121 2.878787878787879 1.6363636363636365 1.9090909090909092 2.272727272727273 3.0 1.4242424242424243 2.787878787878788 2.606060606060606 2.0606060606060606 2.1515151515151514 1.3333333333333333 1.606060606060606 1.696969696969697 1.5454545454545454 1.696969696969697 1.8484848484848484 2.3333333333333335 1.2424242424242424 1.9393939393939394 2.3636363636363638 2.484848484848485 2.8484848484848486 1.3333333333333333
14 228.3163784562278 2.9696969696969697 2.6666666666666665 1.606060606060606 1.4848484848484849 1.303030303030303 1.606060606060606 1.393939393939394 1.4545454545454546 1.3333333333333333 2.121212121212121 2.393939393939394 2.4545454545454546 1.8484848484848484 1.3333333333333333 2.727272727272727 2.242424242424242 2.121212121212121 2.878787878787879 1.6363636363636365 1.9090909090909092 2.272727272727273 3.0 1.4242424242424243 2.787878787878788 2.606060606060606 2.0606060606060606 2.1515151515151514 1.3333333333333333 1.606060606060606 1.696969696969697 1.5454545454545454 1.696969696969697 1.8484848484848484 2.3333333333333335 1.2424242424242424 1.9393939393939394 2.3636363636363638 2.484848484848485 2.8484848484848486 1.3333333333333333
15 42.876928693816176 2.9696969696969697 2.6666666666666665 1.606060606060606 1.4848484848484849 1.303030303030303 1.606060606060606 1.393939393939394 1.4545454545454546 1.3333333333333333 2.121212121212121 2.393939393939394 2.4545454545454546 1.8484848484848484 1.3333333333333333 2.727272727272727 2.242424242424242 2.121212121212121 2.878787878787879 1.6363636363636365 1.9090909090909092 2.272727272727273 3.0 1.4242424242424243 2.787878787878788 2.606060606060606 2.0606060606060606 2.1515151515151514 1.3333333333333333 1.606060606060606 1.696969696969697 1.5454545454545454 1.696969696969697 1.8484848484848484 2.3333333333333335 1.2424242424242424 1.9393939393939394 2.3636363636363638 2.484848484848485 2.8484848484848486 1.3333333333333333
16 154.7996783769566 1.97979797979798 1.7777777777777777 1.0707070707070707 0.98989898989899 0.8686868686868687 1.0707070707070707 0.9292929292929293 0.9696969696969697 0.8888888888888888 1.4141414141414141 1.595959595959596 1.6363636363636365 1.2323232323232323 0.8888888888888888 1.8181818181818181 1.494949494949495 1.4141414141414141 1.9191919191919191 1.0909090909090908 1.2727272727272727 1.5151515151515151 2.0 0.9494949494949495 1.8585858585858586 1.7373737373737375 1.3737373737373737 1.4343434343434343 0.8888888888888888 1.0707070707070707 1.1313131313131313 1.0303030303030303 1.1313131313131313 1.2323232323232323 1.5555555555555556 0.8282828282828283 1.292929292929293 1.5757575757575757 1.6565656565656566 1.898989898989899 0.8888888888888888
17 42.014520686974926 2.9696969696969697 2.6666666666666665 1.606060606060606 1.4848484848484849 1.303030303030303 1.606060606060606 1.393939393939394 1.4545454545454546 1.3333333333333333 2.121212121212121 2.393939393939394 2.4545454545454546 1.8484848484848484 1.3333333333333333 2.727272727272727 2.242424242424242 2.121212121212121 2.878787878787879 1.6363636363636365 1.9090909090909092 2.272727272727273 3.0 1.4242424242424243 2.787878787878788 2.606060606060606 2.0606060606060606 2.1515151515151514 1.3333333333333333 1.606060606060606 1.696969696969697 1.5454545454545454 1.696969696969697 1.8484848484848484 2.3333333333333335 1.2424242424242424 1.9393939393939394 2.3636363636363638 2.484848484848485 2.8484848484848486 1.3333333333333333
18 23.69502150033424 1.97979797979798 1.7777777777777777 1.0707070707070707 0.98989898989899 0.8686868686868687 1.0707070707070707 0.9292929292929293 0.9696969696969697 0.8888888888888888 1.4141414141414141 1.595959595959596 1.6363636363636365 1.2323232323232323 0.8888888888888888 1.8181818181818181 1.494949494949495 1.4141414141414141 1.9191919191919191 1.0909090909090908 1.2727272727272727 1.5151515151515151 2.0 0.9494949494949495 1.8585858585858586 1.7373737373737375 1.3737373737373737 1.4343434343434343 0.8888888888888888 1.0707070707070707 1.1313131313131313 1.0303030303030303 1.1313131313131313 1.2323232323232323 1.5555555555555556 0.8282828282828283 1.292929292929293 1.5757575757575757 1.6565656565656566 1.898989898989899 0.8888888888888888
19 227.93017784215272 1.97979797979798 1.7777777777777777 1.0707070707070707 0.98989898989899 0.8686868686868687 1.0707070707070707 0.9292929292929293 0.9696969696969697 0.8888888888888888 1.4141414141414141 1.595959595959596 1.6363636363636365 1.2323232323232323 0.8888888888888888 1.8181818181818181 1.494949494949495 1.4141414141414141 1.9191919191919191 1.0909090909090908 1.2727272727272727 1.5151515151515151 2.0 0.9494949494949495 1.8585858585858586 1.7373737373737375 1.3737373737373737 1.4343434343434343 0.8888888888888888 1.0707070707070707 1.1313131313131313 1.0303030303030303 1.1313131313131313 1.2323232323232323 1.5555555555555556 0.8282828282828283 1.292929292929293 1.5757575757575757 1.6565656565656566 1.898989898989899 0.8888888888888888
20 81.81666026350715 2.9696969696969697 2.6666666666666665 1.606060606060606 1.4848484848484849 1.303030303030303 1.606060606060606 1.393939393939394 1.4545454545454546 1.3333333333333333 2.121212121212121 2.393939393939394 2.4545454545454546 1.8484848484848484 1.3333333333333333 2.727272727272727 2.242424242424242 2.121212121212121 2.878787878787879 1.6363636363636365 1.9090909090909092 2.272727272727273 3.0 1.4242424242424243 2.787878787878788 2.606060606060606 2.0606060606060606 2.1515151515151514 1.3333333333333333 1.606060606060606 1.696969696969697 1.5454545454545454 1.696969696969697 1.8484848484848484 2.3333333333333335 1.2424242424242424 1.9393939393939394 2.3636363636363638 2.484848484848485 2.8484848484848486 1.3333333333333333
21 150.3837012238245 2.9696969696969697 2.6666666666666665 1.606060606060606 1.4848484848484849 1.303030303030303 1.606060606060606 1.393939393939394 1.4545454545454546 1.3333333333333333 2.121212121212121 2.393939393939394 2.4545454545454546 1.8484848484848484 1.3333333333333333 2.727272727272727 2.242424242424242 2.121212121212121 2.878787878787879 1.6363636363636365 1.9090909090909092 2.272727272727273 3.0 1.4242424242424243 2.787878787878788 2.606060606060606 2.0606060606060606 2.1515151515151514 1.3333333333333333 1.606060606060606 1.696969696969697 1.5454545454545454 1.696969696969697 1.8484848484848484 2.3333333333333335 1.2424242424242424 1.9393939393939394 2.3636363636363638 2.484848484848485 2.8484848484848486 1.3333333333333333
22 153.9855518390407 2.9696969696969697 2.6666666666666665 1.606060606060606 1.4848484848484849 1.303030303030303 1.606060606060606 1.393939393939394 1.4545454545454546 1.3333333333333333 2.121212121212121 2.393939393939394 2.4545454545454546 1.8484848484848484 1.3333333333333333 2.727272727272727 2.242424242424242 2.121212121212121 2.878787878787879 1.6363636363636365 1.9090909090909092 2.272727272727273 3.0 1.4242424242424243 2.787878787878788 2.606060606060606 2.0606060606060606 2.1515151515151514 1.3333333333333333 1.606060606060606 1.696969696969697 1.5454545454545454 1.696969696969697 1.8484848484848484 2.3333333333333335 1.2424242424242424 1.9393939393939394 2.3636363636363638 2.484848484848485 2.8484848484848486 1.3333333333333333
23 239.0 2.9696969696969697 2.6666666666666665 1.606060606060606 1.4848484848484849 1.303030303030303 1.606060606060606 1.393939393939394 1.4545454545454546 1.3333333333333333 2.121212121212121 2.393939393939394 2.4545454545454546 1.8484848484848484 1.3333333333333333 2.727272727272727 2.242424242424242 2.121212121212121 2.878787878787879 1.6363636363636365 1.9090909090909092 2.272727272727273 3.0 1.4242424242424243 2.787878787878788 2.606060606060606 2.0606060606060606 2.1515151515151514 1.3333333333333333 1.606060606060606 1.696969696969697 1.5454545454545454 1.696969696969697 1.8484848484848484 2.3333333333333335 1.2424242424242424 1.9393939393939394 2.3636363636363638 2.484848484848485 2.8484848484848486 1.3333333333333333
24 212.9549549600077 1.97979797979798 1.7777777777777777 1.0707070707070707 0.98989898989899 0.8686868686868687 1.0707070707070707 0.9292929292929293 0.9696969696969697 0.8888888888888888 1.4141414141414141 1.595959595959596 1.6363636363636365 1.2323232323232323 0.8888888888888888 1.8181818181818181 1.494949494949495 1.4141414141414141 1.9191919191919191 1.0909090909090908 1.2727272727272727 1.5151515151515151 2.0 0.9494949494949495 1.8585858585858586 1.7373737373737375 1.3737373737373737 1.4343434343434343 0.8888888888888888 1.0707070707070707 1.1313131313131313 1.0303030303030303 1.1313131313131313 1.2323232323232323 1.5555555555555556 0.8282828282828283 1.292929292929293 1.5757575757575757 1.6565656565656566 1.898989898989899 0.8888888888888888
25 124.73198438524769 2.9696969696969697 2.6666666666666665 1.606060606060606 1.4848484848484849 1.303030303030303 1.606060606060606 1.393939393939394 1.4545454545454546 1.3333333333333333 2.121212121212121 2.393939393939394 2.4545454545454546 1.8484848484848484 1.3333333333333333 2.727272727272727 2.242424242424242 2.121212121212121 2.878787878787879 1.6363636363636365 1.9090909090909092 2.272727272727273 3.0 1.4242424242424243 2.787878787878788 2.606060606060606 2.0606060606060606 2.1515151515151514 1.3333333333333333 1.606060606060606 1.696969696969697 1.5454545454545454 1.696969696969697 1.8484848484848484 2.3333333333333335 1.2424242424242424 1.9393939393939394 2.3636363636363638 2.484848484848485 2.8484848484848486 1.3333333333333333
26 145.19829273774806 2.9696969696969697 2.6666666666666665 1.606060606060606 1.4848484848484849 1.303030303030303 1.606060606060606 1.393939393939394 1.4545454545454546 1.3333333333333333 2.121212121212121 2.393939393939394 2.4545454545454546 1.8484848484848484 1.3333333333333333 2.727272727272727 2.242424242424242 2.121212121212121 2.878787878787879 1.6363636363636365 1.9090909090909092 2.272727272727273 3.0 1.4242424242424243 2.787878787878788 2.606060606060606 2.0606060606060606 2.1515151515151514 1.3333333333333333 1.606060606060606 1.696969696969697 1.5454545454545454 1.696969696969697 1.8484848484848484 2.3333333333333335 1.2424242424242424 1.9393939393939394 2.3636363636363638 2.484848484848485 2.8484848484848486 1.3333333333333333
27 40.95442449104432 1.97979797979798 1.7777777777777777 1.0707070707070707 0.98989898989899 0.8686868686868687 1.0707070707070707 0.9292929292929293 0.9696969696969697 0.8888888888888888 1.4141414141414141 1.595959595959596 1.6363636363636365 1.2323232323232323 0.8888888888888888 1.8181818181818181 1.494949494949495 1.4141414141414141 1.9191919191919191 1.0909090909090908 1.2727272727272727 1.5151515151515151 2.0 0.9494949494949495 1.8585858585858586 1.7373737373737375 1.3737373737373737 1.4343434343434343 0.8888888888888888 1.0707070707070707 1.1313131313131313 1.0303030303030303 1.1313131313131313 1.2323232323232323 1.5555555555555556 0.8282828282828283 1.292929292929293 1.5757575757575757 1.6565656565656566 1.898989898989899 0.8888888888888888
28 69.41553788606474 1.97979797979798 1.7777777777777777 1.0707070707070707 0.98989898989899 0.8686868686868687 1.0707070707070707 0.9292929292929293 0.9696969696969697 0.8888888888888888 1.4141414141414141 1.595959595959596 1.6363636363636365 1.2323232323232323 0.8888888888888888 1.8181818181818181 1.494949494949495 1.4141414141414141 1.9191919191919191 1.0909090909090908 1.2727272727272727 1.5151515151515151 2.0 0.9494949494949495 1.8585858585858586 1.7373737373737375 1.3737373737373737 1.4343434343434343 0.8888888888888888 1.0707070707070707 1.1313131313131313 1.0303030303030303 1.1313131313131313 1.2323232323232323 1.5555555555555556 0.8282828282828283 1.292929292929293 1.5757575757575757 1.6565656565656566 1.898989898989899 0.8888888888888888
29 140.62062684640105 1.97979797979798 1.7777777777777777 1.0707070707070707 0.98989898989899 0.8686868686868687 1.0707070707070707 0.9292929292929293 0.9696969696969697 0.8888888888888888 1.4141414141414141 1.595959595959596 1.6363636363636365 1.2323232323232323 0.8888888888888888 1.8181818181818181 1.494949494949495 1.4141414141414141 1.9191919191919191 1.0909090909090908 1.2727272727272727 1.5151515151515151 2.0 0.9494949494949495 1.8585858585858586 1.7373737373737375 1.3737373737373737 1.4343434343434343 0.8888888888888888 1.0707070707070707 1.1313131313131313 1.0303030303030303 1.1313131313131313 1.2323232323232323 1.5555555555555556 0.8282828282828283 1.292929292929293 1.5757575757575757 1.6565656565656566 1.898989898989899 0.8888888888888888
30 414.80700658399707 1.97979797979798 1.7777777777777777 1.0707070707070707 0.98989898989899 0.8686868686868687 1.0707070707070707 0.9292929292929293 0.9696969696969697 0.8888888888888888 1.4141414141414141 1.595959595959596 1.6363636363636365 1.2323232323232323 0.8888888888888888 1.8181818181818181 1.494949494949495 1.4141414141414141 1.9191919191919191 1.0909090909090908 1.2727272727272727 1.5151515151515151 2.0 0.9494949494949495 1.8585858585858586 1.7373737373737375 1.3737373737373737 1.4343434343434343 0.8888888888888888 1.0707070707070707 1.1313131313131313 1.0303030303030303 1.1313131313131313 1.2323232323232323 1.5555555555555556 0.8282828282828283 1.292929292929293 1.5757575757575757 1.6565656565656566 1.898989898989899 0.8888888888888888
31 240.3082059168339 2.9696969696969697 2.6666666666666665 1.606060606060606 1.4848484848484849 1.303030303030303 1.606060606060606 1.393939393939394 1.4545454545454546 1.3333333333333333 2.121212121212121 2.393939393939394 2.4545454545454546 1.8484848484848484 1.3333333333333333 2.727272727272727 2.242424242424242 2.121212121212121 2.878787878787879 1.6363636363636365 1.9090909090909092 2.272727272727273 3.0 1.4242424242424243 2.787878787878788 2.606060606060606 2.0606060606060606 2.1515151515151514 1.3333333333333333 1.606060606060606 1.696969696969697 1.5454545454545454 1.696969696969697 1.8484848484848484 2.3333333333333335 1.2424242424242424 1.9393939393939394 2.3636363636363638 2.484848484848485 2.8484848484848486 1.3333333333333333
32 44.86288136162791 1.97979797979798 1.7777777777777777 1.0707070707070707 0.98989898989899 0.8686868686868687 1.0707070707070707 0.9292929292929293 0.9696969696969697 0.8888888888888888 1.4141414141414141 1.595959595959596 1.6363636363636365 1.2323232323232323 0.8888888888888888 1.8181818181818181 1.494949494949495 1.4141414141414141 1.9191919191919191 1.0909090909090908 1.2727272727272727 1.5151515151515151 2.0 0.9494949494949495 1.8585858585858586 1.7373737373737375 1.3737373737373737 1.4343434343434343 0.8888888888888888 1.0707070707070707 1.1313131313131313 1.0303030303030303 1.1313131313131313 1.2323232323232323 1.5555555555555556 0.8282828282828283 1.292929292929293 1.5757575757575757 1.6565656565656566 1.898989898989899 0.8888888888888888
33 189.69020598197835 1.97979797979798 1.7777777777777777 1.0707070707070707 0.98989898989899 0.8686868686868687 1.0707070707070707 0.9292929292929293 0.9696969696969697 0.8888888888888888 1.4141414141414141 1.595959595959596 1.6363636363636365 1.2323232323232323 0.8888888888888888 1.8181818181818181 1.494949494949495 1.4141414141414141 1.9191919191919191 1.0909090909090908 1.2727272727272727 1.5151515151515151 2.0 0.9494949494949495 1.8585858585858586 1.7373737373737375 1.3737373737373737 1.4343434343434343 0.8888888888888888 1.0707070707070707 1.1313131313131313 1.0303030303030303 1.1313131313131313 1.2323232323232323 1.5555555555555556 0.8282828282828283 1.292929292929293 1.5757575757575757 1.6565656565656566 1.898989898989899 0.8888888888888888
34 43.30645869113386 1.97979797979798 1.7777777777777777 1.0707070707070707 0.98989898989899 0.8686868686868687 1.0707070707070707 0.9292929292929293 0.9696969696969697 0.8888888888888888 1.4141414141414141 1.595959595959596 1.6363636363636365 1.2323232323232323 0.8888888888888888 1.8181818181818181 1.494949494949495 1.4141414141414141 1.9191919191919191 1.0909090909090908 1.2727272727272727 1.5151515151515151 2.0 0.9494949494949495 1.8585858585858586 1.7373737373737375 1.3737373737373737 1.4343434343434343 0.8888888888888888 1.0707070707070707 1.1313131313131313 1.0303030303030303 1.1313131313131313 1.2323232323232323 1.5555555555555556 0.8282828282828283 1.292929292929293 1.5757575757575757 1.6565656565656566 1.898989898989899 0.8888888888888888
35 29.923813870552834 1.97979797979798 1.7777777777777777 1.0707070707070707 0.98989898989899 0.8686868686868687 1.0707070707070707 0.9292929292929293 0.9696969696969697 0.8888888888888888 1.4141414141414141 1.595959595959596 1.6363636363636365 1.2323232323232323 0.8888888888888888 1.8181818181818181 1.494949494949495 1.4141414141414141 1.9191919191919191 1.0909090909090908 1.2727272727272727 1.5151515151515151 2.0 0.9494949494949495 1.8585858585858586 1.7373737373737375 1.3737373737373737 1.4343434343434343 0.8888888888888888 1.0707070707070707 1.1313131313131313 1.0303030303030303 1.1313131313131313 1.2323232323232323 1.5555555555555556 0.8282828282828283 1.292929292929293 1.5757575757575757 1.6565656565656566 1.898989898989899 0.8888888888888888
36 73.38816767371603 1.97979797979798 1.7777777777777777 1.0707070707070707 0.98989898989899 0.8686868686868687 1.0707070707070707 0.9292929292929293 0.9696969696969697 0.8888888888888888 1.4141414141414141 1.595959595959596 1.6363636363636365 1.2323232323232323 0.8888888888888888 1.8181818181818181 1.494949494949495 1.4141414141414141 1.9191919191919191 1.0909090909090908 1.2727272727272727 1.5151515151515151 2.0 0.9494949494949495 1.8585858585858586 1.7373737373737375 1.3737373737373737 1.4343434343434343 0.8888888888888888 1.0707070707070707 1.1313131313131313 1.0303030303030303 1.1313131313131313 1.2323232323232323 1.5555555555555556 0.8282828282828283 1.292929292929293 1.5757575757575757 1.6565656565656566 1.898989898989899 0.8888888888888888
37 273.30056826622956 1.97979797979798 1.7777777777777777 1.0707070707070707 0.98989898989899 0.8686868686868687 1.0707070707070707 0.9292929292929293 0.9696969696969697 0.8888888888888888 1.4141414141414141 1.595959595959596 1.6363636363636365 1.2323232323232323 0.8888888888888888 1.8181818181818181 1.494949494949495 1.4141414141414141 1.9191919191919191 1.0909090909090908 1.2727272727272727 1.5151515151515151 2.0 0.9494949494949495 1.8585858585858586 1.7373737373737375 1.3737373737373737 1.4343434343434343 0.8888888888888888 1.0707070707070707 1.1313131313131313 1.0303030303030303 1.1313131313131313 1.2323232323232323 1.5555555555555556 0.8282828282828283 1.292929292929293 1.5757575757575757 1.6565656565656566 1.898989898989899 0.8888888888888888
38 83.68803613079469 2.9696969696969697 2.6666666666666665 1.606060606060606 1.4848484848484849 1.303030303030303 1.606060606060606 1.393939393939394 1.4545454545454546 1.3333333333333333 2.121212121212121 2.393939393939394 2.4545454545454546 1.8484848484848484 1.3333333333333333 2.727272727272727 2.242424242424242 2.121212121212121 2.878787878787879 1.6363636363636365 1.9090909090909092 2.272727272727273 3.0 1.4242424242424243 2.787878787878788 2.606060606060606 2.0606060606060606 2.1515151515151514 1.3333333333333333 1.606060606060606 1.696969696969697 1.5454545454545454 1.696969696969697 1.8484848484848484 2.3333333333333335 1.2424242424242424 1.9393939393939394 2.3636363636363638 2.484848484848485 2.8484848484848486 1.3333333333333333
39 1.8007000111606883 1.97979797979798 1.7777777777777777 1.0707070707070707 0.98989898989899 0.8686868686868687 1.0707070707070707 0.9292929292929293 0.9696969696969697 0.8888888888888888 1.4141414141414141 1.595959595959596 1.6363636363636365 1.2323232323232323 0.8888888888888888 1.8181818181818181 1.494949494949495 1.4141414141414141 1.9191919191919191 1.0909090909090908 1.2727272727272727 1.5151515151515151 2.0 0.9494949494949495 1.8585858585858586 1.7373737373737375 1.3737373737373737 1.4343434343434343 0.8888888888888888 1.0707070707070707 1.1313131313131313 1.0303030303030303 1.1313131313131313 1.2323232323232323 1.5555555555555556 0.8282828282828283 1.292929292929293 1.5757575757575757 1.6565656565656566 1.898989898989899 0.8888888888888888
40 102.99095904948344 2.9696969696969697 2.6666666666666665 1.606060606060606 1.4848484848484849 1.303030303030303 1.606060606060606 1.393939393939394 1.4545454545454546 1.3333333333333333 2.121212121212121 2.393939393939394 2.4545454545454546 1.8484848484848484 1.3333333333333333 2.727272727272727 2.242424242424242 2.121212121212121 2.878787878787879 1.6363636363636365 1.9090909090909092 2.272727272727273 3.0 1.4242424242424243 2.787878787878788 2.606060606060606 2.0606060606060606 2.1515151515151514 1.3333333333333333 1.606060606060606 1.696969696969697 1.5454545454545454 1.696969696969697 1.8484848484848484 2.3333333333333335 1.2424242424242424 1.9393939393939394 2.3636363636363638 2.484848484848485 2.8484848484848486 1.3333333333333333
41 192.82417453118492 1.97979797979798 1.7777777777777777 1.0707070707070707 0.98989898989899 0.8686868686868687 1.0707070707070707 0.9292929292929293 0.9696969696969697 0.8888888888888888 1.4141414141414141 1.595959595959596 1.6363636363636365 1.2323232323232323 0.8888888888888888 1.8181818181818181 1.494949494949495 1.4141414141414141 1.9191919191919191 1.0909090909090908 1.2727272727272727 1.5151515151515151 2.0 0.9494949494949495 1.8585858585858586 1.7373737373737375 1.3737373737373737 1.4343434343434343 0.8888888888888888 1.0707070707070707 1.1313131313131313 1.0303030303030303 1.1313131313131313 1.2323232323232323 1.5555555555555556 0.8282828282828283 1.292929292929293 1.5757575757575757 1.6565656565656566 1.898989898989899 0.8888888888888888
42 14.778942363423432 1.97979797979798 1.7777777777777777 1.0707070707070707 0.98989898989899 0.8686868686868687 1.0707070707070707 0.9292929292929293 0.9696969696969697 0.8888888888888888 1.4141414141414141 1.595959595959596 1.6363636363636365 1.2323232323232323 0.8888888888888888 1.8181818181818181 1.494949494949495 1.4141414141414141 1.9191919191919191 1.0909090909090908 1.2727272727272727 1.5151515151515151 2.0 0.9494949494949495 1.8585858585858586 1.7373737373737375 1.3737373737373737 1.4343434343434343 0.8888888888888888 1.0707070707070707 1.1313131313131313 1.0303030303030303 1.1313131313131313 1.2323232323232323 1.5555555555555556 0.8282828282828283 1.292929292929293 1.5757575757575757 1.6565656565656566 1.898989898989899 0.8888888888888888
43 65.12118683647607 1.97979797979798 1.7777777777777777 1.0707070707070707 0.98989898989899 0.8686868686868687 1.0707070707070707 0.9292929292929293 0.9696969696969697 0.8888888888888888 1.4141414141414141 1.595959595959596 1.6363636363636365 1.2323232323232323 0.8888888888888888 1.8181818181818181 1.494949494949495 1.4141414141414141 1.9191919191919191 1.0909090909090908 1.2727272727272727 1.5151515151515151 2.0 0.9494949494949495 1.8585858585858586 1.7373737373737375 1.3737373737373737 1.4343434343434343 0.8888888888888888 1.0707070707070707 1.1313131313131313 1.0303030303030303 1.1313131313131313 1.2323232323232323 1.5555555555555556 0.8282828282828283 1.292929292929293 1.5757575757575757 1.6565656565656566 1.898989898989899 0.8888888888888888
44 70.38497022995327 2.9696969696969697 2.6666666666666665 1.606060606060606 1.4848484848484849 1.303030303030303 1.606060606060606 1.393939393939394 1.4545454545454546 1.3333333333333333 2.121212121212121 2.393939393939394 2.4545454545454546 1.8484848484848484 1.3333333333333333 2.727272727272727 2.242424242424242 2.121212121212121 2.878787878787879 1.6363636363636365 1.9090909090909092 2.272727272727273 3.0 1.4242424242424243 2.787878787878788 2.606060606060606 2.0606060606060606 2.1515151515151514 1.3333333333333333 1.606060606060606 1.696969696969697 1.5454545454545454 1.696969696969697 1.8484848484848484 2.3333333333333335 1.2424242424242424 1.9393939393939394 2.3636363636363638 2.484848484848485 2.8484848484848486 1.3333333333333333
45 136.77030264875498 1.97979797979798 1.7777777777777777 1.0707070707070707 0.98989898989899 0.8686868686868687 1.0707070707070707 0.9292929292929293 0.9696969696969697 0.8888888888888888 1.4141414141414141 1.595959595959596 1.6363636363636365 1.2323232323232323 0.8888888888888888 1.8181818181818181 1.494949494949495 1.4141414141414141 1.9191919191919191 1.0909090909090908 1.2727272727272727 1.5151515151515151 2.0 0.9494949494949495 1.8585858585858586 1.7373737373737375 1.3737373737373737 1.4343434343434343 0.8888888888888888 1.0707070707070707 1.1313131313131313 1.0303030303030303 1.1313131313131313 1.2323232323232323 1.5555555555555556 0.8282828282828283 1.292929292929293 1.5757575757575757 1.6565656565656566 1.898989898989899 0.8888888888888888
46 3.4475593748397273 2.9696969696969697 2.6666666666666665 1.606060606060606 1.4848484848484849 1.303030303030303 1.606060606060606 1.393939393939394 1.4545454545454546 1.3333333333333333 2.121212121212121 2.393939393939394 2.4545454545454546 1.8484848484848484 1.3333333333333333 2.727272727272727 2.242424242424242 2.121212121212121 2.878787878787879 1.6363636363636365 1.9090909090909092 2.272727272727273 3.0 1.4242424242424243 2.787878787878788 2.606060606060606 2.0606060606060606 2.1515151515151514 1.3333333333333333 1.606060606060606 1.696969696969697 1.5454545454545454 1.696969696969697 1.8484848484848484 2.3333333333333335 1.2424242424242424 1.9393939393939394 2.3636363636363638 2.484848484848485 2.8484848484848486 1.3333333333333333
47 94.0255375299598 1.97979797979798 1.7777777777777777 1.0707070707070707 0.98989898989899 0.8686868686868687 1.0707070707070707 0.9292929292929293 0.9696969696969697 0.8888888888888888 1.4141414141414141 1.595959595959596 1.6363636363636365 1.2323232323232323 0.8888888888888888 1.8181818181818181 1.494949494949495 1.4141414141414141 1.9191919191919191 1.0909090909090908 1.2727272727272727 1.5151515151515151 2.0 0.9494949494949495 1.8585858585858586 1.7373737373737375 1.3737373737373737 1.4343434343434343 0.8888888888888888 1.0707070707070707 1.1313131313131313 1.0303030303030303 1.1313131313131313 1.2323232323232323 1.5555555555555556 0.8282828282828283 1.292929292929293 1.5757575757575757 1.6565656565656566 1.898989898989899 0.8888888888888888
48 36.195773916888264 1.97979797979798 1.7777777777777777 1.0707070707070707 0.98989898989899 0.8686868686868687 1.0707070707070707 0.9292929292929293 0.9696969696969697 0.8888888888888888 1.4141414141414141 1.595959595959596 1.6363636363636365 1.2323232323232323 0.8888888888888888 1.8181818181818181 1.494949494949495 1.4141414141414141 1.9191919191919191 1.0909090909090908 1.2727272727272727 1.5151515151515151 2.0 0.9494949494949495 1.8585858585858586 1.7373737373737375 1.3737373737373737 1.4343434343434343 0.8888888888888888 1.0707070707070707 1.1313131313131313 1.0303030303030303 1.1313131313131313 1.2323232323232323 1.5555555555555556 0.8282828282828283 1.292929292929293 1.5757575757575757 1.6565656565656566 1.898989898989899 0.8888888888888888
49 147.21345467798233 1.97979797979798 1.7777777777777777 1.0707070707070707 0.98989898989899 0.8686868686868687 1.0707070707070707 0.9292929292929293 0.9696969696969697 0.8888888888888888 1.4141414141414141 1.595959595959596 1.6363636363636365 1.2323232323232323 0.8888888888888888 1.8181818181818181 1.494949494949495 1.4141414141414141 1.9191919191919191 1.0909090909090908 1.2727272727272727 1.5151515151515151 2.0 0.9494949494949495 1.8585858585858586 1.7373737373737375 1.3737373737373737 1.4343434343434343 0.8888888888888888 1.0707070707070707 1.1313131313131313 1.0303030303030303 1.1313131313131313 1.2323232323232323 1.5555555555555556 0.8282828282828283 1.292929292929293 1.5757575757575757 1.6565656565656566 1.898989898989899 0.8888888888888888
50 46.91579420005196 1.97979797979798 1.7777777777777777 1.0707070707070707 0.98989898989899 0.8686868686868687 1.0707070707070707 0.9292929292929293 0.9696969696969697 0.8888888888888888 1.4141414141414141 1.595959595959596 1.6363636363636365 1.2323232323232323 0.8888888888888888 1.8181818181818181 1.494949494949495 1.4141414141414141 1.9191919191919191 1.0909090909090908 1.2727272727272727 1.5151515151515151 2.0 0.9494949494949495 1.8585858585858586 1.7373737373737375 1.3737373737373737 1.4343434343434343 0.8888888888888888 1.0707070707070707 1.1313131313131313 1.0303030303030303 1.1313131313131313 1.2323232323232323 1.5555555555555556 0.8282828282828283 1.292929292929293 1.5757575757575757 1.6565656565656566 1.898989898989899 0.8888888888888888
51 148.3414744991789 1.97979797979798 1.7777777777777777 1.0707070707070707 0.98989898989899 0.8686868686868687 1.0707070707070707 0.9292929292929293 0.9696969696969697 0.8888888888888888 1.4141414141414141 1.595959595959596 1.6363636363636365 1.2323232323232323 0.8888888888888888 1.8181818181818181 1.494949494949495 1.4141414141414141 1.9191919191919191 1.0909090909090908 1.2727272727272727 1.5151515151515151 2.0 0.9494949494949495 1.8585858585858586 1.7373737373737375 1.3737373737373737 1.4343434343434343 0.8888888888888888 1.0707070707070707 1.1313131313131313 1.0303030303030303 1.1313131313131313 1.2323232323232323 1.5555555555555556 0.8282828282828283 1.292929292929293 1.5757575757575757 1.6565656565656566 1.898989898989899 0.8888888888888888
52 123.260558654849 2.9696969696969697 2.6666666666666665 1.606060606060606 1.4848484848484849 1.303030303030303 1.606060606060606 1.393939393939394 1.4545454545454546 1.3333333333333333 2.121212121212121 2.393939393939394 2.4545454545454546 1.8484848484848484 1.3333333333333333 2.727272727272727 2.242424242424242 2.121212121212121 2.878787878787879 1.6363636363636365 1.9090909090909092 2.272727272727273 3.0 1.4242424242424243 2.787878787878788 2.606060606060606 2.0606060606060606 2.1515151515151514 1.3333333333333333 1.606060606060606 1.696969696969697 1.5454545454545454 1.696969696969697 1.8484848484848484 2.3333333333333335 1.2424242424242424 1.9393939393939394 2.3636363636363638 2.484848484848485 2.8484848484848486 1.3333333333333333
53 116.9568523743493 1.97979797979798 1.7777777777777777 1.0707070707070707 0.98989898989899 0.8686868686868687 1.0707070707070707 0.9292929292929293 0.9696969696969697 0.8888888888888888 1.4141414141414141 1.595959595959596 1.6363636363636365 1.2323232323232323 0.8888888888888888 1.8181818181818181 1.494949494949495 1.4141414141414141 1.9191919191919191 1.0909090909090908 1.2727272727272727 1.5151515151515151 2.0 0.9494949494949495 1.8585858585858586 1.7373737373737375 1.3737373737373737 1.4343434343434343 0.8888888888888888 1.0707070707070707 1.1313131313131313 1.0303030303030303 1.1313131313131313 1.2323232323232323 1.5555555555555556 0.8282828282828283 1.292929292929293 1.5757575757575757 1.6565656565656566 1.898989898989899 0.8888888888888888
54 133.52993932326362 2.9696969696969697 2.6666666666666665 1.606060606060606 1.4848484848484849 1.303030303030303 1.606060606060606 1.393939393939394 1.4545454545454546 1.3333333333333333 2.121212121212121 2.393939393939394 2.4545454545454546 1.8484848484848484 1.3333333333333333 2.727272727272727 2.242424242424242 2.121212121212121 2.878787878787879 1.6363636363636365 1.9090909090909092 2.272727272727273 3.0 1.4242424242424243 2.787878787878788 2.606060606060606 2.0606060606060606 2.1515151515151514 1.3333333333333333 1.606060606060606 1.696969696969697 1.5454545454545454 1.696969696969697 1.8484848484848484 2.3333333333333335 1.2424242424242424 1.9393939393939394 2.3636363636363638 2.484848484848485 2.8484848484848486 1.3333333333333333
55 31.047203317720076 2.9696969696969697 2.6666666666666665 1.606060606060606 1.4848484848484849 1.303030303030303 1.606060606060606 1.393939393939394 1.4545454545454546 1.3333333333333333 2.121212121212121 2.393939393939394 2.4545454545454546 1.8484848484848484 1.3333333333333333 2.727272727272727 2.242424242424242 2.121212121212121 2.878787878787879 1.6363636363636365 1.9090909090909092 2.272727272727273 3.0 1.4242424242424243 2.787878787878788 2.606060606060606 2.0606060606060606 2.1515151515151514 1.3333333333333333 1.606060606060606 1.696969696969697 1.5454545454545454 1.696969696969697 1.8484848484848484 2.3333333333333335 1.2424242424242424 1.9393939393939394 2.3636363636363638 2.484848484848485 2.8484848484848486 1.3333333333333333
56 30.477256572904267 2.9696969696969697 2.6666666666666665 1.606060606060606 1.4848484848484849 1.303030303030303 1.606060606060606 1.393939393939394 1.4545454545454546 1.3333333333333333 2.121212121212121 2.393939393939394 2.4545454545454546 1.8484848484848484 1.3333333333333333 2.727272727272727 2.242424242424242 2.121212121212121 2.878787878787879 1.6363636363636365 1.9090909090909092 2.272727272727273 3.0 1.4242424242424243 2.787878787878788 2.606060606060606 2.0606060606060606 2.1515151515151514 1.3333333333333333 1.606060606060606 1.696969696969697 1.5454545454545454 1.696969696969697 1.8484848484848484 2.3333333333333335 1.2424242424242424 1.9393939393939394 2.3636363636363638 2.484848484848485 2.8484848484848486 1.3333333333333333
57 988.0 1.97979797979798 1.7777777777777777 1.0707070707070707 0.98989898989899 0.8686868686868687 1.0707070707070707 0.9292929292929293 0.9696969696969697 0.8888888888888888 1.4141414141414141 1.595959595959596 1.6363636363636365 1.2323232323232323 0.8888888888888888 1.8181818181818181 1.494949494949495 1.4141414141414141 1.9191919191919191 1.0909090909090908 1.2727272727272727 1.5151515151515151 2.0 0.9494949494949495 1.8585858585858586 1.7373737373737375 1.3737373737373737 1.4343434343434343 0.8888888888888888 1.0707070707070707 1.1313131313131313 1.0303030303030303 1.1313131313131313 1.2323232323232323 1.5555555555555556 0.8282828282828283 1.292929292929293 1.5757575757575757 1.6565656565656566 1.898989898989899 0.8888888888888888
58 36.99490737891347 2.9696969696969697 2.6666666666666665 1.606060606060606 1.4848484848484849 1.303030303030303 1.606060606060606 1.393939393939394 1.4545454545454546 1.3333333333333333 2.121212121212121 2.393939393939394 2.4545454545454546 1.8484848484848484 1.3333333333333333 2.727272727272727 2.242424242424242 2.121212121212121 2.878787878787879 1.6363636363636365 1.9090909090909092 2.272727272727273 3.0 1.4242424242424243 2.787878787878788 2.606060606060606 2.0606060606060606 2.1515151515151514 1.3333333333333333 1.606060606060606 1.696969696969697 1.5454545454545454 1.696969696969697 1.8484848484848484 2.3333333333333335 1.2424242424242424 1.9393939393939394 2.3636363636363638 2.484848484848485 2.8484848484848486 1.3333333333333333
59 228.56207442125464 2.9696969696969697 2.6666666666666665 1.606060606060606 1.4848484848484849 1.303030303030303 1.606060606060606 1.393939393939394 1.4545454545454546 1.3333333333333333 2.121212121212121 2.393939393939394 2.4545454545454546 1.8484848484848484 1.3333333333333333 2.727272727272727 2.242424242424242 2.121212121212121 2.878787878787879 1.6363636363636365 1.9090909090909092 2.272727272727273 3.0 1.4242424242424243 2.787878787878788 2.606060606060606 2.0606060606060606 2.1515151515151514 1.3333333333333333 1.606060606060606 1.696969696969697 1.5454545454545454 1.696969696969697 1.8484848484848484 2.3333333333333335 1.2424242424242424 1.9393939393939394 2.3636363636363638 2.484848484848485 2.8484848484848486 1.3333333333333333
60 136.39513534076627 1.97979797979798 1.7777777777777777 1.0707070707070707 0.98989898989899 0.8686868686868687 1.0707070707070707 0.9292929292929293 0.9696969696969697 0.8888888888888888 1.4141414141414141 1.595959595959596 1.6363636363636365 1.2323232323232323 0.8888888888888888 1.8181818181818181 1.494949494949495 1.4141414141414141 1.9191919191919191 1.0909090909090908 1.2727272727272727 1.5151515151515151 2.0 0.9494949494949495 1.8585858585858586 1.7373737373737375 1.3737373737373737 1.4343434343434343 0.8888888888888888 1.0707070707070707 1.1313131313131313 1.0303030303030303 1.1313131313131313 1.2323232323232323 1.5555555555555556 0.8282828282828283 1.292929292929293 1.5757575757575757 1.6565656565656566 1.898989898989899 0.8888888888888888
61 143.29625455694753 1.97979797979798 1.7777777777777777 1.0707070707070707 0.98989898989899 0.8686868686868687 1.0707070707070707 0.9292929292929293 0.9696969696969697 0.8888888888888888 1.4141414141414141 1.595959595959596 1.6363636363636365 1.2323232323232323 0.8888888888888888 1.8181818181818181 1.494949494949495 1.4141414141414141 1.9191919191919191 1.0909090909090908 1.2727272727272727 1.5151515151515151 2.0 0.9494949494949495 1.8585858585858586 1.7373737373737375 1.3737373737373737 1.4343434343434343 0.8888888888888888 1.0707070707070707 1.1313131313131313 1.0303030303030303 1.1313131313131313 1.2323232323232323 1.5555555555555556 0.8282828282828283 1.292929292929293 1.5757575757575757 1.6565656565656566 1.898989898989899 0.8888888888888888
62 790.0 2.9696969696969697 2.6666666666666665 1.606060606060606 1.4848484848484849 1.303030303030303 1.606060606060606 1.393939393939394 1.4545454545454546 1.3333333333333333 2.121212121212121 2.393939393939394 2.4545454545454546 1.8484848484848484 1.3333333333333333 2.727272727272727 2.242424242424242 2.121212121212121 2.878787878787879 1.6363636363636365 1.9090909090909092 2.272727272727273 3.0 1.4242424242424243 2.787878787878788 2.606060606060606 2.0606060606060606 2.1515151515151514 1.3333333333333333 1.606060606060606 1.696969696969697 1.5454545454545454 1.696969696969697 1.8484848484848484 2.3333333333333335 1.2424242424242424 1.9393939393939394 2.3636363636363638 2.484848484848485 2.8484848484848486 1.3333333333333333
63 14.769010489530729 1.97979797979798 1.7777777777777777 1.0707070707070707 0.98989898989899 0.8686868686868687 1.0707070707070707 0.9292929292929293 0.9696969696969697 0.8888888888888888 1.4141414141414141 1.595959595959596 1.6363636363636365 1.2323232323232323 0.8888888888888888 1.8181818181818181 1.494949494949495 1.4141414141414141 1.9191919191919191 1.0909090909090908 1.2727272727272727 1.5151515151515151 2.0 0.9494949494949495 1.8585858585858586 1.7373737373737375 1.3737373737373737 1.4343434343434343 0.8888888888888888 1.0707070707070707 1.1313131313131313 1.0303030303030303 1.1313131313131313 1.2323232323232323 1.5555555555555556 0.8282828282828283 1.292929292929293 1.5757575757575757 1.6565656565656566 1.898989898989899 0.8888888888888888
64 308.67514203698556 2.9696969696969697 2.6666666666666665 1.606060606060606 1.4848484848484849 1.303030303030303 1.606060606060606 1.393939393939394 1.4545454545454546 1.3333333333333333 2.121212121212121 2.393939393939394 2.4545454545454546 1.8484848484848484 1.3333333333333333 2.727272727272727 2.242424242424242 2.121212121212121 2.878787878787879 1.6363636363636365 1.9090909090909092 2.272727272727273 3.0 1.4242424242424243 2.787878787878788 2.606060606060606 2.0606060606060606 2.1515151515151514 1.3333333333333333 1.606060606060606 1.696969696969697 1.5454545454545454 1.696969696969697 1.8484848484848484 2.3333333333333335 1.2424242424242424 1.9393939393939394 2.3636363636363638 2.484848484848485 2.8484848484848486 1.3333333333333333
65 16.569403658933588 1.97979797979798 1.7777777777777777 1.0707070707070707 0.98989898989899 0.8686868686868687 1.0707070707070707 0.9292929292929293 0.9696969696969697 0.8888888888888888 1.4141414141414141 1.595959595959596 1.6363636363636365 1.2323232323232323 0.8888888888888888 1.8181818181818181 1.494949494949495 1.4141414141414141 1.9191919191919191 1.0909090909090908 1.2727272727272727 1.5151515151515151 2.0 0.9494949494949495 1.8585858585858586 1.7373737373737375 1.3737373737373737 1.4343434343434343 0.8888888888888888 1.0707070707070707 1.1313131313131313 1.0303030303030303 1.1313131313131313 1.2323232323232323 1.5555555555555556 0.8282828282828283 1.292929292929293 1.5757575757575757 1.6565656565656566 1.898989898989899 0.8888888888888888
66 249.01760754666267 2.9696969696969697 2.6666666666666665 1.606060606060606 1.4848484848484849 1.303030303030303 1.606060606060606 1.393939393939394 1.4545454545454546 1.3333333333333333 2.121212121212121 2.393939393939394 2.4545454545454546 1.8484848484848484 1.3333333333333333 2.727272727272727 2.242424242424242 2.121212121212121 2.878787878787879 1.6363636363636365 1.9090909090909092 2.272727272727273 3.0 1.4242424242424243 2.787878787878788 2.606060606060606 2.0606060606060606 2.1515151515151514 1.3333333333333333 1.606060606060606 1.696969696969697 1.5454545454545454 1.696969696969697 1.8484848484848484 2.3333333333333335 1.2424242424242424 1.9393939393939394 2.3636363636363638 2.484848484848485 2.8484848484848486 1.3333333333333333
67 307.22580666772 2.9696969696969697 2.6666666666666665 1.606060606060606 1.4848484848484849 1.303030303030303 1.606060606060606 1.393939393939394 1.4545454545454546 1.3333333333333333 2.121212121212121 2.393939393939394 2.4545454545454546 1.8484848484848484 1.3333333333333333 2.727272727272727 2.242424242424242 2.121212121212121 2.878787878787879 1.6363636363636365 1.9090909090909092 2.272727272727273 3.0 1.4242424242424243 2.787878787878788 2.606060606060606 2.0606060606060606 2.1515151515151514 1.3333333333333333 1.606060606060606 1.696969696969697 1.5454545454545454 1.696969696969697 1.8484848484848484 2.3333333333333335 1.2424242424242424 1.9393939393939394 2.3636363636363638 2.484848484848485 2.8484848484848486 1.3333333333333333
68 86.63440151412797 1.97979797979798 1.7777777777777777 1.0707070707070707 0.98989898989899 0.8686868686868687 1.0707070707070707 0.9292929292929293 0.9696969696969697 0.8888888888888888 1.4141414141414141 1.595959595959596 1.6363636363636365 1.2323232323232323 0.8888888888888888 1.8181818181818181 1.494949494949495 1.4141414141414141 1.9191919191919191 1.0909090909090908 1.2727272727272727 1.5151515151515151 2.0 0.9494949494949495 1.8585858585858586 1.7373737373737375 1.3737373737373737 1.4343434343434343 0.8888888888888888 1.0707070707070707 1.1313131313131313 1.0303030303030303 1.1313131313131313 1.2323232323232323 1.5555555555555556 0.8282828282828283 1.292929292929293 1.5757575757575757 1.6565656565656566 1.898989898989899 0.8888888888888888
69 103.08045581649765 2.9696969696969697 2.6666666666666665 1.606060606060606 1.4848484848484849 1.303030303030303 1.606060606060606 1.393939393939394 1.4545454545454546 1.3333333333333333 2.121212121212121 2.393939393939394 2.4545454545454546 1.8484848484848484 1.3333333333333333 2.727272727272727 2.242424242424242 2.121212121212121 2.878787878787879 1.6363636363636365 1.9090909090909092 2.272727272727273 3.0 1.4242424242424243 2.787878787878788 2.606060606060606 2.0606060606060606 2.1515151515151514 1.3333333333333333 1.606060606060606 1.696969696969697 1.5454545454545454 1.696969696969697 1.8484848484848484 2.3333333333333335 1.2424242424242424 1.9393939393939394 2.3636363636363638 2.484848484848485 2.8484848484848486 1.3333333333333333
