70 30
TREE NETWORK (nID nID Weight):
49 0 57
47 0 53
35 49 43
3 49 59
45 47 33
27 45 31
19 49 36
69 49 57
62 45 30
24 19 53
48 49 52
2 69 42
63 45 51
65 49 58
26 24 54
12 63 43
66 47 43
1 12 44
11 2 56
37 27 53
25 49 34
59 26 45
58 26 56
56 26 35
4 12 45
43 11 47
38 2 32
42 0 57
10 1 56
18 11 39
61 10 54
14 45 35
30 26 59
40 61 51
60 0 58
28 10 46
9 59 40
44 61 59
8 44 45
22 62 57
41 59 33
39 28 49
7 61 37
51 41 44
21 8 36
31 66 56
67 28 32
54 21 51
34 30 53
68 7 57
55 42 59
33 34 33
23 11 36
5 61 44
17 0 36
13 14 38
20 56 38
52 8 47
64 11 34
32 45 32
46 10 51
36 33 51
6 51 31
15 34 42
57 1 52
50 23 44
29 37 44
16 68 30
53 58 39
PROGRAMS ASSIGNED TO NODES (nID pID1 pID2 ...):
0 1 2 3 4 5 6 7 8 9 10 11 12 13 14 15 16 17 18 19 20 21 22 23 24 25 26 27 28 29 30
1 1 2 3 5 6 8 10 11 12 15 16 17 18 20 21 22 24 25 26 27 28 30
2 2 3 4 5 6 7 10 12 13 14 15 16 17 18 20 21 22 23 24 26 27 28 29
3 16 19 20 5 8 15
4 1 3 4 5 6 9 14 17 18 20 24 25 28 29
5 3 4 5 6 8 9 10 11 12 13 14 16 17 18 19 20 22 23 24 25 26 28 29 30
6 16 1 17 2 7 23 26 10 27 15
7 1 2 6 8 11 13 15 16 17 18 19 21 24 25 26 29 30
8 1 4 5 6 8 9 10 11 12 13 15 19 20 21 23 25 26 28 29 30
9 1 3 4 5 6 7 10 11 12 13 17 19 20 23 25 26 28 29
10 6 28 15
11 1 2 3 5 6 7 9 10 11 12 13 14 16 17 18 19 20 21 22 23 24 26 27 28 30
12 2 4 5 7 8 11 13 18 21 22 24 26 27
14 16 18 2 5 8 26 11
15 17 19 4 22 25 28 13 15
16 16 5 6 23 25 28 29
17 2 3 4 5 8 9 11 12 13 14 16 17 18 20 21 23 24 25 26 27 28 29 30
18 1 2 3 4 5 6 7 8 11 14 16 17 19 25 28
19 5 8 10 11 13 15 18 19 20 22 23 25 26 27 30
20 1 5 7 10 12 14 16 17 18 19 20 21 22 23 26 28 30
21 18 3 4 22 7 9 25 27 29 30
22 1 2 3 4 5 6 7 8 9 10 12 13 14 15 16 17 18 19 20 21 22 23 24 25 26 27 28 29 30
23 3 6 8 12 13 14 15 16 21 22 25 27 30
24 2 4 9 10 11 13 14 15 16 17 18 20 21 25 27 28 29
25 3 4 6 7 8 9 11 12 14 15 16 18 19 21 22 23 24 25 26 29
26 2 3 5 7 8 10 12 13 14 15 16 17 19 20 21 22 23 24 27 28 29
27 1 2 3 4 5 7 9 10 11 12 13 14 15 16 17 18 19 20 21 22 24 25 26 27 28
28 17 1 2 3 4 8 26 27 11 14
29 18 4 21 7 13
30 1 2 3 4 5 7 9 10 11 12 15 16 17 19 22 23 24 25 28 29 30
31 17 2 6 10 15
32 2 3 19 4 20 21 22 25 26 28 12 13
33 1 2 3 4 6 8 9 10 11 12 13 14 15 16 17 18 19 21 22 23 25 26 27 28 29 30
34 1 2 8 25
35 1 2 6 7 9 10 13 16 17 18 20 21 24 27
36 2 3 5 6 23 24 9 11 12 30
37 1 2 3 4 5 7 8 9 10 11 12 13 15 16 17 18 19 20 21 22 23 24 25 26 27 28 29 30
38 1 3 5 7 8 9 10 12 14 16 17 18 19 20 21 22 23 24 25 26 27 28 29
39 1 4 28 29
40 17 22 8 9 12
41 8 9 10 14 15 16 17 18 19 21 23 24 26 27 29
42 21 25 13 30
43 7 13 15
44 1 2 5 6 7 8 10 12 13 15 18 22 23 25 26 27 28 29 30
45 3 5 7 10 12 16 19 20 23 24 26 28 30
46 1 3 4 5 6 9 10 13 14 15 16 17 18 19 20 22 23 24 25 26 27 28 30
47 1 2 3 4 5 6 7 8 9 10 11 13 14 15 16 18 19 20 21 23 24 25 27 30
48 2 3 4 20 5 22 7 24 29 14
49 16 2 18 3 4 21 8 10 26 28 12 13
50 19 4 14
51 3 19 20 4 8 27
52 2 3 4 5 6 7 8 9 10 12 13 15 16 17 19 20 21 22 23 24 25 26 28 29 30
54 24
55 2 4 5 7 8 12 13 14 15 16 17 18 19 20 21 22 23 24 25 26 27 29 30
56 1 2 3 4 5 6 7 8 9 10 11 12 13 14 15 16 17 18 19 20 21 22 23 24 25 26 27 29 30
57 4 7 8 10 15 17 19 20 24 25 26 28 29 30
58 2 3 4 5 7 8 9 11 12 13 14 15 16 17 18 19 20 21 22 23 24 25 26 27 28 29 30
59 1 2 3 5 6 8 9 13 15 16 20 21 25 26 27 28 29 30
60 1 4 7 8 9 10 12 13 14 16 22 23 24 25 29 30
61 1 3 4 24 14
62 1 2 3 4 5 6 9 10 11 12 13 14 15 16 17 18 19 20 21 22 23 24 25 26 27 29 30
63 1 2 3 5 6 8 9 11 12 13 15 17 18 19 21 24 25 27 28 30
64 1 2 3 5 6 7 8 9 10 11 13 14 16 18 20 21 23 25 27 28 30
65 1 2 4 5 6 7 8 9 10 12 13 14 15 16 17 18 19 20 21 22 23 24 25 26 27 28 30
66 4 23 30
67 1 2 3 4 5 6 7 8 9 11 12 13 14 16 17 18 19 20 21 22 23 24 25 26 27 28 29
68 1 2 8 9 10 11 12 15 16 17 23 24 25 28 29
69 1 2 3 4 6 7 8 9 10 12 14 15 17 18 20 21 22 23 24 25 26 27 29 30
SIZE OF PROGRAMS (pID SIZE):
1 86.0
2 44.0
3 51.0
4 78.0
5 67.0
6 74.0
7 40.0
8 86.0
9 95.0
10 70.0
11 98.0
12 75.0
13 50.0
14 90.0
15 84.0
16 82.0
17 42.0
18 73.0
19 87.0
20 46.0
21 49.0
22 63.0
23 71.0
24 75.0
25 77.0
26 88.0
27 88.0
28 62.0
29 77.0
30 98.0
COST TO INSTALL SERVERS AND PROGRAMS ON NODES (COST_TO_INSTALL_SERVER COST_TO_INSTALL_pID1 ...):
0 7630.612244897958 2.63265306122449 1.346938775510204 1.5612244897959184 2.3877551020408165 2.0510204081632653 2.2653061224489797 1.2244897959183674 2.63265306122449 2.9081632653061225 2.142857142857143 3.0 2.295918367346939 1.530612244897959 2.7551020408163267 2.5714285714285716 2.510204081632653 1.2857142857142858 2.2346938775510203 2.663265306122449 1.4081632653061225 1.5 1.9285714285714286 2.173469387755102 2.295918367346939 2.357142857142857 2.693877551020408 2.693877551020408 1.8979591836734695 2.357142857142857 3.0
1 168.88252625337134 1.7551020408163265 0.8979591836734694 1.0408163265306123 1.5918367346938775 1.3673469387755102 1.510204081632653 0.8163265306122449 1.7551020408163265 1.9387755102040816 1.4285714285714286 2.0 1.530612244897959 1.0204081632653061 1.836734693877551 1.7142857142857142 1.6734693877551021 0.8571428571428571 1.489795918367347 1.7755102040816326 0.9387755102040817 1.0 1.2857142857142858 1.4489795918367347 1.530612244897959 1.5714285714285714 1.7959183673469388 1.7959183673469388 1.2653061224489797 1.5714285714285714 2.0
2 183.9609946462664 1.7551020408163265 0.8979591836734694 1.0408163265306123 1.5918367346938775 1.3673469387755102 1.510204081632653 0.8163265306122449 1.7551020408163265 1.9387755102040816 1.4285714285714286 2.0 1.530612244897959 1.0204081632653061 1.836734693877551 1.7142857142857142 1.6734693877551021 0.8571428571428571 1.489795918367347 1.7755102040816326 0.9387755102040817 1.0 1.2857142857142858 1.4489795918367347 1.530612244897959 1.5714285714285714 1.7959183673469388 1.7959183673469388 1.2653061224489797 1.5714285714285714 2.0
3 6.589350454451434 1.7551020408163265 0.8979591836734694 1.0408163265306123 1.5918367346938775 1.3673469387755102 1.510204081632653 0.8163265306122449 1.7551020408163265 1.9387755102040816 1.4285714285714286 2.0 1.530612244897959 1.0204081632653061 1.836734693877551 1.7142857142857142 1.6734693877551021 0.8571428571428571 1.489795918367347 1.7755102040816326 0.9387755102040817 1.0 1.2857142857142858 1.4489795918367347 1.530612244897959 1.5714285714285714 1.7959183673469388 1.7959183673469388 1.2653061224489797 1.5714285714285714 2.0
4 91.38493287530308 2.63265306122449 1.346938775510204 1.5612244897959184 2.3877551020408165 2.0510204081632653 2.2653061224489797 1.2244897959183674 2.63265306122449 2.9081632653061225 2.142857142857143 3.0 2.295918367346939 1.530612244897959 2.7551020408163267 2.5714285714285716 2.510204081632653 1.2857142857142858 2.2346938775510203 2.663265306122449 1.4081632653061225 1.5 1.9285714285714286 2.173469387755102 2.295918367346939 2.357142857142857 2.693877551020408 2.693877551020408 1.8979591836734695 2.357142857142857 3.0
5 323.79495166769533 2.63265306122449 1.346938775510204 1.5612244897959184 2.3877551020408165 2.0510204081632653 2.2653061224489797 1.2244897959183674 2.63265306122449 2.9081632653061225 2.142857142857143 3.0 2.295918367346939 1.530612244897959 2.7551020408163267 2.5714285714285716 2.510204081632653 1.2857142857142858 2.2346938775510203 2.663265306122449 1.4081632653061225 1.5 1.9285714285714286 2.173469387755102 2.295918367346939 2.357142857142857 2.693877551020408 2.693877551020408 1.8979591836734695 2.357142857142857 3.0
6 219.4852840904918 1.7551020408163265 0.8979591836734694 1.0408163265306123 1.5918367346938775 1.3673469387755102 1.510204081632653 0.8163265306122449 1.7551020408163265 1.9387755102040816 1.4285714285714286 2.0 1.530612244897959 1.0204081632653061 1.836734693877551 1.7142857142857142 1.6734693877551021 0.8571428571428571 1.489795918367347 1.7755102040816326 0.9387755102040817 1.0 1.2857142857142858 1.4489795918367347 1.530612244897959 1.5714285714285714 1.7959183673469388 1.7959183673469388 1.2653061224489797 1.5714285714285714 2.0
7 419.8338600475782 1.7551020408163265 0.8979591836734694 1.0408163265306123 1.5918367346938775 1.3673469387755102 1.510204081632653 0.8163265306122449 1.7551020408163265 1.9387755102040816 1.4285714285714286 2.0 1.530612244897959 1.0204081632653061 1.836734693877551 1.7142857142857142 1.6734693877551021 0.8571428571428571 1.489795918367347 1.7755102040816326 0.9387755102040817 1.0 1.2857142857142858 1.4489795918367347 1.530612244897959 1.5714285714285714 1.7959183673469388 1.7959183673469388 1.2653061224489797 1.5714285714285714 2.0
8 386.5030499913391 2.63265306122449 1.346938775510204 1.5612244897959184 2.3877551020408165 2.0510204081632653 2.2653061224489797 1.2244897959183674 2.63265306122449 2.9081632653061225 2.142857142857143 3.0 2.295918367346939 1.530612244897959 2.7551020408163267 2.5714285714285716 2.510204081632653 1.2857142857142858 2.2346938775510203 2.663265306122449 1.4081632653061225 1.5 1.9285714285714286 2.173469387755102 2.295918367346939 2.357142857142857 2.693877551020408 2.693877551020408 1.8979591836734695 2.357142857142857 3.0
9 242.42221964191057 2.63265306122449 1.346938775510204 1.5612244897959184 2.3877551020408165 2.0510204081632653 2.2653061224489797 1.2244897959183674 2.63265306122449 2.9081632653061225 2.142857142857143 3.0 2.295918367346939 1.530612244897959 2.7551020408163267 2.5714285714285716 2.510204081632653 1.2857142857142858 2.2346938775510203 2.663265306122449 1.4081632653061225 1.5 1.9285714285714286 2.173469387755102 2.295918367346939 2.357142857142857 2.693877551020408 2.693877551020408 1.8979591836734695 2.357142857142857 3.0
10 385.2596752611485 1.7551020408163265 0.8979591836734694 1.0408163265306123 1.5918367346938775 1.3673469387755102 1.510204081632653 0.8163265306122449 1.7551020408163265 1.9387755102040816 1.4285714285714286 2.0 1.530612244897959 1.0204081632653061 1.836734693877551 1.7142857142857142 1.6734693877551021 0.8571428571428571 1.489795918367347 1.7755102040816326 0.9387755102040817 1.0 1.2857142857142858 1.4489795918367347 1.530612244897959 1.5714285714285714 1.7959183673469388 1.7959183673469388 1.2653061224489797 1.5714285714285714 2.0
11 177.05775371351783 1.7551020408163265 0.8979591836734694 1.0408163265306123 1.5918367346938775 1.3673469387755102 1.510204081632653 0.8163265306122449 1.7551020408163265 1.9387755102040816 1.4285714285714286 2.0 1.530612244897959 1.0204081632653061 1.836734693877551 1.7142857142857142 1.6734693877551021 0.8571428571428571 1.489795918367347 1.7755102040816326 0.9387755102040817 1.0 1.2857142857142858 1.4489795918367347 1.530612244897959 1.5714285714285714 1.7959183673469388 1.7959183673469388 1.2653061224489797 1.5714285714285714 2.0
12 264.69183704329186 2.63265306122449 1.346938775510204 1.5612244897959184 2.3877551020408165 2.0510204081632653 2.2653061224489797 1.2244897959183674 2.63265306122449 2.9081632653061225 2.142857142857143 3.0 2.295918367346939 1.530612244897959 2.7551020408163267 2.5714285714285716 2.510204081632653 1.2857142857142858 2.2346938775510203 2.663265306122449 1.4081632653061225 1.5 1.9285714285714286 2.173469387755102 2.295918367346939 2.357142857142857 2.693877551020408 2.693877551020408 1.8979591836734695 2.357142857142857 3.0
13 869.0 2.63265306122449 1.346938775510204 1.5612244897959184 2.3877551020408165 2.0510204081632653 2.2653061224489797 1.2244897959183674 2.63265306122449 2.9081632653061225 2.142857142857143 3.0 2.295918367346939 1.530612244897959 2.7551020408163267 2.5714285714285716 2.510204081632653 1.2857142857142858 2.2346938775510203 2.663265306122449 1.4081632653061225 1.5 1.9285714285714286 2.173469387755102 2.295918367346939 2.357142857142857 2.693877551020408 2.693877551020408 1.8979591836734695 2.357142857142857 3.0
14 25.739403198952665 2.63265306122449 1.346938775510204 1.5612244897959184 2.3877551020408165 2.0510204081632653 2.2653061224489797 1.2244897959183674 2.63265306122449 2.9081632653061225 2.142857142857143 3.0 2.295918367346939 1.530612244897959 2.7551020408163267 2.5714285714285716 2.510204081632653 1.2857142857142858 2.2346938775510203 2.663265306122449 1.4081632653061225 1.5 1.9285714285714286 2.173469387755102 2.295918367346939 2.357142857142857 2.693877551020408 2.693877551020408 1.8979591836734695 2.357142857142857 3.0
15 55.951478784471924 2.63265306122449 1.346938775510204 1.5612244897959184 2.3877551020408165 2.0510204081632653 2.2653061224489797 1.2244897959183674 2.63265306122449 2.9081632653061225 2.142857142857143 3.0 2.295918367346939 1.530612244897959 2.7551020408163267 2.5714285714285716 2.510204081632653 1.2857142857142858 2.2346938775510203 2.663265306122449 1.4081632653061225 1.5 1.9285714285714286 2.173469387755102 2.295918367346939 2.357142857142857 2.693877551020408 2.693877551020408 1.8979591836734695 2.357142857142857 3.0
16 114.29914620055551 1.7551020408163265 0.8979591836734694 1.0408163265306123 1.5918367346938775 1.3673469387755102 1.510204081632653 0.8163265306122449 1.7551020408163265 1.9387755102040816 1.4285714285714286 2.0 1.530612244897959 1.0204081632653061 1.836734693877551 1.7142857142857142 1.6734693877551021 0.8571428571428571 1.489795918367347 1.7755102040816326 0.9387755102040817 1.0 1.2857142857142858 1.4489795918367347 1.530612244897959 1.5714285714285714 1.7959183673469388 1.7959183673469388 1.2653061224489797 1.5714285714285714 2.0
17 10.537050736740795 2.63265306122449 1.346938775510204 1.5612244897959184 2.3877551020408165 2.0510204081632653 2.2653061224489797 1.2244897959183674 2.63265306122449 2.9081632653061225 2.142857142857143 3.0 2.295918367346939 1.530612244897959 2.7551020408163267 2.5714285714285716 2.510204081632653 1.2857142857142858 2.2346938775510203 2.663265306122449 1.4081632653061225 1.5 1.9285714285714286 2.173469387755102 2.295918367346939 2.357142857142857 2.693877551020408 2.693877551020408 1.8979591836734695 2.357142857142857 3.0
18 79.93522527738797 2.63265306122449 1.346938775510204 1.5612244897959184 2.3877551020408165 2.0510204081632653 2.2653061224489797 1.2244897959183674 2.63265306122449 2.9081632653061225 2.142857142857143 3.0 2.295918367346939 1.530612244897959 2.7551020408163267 2.5714285714285716 2.510204081632653 1.2857142857142858 2.2346938775510203 2.663265306122449 1.4081632653061225 1.5 1.9285714285714286 2.173469387755102 2.295918367346939 2.357142857142857 2.693877551020408 2.693877551020408 1.8979591836734695 2.357142857142857 3.0
19 59.07281774523838 2.63265306122449 1.346938775510204 1.5612244897959184 2.3877551020408165 2.0510204081632653 2.2653061224489797 1.2244897959183674 2.63265306122449 2.9081632653061225 2.142857142857143 3.0 2.295918367346939 1.530612244897959 2.7551020408163267 2.5714285714285716 2.510204081632653 1.2857142857142858 2.2346938775510203 2.663265306122449 1.4081632653061225 1.5 1.9285714285714286 2.173469387755102 2.295918367346939 2.357142857142857 2.693877551020408 2.693877551020408 1.8979591836734695 2.357142857142857 3.0
20 205.16248175104394 2.63265306122449 1.346938775510204 1.5612244897959184 2.3877551020408165 2.0510204081632653 2.2653061224489797 1.2244897959183674 2.63265306122449 2.9081632653061225 2.142857142857143 3.0 2.295918367346939 1.530612244897959 2.7551020408163267 2.5714285714285716 2.510204081632653 1.2857142857142858 2.2346938775510203 2.663265306122449 1.4081632653061225 1.5 1.9285714285714286 2.173469387755102 2.295918367346939 2.357142857142857 2.693877551020408 2.693877551020408 1.8979591836734695 2.357142857142857 3.0
21 167.96315671634633 2.63265306122449 1.346938775510204 1.5612244897959184 2.3877551020408165 2.0510204081632653 2.2653061224489797 1.2244897959183674 2.63265306122449 2.9081632653061225 2.142857142857143 3.0 2.295918367346939 1.530612244897959 2.7551020408163267 2.5714285714285716 2.510204081632653 1.2857142857142858 2.2346938775510203 2.663265306122449 1.4081632653061225 1.5 1.9285714285714286 2.173469387755102 2.295918367346939 2.357142857142857 2.693877551020408 2.693877551020408 1.8979591836734695 2.357142857142857 3.0
22 147.05916284570296 2.63265306122449 1.346938775510204 1.5612244897959184 2.3877551020408165 2.0510204081632653 2.2653061224489797 1.2244897959183674 2.63265306122449 2.9081632653061225 2.142857142857143 3.0 2.295918367346939 1.530612244897959 2.7551020408163267 2.5714285714285716 2.510204081632653 1.2857142857142858 2.2346938775510203 2.663265306122449 1.4081632653061225 1.5 1.9285714285714286 2.173469387755102 2.295918367346939 2.357142857142857 2.693877551020408 2.693877551020408 1.8979591836734695 2.357142857142857 3.0
23 159.50036663888181 1.7551020408163265 0.8979591836734694 1.0408163265306123 1.5918367346938775 1.3673469387755102 1.510204081632653 0.8163265306122449 1.7551020408163265 1.9387755102040816 1.4285714285714286 2.0 1.530612244897959 1.0204081632653061 1.836734693877551 1.7142857142857142 1.6734693877551021 0.8571428571428571 1.489795918367347 1.7755102040816326 0.9387755102040817 1.0 1.2857142857142858 1.4489795918367347 1.530612244897959 1.5714285714285714 1.7959183673469388 1.7959183673469388 1.2653061224489797 1.5714285714285714 2.0
24 157.35202934210884 2.63265306122449 1.346938775510204 1.5612244897959184 2.3877551020408165 2.0510204081632653 2.2653061224489797 1.2244897959183674 2.63265306122449 2.9081632653061225 2.142857142857143 3.0 2.295918367346939 1.530612244897959 2.7551020408163267 2.5714285714285716 2.510204081632653 1.2857142857142858 2.2346938775510203 2.663265306122449 1.4081632653061225 1.5 1.9285714285714286 2.173469387755102 2.295918367346939 2.357142857142857 2.693877551020408 2.693877551020408 1.8979591836734695 2.357142857142857 3.0
25 57.13855943131452 1.7551020408163265 0.8979591836734694 1.0408163265306123 1.5918367346938775 1.3673469387755102 1.510204081632653 0.8163265306122449 1.7551020408163265 1.9387755102040816 1.4285714285714286 2.0 1.530612244897959 1.0204081632653061 1.836734693877551 1.7142857142857142 1.6734693877551021 0.8571428571428571 1.489795918367347 1.7755102040816326 0.9387755102040817 1.0 1.2857142857142858 1.4489795918367347 1.530612244897959 1.5714285714285714 1.7959183673469388 1.7959183673469388 1.2653061224489797 1.5714285714285714 2.0
26 195.27506751381438 1.7551020408163265 0.8979591836734694 1.0408163265306123 1.5918367346938775 1.3673469387755102 1.510204081632653 0.8163265306122449 1.7551020408163265 1.9387755102040816 1.4285714285714286 2.0 1.530612244897959 1.0204081632653061 1.836734693877551 1.7142857142857142 1.6734693877551021 0.8571428571428571 1.489795918367347 1.7755102040816326 0.9387755102040817 1.0 1.2857142857142858 1.4489795918367347 1.530612244897959 1.5714285714285714 1.7959183673469388 1.7959183673469388 1.2653061224489797 1.5714285714285714 2.0
27 144.55626093834215 2.63265306122449 1.346938775510204 1.5612244897959184 2.3877551020408165 2.0510204081632653 2.2653061224489797 1.2244897959183674 2.63265306122449 2.9081632653061225 2.142857142857143 3.0 2.295918367346939 1.530612244897959 2.7551020408163267 2.5714285714285716 2.510204081632653 1.2857142857142858 2.2346938775510203 2.663265306122449 1.4081632653061225 1.5 1.9285714285714286 2.173469387755102 2.295918367346939 2.357142857142857 2.693877551020408 2.693877551020408 1.8979591836734695 2.357142857142857 3.0
28 452.7680418913454 1.7551020408163265 0.8979591836734694 1.0408163265306123 1.5918367346938775 1.3673469387755102 1.510204081632653 0.8163265306122449 1.7551020408163265 1.9387755102040816 1.4285714285714286 2.0 1.530612244897959 1.0204081632653061 1.836734693877551 1.7142857142857142 1.6734693877551021 0.8571428571428571 1.489795918367347 1.7755102040816326 0.9387755102040817 1.0 1.2857142857142858 1.4489795918367347 1.530612244897959 1.5714285714285714 1.7959183673469388 1.7959183673469388 1.2653061224489797 1.5714285714285714 2.0
29 49.87551810230238 2.63265306122449 1.346938775510204 1.5612244897959184 2.3877551020408165 2.0510204081632653 2.2653061224489797 1.2244897959183674 2.63265306122449 2.9081632653061225 2.142857142857143 3.0 2.295918367346939 1.530612244897959 2.7551020408163267 2.5714285714285716 2.510204081632653 1.2857142857142858 2.2346938775510203 2.663265306122449 1.4081632653061225 1.5 1.9285714285714286 2.173469387755102 2.295918367346939 2.357142857142857 2.693877551020408 2.693877551020408 1.8979591836734695 2.357142857142857 3.0
30 204.0427915928242 2.63265306122449 1.346938775510204 1.5612244897959184 2.3877551020408165 2.0510204081632653 2.2653061224489797 1.2244897959183674 2.63265306122449 2.9081632653061225 2.142857142857143 3.0 2.295918367346939 1.530612244897959 2.7551020408163267 2.5714285714285716 2.510204081632653 1.2857142857142858 2.2346938775510203 2.663265306122449 1.4081632653061225 1.5 1.9285714285714286 2.173469387755102 2.295918367346939 2.357142857142857 2.693877551020408 2.693877551020408 1.8979591836734695 2.357142857142857 3.0
31 11.891000042850267 2.63265306122449 1.346938775510204 1.5612244897959184 2.3877551020408165 2.0510204081632653 2.2653061224489797 1.2244897959183674 2.63265306122449 2.9081632653061225 2.142857142857143 3.0 2.295918367346939 1.530612244897959 2.7551020408163267 2.5714285714285716 2.510204081632653 1.2857142857142858 2.2346938775510203 2.663265306122449 1.4081632653061225 1.5 1.9285714285714286 2.173469387755102 2.295918367346939 2.357142857142857 2.693877551020408 2.693877551020408 1.8979591836734695 2.357142857142857 3.0
32 33.63177008362139 1.7551020408163265 0.8979591836734694 1.0408163265306123 1.5918367346938775 1.3673469387755102 1.510204081632653 0.8163265306122449 1.7551020408163265 1.9387755102040816 1.4285714285714286 2.0 1.530612244897959 1.0204081632653061 1.836734693877551 1.7142857142857142 1.6734693877551021 0.8571428571428571 1.489795918367347 1.7755102040816326 0.9387755102040817 1.0 1.2857142857142858 1.4489795918367347 1.530612244897959 1.5714285714285714 1.7959183673469388 1.7959183673469388 1.2653061224489797 1.5714285714285714 2.0
33 427.7332902121303 1.7551020408163265 0.8979591836734694 1.0408163265306123 1.5918367346938775 1.3673469387755102 1.510204081632653 0.8163265306122449 1.7551020408163265 1.9387755102040816 1.4285714285714286 2.0 1.530612244897959 1.0204081632653061 1.836734693877551 1.7142857142857142 1.6734693877551021 0.8571428571428571 1.489795918367347 1.7755102040816326 0.9387755102040817 1.0 1.2857142857142858 1.4489795918367347 1.530612244897959 1.5714285714285714 1.7959183673469388 1.7959183673469388 1.2653061224489797 1.5714285714285714 2.0
34 163.72822621327614 2.63265306122449 1.346938775510204 1.5612244897959184 2.3877551020408165 2.0510204081632653 2.2653061224489797 1.2244897959183674 2.63265306122449 2.9081632653061225 2.142857142857143 3.0 2.295918367346939 1.530612244897959 2.7551020408163267 2.5714285714285716 2.510204081632653 1.2857142857142858 2.2346938775510203 2.663265306122449 1.4081632653061225 1.5 1.9285714285714286 2.173469387755102 2.295918367346939 2.357142857142857 2.693877551020408 2.693877551020408 1.8979591836734695 2.357142857142857 3.0
35 35.53884342658949 1.7551020408163265 0.8979591836734694 1.0408163265306123 1.5918367346938775 1.3673469387755102 1.510204081632653 0.8163265306122449 1.7551020408163265 1.9387755102040816 1.4285714285714286 2.0 1.530612244897959 1.0204081632653061 1.836734693877551 1.7142857142857142 1.6734693877551021 0.8571428571428571 1.489795918367347 1.7755102040816326 0.9387755102040817 1.0 1.2857142857142858 1.4489795918367347 1.530612244897959 1.5714285714285714 1.7959183673469388 1.7959183673469388 1.2653061224489797 1.5714285714285714 2.0
36 187.00441627132074 2.63265306122449 1.346938775510204 1.5612244897959184 2.3877551020408165 2.0510204081632653 2.2653061224489797 1.2244897959183674 2.63265306122449 2.9081632653061225 2.142857142857143 3.0 2.295918367346939 1.530612244897959 2.7551020408163267 2.5714285714285716 2.510204081632653 1.2857142857142858 2.2346938775510203 2.663265306122449 1.4081632653061225 1.5 1.9285714285714286 2.173469387755102 2.295918367346939 2.357142857142857 2.693877551020408 2.693877551020408 1.8979591836734695 2.357142857142857 3.0
37 136.01327852760906 1.7551020408163265 0.8979591836734694 1.0408163265306123 1.5918367346938775 1.3673469387755102 1.510204081632653 0.8163265306122449 1.7551020408163265 1.9387755102040816 1.4285714285714286 2.0 1.530612244897959 1.0204081632653061 1.836734693877551 1.7142857142857142 1.6734693877551021 0.8571428571428571 1.489795918367347 1.7755102040816326 0.9387755102040817 1.0 1.2857142857142858 1.4489795918367347 1.530612244897959 1.5714285714285714 1.7959183673469388 1.7959183673469388 1.2653061224489797 1.5714285714285714 2.0
38 212.60062128999033 2.63265306122449 1.346938775510204 1.5612244897959184 2.3877551020408165 2.0510204081632653 2.2653061224489797 1.2244897959183674 2.63265306122449 2.9081632653061225 2.142857142857143 3.0 2.295918367346939 1.530612244897959 2.7551020408163267 2.5714285714285716 2.510204081632653 1.2857142857142858 2.2346938775510203 2.663265306122449 1.4081632653061225 1.5 1.9285714285714286 2.173469387755102 2.295918367346939 2.357142857142857 2.693877551020408 2.693877551020408 1.8979591836734695 2.357142857142857 3.0
39 43.821348673016914 1.7551020408163265 0.8979591836734694 1.0408163265306123 1.5918367346938775 1.3673469387755102 1.510204081632653 0.8163265306122449 1.7551020408163265 1.9387755102040816 1.4285714285714286 2.0 1.530612244897959 1.0204081632653061 1.836734693877551 1.7142857142857142 1.6734693877551021 0.8571428571428571 1.489795918367347 1.7755102040816326 0.9387755102040817 1.0 1.2857142857142858 1.4489795918367347 1.530612244897959 1.5714285714285714 1.7959183673469388 1.7959183673469388 1.2653061224489797 1.5714285714285714 2.0
40 62.20780501034516 2.63265306122449 1.346938775510204 1.5612244897959184 2.3877551020408165 2.0510204081632653 2.2653061224489797 1.2244897959183674 2.63265306122449 2.9081632653061225 2.142857142857143 3.0 2.295918367346939 1.530612244897959 2.7551020408163267 2.5714285714285716 2.510204081632653 1.2857142857142858 2.2346938775510203 2.663265306122449 1.4081632653061225 1.5 1.9285714285714286 2.173469387755102 2.295918367346939 2.357142857142857 2.693877551020408 2.693877551020408 1.8979591836734695 2.357142857142857 3.0
41 267.59273290386994 2.63265306122449 1.346938775510204 1.5612244897959184 2.3877551020408165 2.0510204081632653 2.2653061224489797 1.2244897959183674 2.63265306122449 2.9081632653061225 2.142857142857143 3.0 2.295918367346939 1.530612244897959 2.7551020408163267 2.5714285714285716 2.510204081632653 1.2857142857142858 2.2346938775510203 2.663265306122449 1.4081632653061225 1.5 1.9285714285714286 2.173469387755102 2.295918367346939 2.357142857142857 2.693877551020408 2.693877551020408 1.8979591836734695 2.357142857142857 3.0
42 28.2778579218646 1.7551020408163265 0.8979591836734694 1.0408163265306123 1.5918367346938775 1.3673469387755102 1.510204081632653 0.8163265306122449 1.7551020408163265 1.9387755102040816 1.4285714285714286 2.0 1.530612244897959 1.0204081632653061 1.836734693877551 1.7142857142857142 1.6734693877551021 0.8571428571428571 1.489795918367347 1.7755102040816326 0.9387755102040817 1.0 1.2857142857142858 1.4489795918367347 1.530612244897959 1.5714285714285714 1.7959183673469388 1.7959183673469388 1.2653061224489797 1.5714285714285714 2.0
43 24.904618166309806 1.7551020408163265 0.8979591836734694 1.0408163265306123 1.5918367346938775 1.3673469387755102 1.510204081632653 0.8163265306122449 1.7551020408163265 1.9387755102040816 1.4285714285714286 2.0 1.530612244897959 1.0204081632653061 1.836734693877551 1.7142857142857142 1.6734693877551021 0.8571428571428571 1.489795918367347 1.7755102040816326 0.9387755102040817 1.0 1.2857142857142858 1.4489795918367347 1.530612244897959 1.5714285714285714 1.7959183673469388 1.7959183673469388 1.2653061224489797 1.5714285714285714 2.0
44 252.1138019000806 1.7551020408163265 0.8979591836734694 1.0408163265306123 1.5918367346938775 1.3673469387755102 1.510204081632653 0.8163265306122449 1.7551020408163265 1.9387755102040816 1.4285714285714286 2.0 1.530612244897959 1.0204081632653061 1.836734693877551 1.7142857142857142 1.6734693877551021 0.8571428571428571 1.489795918367347 1.7755102040816326 0.9387755102040817 1.0 1.2857142857142858 1.4489795918367347 1.530612244897959 1.5714285714285714 1.7959183673469388 1.7959183673469388 1.2653061224489797 1.5714285714285714 2.0
45 114.79889501814348 1.7551020408163265 0.8979591836734694 1.0408163265306123 1.5918367346938775 1.3673469387755102 1.510204081632653 0.8163265306122449 1.7551020408163265 1.9387755102040816 1.4285714285714286 2.0 1.530612244897959 1.0204081632653061 1.836734693877551 1.7142857142857142 1.6734693877551021 0.8571428571428571 1.489795918367347 1.7755102040816326 0.9387755102040817 1.0 1.2857142857142858 1.4489795918367347 1.530612244897959 1.5714285714285714 1.7959183673469388 1.7959183673469388 1.2653061224489797 1.5714285714285714 2.0
46 372.2126123027656 1.7551020408163265 0.8979591836734694 1.0408163265306123 1.5918367346938775 1.3673469387755102 1.510204081632653 0.8163265306122449 1.7551020408163265 1.9387755102040816 1.4285714285714286 2.0 1.530612244897959 1.0204081632653061 1.836734693877551 1.7142857142857142 1.6734693877551021 0.8571428571428571 1.489795918367347 1.7755102040816326 0.9387755102040817 1.0 1.2857142857142858 1.4489795918367347 1.530612244897959 1.5714285714285714 1.7959183673469388 1.7959183673469388 1.2653061224489797 1.5714285714285714 2.0
47 41.10661410131185 2.63265306122449 1.346938775510204 1.5612244897959184 2.3877551020408165 2.0510204081632653 2.2653061224489797 1.2244897959183674 2.63265306122449 2.9081632653061225 2.142857142857143 3.0 2.295918367346939 1.530612244897959 2.7551020408163267 2.5714285714285716 2.510204081632653 1.2857142857142858 2.2346938775510203 2.663265306122449 1.4081632653061225 1.5 1.9285714285714286 2.173469387755102 2.295918367346939 2.357142857142857 2.693877551020408 2.693877551020408 1.8979591836734695 2.357142857142857 3.0
48 16.172027916698724 2.63265306122449 1.346938775510204 1.5612244897959184 2.3877551020408165 2.0510204081632653 2.2653061224489797 1.2244897959183674 2.63265306122449 2.9081632653061225 2.142857142857143 3.0 2.295918367346939 1.530612244897959 2.7551020408163267 2.5714285714285716 2.510204081632653 1.2857142857142858 2.2346938775510203 2.663265306122449 1.4081632653061225 1.5 1.9285714285714286 2.173469387755102 2.295918367346939 2.357142857142857 2.693877551020408 2.693877551020408 1.8979591836734695 2.357142857142857 3.0
49 43.4414392469594 1.7551020408163265 0.8979591836734694 1.0408163265306123 1.5918367346938775 1.3673469387755102 1.510204081632653 0.8163265306122449 1.7551020408163265 1.9387755102040816 1.4285714285714286 2.0 1.530612244897959 1.0204081632653061 1.836734693877551 1.7142857142857142 1.6734693877551021 0.8571428571428571 1.489795918367347 1.7755102040816326 0.9387755102040817 1.0 1.2857142857142858 1.4489795918367347 1.530612244897959 1.5714285714285714 1.7959183673469388 1.7959183673469388 1.2653061224489797 1.5714285714285714 2.0
50 40.7976978355811 1.7551020408163265 0.8979591836734694 1.0408163265306123 1.5918367346938775 1.3673469387755102 1.510204081632653 0.8163265306122449 1.7551020408163265 1.9387755102040816 1.4285714285714286 2.0 1.530612244897959 1.0204081632653061 1.836734693877551 1.7142857142857142 1.6734693877551021 0.8571428571428571 1.489795918367347 1.7755102040816326 0.9387755102040817 1.0 1.2857142857142858 1.4489795918367347 1.530612244897959 1.5714285714285714 1.7959183673469388 1.7959183673469388 1.2653061224489797 1.5714285714285714 2.0
51 153.30549691874012 1.7551020408163265 0.8979591836734694 1.0408163265306123 1.5918367346938775 1.3673469387755102 1.510204081632653 0.8163265306122449 1.7551020408163265 1.9387755102040816 1.4285714285714286 2.0 1.530612244897959 1.0204081632653061 1.836734693877551 1.7142857142857142 1.6734693877551021 0.8571428571428571 1.489795918367347 1.7755102040816326 0.9387755102040817 1.0 1.2857142857142858 1.4489795918367347 1.530612244897959 1.5714285714285714 1.7959183673469388 1.7959183673469388 1.2653061224489797 1.5714285714285714 2.0
52 342.58782735422005 1.7551020408163265 0.8979591836734694 1.0408163265306123 1.5918367346938775 1.3673469387755102 1.510204081632653 0.8163265306122449 1.7551020408163265 1.9387755102040816 1.4285714285714286 2.0 1.530612244897959 1.0204081632653061 1.836734693877551 1.7142857142857142 1.6734693877551021 0.8571428571428571 1.489795918367347 1.7755102040816326 0.9387755102040817 1.0 1.2857142857142858 1.4489795918367347 1.530612244897959 1.5714285714285714 1.7959183673469388 1.7959183673469388 1.2653061224489797 1.5714285714285714 2.0
53 753.0 1.7551020408163265 0.8979591836734694 1.0408163265306123 1.5918367346938775 1.3673469387755102 1.510204081632653 0.8163265306122449 1.7551020408163265 1.9387755102040816 1.4285714285714286 2.0 1.530612244897959 1.0204081632653061 1.836734693877551 1.7142857142857142 1.6734693877551021 0.8571428571428571 1.489795918367347 1.7755102040816326 0.9387755102040817 1.0 1.2857142857142858 1.4489795918367347 1.530612244897959 1.5714285714285714 1.7959183673469388 1.7959183673469388 1.2653061224489797 1.5714285714285714 2.0
54 14.212935220521379 1.7551020408163265 0.8979591836734694 1.0408163265306123 1.5918367346938775 1.3673469387755102 1.510204081632653 0.8163265306122449 1.7551020408163265 1.9387755102040816 1.4285714285714286 2.0 1.530612244897959 1.0204081632653061 1.836734693877551 1.7142857142857142 1.6734693877551021 0.8571428571428571 1.489795918367347 1.7755102040816326 0.9387755102040817 1.0 1.2857142857142858 1.4489795918367347 1.530612244897959 1.5714285714285714 1.7959183673469388 1.7959183673469388 1.2653061224489797 1.5714285714285714 2.0
55 70.01189361686785 2.63265306122449 1.346938775510204 1.5612244897959184 2.3877551020408165 2.0510204081632653 2.2653061224489797 1.2244897959183674 2.63265306122449 2.9081632653061225 2.142857142857143 3.0 2.295918367346939 1.530612244897959 2.7551020408163267 2.5714285714285716 2.510204081632653 1.2857142857142858 2.2346938775510203 2.663265306122449 1.4081632653061225 1.5 1.9285714285714286 2.173469387755102 2.295918367346939 2.357142857142857 2.693877551020408 2.693877551020408 1.8979591836734695 2.357142857142857 3.0
56 160.05771389583072 1.7551020408163265 0.8979591836734694 1.0408163265306123 1.5918367346938775 1.3673469387755102 1.510204081632653 0.8163265306122449 1.7551020408163265 1.9387755102040816 1.4285714285714286 2.0 1.530612244897959 1.0204081632653061 1.836734693877551 1.7142857142857142 1.6734693877551021 0.8571428571428571 1.489795918367347 1.7755102040816326 0.9387755102040817 1.0 1.2857142857142858 1.4489795918367347 1.530612244897959 1.5714285714285714 1.7959183673469388 1.7959183673469388 1.2653061224489797 1.5714285714285714 2.0
57 158.1338861871718 1.7551020408163265 0.8979591836734694 1.0408163265306123 1.5918367346938775 1.3673469387755102 1.510204081632653 0.8163265306122449 1.7551020408163265 1.9387755102040816 1.4285714285714286 2.0 1.530612244897959 1.0204081632653061 1.836734693877551 1.7142857142857142 1.6734693877551021 0.8571428571428571 1.489795918367347 1.7755102040816326 0.9387755102040817 1.0 1.2857142857142858 1.4489795918367347 1.530612244897959 1.5714285714285714 1.7959183673469388 1.7959183673469388 1.2653061224489797 1.5714285714285714 2.0
58 156.10104713877712 2.63265306122449 1.346938775510204 1.5612244897959184 2.3877551020408165 2.0510204081632653 2.2653061224489797 1.2244897959183674 2.63265306122449 2.9081632653061225 2.142857142857143 3.0 2.295918367346939 1.530612244897959 2.7551020408163267 2.5714285714285716 2.510204081632653 1.2857142857142858 2.2346938775510203 2.663265306122449 1.4081632653061225 1.5 1.9285714285714286 2.173469387755102 2.295918367346939 2.357142857142857 2.693877551020408 2.693877551020408 1.8979591836734695 2.357142857142857 3.0
59 257.53457452373476 2.63265306122449 1.346938775510204 1.5612244897959184 2.3877551020408165 2.0510204081632653 2.2653061224489797 1.2244897959183674 2.63265306122449 2.9081632653061225 2.142857142857143 3.0 2.295918367346939 1.530612244897959 2.7551020408163267 2.5714285714285716 2.510204081632653 1.2857142857142858 2.2346938775510203 2.663265306122449 1.4081632653061225 1.5 1.9285714285714286 2.173469387755102 2.295918367346939 2.357142857142857 2.693877551020408 2.693877551020408 1.8979591836734695 2.357142857142857 3.0
60 22.294771222848155 1.7551020408163265 0.8979591836734694 1.0408163265306123 1.5918367346938775 1.3673469387755102 1.510204081632653 0.8163265306122449 1.7551020408163265 1.9387755102040816 1.4285714285714286 2.0 1.530612244897959 1.0204081632653061 1.836734693877551 1.7142857142857142 1.6734693877551021 0.8571428571428571 1.489795918367347 1.7755102040816326 0.9387755102040817 1.0 1.2857142857142858 1.4489795918367347 1.530612244897959 1.5714285714285714 1.7959183673469388 1.7959183673469388 1.2653061224489797 1.5714285714285714 2.0
61 278.9694415483692 1.7551020408163265 0.8979591836734694 1.0408163265306123 1.5918367346938775 1.3673469387755102 1.510204081632653 0.8163265306122449 1.7551020408163265 1.9387755102040816 1.4285714285714286 2.0 1.530612244897959 1.0204081632653061 1.836734693877551 1.7142857142857142 1.6734693877551021 0.8571428571428571 1.489795918367347 1.7755102040816326 0.9387755102040817 1.0 1.2857142857142858 1.4489795918367347 1.530612244897959 1.5714285714285714 1.7959183673469388 1.7959183673469388 1.2653061224489797 1.5714285714285714 2.0
62 170.8952670760034 1.7551020408163265 0.8979591836734694 1.0408163265306123 1.5918367346938775 1.3673469387755102 1.510204081632653 0.8163265306122449 1.7551020408163265 1.9387755102040816 1.4285714285714286 2.0 1.530612244897959 1.0204081632653061 1.836734693877551 1.7142857142857142 1.6734693877551021 0.8571428571428571 1.489795918367347 1.7755102040816326 0.9387755102040817 1.0 1.2857142857142858 1.4489795918367347 1.530612244897959 1.5714285714285714 1.7959183673469388 1.7959183673469388 1.2653061224489797 1.5714285714285714 2.0
63 213.45010729133205 2.63265306122449 1.346938775510204 1.5612244897959184 2.3877551020408165 2.0510204081632653 2.2653061224489797 1.2244897959183674 2.63265306122449 2.9081632653061225 2.142857142857143 3.0 2.295918367346939 1.530612244897959 2.7551020408163267 2.5714285714285716 2.510204081632653 1.2857142857142858 2.2346938775510203 2.663265306122449 1.4081632653061225 1.5 1.9285714285714286 2.173469387755102 2.295918367346939 2.357142857142857 2.693877551020408 2.693877551020408 1.8979591836734695 2.357142857142857 3.0
64 197.44503137110306 2.63265306122449 1.346938775510204 1.5612244897959184 2.3877551020408165 2.0510204081632653 2.2653061224489797 1.2244897959183674 2.63265306122449 2.9081632653061225 2.142857142857143 3.0 2.295918367346939 1.530612244897959 2.7551020408163267 2.5714285714285716 2.510204081632653 1.2857142857142858 2.2346938775510203 2.663265306122449 1.4081632653061225 1.5 1.9285714285714286 2.173469387755102 2.295918367346939 2.357142857142857 2.693877551020408 2.693877551020408 1.8979591836734695 2.357142857142857 3.0
65 93.70374498031332 1.7551020408163265 0.8979591836734694 1.0408163265306123 1.5918367346938775 1.3673469387755102 1.510204081632653 0.8163265306122449 1.7551020408163265 1.9387755102040816 1.4285714285714286 2.0 1.530612244897959 1.0204081632653061 1.836734693877551 1.7142857142857142 1.6734693877551021 0.8571428571428571 1.489795918367347 1.7755102040816326 0.9387755102040817 1.0 1.2857142857142858 1.4489795918367347 1.530612244897959 1.5714285714285714 1.7959183673469388 1.7959183673469388 1.2653061224489797 1.5714285714285714 2.0
66 13.80026711201683 1.7551020408163265 0.8979591836734694 1.0408163265306123 1.5918367346938775 1.3673469387755102 1.510204081632653 0.8163265306122449 1.7551020408163265 1.9387755102040816 1.4285714285714286 2.0 1.530612244897959 1.0204081632653061 1.836734693877551 1.7142857142857142 1.6734693877551021 0.8571428571428571 1.489795918367347 1.7755102040816326 0.9387755102040817 1.0 1.2857142857142858 1.4489795918367347 1.530612244897959 1.5714285714285714 1.7959183673469388 1.7959183673469388 1.2653061224489797 1.5714285714285714 2.0
67 274.06049458360985 1.7551020408163265 0.8979591836734694 1.0408163265306123 1.5918367346938775 1.3673469387755102 1.510204081632653 0.8163265306122449 1.7551020408163265 1.9387755102040816 1.4285714285714286 2.0 1.530612244897959 1.0204081632653061 1.836734693877551 1.7142857142857142 1.6734693877551021 0.8571428571428571 1.489795918367347 1.7755102040816326 0.9387755102040817 1.0 1.2857142857142858 1.4489795918367347 1.530612244897959 1.5714285714285714 1.7959183673469388 1.7959183673469388 1.2653061224489797 1.5714285714285714 2.0
68 297.01827452273665 2.63265306122449 1.346938775510204 1.5612244897959184 2.3877551020408165 2.0510204081632653 2.2653061224489797 1.2244897959183674 2.63265306122449 2.9081632653061225 2.142857142857143 3.0 2.295918367346939 1.530612244897959 2.7551020408163267 2.5714285714285716 2.510204081632653 1.2857142857142858 2.2346938775510203 2.663265306122449 1.4081632653061225 1.5 1.9285714285714286 2.173469387755102 2.295918367346939 2.357142857142857 2.693877551020408 2.693877551020408 1.8979591836734695 2.357142857142857 3.0
69 117.78883397966996 1.7551020408163265 0.8979591836734694 1.0408163265306123 1.5918367346938775 1.3673469387755102 1.510204081632653 0.8163265306122449 1.7551020408163265 1.9387755102040816 1.4285714285714286 2.0 1.530612244897959 1.0204081632653061 1.836734693877551 1.7142857142857142 1.6734693877551021 0.8571428571428571 1.489795918367347 1.7755102040816326 0.9387755102040817 1.0 1.2857142857142858 1.4489795918367347 1.530612244897959 1.5714285714285714 1.7959183673469388 1.7959183673469388 1.2653061224489797 1.5714285714285714 2.0
