50 40
TREE NETWORK (nID nID Weight):
37 0 30
25 37 34
18 37 53
24 25 49
35 25 55
41 25 42
48 24 43
10 37 36
36 24 58
3 25 37
28 41 47
39 37 59
8 10 43
19 25 34
4 18 38
17 25 55
30 36 46
26 4 57
29 37 33
6 28 48
47 48 42
1 48 35
32 25 53
15 4 40
33 29 55
46 35 54
13 0 40
23 32 40
34 35 42
38 35 58
12 47 58
16 17 46
43 34 38
45 15 36
21 24 59
31 10 31
20 36 40
42 38 30
7 38 45
22 3 52
14 48 56
44 4 42
27 18 43
9 17 54
2 25 55
11 25 54
40 34 51
49 33 59
5 13 59
PROGRAMS ASSIGNED TO NODES (nID pID1 pID2 ...):
0 1 2 3 4 5 6 7 8 9 10 11 12 13 14 15 16 17 18 19 20 21 22 23 24 25 26 27 28 29 30 31 32 33 34 35 36 37 38 39 40
1 1 2 4 5 6 7 8 9 10 11 12 15 16 19 20 22 24 25 26 27 28 30 31 32 33 34 35 36 37 39 40
2 17 34 3 35 20 37
3 34 18 35 21 38 22 25 13 14 31
4 16 2 20 4 5 22 25 11 29 14
5 7 14
6 32 33 4 38 7 39 13 17 19 22 24 27 29 31
7 1 33 2 3 4 37 38 7 40 9 11 12 13 14 15 18 24 27 28 29 31
8 37 21 6 23 25 28 30
9 33 3 35 4 36 37 5 38 39 10 11 13 15 16 17 19 21 24 27 28
10 1 2 3 5 6 7 9 10 11 12 14 16 21 23 26 28 29 30 32 33 34 35 36 37 38
11 2 3 4 5 6 8 9 10 11 12 13 14 15 16 17 18 19 20 21 22 23 24 25 26 27 28 29 30 32 33 34 35 36 37 38 39 40
12 3 24 9 25 12 13
14 35
15 17
16 1 33 34 2 35 3 37 5 6 40 8 11 15 16 17 18 20 23 24 26 30
17 32 34 2 35 3 4 36 5 6 40 10 11 15 17 19 20 21 22 27 30 31
18 16 34 35 3 22 23 39 8 26 31
19 1 2 3 8 9 10 11 12 13 15 18 19 20 23 24 25 26 28 29 30 31 32 33 34 37 38 39 40
20 32 33 2 36 37 38 7 39 8 15 16 22 31
21 1 33 34 3 35 37 6 7 40 8 9 11 15 16 17 18 22 27 29 30
22 1 2 5 6 7 8 9 10 11 12 13 14 15 16 18 19 21 23 24 25 27 28 29 30 31 32 33 34 35 37 38 39 40
23 2 35 36 4 38 6 40 10 11 12 14 15 16 18 19 20 22 23 26 27 28 30 31
24 33 1 3 36 38 6 39 40 9 11 12 13 14 17 18 19 20 22 23 24 26 30
25 2 3 4 5 6 7 8 9 10 11 12 13 14 15 16 17 18 19 20 21 22 23 24 25 26 27 28 29 30 31 32 33 34 35 36 37 38 39 40
26 18 36 37 5 9
27 32
28 2 3 4 5 6 7 8 10 11 12 13 15 17 18 19 20 21 22 23 27 28 29 32 33 34 36 38 39 40
29 32 33 1 34 2 35 6 7 40 9 10 12 15 17 18 21 22 23 25 26 27 29 31
30 1 22 10 28
31 1 2 4 6 7 8 9 10 12 13 14 15 17 18 20 21 22 24 25 26 27 32 34 35 38 39
32 17 33 3 20 8 9 10 28 30
33 1 2 4 6 7 9 10 11 12 13 15 16 17 19 20 21 22 23 24 25 27 28 29 31 32 34 35 36 38 39 40
34 32 35 4 5 37 23 40 26 11 27 29
35 33 21 7 29
36 33 2 35 39 7 8 9 11 14 15 16 19 25 27 28 30
37 32 6 27 12 30 15
38 32 1 35 4 36 5 6 39 8 12 13 15 18 20 21 23 24 25 26 27 29
39 33 34 2 3 36 5 39 7 8 15 17 20 21 23 25
40 32 1 35 4 37 6 38 39 8 9 10 11 14 15 16 17 18 22 23 24 25 26 29 31
41 1 2 3 5 6 7 9 10 11 12 13 14 15 16 18 19 20 21 22 23 24 25 26 27 28 30 31 32 33 35 36 37 38 39 40
42 16 17 2 3 19 5 23 39 27 29 15 31
43 4 9 29 30 31
44 19 3
45 2 3 4 5 6 7 8 9 12 14 17 19 21 22 23 24 26 27 28 29 31 33 34 35 36 37 39
46 1 2 3 4 9 10 11 12 13 15 16 18 19 20 21 22 24 26 27 28 29 30 32 34 35 36 37 38 39 40
47 32 35 36 37 38 7 39 40 9 12 13 15 17 19 20 23 25 26 28 29 31
48 1 2 3 4 5 7 8 9 10 11 12 13 14 16 17 18 19 21 22 23 25 26 28 29 30 31 32 33 35 36 37 38 39 40
49 1 2 4 5 8 9 10 11 12 13 15 16 17 18 19 20 21 22 24 25 26 27 29 30 32 33 34 35 36 37 40
SIZE OF PROGRAMS (pID SIZE):
1 55.0
2 67.0
3 84.0
4 86.0
5 64.0
6 81.0
7 85.0
8 49.0
9 56.0
10 82.0
11 84.0
12 82.0
13 70.0
14 40.0
15 93.0
16 87.0
17 55.0
18 90.0
19 83.0
20 67.0
21 94.0
22 90.0
23 89.0
24 95.0
25 88.0
26 56.0
27 72.0
28 78.0
29 40.0
30 40.0
31 60.0
32 86.0
33 81.0
34 81.0
35 65.0
36 84.0
37 56.0
38 55.0
39 51.0
40 82.0
COST TO INSTALL SERVERS AND PROGRAMS ON NODES (COST_TO_INSTALL_SERVER COST_TO_INSTALL_pID1 ...):
0 7111.57894736842 1.1578947368421053 1.4105263157894736 1.768421052631579 1.8105263157894738 1.3473684210526315 1.7052631578947368 1.7894736842105263 1.0315789473684212 1.1789473684210525 1.7263157894736842 1.768421052631579 1.7263157894736842 1.4736842105263157 0.8421052631578947 1.9578947368421054 1.831578947368421 1.1578947368421053 1.894736842105263 1.7473684210526317 1.4105263157894736 1.9789473684210526 1.894736842105263 1.8736842105263158 2.0 1.8526315789473684 1.1789473684210525 1.5157894736842106 1.6421052631578947 0.8421052631578947 0.8421052631578947 1.263157894736842 1.8105263157894738 1.7052631578947368 1.7052631578947368 1.368421052631579 1.768421052631579 1.1789473684210525 1.1578947368421053 1.0736842105263158 1.7263157894736842
1 470.5791826952394 1.736842105263158 2.1157894736842104 2.6526315789473682 2.7157894736842105 2.0210526315789474 2.557894736842105 2.6842105263157894 1.5473684210526315 1.768421052631579 2.5894736842105264 2.6526315789473682 2.5894736842105264 2.210526315789474 1.263157894736842 2.9368421052631577 2.7473684210526317 1.736842105263158 2.8421052631578947 2.6210526315789475 2.1157894736842104 2.968421052631579 2.8421052631578947 2.8105263157894735 3.0 2.778947368421053 1.768421052631579 2.2736842105263158 2.463157894736842 1.263157894736842 1.263157894736842 1.894736842105263 2.7157894736842105 2.557894736842105 2.557894736842105 2.0526315789473686 2.6526315789473682 1.768421052631579 1.736842105263158 1.6105263157894736 2.5894736842105264
2 27.675576045951868 1.736842105263158 2.1157894736842104 2.6526315789473682 2.7157894736842105 2.0210526315789474 2.557894736842105 2.6842105263157894 1.5473684210526315 1.768421052631579 2.5894736842105264 2.6526315789473682 2.5894736842105264 2.210526315789474 1.263157894736842 2.9368421052631577 2.7473684210526317 1.736842105263158 2.8421052631578947 2.6210526315789475 2.1157894736842104 2.968421052631579 2.8421052631578947 2.8105263157894735 3.0 2.778947368421053 1.768421052631579 2.2736842105263158 2.463157894736842 1.263157894736842 1.263157894736842 1.894736842105263 2.7157894736842105 2.557894736842105 2.557894736842105 2.0526315789473686 2.6526315789473682 1.768421052631579 1.736842105263158 1.6105263157894736 2.5894736842105264
3 194.80872773166476 1.736842105263158 2.1157894736842104 2.6526315789473682 2.7157894736842105 2.0210526315789474 2.557894736842105 2.6842105263157894 1.5473684210526315 1.768421052631579 2.5894736842105264 2.6526315789473682 2.5894736842105264 2.210526315789474 1.263157894736842 2.9368421052631577 2.7473684210526317 1.736842105263158 2.8421052631578947 2.6210526315789475 2.1157894736842104 2.968421052631579 2.8421052631578947 2.8105263157894735 3.0 2.778947368421053 1.768421052631579 2.2736842105263158 2.463157894736842 1.263157894736842 1.263157894736842 1.894736842105263 2.7157894736842105 2.557894736842105 2.557894736842105 2.0526315789473686 2.6526315789473682 1.768421052631579 1.736842105263158 1.6105263157894736 2.5894736842105264
4 146.05240579337334 1.736842105263158 2.1157894736842104 2.6526315789473682 2.7157894736842105 2.0210526315789474 2.557894736842105 2.6842105263157894 1.5473684210526315 1.768421052631579 2.5894736842105264 2.6526315789473682 2.5894736842105264 2.210526315789474 1.263157894736842 2.9368421052631577 2.7473684210526317 1.736842105263158 2.8421052631578947 2.6210526315789475 2.1157894736842104 2.968421052631579 2.8421052631578947 2.8105263157894735 3.0 2.778947368421053 1.768421052631579 2.2736842105263158 2.463157894736842 1.263157894736842 1.263157894736842 1.894736842105263 2.7157894736842105 2.557894736842105 2.557894736842105 2.0526315789473686 2.6526315789473682 1.768421052631579 1.736842105263158 1.6105263157894736 2.5894736842105264
5 6.246303729650796 1.1578947368421053 1.4105263157894736 1.768421052631579 1.8105263157894738 1.3473684210526315 1.7052631578947368 1.7894736842105263 1.0315789473684212 1.1789473684210525 1.7263157894736842 1.768421052631579 1.7263157894736842 1.4736842105263157 0.8421052631578947 1.9578947368421054 1.831578947368421 1.1578947368421053 1.894736842105263 1.7473684210526317 1.4105263157894736 1.9789473684210526 1.894736842105263 1.8736842105263158 2.0 1.8526315789473684 1.1789473684210525 1.5157894736842106 1.6421052631578947 0.8421052631578947 0.8421052631578947 1.263157894736842 1.8105263157894738 1.7052631578947368 1.7052631578947368 1.368421052631579 1.768421052631579 1.1789473684210525 1.1578947368421053 1.0736842105263158 1.7263157894736842
6 122.72305488003539 1.1578947368421053 1.4105263157894736 1.768421052631579 1.8105263157894738 1.3473684210526315 1.7052631578947368 1.7894736842105263 1.0315789473684212 1.1789473684210525 1.7263157894736842 1.768421052631579 1.7263157894736842 1.4736842105263157 0.8421052631578947 1.9578947368421054 1.831578947368421 1.1578947368421053 1.894736842105263 1.7473684210526317 1.4105263157894736 1.9789473684210526 1.894736842105263 1.8736842105263158 2.0 1.8526315789473684 1.1789473684210525 1.5157894736842106 1.6421052631578947 0.8421052631578947 0.8421052631578947 1.263157894736842 1.8105263157894738 1.7052631578947368 1.7052631578947368 1.368421052631579 1.768421052631579 1.1789473684210525 1.1578947368421053 1.0736842105263158 1.7263157894736842
7 256.5100227913115 1.1578947368421053 1.4105263157894736 1.768421052631579 1.8105263157894738 1.3473684210526315 1.7052631578947368 1.7894736842105263 1.0315789473684212 1.1789473684210525 1.7263157894736842 1.768421052631579 1.7263157894736842 1.4736842105263157 0.8421052631578947 1.9578947368421054 1.831578947368421 1.1578947368421053 1.894736842105263 1.7473684210526317 1.4105263157894736 1.9789473684210526 1.894736842105263 1.8736842105263158 2.0 1.8526315789473684 1.1789473684210525 1.5157894736842106 1.6421052631578947 0.8421052631578947 0.8421052631578947 1.263157894736842 1.8105263157894738 1.7052631578947368 1.7052631578947368 1.368421052631579 1.768421052631579 1.1789473684210525 1.1578947368421053 1.0736842105263158 1.7263157894736842
8 35.790443996554494 1.1578947368421053 1.4105263157894736 1.768421052631579 1.8105263157894738 1.3473684210526315 1.7052631578947368 1.7894736842105263 1.0315789473684212 1.1789473684210525 1.7263157894736842 1.768421052631579 1.7263157894736842 1.4736842105263157 0.8421052631578947 1.9578947368421054 1.831578947368421 1.1578947368421053 1.894736842105263 1.7473684210526317 1.4105263157894736 1.9789473684210526 1.894736842105263 1.8736842105263158 2.0 1.8526315789473684 1.1789473684210525 1.5157894736842106 1.6421052631578947 0.8421052631578947 0.8421052631578947 1.263157894736842 1.8105263157894738 1.7052631578947368 1.7052631578947368 1.368421052631579 1.768421052631579 1.1789473684210525 1.1578947368421053 1.0736842105263158 1.7263157894736842
9 195.41293435836295 1.736842105263158 2.1157894736842104 2.6526315789473682 2.7157894736842105 2.0210526315789474 2.557894736842105 2.6842105263157894 1.5473684210526315 1.768421052631579 2.5894736842105264 2.6526315789473682 2.5894736842105264 2.210526315789474 1.263157894736842 2.9368421052631577 2.7473684210526317 1.736842105263158 2.8421052631578947 2.6210526315789475 2.1157894736842104 2.968421052631579 2.8421052631578947 2.8105263157894735 3.0 2.778947368421053 1.768421052631579 2.2736842105263158 2.463157894736842 1.263157894736842 1.263157894736842 1.894736842105263 2.7157894736842105 2.557894736842105 2.557894736842105 2.0526315789473686 2.6526315789473682 1.768421052631579 1.736842105263158 1.6105263157894736 2.5894736842105264
10 124.9637854773465 1.1578947368421053 1.4105263157894736 1.768421052631579 1.8105263157894738 1.3473684210526315 1.7052631578947368 1.7894736842105263 1.0315789473684212 1.1789473684210525 1.7263157894736842 1.768421052631579 1.7263157894736842 1.4736842105263157 0.8421052631578947 1.9578947368421054 1.831578947368421 1.1578947368421053 1.894736842105263 1.7473684210526317 1.4105263157894736 1.9789473684210526 1.894736842105263 1.8736842105263158 2.0 1.8526315789473684 1.1789473684210525 1.5157894736842106 1.6421052631578947 0.8421052631578947 0.8421052631578947 1.263157894736842 1.8105263157894738 1.7052631578947368 1.7052631578947368 1.368421052631579 1.768421052631579 1.1789473684210525 1.1578947368421053 1.0736842105263158 1.7263157894736842
11 300.5304789256674 1.1578947368421053 1.4105263157894736 1.768421052631579 1.8105263157894738 1.3473684210526315 1.7052631578947368 1.7894736842105263 1.0315789473684212 1.1789473684210525 1.7263157894736842 1.768421052631579 1.7263157894736842 1.4736842105263157 0.8421052631578947 1.9578947368421054 1.831578947368421 1.1578947368421053 1.894736842105263 1.7473684210526317 1.4105263157894736 1.9789473684210526 1.894736842105263 1.8736842105263158 2.0 1.8526315789473684 1.1789473684210525 1.5157894736842106 1.6421052631578947 0.8421052631578947 0.8421052631578947 1.263157894736842 1.8105263157894738 1.7052631578947368 1.7052631578947368 1.368421052631579 1.768421052631579 1.1789473684210525 1.1578947368421053 1.0736842105263158 1.7263157894736842
12 64.40356888617262 1.1578947368421053 1.4105263157894736 1.768421052631579 1.8105263157894738 1.3473684210526315 1.7052631578947368 1.7894736842105263 1.0315789473684212 1.1789473684210525 1.7263157894736842 1.768421052631579 1.7263157894736842 1.4736842105263157 0.8421052631578947 1.9578947368421054 1.831578947368421 1.1578947368421053 1.894736842105263 1.7473684210526317 1.4105263157894736 1.9789473684210526 1.894736842105263 1.8736842105263158 2.0 1.8526315789473684 1.1789473684210525 1.5157894736842106 1.6421052631578947 0.8421052631578947 0.8421052631578947 1.263157894736842 1.8105263157894738 1.7052631578947368 1.7052631578947368 1.368421052631579 1.768421052631579 1.1789473684210525 1.1578947368421053 1.0736842105263158 1.7263157894736842
13 4.821564236337631 1.1578947368421053 1.4105263157894736 1.768421052631579 1.8105263157894738 1.3473684210526315 1.7052631578947368 1.7894736842105263 1.0315789473684212 1.1789473684210525 1.7263157894736842 1.768421052631579 1.7263157894736842 1.4736842105263157 0.8421052631578947 1.9578947368421054 1.831578947368421 1.1578947368421053 1.894736842105263 1.7473684210526317 1.4105263157894736 1.9789473684210526 1.894736842105263 1.8736842105263158 2.0 1.8526315789473684 1.1789473684210525 1.5157894736842106 1.6421052631578947 0.8421052631578947 0.8421052631578947 1.263157894736842 1.8105263157894738 1.7052631578947368 1.7052631578947368 1.368421052631579 1.768421052631579 1.1789473684210525 1.1578947368421053 1.0736842105263158 1.7263157894736842
14 6.669625452403999 1.1578947368421053 1.4105263157894736 1.768421052631579 1.8105263157894738 1.3473684210526315 1.7052631578947368 1.7894736842105263 1.0315789473684212 1.1789473684210525 1.7263157894736842 1.768421052631579 1.7263157894736842 1.4736842105263157 0.8421052631578947 1.9578947368421054 1.831578947368421 1.1578947368421053 1.894736842105263 1.7473684210526317 1.4105263157894736 1.9789473684210526 1.894736842105263 1.8736842105263158 2.0 1.8526315789473684 1.1789473684210525 1.5157894736842106 1.6421052631578947 0.8421052631578947 0.8421052631578947 1.263157894736842 1.8105263157894738 1.7052631578947368 1.7052631578947368 1.368421052631579 1.768421052631579 1.1789473684210525 1.1578947368421053 1.0736842105263158 1.7263157894736842
15 280.14360357868804 1.1578947368421053 1.4105263157894736 1.768421052631579 1.8105263157894738 1.3473684210526315 1.7052631578947368 1.7894736842105263 1.0315789473684212 1.1789473684210525 1.7263157894736842 1.768421052631579 1.7263157894736842 1.4736842105263157 0.8421052631578947 1.9578947368421054 1.831578947368421 1.1578947368421053 1.894736842105263 1.7473684210526317 1.4105263157894736 1.9789473684210526 1.894736842105263 1.8736842105263158 2.0 1.8526315789473684 1.1789473684210525 1.5157894736842106 1.6421052631578947 0.8421052631578947 0.8421052631578947 1.263157894736842 1.8105263157894738 1.7052631578947368 1.7052631578947368 1.368421052631579 1.768421052631579 1.1789473684210525 1.1578947368421053 1.0736842105263158 1.7263157894736842
16 91.63444227717676 1.736842105263158 2.1157894736842104 2.6526315789473682 2.7157894736842105 2.0210526315789474 2.557894736842105 2.6842105263157894 1.5473684210526315 1.768421052631579 2.5894736842105264 2.6526315789473682 2.5894736842105264 2.210526315789474 1.263157894736842 2.9368421052631577 2.7473684210526317 1.736842105263158 2.8421052631578947 2.6210526315789475 2.1157894736842104 2.968421052631579 2.8421052631578947 2.8105263157894735 3.0 2.778947368421053 1.768421052631579 2.2736842105263158 2.463157894736842 1.263157894736842 1.263157894736842 1.894736842105263 2.7157894736842105 2.557894736842105 2.557894736842105 2.0526315789473686 2.6526315789473682 1.768421052631579 1.736842105263158 1.6105263157894736 2.5894736842105264
17 208.76866070645167 1.1578947368421053 1.4105263157894736 1.768421052631579 1.8105263157894738 1.3473684210526315 1.7052631578947368 1.7894736842105263 1.0315789473684212 1.1789473684210525 1.7263157894736842 1.768421052631579 1.7263157894736842 1.4736842105263157 0.8421052631578947 1.9578947368421054 1.831578947368421 1.1578947368421053 1.894736842105263 1.7473684210526317 1.4105263157894736 1.9789473684210526 1.894736842105263 1.8736842105263158 2.0 1.8526315789473684 1.1789473684210525 1.5157894736842106 1.6421052631578947 0.8421052631578947 0.8421052631578947 1.263157894736842 1.8105263157894738 1.7052631578947368 1.7052631578947368 1.368421052631579 1.768421052631579 1.1789473684210525 1.1578947368421053 1.0736842105263158 1.7263157894736842
18 135.71257406955652 1.1578947368421053 1.4105263157894736 1.768421052631579 1.8105263157894738 1.3473684210526315 1.7052631578947368 1.7894736842105263 1.0315789473684212 1.1789473684210525 1.7263157894736842 1.768421052631579 1.7263157894736842 1.4736842105263157 0.8421052631578947 1.9578947368421054 1.831578947368421 1.1578947368421053 1.894736842105263 1.7473684210526317 1.4105263157894736 1.9789473684210526 1.894736842105263 1.8736842105263158 2.0 1.8526315789473684 1.1789473684210525 1.5157894736842106 1.6421052631578947 0.8421052631578947 0.8421052631578947 1.263157894736842 1.8105263157894738 1.7052631578947368 1.7052631578947368 1.368421052631579 1.768421052631579 1.1789473684210525 1.1578947368421053 1.0736842105263158 1.7263157894736842
19 259.5451610387045 1.736842105263158 2.1157894736842104 2.6526315789473682 2.7157894736842105 2.0210526315789474 2.557894736842105 2.6842105263157894 1.5473684210526315 1.768421052631579 2.5894736842105264 2.6526315789473682 2.5894736842105264 2.210526315789474 1.263157894736842 2.9368421052631577 2.7473684210526317 1.736842105263158 2.8421052631578947 2.6210526315789475 2.1157894736842104 2.968421052631579 2.8421052631578947 2.8105263157894735 3.0 2.778947368421053 1.768421052631579 2.2736842105263158 2.463157894736842 1.263157894736842 1.263157894736842 1.894736842105263 2.7157894736842105 2.557894736842105 2.557894736842105 2.0526315789473686 2.6526315789473682 1.768421052631579 1.736842105263158 1.6105263157894736 2.5894736842105264
20 149.97738419523017 1.736842105263158 2.1157894736842104 2.6526315789473682 2.7157894736842105 2.0210526315789474 2.557894736842105 2.6842105263157894 1.5473684210526315 1.768421052631579 2.5894736842105264 2.6526315789473682 2.5894736842105264 2.210526315789474 1.263157894736842 2.9368421052631577 2.7473684210526317 1.736842105263158 2.8421052631578947 2.6210526315789475 2.1157894736842104 2.968421052631579 2.8421052631578947 2.8105263157894735 3.0 2.778947368421053 1.768421052631579 2.2736842105263158 2.463157894736842 1.263157894736842 1.263157894736842 1.894736842105263 2.7157894736842105 2.557894736842105 2.557894736842105 2.0526315789473686 2.6526315789473682 1.768421052631579 1.736842105263158 1.6105263157894736 2.5894736842105264
21 156.10080049795945 1.736842105263158 2.1157894736842104 2.6526315789473682 2.7157894736842105 2.0210526315789474 2.557894736842105 2.6842105263157894 1.5473684210526315 1.768421052631579 2.5894736842105264 2.6526315789473682 2.5894736842105264 2.210526315789474 1.263157894736842 2.9368421052631577 2.7473684210526317 1.736842105263158 2.8421052631578947 2.6210526315789475 2.1157894736842104 2.968421052631579 2.8421052631578947 2.8105263157894735 3.0 2.778947368421053 1.768421052631579 2.2736842105263158 2.463157894736842 1.263157894736842 1.263157894736842 1.894736842105263 2.7157894736842105 2.557894736842105 2.557894736842105 2.0526315789473686 2.6526315789473682 1.768421052631579 1.736842105263158 1.6105263157894736 2.5894736842105264
22 242.3182879470274 1.1578947368421053 1.4105263157894736 1.768421052631579 1.8105263157894738 1.3473684210526315 1.7052631578947368 1.7894736842105263 1.0315789473684212 1.1789473684210525 1.7263157894736842 1.768421052631579 1.7263157894736842 1.4736842105263157 0.8421052631578947 1.9578947368421054 1.831578947368421 1.1578947368421053 1.894736842105263 1.7473684210526317 1.4105263157894736 1.9789473684210526 1.894736842105263 1.8736842105263158 2.0 1.8526315789473684 1.1789473684210525 1.5157894736842106 1.6421052631578947 0.8421052631578947 0.8421052631578947 1.263157894736842 1.8105263157894738 1.7052631578947368 1.7052631578947368 1.368421052631579 1.768421052631579 1.1789473684210525 1.1578947368421053 1.0736842105263158 1.7263157894736842
23 289.0390754621099 1.736842105263158 2.1157894736842104 2.6526315789473682 2.7157894736842105 2.0210526315789474 2.557894736842105 2.6842105263157894 1.5473684210526315 1.768421052631579 2.5894736842105264 2.6526315789473682 2.5894736842105264 2.210526315789474 1.263157894736842 2.9368421052631577 2.7473684210526317 1.736842105263158 2.8421052631578947 2.6210526315789475 2.1157894736842104 2.968421052631579 2.8421052631578947 2.8105263157894735 3.0 2.778947368421053 1.768421052631579 2.2736842105263158 2.463157894736842 1.263157894736842 1.263157894736842 1.894736842105263 2.7157894736842105 2.557894736842105 2.557894736842105 2.0526315789473686 2.6526315789473682 1.768421052631579 1.736842105263158 1.6105263157894736 2.5894736842105264
24 323.3132883926427 1.1578947368421053 1.4105263157894736 1.768421052631579 1.8105263157894738 1.3473684210526315 1.7052631578947368 1.7894736842105263 1.0315789473684212 1.1789473684210525 1.7263157894736842 1.768421052631579 1.7263157894736842 1.4736842105263157 0.8421052631578947 1.9578947368421054 1.831578947368421 1.1578947368421053 1.894736842105263 1.7473684210526317 1.4105263157894736 1.9789473684210526 1.894736842105263 1.8736842105263158 2.0 1.8526315789473684 1.1789473684210525 1.5157894736842106 1.6421052631578947 0.8421052631578947 0.8421052631578947 1.263157894736842 1.8105263157894738 1.7052631578947368 1.7052631578947368 1.368421052631579 1.768421052631579 1.1789473684210525 1.1578947368421053 1.0736842105263158 1.7263157894736842
25 63.818052559050926 1.736842105263158 2.1157894736842104 2.6526315789473682 2.7157894736842105 2.0210526315789474 2.557894736842105 2.6842105263157894 1.5473684210526315 1.768421052631579 2.5894736842105264 2.6526315789473682 2.5894736842105264 2.210526315789474 1.263157894736842 2.9368421052631577 2.7473684210526317 1.736842105263158 2.8421052631578947 2.6210526315789475 2.1157894736842104 2.968421052631579 2.8421052631578947 2.8105263157894735 3.0 2.778947368421053 1.768421052631579 2.2736842105263158 2.463157894736842 1.263157894736842 1.263157894736842 1.894736842105263 2.7157894736842105 2.557894736842105 2.557894736842105 2.0526315789473686 2.6526315789473682 1.768421052631579 1.736842105263158 1.6105263157894736 2.5894736842105264
26 44.60388764919052 1.736842105263158 2.1157894736842104 2.6526315789473682 2.7157894736842105 2.0210526315789474 2.557894736842105 2.6842105263157894 1.5473684210526315 1.768421052631579 2.5894736842105264 2.6526315789473682 2.5894736842105264 2.210526315789474 1.263157894736842 2.9368421052631577 2.7473684210526317 1.736842105263158 2.8421052631578947 2.6210526315789475 2.1157894736842104 2.968421052631579 2.8421052631578947 2.8105263157894735 3.0 2.778947368421053 1.768421052631579 2.2736842105263158 2.463157894736842 1.263157894736842 1.263157894736842 1.894736842105263 2.7157894736842105 2.557894736842105 2.557894736842105 2.0526315789473686 2.6526315789473682 1.768421052631579 1.736842105263158 1.6105263157894736 2.5894736842105264
27 9.339861688465946 1.736842105263158 2.1157894736842104 2.6526315789473682 2.7157894736842105 2.0210526315789474 2.557894736842105 2.6842105263157894 1.5473684210526315 1.768421052631579 2.5894736842105264 2.6526315789473682 2.5894736842105264 2.210526315789474 1.263157894736842 2.9368421052631577 2.7473684210526317 1.736842105263158 2.8421052631578947 2.6210526315789475 2.1157894736842104 2.968421052631579 2.8421052631578947 2.8105263157894735 3.0 2.778947368421053 1.768421052631579 2.2736842105263158 2.463157894736842 1.263157894736842 1.263157894736842 1.894736842105263 2.7157894736842105 2.557894736842105 2.557894736842105 2.0526315789473686 2.6526315789473682 1.768421052631579 1.736842105263158 1.6105263157894736 2.5894736842105264
28 257.03152705005357 1.736842105263158 2.1157894736842104 2.6526315789473682 2.7157894736842105 2.0210526315789474 2.557894736842105 2.6842105263157894 1.5473684210526315 1.768421052631579 2.5894736842105264 2.6526315789473682 2.5894736842105264 2.210526315789474 1.263157894736842 2.9368421052631577 2.7473684210526317 1.736842105263158 2.8421052631578947 2.6210526315789475 2.1157894736842104 2.968421052631579 2.8421052631578947 2.8105263157894735 3.0 2.778947368421053 1.768421052631579 2.2736842105263158 2.463157894736842 1.263157894736842 1.263157894736842 1.894736842105263 2.7157894736842105 2.557894736842105 2.557894736842105 2.0526315789473686 2.6526315789473682 1.768421052631579 1.736842105263158 1.6105263157894736 2.5894736842105264
29 196.2374809023063 1.736842105263158 2.1157894736842104 2.6526315789473682 2.7157894736842105 2.0210526315789474 2.557894736842105 2.6842105263157894 1.5473684210526315 1.768421052631579 2.5894736842105264 2.6526315789473682 2.5894736842105264 2.210526315789474 1.263157894736842 2.9368421052631577 2.7473684210526317 1.736842105263158 2.8421052631578947 2.6210526315789475 2.1157894736842104 2.968421052631579 2.8421052631578947 2.8105263157894735 3.0 2.778947368421053 1.768421052631579 2.2736842105263158 2.463157894736842 1.263157894736842 1.263157894736842 1.894736842105263 2.7157894736842105 2.557894736842105 2.557894736842105 2.0526315789473686 2.6526315789473682 1.768421052631579 1.736842105263158 1.6105263157894736 2.5894736842105264
30 42.289934657864436 1.1578947368421053 1.4105263157894736 1.768421052631579 1.8105263157894738 1.3473684210526315 1.7052631578947368 1.7894736842105263 1.0315789473684212 1.1789473684210525 1.7263157894736842 1.768421052631579 1.7263157894736842 1.4736842105263157 0.8421052631578947 1.9578947368421054 1.831578947368421 1.1578947368421053 1.894736842105263 1.7473684210526317 1.4105263157894736 1.9789473684210526 1.894736842105263 1.8736842105263158 2.0 1.8526315789473684 1.1789473684210525 1.5157894736842106 1.6421052631578947 0.8421052631578947 0.8421052631578947 1.263157894736842 1.8105263157894738 1.7052631578947368 1.7052631578947368 1.368421052631579 1.768421052631579 1.1789473684210525 1.1578947368421053 1.0736842105263158 1.7263157894736842
31 92.96385102550111 1.1578947368421053 1.4105263157894736 1.768421052631579 1.8105263157894738 1.3473684210526315 1.7052631578947368 1.7894736842105263 1.0315789473684212 1.1789473684210525 1.7263157894736842 1.768421052631579 1.7263157894736842 1.4736842105263157 0.8421052631578947 1.9578947368421054 1.831578947368421 1.1578947368421053 1.894736842105263 1.7473684210526317 1.4105263157894736 1.9789473684210526 1.894736842105263 1.8736842105263158 2.0 1.8526315789473684 1.1789473684210525 1.5157894736842106 1.6421052631578947 0.8421052631578947 0.8421052631578947 1.263157894736842 1.8105263157894738 1.7052631578947368 1.7052631578947368 1.368421052631579 1.768421052631579 1.1789473684210525 1.1578947368421053 1.0736842105263158 1.7263157894736842
32 261.59490448556375 1.1578947368421053 1.4105263157894736 1.768421052631579 1.8105263157894738 1.3473684210526315 1.7052631578947368 1.7894736842105263 1.0315789473684212 1.1789473684210525 1.7263157894736842 1.768421052631579 1.7263157894736842 1.4736842105263157 0.8421052631578947 1.9578947368421054 1.831578947368421 1.1578947368421053 1.894736842105263 1.7473684210526317 1.4105263157894736 1.9789473684210526 1.894736842105263 1.8736842105263158 2.0 1.8526315789473684 1.1789473684210525 1.5157894736842106 1.6421052631578947 0.8421052631578947 0.8421052631578947 1.263157894736842 1.8105263157894738 1.7052631578947368 1.7052631578947368 1.368421052631579 1.768421052631579 1.1789473684210525 1.1578947368421053 1.0736842105263158 1.7263157894736842
33 246.72878031966002 1.736842105263158 2.1157894736842104 2.6526315789473682 2.7157894736842105 2.0210526315789474 2.557894736842105 2.6842105263157894 1.5473684210526315 1.768421052631579 2.5894736842105264 2.6526315789473682 2.5894736842105264 2.210526315789474 1.263157894736842 2.9368421052631577 2.7473684210526317 1.736842105263158 2.8421052631578947 2.6210526315789475 2.1157894736842104 2.968421052631579 2.8421052631578947 2.8105263157894735 3.0 2.778947368421053 1.768421052631579 2.2736842105263158 2.463157894736842 1.263157894736842 1.263157894736842 1.894736842105263 2.7157894736842105 2.557894736842105 2.557894736842105 2.0526315789473686 2.6526315789473682 1.768421052631579 1.736842105263158 1.6105263157894736 2.5894736842105264
34 212.7668554022291 1.1578947368421053 1.4105263157894736 1.768421052631579 1.8105263157894738 1.3473684210526315 1.7052631578947368 1.7894736842105263 1.0315789473684212 1.1789473684210525 1.7263157894736842 1.768421052631579 1.7263157894736842 1.4736842105263157 0.8421052631578947 1.9578947368421054 1.831578947368421 1.1578947368421053 1.894736842105263 1.7473684210526317 1.4105263157894736 1.9789473684210526 1.894736842105263 1.8736842105263158 2.0 1.8526315789473684 1.1789473684210525 1.5157894736842106 1.6421052631578947 0.8421052631578947 0.8421052631578947 1.263157894736842 1.8105263157894738 1.7052631578947368 1.7052631578947368 1.368421052631579 1.768421052631579 1.1789473684210525 1.1578947368421053 1.0736842105263158 1.7263157894736842
35 263.34602394087705 1.736842105263158 2.1157894736842104 2.6526315789473682 2.7157894736842105 2.0210526315789474 2.557894736842105 2.6842105263157894 1.5473684210526315 1.768421052631579 2.5894736842105264 2.6526315789473682 2.5894736842105264 2.210526315789474 1.263157894736842 2.9368421052631577 2.7473684210526317 1.736842105263158 2.8421052631578947 2.6210526315789475 2.1157894736842104 2.968421052631579 2.8421052631578947 2.8105263157894735 3.0 2.778947368421053 1.768421052631579 2.2736842105263158 2.463157894736842 1.263157894736842 1.263157894736842 1.894736842105263 2.7157894736842105 2.557894736842105 2.557894736842105 2.0526315789473686 2.6526315789473682 1.768421052631579 1.736842105263158 1.6105263157894736 2.5894736842105264
36 252.2626482193575 1.736842105263158 2.1157894736842104 2.6526315789473682 2.7157894736842105 2.0210526315789474 2.557894736842105 2.6842105263157894 1.5473684210526315 1.768421052631579 2.5894736842105264 2.6526315789473682 2.5894736842105264 2.210526315789474 1.263157894736842 2.9368421052631577 2.7473684210526317 1.736842105263158 2.8421052631578947 2.6210526315789475 2.1157894736842104 2.968421052631579 2.8421052631578947 2.8105263157894735 3.0 2.778947368421053 1.768421052631579 2.2736842105263158 2.463157894736842 1.263157894736842 1.263157894736842 1.894736842105263 2.7157894736842105 2.557894736842105 2.557894736842105 2.0526315789473686 2.6526315789473682 1.768421052631579 1.736842105263158 1.6105263157894736 2.5894736842105264
37 61.78836735020569 1.736842105263158 2.1157894736842104 2.6526315789473682 2.7157894736842105 2.0210526315789474 2.557894736842105 2.6842105263157894 1.5473684210526315 1.768421052631579 2.5894736842105264 2.6526315789473682 2.5894736842105264 2.210526315789474 1.263157894736842 2.9368421052631577 2.7473684210526317 1.736842105263158 2.8421052631578947 2.6210526315789475 2.1157894736842104 2.968421052631579 2.8421052631578947 2.8105263157894735 3.0 2.778947368421053 1.768421052631579 2.2736842105263158 2.463157894736842 1.263157894736842 1.263157894736842 1.894736842105263 2.7157894736842105 2.557894736842105 2.557894736842105 2.0526315789473686 2.6526315789473682 1.768421052631579 1.736842105263158 1.6105263157894736 2.5894736842105264
38 277.4463457090181 1.736842105263158 2.1157894736842104 2.6526315789473682 2.7157894736842105 2.0210526315789474 2.557894736842105 2.6842105263157894 1.5473684210526315 1.768421052631579 2.5894736842105264 2.6526315789473682 2.5894736842105264 2.210526315789474 1.263157894736842 2.9368421052631577 2.7473684210526317 1.736842105263158 2.8421052631578947 2.6210526315789475 2.1157894736842104 2.968421052631579 2.8421052631578947 2.8105263157894735 3.0 2.778947368421053 1.768421052631579 2.2736842105263158 2.463157894736842 1.263157894736842 1.263157894736842 1.894736842105263 2.7157894736842105 2.557894736842105 2.557894736842105 2.0526315789473686 2.6526315789473682 1.768421052631579 1.736842105263158 1.6105263157894736 2.5894736842105264
39 34.038445859231885 1.736842105263158 2.1157894736842104 2.6526315789473682 2.7157894736842105 2.0210526315789474 2.557894736842105 2.6842105263157894 1.5473684210526315 1.768421052631579 2.5894736842105264 2.6526315789473682 2.5894736842105264 2.210526315789474 1.263157894736842 2.9368421052631577 2.7473684210526317 1.736842105263158 2.8421052631578947 2.6210526315789475 2.1157894736842104 2.968421052631579 2.8421052631578947 2.8105263157894735 3.0 2.778947368421053 1.768421052631579 2.2736842105263158 2.463157894736842 1.263157894736842 1.263157894736842 1.894736842105263 2.7157894736842105 2.557894736842105 2.557894736842105 2.0526315789473686 2.6526315789473682 1.768421052631579 1.736842105263158 1.6105263157894736 2.5894736842105264
40 209.1271236546388 1.736842105263158 2.1157894736842104 2.6526315789473682 2.7157894736842105 2.0210526315789474 2.557894736842105 2.6842105263157894 1.5473684210526315 1.768421052631579 2.5894736842105264 2.6526315789473682 2.5894736842105264 2.210526315789474 1.263157894736842 2.9368421052631577 2.7473684210526317 1.736842105263158 2.8421052631578947 2.6210526315789475 2.1157894736842104 2.968421052631579 2.8421052631578947 2.8105263157894735 3.0 2.778947368421053 1.768421052631579 2.2736842105263158 2.463157894736842 1.263157894736842 1.263157894736842 1.894736842105263 2.7157894736842105 2.557894736842105 2.557894736842105 2.0526315789473686 2.6526315789473682 1.768421052631579 1.736842105263158 1.6105263157894736 2.5894736842105264
41 352.9262315626531 1.1578947368421053 1.4105263157894736 1.768421052631579 1.8105263157894738 1.3473684210526315 1.7052631578947368 1.7894736842105263 1.0315789473684212 1.1789473684210525 1.7263157894736842 1.768421052631579 1.7263157894736842 1.4736842105263157 0.8421052631578947 1.9578947368421054 1.831578947368421 1.1578947368421053 1.894736842105263 1.7473684210526317 1.4105263157894736 1.9789473684210526 1.894736842105263 1.8736842105263158 2.0 1.8526315789473684 1.1789473684210525 1.5157894736842106 1.6421052631578947 0.8421052631578947 0.8421052631578947 1.263157894736842 1.8105263157894738 1.7052631578947368 1.7052631578947368 1.368421052631579 1.768421052631579 1.1789473684210525 1.1578947368421053 1.0736842105263158 1.7263157894736842
42 105.529574454294 1.736842105263158 2.1157894736842104 2.6526315789473682 2.7157894736842105 2.0210526315789474 2.557894736842105 2.6842105263157894 1.5473684210526315 1.768421052631579 2.5894736842105264 2.6526315789473682 2.5894736842105264 2.210526315789474 1.263157894736842 2.9368421052631577 2.7473684210526317 1.736842105263158 2.8421052631578947 2.6210526315789475 2.1157894736842104 2.968421052631579 2.8421052631578947 2.8105263157894735 3.0 2.778947368421053 1.768421052631579 2.2736842105263158 2.463157894736842 1.263157894736842 1.263157894736842 1.894736842105263 2.7157894736842105 2.557894736842105 2.557894736842105 2.0526315789473686 2.6526315789473682 1.768421052631579 1.736842105263158 1.6105263157894736 2.5894736842105264
43 56.83317141498266 1.736842105263158 2.1157894736842104 2.6526315789473682 2.7157894736842105 2.0210526315789474 2.557894736842105 2.6842105263157894 1.5473684210526315 1.768421052631579 2.5894736842105264 2.6526315789473682 2.5894736842105264 2.210526315789474 1.263157894736842 2.9368421052631577 2.7473684210526317 1.736842105263158 2.8421052631578947 2.6210526315789475 2.1157894736842104 2.968421052631579 2.8421052631578947 2.8105263157894735 3.0 2.778947368421053 1.768421052631579 2.2736842105263158 2.463157894736842 1.263157894736842 1.263157894736842 1.894736842105263 2.7157894736842105 2.557894736842105 2.557894736842105 2.0526315789473686 2.6526315789473682 1.768421052631579 1.736842105263158 1.6105263157894736 2.5894736842105264
44 14.271077172842293 1.1578947368421053 1.4105263157894736 1.768421052631579 1.8105263157894738 1.3473684210526315 1.7052631578947368 1.7894736842105263 1.0315789473684212 1.1789473684210525 1.7263157894736842 1.768421052631579 1.7263157894736842 1.4736842105263157 0.8421052631578947 1.9578947368421054 1.831578947368421 1.1578947368421053 1.894736842105263 1.7473684210526317 1.4105263157894736 1.9789473684210526 1.894736842105263 1.8736842105263158 2.0 1.8526315789473684 1.1789473684210525 1.5157894736842106 1.6421052631578947 0.8421052631578947 0.8421052631578947 1.263157894736842 1.8105263157894738 1.7052631578947368 1.7052631578947368 1.368421052631579 1.768421052631579 1.1789473684210525 1.1578947368421053 1.0736842105263158 1.7263157894736842
45 312.6847414959007 1.736842105263158 2.1157894736842104 2.6526315789473682 2.7157894736842105 2.0210526315789474 2.557894736842105 2.6842105263157894 1.5473684210526315 1.768421052631579 2.5894736842105264 2.6526315789473682 2.5894736842105264 2.210526315789474 1.263157894736842 2.9368421052631577 2.7473684210526317 1.736842105263158 2.8421052631578947 2.6210526315789475 2.1157894736842104 2.968421052631579 2.8421052631578947 2.8105263157894735 3.0 2.778947368421053 1.768421052631579 2.2736842105263158 2.463157894736842 1.263157894736842 1.263157894736842 1.894736842105263 2.7157894736842105 2.557894736842105 2.557894736842105 2.0526315789473686 2.6526315789473682 1.768421052631579 1.736842105263158 1.6105263157894736 2.5894736842105264
46 161.20524925627333 1.1578947368421053 1.4105263157894736 1.768421052631579 1.8105263157894738 1.3473684210526315 1.7052631578947368 1.7894736842105263 1.0315789473684212 1.1789473684210525 1.7263157894736842 1.768421052631579 1.7263157894736842 1.4736842105263157 0.8421052631578947 1.9578947368421054 1.831578947368421 1.1578947368421053 1.894736842105263 1.7473684210526317 1.4105263157894736 1.9789473684210526 1.894736842105263 1.8736842105263158 2.0 1.8526315789473684 1.1789473684210525 1.5157894736842106 1.6421052631578947 0.8421052631578947 0.8421052631578947 1.263157894736842 1.8105263157894738 1.7052631578947368 1.7052631578947368 1.368421052631579 1.768421052631579 1.1789473684210525 1.1578947368421053 1.0736842105263158 1.7263157894736842
47 307.4508155351413 1.1578947368421053 1.4105263157894736 1.768421052631579 1.8105263157894738 1.3473684210526315 1.7052631578947368 1.7894736842105263 1.0315789473684212 1.1789473684210525 1.7263157894736842 1.768421052631579 1.7263157894736842 1.4736842105263157 0.8421052631578947 1.9578947368421054 1.831578947368421 1.1578947368421053 1.894736842105263 1.7473684210526317 1.4105263157894736 1.9789473684210526 1.894736842105263 1.8736842105263158 2.0 1.8526315789473684 1.1789473684210525 1.5157894736842106 1.6421052631578947 0.8421052631578947 0.8421052631578947 1.263157894736842 1.8105263157894738 1.7052631578947368 1.7052631578947368 1.368421052631579 1.768421052631579 1.1789473684210525 1.1578947368421053 1.0736842105263158 1.7263157894736842
48 323.55245747773216 1.1578947368421053 1.4105263157894736 1.768421052631579 1.8105263157894738 1.3473684210526315 1.7052631578947368 1.7894736842105263 1.0315789473684212 1.1789473684210525 1.7263157894736842 1.768421052631579 1.7263157894736842 1.4736842105263157 0.8421052631578947 1.9578947368421054 1.831578947368421 1.1578947368421053 1.894736842105263 1.7473684210526317 1.4105263157894736 1.9789473684210526 1.894736842105263 1.8736842105263158 2.0 1.8526315789473684 1.1789473684210525 1.5157894736842106 1.6421052631578947 0.8421052631578947 0.8421052631578947 1.263157894736842 1.8105263157894738 1.7052631578947368 1.7052631578947368 1.368421052631579 1.768421052631579 1.1789473684210525 1.1578947368421053 1.0736842105263158 1.7263157894736842
49 204.10545219365545 1.1578947368421053 1.4105263157894736 1.768421052631579 1.8105263157894738 1.3473684210526315 1.7052631578947368 1.7894736842105263 1.0315789473684212 1.1789473684210525 1.7263157894736842 1.768421052631579 1.7263157894736842 1.4736842105263157 0.8421052631578947 1.9578947368421054 1.831578947368421 1.1578947368421053 1.894736842105263 1.7473684210526317 1.4105263157894736 1.9789473684210526 1.894736842105263 1.8736842105263158 2.0 1.8526315789473684 1.1789473684210525 1.5157894736842106 1.6421052631578947 0.8421052631578947 0.8421052631578947 1.263157894736842 1.8105263157894738 1.7052631578947368 1.7052631578947368 1.368421052631579 1.768421052631579 1.1789473684210525 1.1578947368421053 1.0736842105263158 1.7263157894736842
