160 30
TREE NETWORK (nID nID Weight):
25 0 36
111 25 38
88 111 58
151 111 57
141 88 42
41 0 45
71 141 32
56 41 50
127 111 31
121 141 40
156 111 38
70 0 50
16 156 48
40 0 59
77 151 56
66 25 54
153 40 34
134 77 44
123 77 41
113 127 33
57 70 49
1 113 54
45 153 41
67 56 39
96 141 51
154 56 33
89 71 59
63 154 39
38 111 38
92 77 56
137 25 44
125 63 48
5 88 34
130 66 37
82 151 51
18 38 59
69 57 30
95 137 31
145 156 46
155 89 31
112 41 49
48 66 44
86 121 53
98 127 52
136 89 39
36 96 43
72 71 49
55 5 41
19 123 52
114 55 33
23 77 55
149 123 33
150 38 56
26 56 50
99 48 57
120 72 42
75 38 50
147 71 40
20 114 47
85 0 54
144 111 43
116 70 49
7 99 50
54 77 47
128 134 51
101 16 35
102 54 51
78 96 30
10 112 40
68 40 31
37 134 50
122 25 42
59 45 51
46 68 56
3 147 56
6 26 57
47 10 44
14 156 51
65 14 42
117 16 44
83 72 40
118 18 57
58 3 46
142 0 57
8 70 40
131 149 30
138 123 40
74 37 38
61 101 52
29 112 35
44 71 43
9 74 33
31 10 32
104 41 35
11 111 37
103 118 43
21 92 40
87 20 32
126 154 30
42 88 33
135 67 33
62 9 50
34 54 50
106 95 52
148 130 54
33 19 39
49 19 31
94 54 31
43 38 59
159 69 41
139 131 33
132 101 43
110 88 58
84 99 53
100 36 54
157 16 43
4 61 36
73 89 46
140 131 50
158 142 44
39 61 43
13 26 52
81 71 43
30 102 30
107 73 50
115 116 40
90 4 35
152 99 55
2 41 37
17 130 56
146 25 35
12 121 59
80 152 43
52 140 31
51 8 51
35 68 52
79 150 50
60 151 41
50 100 50
15 41 58
22 1 47
129 65 37
24 138 45
64 92 57
27 10 54
108 96 53
53 107 59
97 14 51
28 51 32
119 53 45
143 66 57
124 46 55
91 113 54
93 136 46
109 88 37
32 63 43
76 142 54
105 148 47
133 55 36
PROGRAMS ASSIGNED TO NODES (nID pID1 pID2 ...):
0 1 2 3 4 5 6 7 8 9 10 11 12 13 14 15 16 17 18 19 20 21 22 23 24 25 26 27 28 29 30
1 1 2 3 4 5 6 7 8 9 10 12 13 14 15 16 17 18 21 22 23 24 26 27 29
2 2 3 6 7 9 10 12 14 17 18 19 21 22 25 26 27 28 29
3 2 3 4 5 10 11 12 13 14 17 20 22 23 26 27
4 1 2 3 4 5 7 8 9 10 11 12 13 14 15 18 19 20 21 22 24 25 26 27 29 30
5 1 4 5 7 8 9 10 12 15 18 19 21 23 24 25 26 29
6 1 2 3 4 6 7 9 11 12 15 16 17 19 21 23 24 25 26 27 29 30
7 1 2 5 6 8 11 12 13 14 15 19 20 21 22 25 28 29 30
8 17 2 19 4 22 6 8 24 11 30
9 1 2 3 4 5 7 10 13 14 18 24 25 26 27
10 1 2 3 4 5 6 7 8 9 13 15 16 17 19 20 21 23 24 25 26 27 28 29 30
11 2 5 7 24 10 11 28 13 14
12 5 21 9 26
13 1 2 4 5 6 7 8 9 10 14 15 16 17 18 19 21 22 23 24 25 26 27 28 29 30
14 1 17 18 4 5 8 9 26 28 15
15 2 3 6 8 11 28 12 29
16 1 4 5 9 12 14 15 16 17 18 19 20 22 23 27 29 30
17 16 18 2 19 6 7 8 26 28 29 13 14
19 1 2 3 4 5 6 7 8 9 10 11 13 14 17 18 19 20 21 22 23 24 25 26 27 28 29 30
20 1 28 13
21 1 2 4 6 7 10 11 13 14 16 18 19 20 21 24 25 26 27 28 29
22 16 1 18 2 20 9 26 28 14 15
23 16 3 4 22 24 9 11 29
24 1 2 3 4 5 6 7 9 10 11 12 13 14 15 16 17 18 19 20 21 22 23 26 27 28 29 30
25 1 2 3 4 5 6 7 8 9 10 11 12 13 14 15 16 17 18 19 20 21 22 23 24 25 26 27 28 29
26 1 2 3 4 5 6 7 8 9 10 11 12 13 14 15 16 17 18 19 20 21 22 24 25 26 27 28 29 30
27 2 6 8 10 13 15 18 19 24 25 27 28 29 30
28 18 5 22 23 26 14 15
30 1 2 3 6 7 8 9 10 14 15 16 18 20 21 23 24 25 26 27 28 30
31 1 2 3 4 5 6 7 8 9 10 11 12 13 15 16 17 18 19 20 21 22 23 24 25 26 27 28 29 30
32 17 3 19 20 4 8 11 28
33 1 2 3 4 5 6 7 8 10 11 12 13 14 15 16 18 19 20 21 22 23 24 25 26 27 28 29
34 1 2 3 4 5 6 8 9 10 11 12 13 14 15 16 18 19 20 22 23 24 25 26 27 28 30
35 1 3 5 9 10 11 12 14 17 20 21 22 23 24 25 26 27 28 29 30
36 18 21 5 7 25 9 26 27 29 30 15
37 1 2 3 4 5 6 7 8 9 10 11 12 13 14 15 16 17 18 19 22 23 24 25 26 27 28 29 30
38 18 3 22 24 25 11 27 13 14 30
39 1 2 5 9 10 12 13 14 16 17 19 20 21 22 23 24 25 27 29 30
40 1 17 19 4 8 9 10 28 14 15
41 16 18 28
42 2 3 4 5 8 11 15 17 18 19 21 22 24 25 27
43 1 2 3 4 6 7 8 9 10 11 12 13 14 15 16 17 18 19 20 21 22 24 25 26 27 28 29 30
44 1 2 3 4 5 6 7 8 9 10 11 12 13 14 15 16 17 18 19 20 21 23 24 25 26 27 28 29 30
46 2 3 4 5 6 7 9 10 11 12 14 15 16 17 18 19 20 21 22 23 24 25 27 29 30
47 17 3 21 6 23 10
48 16 17 18 6 22 23 24 10 26 12 13
49 16 26 13 15
50 1 4 5 6 8 9 10 11 13 14 16 22 23 26 27 28 29 30
51 1 3 4 5 6 7 8 9 10 11 12 13 14 15 16 17 18 19 21 22 23 24 25 26 29 30
52 1 6 8 15 16 20 21 22 24 25 27 29 30
53 3 23 8 26 11 30
54 16 17 3 4 6 23 24 9 27 28 13
55 1 3 21 24 25 27 28 12 29 15
56 1 2 4 5 6 8 9 10 11 12 13 14 15 16 18 19 20 22 23 26 27 28
57 2 3 4 5 6 7 8 9 10 12 13 14 15 16 17 18 20 22 23 24 25 26 27 28 29 30
58 2 3 4 5 6 8 9 11 12 13 14 15 16 17 18 19 20 21 22 24 25 26 28 29 30
59 1 2 3 4 5 6 8 9 10 11 12 13 14 15 16 17 18 19 20 21 22 23 25 26 27 28 29
60 1 2 3 4 6 7 8 9 10 11 12 13 14 16 17 18 19 20 21 22 23 25 26 27 28 29 30
61 16 1 18 6 25 29 14
62 1 2 3 5 6 7 8 9 10 11 12 13 14 15 16 17 18 19 20 21 22 23 24 25 26 27 28 29 30
63 1 2 4 5 7 8 9 10 12 13 14 18 19 23 25 28 29
64 3 22 23 26
65 19 20 5 7 23 25 12
66 2 3 5 6 7 8 10 15 16 18 19 20 21 23 24 26 27 28 29 30
67 1 2 3 4 5 6 7 8 9 10 11 12 13 14 16 17 18 19 20 21 22 23 24 25 26 27 28 29 30
68 16 1 2 18 20 5 6 22 7 27 11 13
69 1 2 3 4 5 7 8 9 10 11 12 13 14 17 18 20 21 23 24 25 26 27 28 29 30
70 12 29
71 4 5 8 11 28 12 13
72 17 1 5 23 28
73 1 2 3 5 6 7 8 9 11 12 13 14 16 17 18 20 21 22 23 24 25 26 27 28 29 30
74 1 2 3 4 5 6 7 8 9 10 11 12 13 15 16 17 18 19 20 21 22 23 24 25 26 27 28 29 30
75 2 4 5 6 7 9 10 12 13 16 17 19 20 21 22 25 26 27 28 30
76 1 2 3 4 5 6 7 8 9 10 11 12 13 14 15 16 17 18 20 21 22 23 24 25 26 27 28 29 30
77 1 2 3 4 5 6 7 8 9 10 14 15 17 19 20 21 22 23 24 25 27 28 29 30
78 19 8 25 11 30 14
79 3 4 5 7 8 9 14 15 19 20 21 22 24 25 26 27 28 29
80 1 18 19 3 4 5 23 7 24 9
81 21
82 3 4 5 7 11 12 13 14 15 16 17 18 19 20 23 26 27 28 30
83 2 3 4 5 6 7 11 12 13 16 17 18 19 22 24 25 27 29 30
84 1 2 4 5 6 8 12 13 14 15 16 22 23 25 29
85 2 3 4 5 6 8 9 10 11 12 13 14 15 16 17 18 19 20 21 23 24 25 26 28
86 17 3 19 21 22 8 25 28 29 13 30 15
87 1 2 3 4 5 6 7 8 10 12 13 14 15 16 18 19 20 22 24 25 26 28 29 30
88 1 2 3 4 5 6 7 8 9 10 11 13 14 15 16 17 18 19 20 21 22 26 27 29 30
90 1 2 3 4 5 6 7 8 9 10 11 12 13 14 15 17 18 19 20 21 22 23 24 25 26 27 28 29 30
91 19 20 4 21 24 8 12 30 15
92 1 2 3 4 5 6 7 8 9 11 12 13 14 15 17 18 19 20 21 22 23 24 25 26 27 28 29 30
94 2 3 5 6 7 8 9 11 12 13 14 15 16 19 22 23 24 26 27 28 29
95 2 19 26 28
96 19 22 7 10
97 16 17 1 18 3 20 26 13
98 2 19 3 22 27
99 1 2 3 4 6 7 9 10 13 15 19 20 21 26 29 30
100 22 8 26 27
101 1 3 5 7 9 14 15 17 19 20 21 26 28 29 30
102 1 2 3 4 5 6 7 8 9 10 11 12 13 14 15 16 17 18 19 20 21 22 23 25 26 27 28 29
103 1 19 4 5 6 22 8 24 26 14
104 1 2 3 4 6 7 9 10 12 13 14 15 16 17 18 19 20 21 22 23 24 25 26 27 28 29 30
105 1 2 3 4 5 6 7 9 10 11 13 14 15 16 18 20 22 24 25 26 27 28 29 30
106 17 6 23 7 9 10 11 27 28 14
107 1 18 2 3 4 5 8 10 29 13 30
108 21 22 23 24 13 29 14
109 16 3 5 8 27 29
110 15
111 1 2 3 5 6 7 8 9 10 13 14 15 16 19 22 23 24 27 29
112 1 2 3 4 5 7 8 9 10 11 12 14 15 16 17 18 21 22 23 24 25 27 28 29 30
113 1 5 7 9 11 12 13 15 19 21 23 24 25 27 28 30
115 1 2 3 4 5 7 9 11 12 13 14 15 16 17 19 20 21 22 23 25 26 27 28 29 30
117 1 2 5 7 8 9 10 11 15 16 19 20 21 23 25
118 1 2 3 4 5 6 7 9 11 14 20 22 23 24 25 26 27 28 30
119 1 3 4 7 8 9 11 13 15 17 18 19 20 23 24 26 28
120 17 18 3 20 21 25 11 28 29 15
121 1 5 22 24 8 9 10 11 13 29
122 1 2 4 5 7 8 9 10 11 12 13 15 17 18 19 20 23 25 27 28 29
123 1 2 3 5 6 7 8 9 10 11 12 13 14 15 16 17 20 21 22 23 25 26 27 28 29 30
124 3 19 22 10 26 11
125 1 2 3 4 5 9 10 11 12 13 14 16 17 18 21 23 24 26 27 28 29 30
126 2 20 5 24 25 26 10 14 30
127 3 6 9 10 12 13 14 16 19 20 21 22 24 26 27 29
128 1 2 3 4 5 6 7 9 10 11 12 13 14 15 17 18 19 20 21 22 23 24 25 26 27 28 29 30
129 1 18 19 3 4 5 6 10 12 28 13 14
130 5 6 7 9 11 12 13 15 16 18 19 21 24 25
131 1 3 4 5 6 7 8 9 10 11 14 15 16 17 18 19 21 22 23 24 25 26 27 29
132 23 24 25 26
133 1 3 4 5 6 9 10 11 14 15 16 18 19 20 21 23 24 27 28 29
134 19 23 8 25 9 27 13
135 1 2 3 4 5 6 8 9 10 12 14 15 16 18 19 21 22 24 25 28 29 30
136 1 17 24 26 11 29
137 1 2 3 4 5 6 7 9 10 11 12 13 14 15 17 18 19 20 24 28 29 30
138 16 18 20 4 7 26 13
139 7 9 12 14 15 17 19 21 22 24 25 28 29 30
140 23
141 2 3 7 8 10 11 12 14 16 17 18 20 22 27
142 2 3 4 5 6 8 9 10 11 12 13 14 15 16 18 19 20 21 22 26 28 29
143 16 18 19 5 22 23 24 8 9 11 27
144 2 5 29 15
145 2 19 20 21 6 22 25 11 29 30 15
146 1 2 3 4 5 6 7 8 9 10 11 12 13 14 15 16 17 18 20 21 22 24 25 26 27 28 29 30
147 1 2 3 4 6 10 13 15 16 17 20 21 22 23 26 27
148 1 2 3 4 5 6 7 8 9 10 11 12 13 15 16 17 18 19 20 21 22 23 24 25 26 27 28 29 30
149 19 20 22 25 26 11 14
150 1 2 5 7 10 12 14 15 17 18 20 23 24 25
151 1 2 3 4 5 6 7 8 9 10 11 12 13 14 15 16 17 18 20 21 22 23 24 25 26 27 28 29 30
152 3 10 26 27 28 12
153 1 2 4 5 7 8 9 11 12 14 15 16 17 18 19 20 23 25 26 28 29 30
154 1 17 2 6 25 13 30
155 17 3 19 20 22 8 25 12
156 1 2 3 4 5 6 7 8 9 10 11 12 13 14 16 17 18 21 22 23 24 25 26 28 29 30
158 1 4 5 6 9 10 11 12 13 14 15 16 17 18 19 20 21 24 25 26 27 29 30
159 1 4 5 7 8 9 11 12 13 14 17 18 19 20 21 22 24 25 26 27 28 29 30
SIZE OF PROGRAMS (pID SIZE):
1 42.0
2 50.0
3 43.0
4 45.0
5 92.0
6 71.0
7 71.0
8 93.0
9 64.0
10 47.0
11 96.0
12 46.0
13 65.0
14 78.0
15 83.0
16 54.0
17 85.0
18 91.0
19 49.0
20 59.0
21 42.0
22 93.0
23 51.0
24 93.0
25 48.0
26 46.0
27 44.0
28 51.0
29 55.0
30 64.0
COST TO INSTALL SERVERS AND PROGRAMS ON NODES (COST_TO_INSTALL_SERVER COST_TO_INSTALL_pID1 ...):
0 4981.25 0.875 1.0416666666666667 0.8958333333333334 0.9375 1.9166666666666667 1.4791666666666667 1.4791666666666667 1.9375 1.3333333333333333 0.9791666666666666 2.0 0.9583333333333334 1.3541666666666667 1.625 1.7291666666666667 1.125 1.7708333333333333 1.8958333333333333 1.0208333333333333 1.2291666666666667 0.875 1.9375 1.0625 1.9375 1.0 0.9583333333333334 0.9166666666666666 1.0625 1.1458333333333333 1.3333333333333333
1 256.6587919186094 0.875 1.0416666666666667 0.8958333333333334 0.9375 1.9166666666666667 1.4791666666666667 1.4791666666666667 1.9375 1.3333333333333333 0.9791666666666666 2.0 0.9583333333333334 1.3541666666666667 1.625 1.7291666666666667 1.125 1.7708333333333333 1.8958333333333333 1.0208333333333333 1.2291666666666667 0.875 1.9375 1.0625 1.9375 1.0 0.9583333333333334 0.9166666666666666 1.0625 1.1458333333333333 1.3333333333333333
2 55.45213572574022 0.875 1.0416666666666667 0.8958333333333334 0.9375 1.9166666666666667 1.4791666666666667 1.4791666666666667 1.9375 1.3333333333333333 0.9791666666666666 2.0 0.9583333333333334 1.3541666666666667 1.625 1.7291666666666667 1.125 1.7708333333333333 1.8958333333333333 1.0208333333333333 1.2291666666666667 0.875 1.9375 1.0625 1.9375 1.0 0.9583333333333334 0.9166666666666666 1.0625 1.1458333333333333 1.3333333333333333
3 388.59067926292227 0.875 1.0416666666666667 0.8958333333333334 0.9375 1.9166666666666667 1.4791666666666667 1.4791666666666667 1.9375 1.3333333333333333 0.9791666666666666 2.0 0.9583333333333334 1.3541666666666667 1.625 1.7291666666666667 1.125 1.7708333333333333 1.8958333333333333 1.0208333333333333 1.2291666666666667 0.875 1.9375 1.0625 1.9375 1.0 0.9583333333333334 0.9166666666666666 1.0625 1.1458333333333333 1.3333333333333333
4 239.1728187675647 1.3125 1.5625 1.34375 1.40625 2.875 2.21875 2.21875 2.90625 2.0 1.46875 3.0 1.4375 2.03125 2.4375 2.59375 1.6875 2.65625 2.84375 1.53125 1.84375 1.3125 2.90625 1.59375 2.90625 1.5 1.4375 1.375 1.59375 1.71875 2.0
5 237.85313711316536 0.875 1.0416666666666667 0.8958333333333334 0.9375 1.9166666666666667 1.4791666666666667 1.4791666666666667 1.9375 1.3333333333333333 0.9791666666666666 2.0 0.9583333333333334 1.3541666666666667 1.625 1.7291666666666667 1.125 1.7708333333333333 1.8958333333333333 1.0208333333333333 1.2291666666666667 0.875 1.9375 1.0625 1.9375 1.0 0.9583333333333334 0.9166666666666666 1.0625 1.1458333333333333 1.3333333333333333
6 160.45435416787961 0.875 1.0416666666666667 0.8958333333333334 0.9375 1.9166666666666667 1.4791666666666667 1.4791666666666667 1.9375 1.3333333333333333 0.9791666666666666 2.0 0.9583333333333334 1.3541666666666667 1.625 1.7291666666666667 1.125 1.7708333333333333 1.8958333333333333 1.0208333333333333 1.2291666666666667 0.875 1.9375 1.0625 1.9375 1.0 0.9583333333333334 0.9166666666666666 1.0625 1.1458333333333333 1.3333333333333333
7 159.24313083486044 0.875 1.0416666666666667 0.8958333333333334 0.9375 1.9166666666666667 1.4791666666666667 1.4791666666666667 1.9375 1.3333333333333333 0.9791666666666666 2.0 0.9583333333333334 1.3541666666666667 1.625 1.7291666666666667 1.125 1.7708333333333333 1.8958333333333333 1.0208333333333333 1.2291666666666667 0.875 1.9375 1.0625 1.9375 1.0 0.9583333333333334 0.9166666666666666 1.0625 1.1458333333333333 1.3333333333333333
8 61.97347242446516 1.3125 1.5625 1.34375 1.40625 2.875 2.21875 2.21875 2.90625 2.0 1.46875 3.0 1.4375 2.03125 2.4375 2.59375 1.6875 2.65625 2.84375 1.53125 1.84375 1.3125 2.90625 1.59375 2.90625 1.5 1.4375 1.375 1.59375 1.71875 2.0
9 255.25253175936433 0.875 1.0416666666666667 0.8958333333333334 0.9375 1.9166666666666667 1.4791666666666667 1.4791666666666667 1.9375 1.3333333333333333 0.9791666666666666 2.0 0.9583333333333334 1.3541666666666667 1.625 1.7291666666666667 1.125 1.7708333333333333 1.8958333333333333 1.0208333333333333 1.2291666666666667 0.875 1.9375 1.0625 1.9375 1.0 0.9583333333333334 0.9166666666666666 1.0625 1.1458333333333333 1.3333333333333333
10 175.59610215647734 0.875 1.0416666666666667 0.8958333333333334 0.9375 1.9166666666666667 1.4791666666666667 1.4791666666666667 1.9375 1.3333333333333333 0.9791666666666666 2.0 0.9583333333333334 1.3541666666666667 1.625 1.7291666666666667 1.125 1.7708333333333333 1.8958333333333333 1.0208333333333333 1.2291666666666667 0.875 1.9375 1.0625 1.9375 1.0 0.9583333333333334 0.9166666666666666 1.0625 1.1458333333333333 1.3333333333333333
11 70.22042814520006 0.875 1.0416666666666667 0.8958333333333334 0.9375 1.9166666666666667 1.4791666666666667 1.4791666666666667 1.9375 1.3333333333333333 0.9791666666666666 2.0 0.9583333333333334 1.3541666666666667 1.625 1.7291666666666667 1.125 1.7708333333333333 1.8958333333333333 1.0208333333333333 1.2291666666666667 0.875 1.9375 1.0625 1.9375 1.0 0.9583333333333334 0.9166666666666666 1.0625 1.1458333333333333 1.3333333333333333
12 25.602741228144122 1.3125 1.5625 1.34375 1.40625 2.875 2.21875 2.21875 2.90625 2.0 1.46875 3.0 1.4375 2.03125 2.4375 2.59375 1.6875 2.65625 2.84375 1.53125 1.84375 1.3125 2.90625 1.59375 2.90625 1.5 1.4375 1.375 1.59375 1.71875 2.0
13 95.73592853139687 0.875 1.0416666666666667 0.8958333333333334 0.9375 1.9166666666666667 1.4791666666666667 1.4791666666666667 1.9375 1.3333333333333333 0.9791666666666666 2.0 0.9583333333333334 1.3541666666666667 1.625 1.7291666666666667 1.125 1.7708333333333333 1.8958333333333333 1.0208333333333333 1.2291666666666667 0.875 1.9375 1.0625 1.9375 1.0 0.9583333333333334 0.9166666666666666 1.0625 1.1458333333333333 1.3333333333333333
14 229.49244986902303 0.875 1.0416666666666667 0.8958333333333334 0.9375 1.9166666666666667 1.4791666666666667 1.4791666666666667 1.9375 1.3333333333333333 0.9791666666666666 2.0 0.9583333333333334 1.3541666666666667 1.625 1.7291666666666667 1.125 1.7708333333333333 1.8958333333333333 1.0208333333333333 1.2291666666666667 0.875 1.9375 1.0625 1.9375 1.0 0.9583333333333334 0.9166666666666666 1.0625 1.1458333333333333 1.3333333333333333
15 11.304552389601621 1.3125 1.5625 1.34375 1.40625 2.875 2.21875 2.21875 2.90625 2.0 1.46875 3.0 1.4375 2.03125 2.4375 2.59375 1.6875 2.65625 2.84375 1.53125 1.84375 1.3125 2.90625 1.59375 2.90625 1.5 1.4375 1.375 1.59375 1.71875 2.0
16 174.60623403850676 0.875 1.0416666666666667 0.8958333333333334 0.9375 1.9166666666666667 1.4791666666666667 1.4791666666666667 1.9375 1.3333333333333333 0.9791666666666666 2.0 0.9583333333333334 1.3541666666666667 1.625 1.7291666666666667 1.125 1.7708333333333333 1.8958333333333333 1.0208333333333333 1.2291666666666667 0.875 1.9375 1.0625 1.9375 1.0 0.9583333333333334 0.9166666666666666 1.0625 1.1458333333333333 1.3333333333333333
17 90.70174696757823 1.3125 1.5625 1.34375 1.40625 2.875 2.21875 2.21875 2.90625 2.0 1.46875 3.0 1.4375 2.03125 2.4375 2.59375 1.6875 2.65625 2.84375 1.53125 1.84375 1.3125 2.90625 1.59375 2.90625 1.5 1.4375 1.375 1.59375 1.71875 2.0
18 129.40981902392005 1.3125 1.5625 1.34375 1.40625 2.875 2.21875 2.21875 2.90625 2.0 1.46875 3.0 1.4375 2.03125 2.4375 2.59375 1.6875 2.65625 2.84375 1.53125 1.84375 1.3125 2.90625 1.59375 2.90625 1.5 1.4375 1.375 1.59375 1.71875 2.0
19 351.2937540883535 0.875 1.0416666666666667 0.8958333333333334 0.9375 1.9166666666666667 1.4791666666666667 1.4791666666666667 1.9375 1.3333333333333333 0.9791666666666666 2.0 0.9583333333333334 1.3541666666666667 1.625 1.7291666666666667 1.125 1.7708333333333333 1.8958333333333333 1.0208333333333333 1.2291666666666667 0.875 1.9375 1.0625 1.9375 1.0 0.9583333333333334 0.9166666666666666 1.0625 1.1458333333333333 1.3333333333333333
20 369.38065825091707 0.875 1.0416666666666667 0.8958333333333334 0.9375 1.9166666666666667 1.4791666666666667 1.4791666666666667 1.9375 1.3333333333333333 0.9791666666666666 2.0 0.9583333333333334 1.3541666666666667 1.625 1.7291666666666667 1.125 1.7708333333333333 1.8958333333333333 1.0208333333333333 1.2291666666666667 0.875 1.9375 1.0625 1.9375 1.0 0.9583333333333334 0.9166666666666666 1.0625 1.1458333333333333 1.3333333333333333
21 179.1497554908786 1.3125 1.5625 1.34375 1.40625 2.875 2.21875 2.21875 2.90625 2.0 1.46875 3.0 1.4375 2.03125 2.4375 2.59375 1.6875 2.65625 2.84375 1.53125 1.84375 1.3125 2.90625 1.59375 2.90625 1.5 1.4375 1.375 1.59375 1.71875 2.0
22 97.74209331236602 1.3125 1.5625 1.34375 1.40625 2.875 2.21875 2.21875 2.90625 2.0 1.46875 3.0 1.4375 2.03125 2.4375 2.59375 1.6875 2.65625 2.84375 1.53125 1.84375 1.3125 2.90625 1.59375 2.90625 1.5 1.4375 1.375 1.59375 1.71875 2.0
23 62.07756183233606 0.875 1.0416666666666667 0.8958333333333334 0.9375 1.9166666666666667 1.4791666666666667 1.4791666666666667 1.9375 1.3333333333333333 0.9791666666666666 2.0 0.9583333333333334 1.3541666666666667 1.625 1.7291666666666667 1.125 1.7708333333333333 1.8958333333333333 1.0208333333333333 1.2291666666666667 0.875 1.9375 1.0625 1.9375 1.0 0.9583333333333334 0.9166666666666666 1.0625 1.1458333333333333 1.3333333333333333
24 197.72272459777085 0.875 1.0416666666666667 0.8958333333333334 0.9375 1.9166666666666667 1.4791666666666667 1.4791666666666667 1.9375 1.3333333333333333 0.9791666666666666 2.0 0.9583333333333334 1.3541666666666667 1.625 1.7291666666666667 1.125 1.7708333333333333 1.8958333333333333 1.0208333333333333 1.2291666666666667 0.875 1.9375 1.0625 1.9375 1.0 0.9583333333333334 0.9166666666666666 1.0625 1.1458333333333333 1.3333333333333333
25 56.05909247551888 1.3125 1.5625 1.34375 1.40625 2.875 2.21875 2.21875 2.90625 2.0 1.46875 3.0 1.4375 2.03125 2.4375 2.59375 1.6875 2.65625 2.84375 1.53125 1.84375 1.3125 2.90625 1.59375 2.90625 1.5 1.4375 1.375 1.59375 1.71875 2.0
26 178.2642499516342 1.3125 1.5625 1.34375 1.40625 2.875 2.21875 2.21875 2.90625 2.0 1.46875 3.0 1.4375 2.03125 2.4375 2.59375 1.6875 2.65625 2.84375 1.53125 1.84375 1.3125 2.90625 1.59375 2.90625 1.5 1.4375 1.375 1.59375 1.71875 2.0
27 105.85537335215824 0.875 1.0416666666666667 0.8958333333333334 0.9375 1.9166666666666667 1.4791666666666667 1.4791666666666667 1.9375 1.3333333333333333 0.9791666666666666 2.0 0.9583333333333334 1.3541666666666667 1.625 1.7291666666666667 1.125 1.7708333333333333 1.8958333333333333 1.0208333333333333 1.2291666666666667 0.875 1.9375 1.0625 1.9375 1.0 0.9583333333333334 0.9166666666666666 1.0625 1.1458333333333333 1.3333333333333333
28 35.43105872116186 0.875 1.0416666666666667 0.8958333333333334 0.9375 1.9166666666666667 1.4791666666666667 1.4791666666666667 1.9375 1.3333333333333333 0.9791666666666666 2.0 0.9583333333333334 1.3541666666666667 1.625 1.7291666666666667 1.125 1.7708333333333333 1.8958333333333333 1.0208333333333333 1.2291666666666667 0.875 1.9375 1.0625 1.9375 1.0 0.9583333333333334 0.9166666666666666 1.0625 1.1458333333333333 1.3333333333333333
29 1077.0 0.875 1.0416666666666667 0.8958333333333334 0.9375 1.9166666666666667 1.4791666666666667 1.4791666666666667 1.9375 1.3333333333333333 0.9791666666666666 2.0 0.9583333333333334 1.3541666666666667 1.625 1.7291666666666667 1.125 1.7708333333333333 1.8958333333333333 1.0208333333333333 1.2291666666666667 0.875 1.9375 1.0625 1.9375 1.0 0.9583333333333334 0.9166666666666666 1.0625 1.1458333333333333 1.3333333333333333
30 178.47875246529657 1.3125 1.5625 1.34375 1.40625 2.875 2.21875 2.21875 2.90625 2.0 1.46875 3.0 1.4375 2.03125 2.4375 2.59375 1.6875 2.65625 2.84375 1.53125 1.84375 1.3125 2.90625 1.59375 2.90625 1.5 1.4375 1.375 1.59375 1.71875 2.0
31 242.76004037807834 0.875 1.0416666666666667 0.8958333333333334 0.9375 1.9166666666666667 1.4791666666666667 1.4791666666666667 1.9375 1.3333333333333333 0.9791666666666666 2.0 0.9583333333333334 1.3541666666666667 1.625 1.7291666666666667 1.125 1.7708333333333333 1.8958333333333333 1.0208333333333333 1.2291666666666667 0.875 1.9375 1.0625 1.9375 1.0 0.9583333333333334 0.9166666666666666 1.0625 1.1458333333333333 1.3333333333333333
32 41.73253069591823 0.875 1.0416666666666667 0.8958333333333334 0.9375 1.9166666666666667 1.4791666666666667 1.4791666666666667 1.9375 1.3333333333333333 0.9791666666666666 2.0 0.9583333333333334 1.3541666666666667 1.625 1.7291666666666667 1.125 1.7708333333333333 1.8958333333333333 1.0208333333333333 1.2291666666666667 0.875 1.9375 1.0625 1.9375 1.0 0.9583333333333334 0.9166666666666666 1.0625 1.1458333333333333 1.3333333333333333
33 413.21577018495 0.875 1.0416666666666667 0.8958333333333334 0.9375 1.9166666666666667 1.4791666666666667 1.4791666666666667 1.9375 1.3333333333333333 0.9791666666666666 2.0 0.9583333333333334 1.3541666666666667 1.625 1.7291666666666667 1.125 1.7708333333333333 1.8958333333333333 1.0208333333333333 1.2291666666666667 0.875 1.9375 1.0625 1.9375 1.0 0.9583333333333334 0.9166666666666666 1.0625 1.1458333333333333 1.3333333333333333
34 168.78259729936562 0.875 1.0416666666666667 0.8958333333333334 0.9375 1.9166666666666667 1.4791666666666667 1.4791666666666667 1.9375 1.3333333333333333 0.9791666666666666 2.0 0.9583333333333334 1.3541666666666667 1.625 1.7291666666666667 1.125 1.7708333333333333 1.8958333333333333 1.0208333333333333 1.2291666666666667 0.875 1.9375 1.0625 1.9375 1.0 0.9583333333333334 0.9166666666666666 1.0625 1.1458333333333333 1.3333333333333333
35 75.97442708331907 1.3125 1.5625 1.34375 1.40625 2.875 2.21875 2.21875 2.90625 2.0 1.46875 3.0 1.4375 2.03125 2.4375 2.59375 1.6875 2.65625 2.84375 1.53125 1.84375 1.3125 2.90625 1.59375 2.90625 1.5 1.4375 1.375 1.59375 1.71875 2.0
36 157.2897600954149 1.3125 1.5625 1.34375 1.40625 2.875 2.21875 2.21875 2.90625 2.0 1.46875 3.0 1.4375 2.03125 2.4375 2.59375 1.6875 2.65625 2.84375 1.53125 1.84375 1.3125 2.90625 1.59375 2.90625 1.5 1.4375 1.375 1.59375 1.71875 2.0
37 178.07913206202443 0.875 1.0416666666666667 0.8958333333333334 0.9375 1.9166666666666667 1.4791666666666667 1.4791666666666667 1.9375 1.3333333333333333 0.9791666666666666 2.0 0.9583333333333334 1.3541666666666667 1.625 1.7291666666666667 1.125 1.7708333333333333 1.8958333333333333 1.0208333333333333 1.2291666666666667 0.875 1.9375 1.0625 1.9375 1.0 0.9583333333333334 0.9166666666666666 1.0625 1.1458333333333333 1.3333333333333333
38 180.10002665125154 0.875 1.0416666666666667 0.8958333333333334 0.9375 1.9166666666666667 1.4791666666666667 1.4791666666666667 1.9375 1.3333333333333333 0.9791666666666666 2.0 0.9583333333333334 1.3541666666666667 1.625 1.7291666666666667 1.125 1.7708333333333333 1.8958333333333333 1.0208333333333333 1.2291666666666667 0.875 1.9375 1.0625 1.9375 1.0 0.9583333333333334 0.9166666666666666 1.0625 1.1458333333333333 1.3333333333333333
39 255.5463974543595 1.3125 1.5625 1.34375 1.40625 2.875 2.21875 2.21875 2.90625 2.0 1.46875 3.0 1.4375 2.03125 2.4375 2.59375 1.6875 2.65625 2.84375 1.53125 1.84375 1.3125 2.90625 1.59375 2.90625 1.5 1.4375 1.375 1.59375 1.71875 2.0
40 9.164893234712245 0.875 1.0416666666666667 0.8958333333333334 0.9375 1.9166666666666667 1.4791666666666667 1.4791666666666667 1.9375 1.3333333333333333 0.9791666666666666 2.0 0.9583333333333334 1.3541666666666667 1.625 1.7291666666666667 1.125 1.7708333333333333 1.8958333333333333 1.0208333333333333 1.2291666666666667 0.875 1.9375 1.0625 1.9375 1.0 0.9583333333333334 0.9166666666666666 1.0625 1.1458333333333333 1.3333333333333333
41 27.460422653600894 0.875 1.0416666666666667 0.8958333333333334 0.9375 1.9166666666666667 1.4791666666666667 1.4791666666666667 1.9375 1.3333333333333333 0.9791666666666666 2.0 0.9583333333333334 1.3541666666666667 1.625 1.7291666666666667 1.125 1.7708333333333333 1.8958333333333333 1.0208333333333333 1.2291666666666667 0.875 1.9375 1.0625 1.9375 1.0 0.9583333333333334 0.9166666666666666 1.0625 1.1458333333333333 1.3333333333333333
42 93.4186996370814 0.875 1.0416666666666667 0.8958333333333334 0.9375 1.9166666666666667 1.4791666666666667 1.4791666666666667 1.9375 1.3333333333333333 0.9791666666666666 2.0 0.9583333333333334 1.3541666666666667 1.625 1.7291666666666667 1.125 1.7708333333333333 1.8958333333333333 1.0208333333333333 1.2291666666666667 0.875 1.9375 1.0625 1.9375 1.0 0.9583333333333334 0.9166666666666666 1.0625 1.1458333333333333 1.3333333333333333
43 245.77349602197958 0.875 1.0416666666666667 0.8958333333333334 0.9375 1.9166666666666667 1.4791666666666667 1.4791666666666667 1.9375 1.3333333333333333 0.9791666666666666 2.0 0.9583333333333334 1.3541666666666667 1.625 1.7291666666666667 1.125 1.7708333333333333 1.8958333333333333 1.0208333333333333 1.2291666666666667 0.875 1.9375 1.0625 1.9375 1.0 0.9583333333333334 0.9166666666666666 1.0625 1.1458333333333333 1.3333333333333333
44 341.34577183755215 1.3125 1.5625 1.34375 1.40625 2.875 2.21875 2.21875 2.90625 2.0 1.46875 3.0 1.4375 2.03125 2.4375 2.59375 1.6875 2.65625 2.84375 1.53125 1.84375 1.3125 2.90625 1.59375 2.90625 1.5 1.4375 1.375 1.59375 1.71875 2.0
45 167.52264013810063 0.875 1.0416666666666667 0.8958333333333334 0.9375 1.9166666666666667 1.4791666666666667 1.4791666666666667 1.9375 1.3333333333333333 0.9791666666666666 2.0 0.9583333333333334 1.3541666666666667 1.625 1.7291666666666667 1.125 1.7708333333333333 1.8958333333333333 1.0208333333333333 1.2291666666666667 0.875 1.9375 1.0625 1.9375 1.0 0.9583333333333334 0.9166666666666666 1.0625 1.1458333333333333 1.3333333333333333
46 160.08670118486646 0.875 1.0416666666666667 0.8958333333333334 0.9375 1.9166666666666667 1.4791666666666667 1.4791666666666667 1.9375 1.3333333333333333 0.9791666666666666 2.0 0.9583333333333334 1.3541666666666667 1.625 1.7291666666666667 1.125 1.7708333333333333 1.8958333333333333 1.0208333333333333 1.2291666666666667 0.875 1.9375 1.0625 1.9375 1.0 0.9583333333333334 0.9166666666666666 1.0625 1.1458333333333333 1.3333333333333333
47 40.64018103258217 1.3125 1.5625 1.34375 1.40625 2.875 2.21875 2.21875 2.90625 2.0 1.46875 3.0 1.4375 2.03125 2.4375 2.59375 1.6875 2.65625 2.84375 1.53125 1.84375 1.3125 2.90625 1.59375 2.90625 1.5 1.4375 1.375 1.59375 1.71875 2.0
48 134.13755973405378 1.3125 1.5625 1.34375 1.40625 2.875 2.21875 2.21875 2.90625 2.0 1.46875 3.0 1.4375 2.03125 2.4375 2.59375 1.6875 2.65625 2.84375 1.53125 1.84375 1.3125 2.90625 1.59375 2.90625 1.5 1.4375 1.375 1.59375 1.71875 2.0
49 49.611549704028896 0.875 1.0416666666666667 0.8958333333333334 0.9375 1.9166666666666667 1.4791666666666667 1.4791666666666667 1.9375 1.3333333333333333 0.9791666666666666 2.0 0.9583333333333334 1.3541666666666667 1.625 1.7291666666666667 1.125 1.7708333333333333 1.8958333333333333 1.0208333333333333 1.2291666666666667 0.875 1.9375 1.0625 1.9375 1.0 0.9583333333333334 0.9166666666666666 1.0625 1.1458333333333333 1.3333333333333333
50 193.27962139409257 0.875 1.0416666666666667 0.8958333333333334 0.9375 1.9166666666666667 1.4791666666666667 1.4791666666666667 1.9375 1.3333333333333333 0.9791666666666666 2.0 0.9583333333333334 1.3541666666666667 1.625 1.7291666666666667 1.125 1.7708333333333333 1.8958333333333333 1.0208333333333333 1.2291666666666667 0.875 1.9375 1.0625 1.9375 1.0 0.9583333333333334 0.9166666666666666 1.0625 1.1458333333333333 1.3333333333333333
51 112.99847537676233 1.3125 1.5625 1.34375 1.40625 2.875 2.21875 2.21875 2.90625 2.0 1.46875 3.0 1.4375 2.03125 2.4375 2.59375 1.6875 2.65625 2.84375 1.53125 1.84375 1.3125 2.90625 1.59375 2.90625 1.5 1.4375 1.375 1.59375 1.71875 2.0
52 216.3202810039957 1.3125 1.5625 1.34375 1.40625 2.875 2.21875 2.21875 2.90625 2.0 1.46875 3.0 1.4375 2.03125 2.4375 2.59375 1.6875 2.65625 2.84375 1.53125 1.84375 1.3125 2.90625 1.59375 2.90625 1.5 1.4375 1.375 1.59375 1.71875 2.0
53 227.96042338340024 1.3125 1.5625 1.34375 1.40625 2.875 2.21875 2.21875 2.90625 2.0 1.46875 3.0 1.4375 2.03125 2.4375 2.59375 1.6875 2.65625 2.84375 1.53125 1.84375 1.3125 2.90625 1.59375 2.90625 1.5 1.4375 1.375 1.59375 1.71875 2.0
54 261.41299954053534 1.3125 1.5625 1.34375 1.40625 2.875 2.21875 2.21875 2.90625 2.0 1.46875 3.0 1.4375 2.03125 2.4375 2.59375 1.6875 2.65625 2.84375 1.53125 1.84375 1.3125 2.90625 1.59375 2.90625 1.5 1.4375 1.375 1.59375 1.71875 2.0
55 120.44996950135928 1.3125 1.5625 1.34375 1.40625 2.875 2.21875 2.21875 2.90625 2.0 1.46875 3.0 1.4375 2.03125 2.4375 2.59375 1.6875 2.65625 2.84375 1.53125 1.84375 1.3125 2.90625 1.59375 2.90625 1.5 1.4375 1.375 1.59375 1.71875 2.0
56 34.66035929110631 0.875 1.0416666666666667 0.8958333333333334 0.9375 1.9166666666666667 1.4791666666666667 1.4791666666666667 1.9375 1.3333333333333333 0.9791666666666666 2.0 0.9583333333333334 1.3541666666666667 1.625 1.7291666666666667 1.125 1.7708333333333333 1.8958333333333333 1.0208333333333333 1.2291666666666667 0.875 1.9375 1.0625 1.9375 1.0 0.9583333333333334 0.9166666666666666 1.0625 1.1458333333333333 1.3333333333333333
57 33.24492723649464 1.3125 1.5625 1.34375 1.40625 2.875 2.21875 2.21875 2.90625 2.0 1.46875 3.0 1.4375 2.03125 2.4375 2.59375 1.6875 2.65625 2.84375 1.53125 1.84375 1.3125 2.90625 1.59375 2.90625 1.5 1.4375 1.375 1.59375 1.71875 2.0
58 242.391382828872 0.875 1.0416666666666667 0.8958333333333334 0.9375 1.9166666666666667 1.4791666666666667 1.4791666666666667 1.9375 1.3333333333333333 0.9791666666666666 2.0 0.9583333333333334 1.3541666666666667 1.625 1.7291666666666667 1.125 1.7708333333333333 1.8958333333333333 1.0208333333333333 1.2291666666666667 0.875 1.9375 1.0625 1.9375 1.0 0.9583333333333334 0.9166666666666666 1.0625 1.1458333333333333 1.3333333333333333
59 215.135329825663 1.3125 1.5625 1.34375 1.40625 2.875 2.21875 2.21875 2.90625 2.0 1.46875 3.0 1.4375 2.03125 2.4375 2.59375 1.6875 2.65625 2.84375 1.53125 1.84375 1.3125 2.90625 1.59375 2.90625 1.5 1.4375 1.375 1.59375 1.71875 2.0
60 126.5303156747387 1.3125 1.5625 1.34375 1.40625 2.875 2.21875 2.21875 2.90625 2.0 1.46875 3.0 1.4375 2.03125 2.4375 2.59375 1.6875 2.65625 2.84375 1.53125 1.84375 1.3125 2.90625 1.59375 2.90625 1.5 1.4375 1.375 1.59375 1.71875 2.0
61 208.2185052344263 1.3125 1.5625 1.34375 1.40625 2.875 2.21875 2.21875 2.90625 2.0 1.46875 3.0 1.4375 2.03125 2.4375 2.59375 1.6875 2.65625 2.84375 1.53125 1.84375 1.3125 2.90625 1.59375 2.90625 1.5 1.4375 1.375 1.59375 1.71875 2.0
62 354.3337325741098 0.875 1.0416666666666667 0.8958333333333334 0.9375 1.9166666666666667 1.4791666666666667 1.4791666666666667 1.9375 1.3333333333333333 0.9791666666666666 2.0 0.9583333333333334 1.3541666666666667 1.625 1.7291666666666667 1.125 1.7708333333333333 1.8958333333333333 1.0208333333333333 1.2291666666666667 0.875 1.9375 1.0625 1.9375 1.0 0.9583333333333334 0.9166666666666666 1.0625 1.1458333333333333 1.3333333333333333
63 162.28954452367157 1.3125 1.5625 1.34375 1.40625 2.875 2.21875 2.21875 2.90625 2.0 1.46875 3.0 1.4375 2.03125 2.4375 2.59375 1.6875 2.65625 2.84375 1.53125 1.84375 1.3125 2.90625 1.59375 2.90625 1.5 1.4375 1.375 1.59375 1.71875 2.0
64 29.165379353770003 0.875 1.0416666666666667 0.8958333333333334 0.9375 1.9166666666666667 1.4791666666666667 1.4791666666666667 1.9375 1.3333333333333333 0.9791666666666666 2.0 0.9583333333333334 1.3541666666666667 1.625 1.7291666666666667 1.125 1.7708333333333333 1.8958333333333333 1.0208333333333333 1.2291666666666667 0.875 1.9375 1.0625 1.9375 1.0 0.9583333333333334 0.9166666666666666 1.0625 1.1458333333333333 1.3333333333333333
65 88.21215205528566 0.875 1.0416666666666667 0.8958333333333334 0.9375 1.9166666666666667 1.4791666666666667 1.4791666666666667 1.9375 1.3333333333333333 0.9791666666666666 2.0 0.9583333333333334 1.3541666666666667 1.625 1.7291666666666667 1.125 1.7708333333333333 1.8958333333333333 1.0208333333333333 1.2291666666666667 0.875 1.9375 1.0625 1.9375 1.0 0.9583333333333334 0.9166666666666666 1.0625 1.1458333333333333 1.3333333333333333
66 44.73732600040779 0.875 1.0416666666666667 0.8958333333333334 0.9375 1.9166666666666667 1.4791666666666667 1.4791666666666667 1.9375 1.3333333333333333 0.9791666666666666 2.0 0.9583333333333334 1.3541666666666667 1.625 1.7291666666666667 1.125 1.7708333333333333 1.8958333333333333 1.0208333333333333 1.2291666666666667 0.875 1.9375 1.0625 1.9375 1.0 0.9583333333333334 0.9166666666666666 1.0625 1.1458333333333333 1.3333333333333333
67 103.11900554290008 1.3125 1.5625 1.34375 1.40625 2.875 2.21875 2.21875 2.90625 2.0 1.46875 3.0 1.4375 2.03125 2.4375 2.59375 1.6875 2.65625 2.84375 1.53125 1.84375 1.3125 2.90625 1.59375 2.90625 1.5 1.4375 1.375 1.59375 1.71875 2.0
68 84.97098662487662 0.875 1.0416666666666667 0.8958333333333334 0.9375 1.9166666666666667 1.4791666666666667 1.4791666666666667 1.9375 1.3333333333333333 0.9791666666666666 2.0 0.9583333333333334 1.3541666666666667 1.625 1.7291666666666667 1.125 1.7708333333333333 1.8958333333333333 1.0208333333333333 1.2291666666666667 0.875 1.9375 1.0625 1.9375 1.0 0.9583333333333334 0.9166666666666666 1.0625 1.1458333333333333 1.3333333333333333
69 84.30032517137863 1.3125 1.5625 1.34375 1.40625 2.875 2.21875 2.21875 2.90625 2.0 1.46875 3.0 1.4375 2.03125 2.4375 2.59375 1.6875 2.65625 2.84375 1.53125 1.84375 1.3125 2.90625 1.59375 2.90625 1.5 1.4375 1.375 1.59375 1.71875 2.0
70 53.76481641802846 1.3125 1.5625 1.34375 1.40625 2.875 2.21875 2.21875 2.90625 2.0 1.46875 3.0 1.4375 2.03125 2.4375 2.59375 1.6875 2.65625 2.84375 1.53125 1.84375 1.3125 2.90625 1.59375 2.90625 1.5 1.4375 1.375 1.59375 1.71875 2.0
71 192.18892621397276 0.875 1.0416666666666667 0.8958333333333334 0.9375 1.9166666666666667 1.4791666666666667 1.4791666666666667 1.9375 1.3333333333333333 0.9791666666666666 2.0 0.9583333333333334 1.3541666666666667 1.625 1.7291666666666667 1.125 1.7708333333333333 1.8958333333333333 1.0208333333333333 1.2291666666666667 0.875 1.9375 1.0625 1.9375 1.0 0.9583333333333334 0.9166666666666666 1.0625 1.1458333333333333 1.3333333333333333
72 309.62941313032644 0.875 1.0416666666666667 0.8958333333333334 0.9375 1.9166666666666667 1.4791666666666667 1.4791666666666667 1.9375 1.3333333333333333 0.9791666666666666 2.0 0.9583333333333334 1.3541666666666667 1.625 1.7291666666666667 1.125 1.7708333333333333 1.8958333333333333 1.0208333333333333 1.2291666666666667 0.875 1.9375 1.0625 1.9375 1.0 0.9583333333333334 0.9166666666666666 1.0625 1.1458333333333333 1.3333333333333333
73 430.2719991550757 0.875 1.0416666666666667 0.8958333333333334 0.9375 1.9166666666666667 1.4791666666666667 1.4791666666666667 1.9375 1.3333333333333333 0.9791666666666666 2.0 0.9583333333333334 1.3541666666666667 1.625 1.7291666666666667 1.125 1.7708333333333333 1.8958333333333333 1.0208333333333333 1.2291666666666667 0.875 1.9375 1.0625 1.9375 1.0 0.9583333333333334 0.9166666666666666 1.0625 1.1458333333333333 1.3333333333333333
74 377.78109032269094 1.3125 1.5625 1.34375 1.40625 2.875 2.21875 2.21875 2.90625 2.0 1.46875 3.0 1.4375 2.03125 2.4375 2.59375 1.6875 2.65625 2.84375 1.53125 1.84375 1.3125 2.90625 1.59375 2.90625 1.5 1.4375 1.375 1.59375 1.71875 2.0
75 102.39745742585377 0.875 1.0416666666666667 0.8958333333333334 0.9375 1.9166666666666667 1.4791666666666667 1.4791666666666667 1.9375 1.3333333333333333 0.9791666666666666 2.0 0.9583333333333334 1.3541666666666667 1.625 1.7291666666666667 1.125 1.7708333333333333 1.8958333333333333 1.0208333333333333 1.2291666666666667 0.875 1.9375 1.0625 1.9375 1.0 0.9583333333333334 0.9166666666666666 1.0625 1.1458333333333333 1.3333333333333333
76 110.26757037993697 0.875 1.0416666666666667 0.8958333333333334 0.9375 1.9166666666666667 1.4791666666666667 1.4791666666666667 1.9375 1.3333333333333333 0.9791666666666666 2.0 0.9583333333333334 1.3541666666666667 1.625 1.7291666666666667 1.125 1.7708333333333333 1.8958333333333333 1.0208333333333333 1.2291666666666667 0.875 1.9375 1.0625 1.9375 1.0 0.9583333333333334 0.9166666666666666 1.0625 1.1458333333333333 1.3333333333333333
77 154.4906739938991 1.3125 1.5625 1.34375 1.40625 2.875 2.21875 2.21875 2.90625 2.0 1.46875 3.0 1.4375 2.03125 2.4375 2.59375 1.6875 2.65625 2.84375 1.53125 1.84375 1.3125 2.90625 1.59375 2.90625 1.5 1.4375 1.375 1.59375 1.71875 2.0
78 75.38504045403688 1.3125 1.5625 1.34375 1.40625 2.875 2.21875 2.21875 2.90625 2.0 1.46875 3.0 1.4375 2.03125 2.4375 2.59375 1.6875 2.65625 2.84375 1.53125 1.84375 1.3125 2.90625 1.59375 2.90625 1.5 1.4375 1.375 1.59375 1.71875 2.0
79 134.28656374192653 1.3125 1.5625 1.34375 1.40625 2.875 2.21875 2.21875 2.90625 2.0 1.46875 3.0 1.4375 2.03125 2.4375 2.59375 1.6875 2.65625 2.84375 1.53125 1.84375 1.3125 2.90625 1.59375 2.90625 1.5 1.4375 1.375 1.59375 1.71875 2.0
80 109.79846850106712 0.875 1.0416666666666667 0.8958333333333334 0.9375 1.9166666666666667 1.4791666666666667 1.4791666666666667 1.9375 1.3333333333333333 0.9791666666666666 2.0 0.9583333333333334 1.3541666666666667 1.625 1.7291666666666667 1.125 1.7708333333333333 1.8958333333333333 1.0208333333333333 1.2291666666666667 0.875 1.9375 1.0625 1.9375 1.0 0.9583333333333334 0.9166666666666666 1.0625 1.1458333333333333 1.3333333333333333
81 7.079014513139185 0.875 1.0416666666666667 0.8958333333333334 0.9375 1.9166666666666667 1.4791666666666667 1.4791666666666667 1.9375 1.3333333333333333 0.9791666666666666 2.0 0.9583333333333334 1.3541666666666667 1.625 1.7291666666666667 1.125 1.7708333333333333 1.8958333333333333 1.0208333333333333 1.2291666666666667 0.875 1.9375 1.0625 1.9375 1.0 0.9583333333333334 0.9166666666666666 1.0625 1.1458333333333333 1.3333333333333333
82 116.17891783206413 1.3125 1.5625 1.34375 1.40625 2.875 2.21875 2.21875 2.90625 2.0 1.46875 3.0 1.4375 2.03125 2.4375 2.59375 1.6875 2.65625 2.84375 1.53125 1.84375 1.3125 2.90625 1.59375 2.90625 1.5 1.4375 1.375 1.59375 1.71875 2.0
83 223.56505551280094 1.3125 1.5625 1.34375 1.40625 2.875 2.21875 2.21875 2.90625 2.0 1.46875 3.0 1.4375 2.03125 2.4375 2.59375 1.6875 2.65625 2.84375 1.53125 1.84375 1.3125 2.90625 1.59375 2.90625 1.5 1.4375 1.375 1.59375 1.71875 2.0
84 102.66703027146711 0.875 1.0416666666666667 0.8958333333333334 0.9375 1.9166666666666667 1.4791666666666667 1.4791666666666667 1.9375 1.3333333333333333 0.9791666666666666 2.0 0.9583333333333334 1.3541666666666667 1.625 1.7291666666666667 1.125 1.7708333333333333 1.8958333333333333 1.0208333333333333 1.2291666666666667 0.875 1.9375 1.0625 1.9375 1.0 0.9583333333333334 0.9166666666666666 1.0625 1.1458333333333333 1.3333333333333333
85 22.95675370731993 0.875 1.0416666666666667 0.8958333333333334 0.9375 1.9166666666666667 1.4791666666666667 1.4791666666666667 1.9375 1.3333333333333333 0.9791666666666666 2.0 0.9583333333333334 1.3541666666666667 1.625 1.7291666666666667 1.125 1.7708333333333333 1.8958333333333333 1.0208333333333333 1.2291666666666667 0.875 1.9375 1.0625 1.9375 1.0 0.9583333333333334 0.9166666666666666 1.0625 1.1458333333333333 1.3333333333333333
86 149.0427955420002 0.875 1.0416666666666667 0.8958333333333334 0.9375 1.9166666666666667 1.4791666666666667 1.4791666666666667 1.9375 1.3333333333333333 0.9791666666666666 2.0 0.9583333333333334 1.3541666666666667 1.625 1.7291666666666667 1.125 1.7708333333333333 1.8958333333333333 1.0208333333333333 1.2291666666666667 0.875 1.9375 1.0625 1.9375 1.0 0.9583333333333334 0.9166666666666666 1.0625 1.1458333333333333 1.3333333333333333
87 466.24145724058604 1.3125 1.5625 1.34375 1.40625 2.875 2.21875 2.21875 2.90625 2.0 1.46875 3.0 1.4375 2.03125 2.4375 2.59375 1.6875 2.65625 2.84375 1.53125 1.84375 1.3125 2.90625 1.59375 2.90625 1.5 1.4375 1.375 1.59375 1.71875 2.0
88 197.33195386993026 0.875 1.0416666666666667 0.8958333333333334 0.9375 1.9166666666666667 1.4791666666666667 1.4791666666666667 1.9375 1.3333333333333333 0.9791666666666666 2.0 0.9583333333333334 1.3541666666666667 1.625 1.7291666666666667 1.125 1.7708333333333333 1.8958333333333333 1.0208333333333333 1.2291666666666667 0.875 1.9375 1.0625 1.9375 1.0 0.9583333333333334 0.9166666666666666 1.0625 1.1458333333333333 1.3333333333333333
89 280.5683698848318 1.3125 1.5625 1.34375 1.40625 2.875 2.21875 2.21875 2.90625 2.0 1.46875 3.0 1.4375 2.03125 2.4375 2.59375 1.6875 2.65625 2.84375 1.53125 1.84375 1.3125 2.90625 1.59375 2.90625 1.5 1.4375 1.375 1.59375 1.71875 2.0
90 350.16824715617247 1.3125 1.5625 1.34375 1.40625 2.875 2.21875 2.21875 2.90625 2.0 1.46875 3.0 1.4375 2.03125 2.4375 2.59375 1.6875 2.65625 2.84375 1.53125 1.84375 1.3125 2.90625 1.59375 2.90625 1.5 1.4375 1.375 1.59375 1.71875 2.0
91 73.55371949014682 1.3125 1.5625 1.34375 1.40625 2.875 2.21875 2.21875 2.90625 2.0 1.46875 3.0 1.4375 2.03125 2.4375 2.59375 1.6875 2.65625 2.84375 1.53125 1.84375 1.3125 2.90625 1.59375 2.90625 1.5 1.4375 1.375 1.59375 1.71875 2.0
92 130.8750709540956 1.3125 1.5625 1.34375 1.40625 2.875 2.21875 2.21875 2.90625 2.0 1.46875 3.0 1.4375 2.03125 2.4375 2.59375 1.6875 2.65625 2.84375 1.53125 1.84375 1.3125 2.90625 1.59375 2.90625 1.5 1.4375 1.375 1.59375 1.71875 2.0
93 143.0 1.3125 1.5625 1.34375 1.40625 2.875 2.21875 2.21875 2.90625 2.0 1.46875 3.0 1.4375 2.03125 2.4375 2.59375 1.6875 2.65625 2.84375 1.53125 1.84375 1.3125 2.90625 1.59375 2.90625 1.5 1.4375 1.375 1.59375 1.71875 2.0
94 327.13593840481224 0.875 1.0416666666666667 0.8958333333333334 0.9375 1.9166666666666667 1.4791666666666667 1.4791666666666667 1.9375 1.3333333333333333 0.9791666666666666 2.0 0.9583333333333334 1.3541666666666667 1.625 1.7291666666666667 1.125 1.7708333333333333 1.8958333333333333 1.0208333333333333 1.2291666666666667 0.875 1.9375 1.0625 1.9375 1.0 0.9583333333333334 0.9166666666666666 1.0625 1.1458333333333333 1.3333333333333333
95 68.61362483608201 0.875 1.0416666666666667 0.8958333333333334 0.9375 1.9166666666666667 1.4791666666666667 1.4791666666666667 1.9375 1.3333333333333333 0.9791666666666666 2.0 0.9583333333333334 1.3541666666666667 1.625 1.7291666666666667 1.125 1.7708333333333333 1.8958333333333333 1.0208333333333333 1.2291666666666667 0.875 1.9375 1.0625 1.9375 1.0 0.9583333333333334 0.9166666666666666 1.0625 1.1458333333333333 1.3333333333333333
96 287.75828597929916 0.875 1.0416666666666667 0.8958333333333334 0.9375 1.9166666666666667 1.4791666666666667 1.4791666666666667 1.9375 1.3333333333333333 0.9791666666666666 2.0 0.9583333333333334 1.3541666666666667 1.625 1.7291666666666667 1.125 1.7708333333333333 1.8958333333333333 1.0208333333333333 1.2291666666666667 0.875 1.9375 1.0625 1.9375 1.0 0.9583333333333334 0.9166666666666666 1.0625 1.1458333333333333 1.3333333333333333
97 62.950843398554525 0.875 1.0416666666666667 0.8958333333333334 0.9375 1.9166666666666667 1.4791666666666667 1.4791666666666667 1.9375 1.3333333333333333 0.9791666666666666 2.0 0.9583333333333334 1.3541666666666667 1.625 1.7291666666666667 1.125 1.7708333333333333 1.8958333333333333 1.0208333333333333 1.2291666666666667 0.875 1.9375 1.0625 1.9375 1.0 0.9583333333333334 0.9166666666666666 1.0625 1.1458333333333333 1.3333333333333333
98 42.601637158848426 0.875 1.0416666666666667 0.8958333333333334 0.9375 1.9166666666666667 1.4791666666666667 1.4791666666666667 1.9375 1.3333333333333333 0.9791666666666666 2.0 0.9583333333333334 1.3541666666666667 1.625 1.7291666666666667 1.125 1.7708333333333333 1.8958333333333333 1.0208333333333333 1.2291666666666667 0.875 1.9375 1.0625 1.9375 1.0 0.9583333333333334 0.9166666666666666 1.0625 1.1458333333333333 1.3333333333333333
99 90.3961075307113 1.3125 1.5625 1.34375 1.40625 2.875 2.21875 2.21875 2.90625 2.0 1.46875 3.0 1.4375 2.03125 2.4375 2.59375 1.6875 2.65625 2.84375 1.53125 1.84375 1.3125 2.90625 1.59375 2.90625 1.5 1.4375 1.375 1.59375 1.71875 2.0
100 261.0090043902402 0.875 1.0416666666666667 0.8958333333333334 0.9375 1.9166666666666667 1.4791666666666667 1.4791666666666667 1.9375 1.3333333333333333 0.9791666666666666 2.0 0.9583333333333334 1.3541666666666667 1.625 1.7291666666666667 1.125 1.7708333333333333 1.8958333333333333 1.0208333333333333 1.2291666666666667 0.875 1.9375 1.0625 1.9375 1.0 0.9583333333333334 0.9166666666666666 1.0625 1.1458333333333333 1.3333333333333333
101 222.2956461919642 0.875 1.0416666666666667 0.8958333333333334 0.9375 1.9166666666666667 1.4791666666666667 1.4791666666666667 1.9375 1.3333333333333333 0.9791666666666666 2.0 0.9583333333333334 1.3541666666666667 1.625 1.7291666666666667 1.125 1.7708333333333333 1.8958333333333333 1.0208333333333333 1.2291666666666667 0.875 1.9375 1.0625 1.9375 1.0 0.9583333333333334 0.9166666666666666 1.0625 1.1458333333333333 1.3333333333333333
102 345.98006227062405 0.875 1.0416666666666667 0.8958333333333334 0.9375 1.9166666666666667 1.4791666666666667 1.4791666666666667 1.9375 1.3333333333333333 0.9791666666666666 2.0 0.9583333333333334 1.3541666666666667 1.625 1.7291666666666667 1.125 1.7708333333333333 1.8958333333333333 1.0208333333333333 1.2291666666666667 0.875 1.9375 1.0625 1.9375 1.0 0.9583333333333334 0.9166666666666666 1.0625 1.1458333333333333 1.3333333333333333
103 90.0911359604416 1.3125 1.5625 1.34375 1.40625 2.875 2.21875 2.21875 2.90625 2.0 1.46875 3.0 1.4375 2.03125 2.4375 2.59375 1.6875 2.65625 2.84375 1.53125 1.84375 1.3125 2.90625 1.59375 2.90625 1.5 1.4375 1.375 1.59375 1.71875 2.0
104 82.46523501452528 1.3125 1.5625 1.34375 1.40625 2.875 2.21875 2.21875 2.90625 2.0 1.46875 3.0 1.4375 2.03125 2.4375 2.59375 1.6875 2.65625 2.84375 1.53125 1.84375 1.3125 2.90625 1.59375 2.90625 1.5 1.4375 1.375 1.59375 1.71875 2.0
105 200.95470843387005 1.3125 1.5625 1.34375 1.40625 2.875 2.21875 2.21875 2.90625 2.0 1.46875 3.0 1.4375 2.03125 2.4375 2.59375 1.6875 2.65625 2.84375 1.53125 1.84375 1.3125 2.90625 1.59375 2.90625 1.5 1.4375 1.375 1.59375 1.71875 2.0
106 101.31380133260055 0.875 1.0416666666666667 0.8958333333333334 0.9375 1.9166666666666667 1.4791666666666667 1.4791666666666667 1.9375 1.3333333333333333 0.9791666666666666 2.0 0.9583333333333334 1.3541666666666667 1.625 1.7291666666666667 1.125 1.7708333333333333 1.8958333333333333 1.0208333333333333 1.2291666666666667 0.875 1.9375 1.0625 1.9375 1.0 0.9583333333333334 0.9166666666666666 1.0625 1.1458333333333333 1.3333333333333333
107 205.673253062221 1.3125 1.5625 1.34375 1.40625 2.875 2.21875 2.21875 2.90625 2.0 1.46875 3.0 1.4375 2.03125 2.4375 2.59375 1.6875 2.65625 2.84375 1.53125 1.84375 1.3125 2.90625 1.59375 2.90625 1.5 1.4375 1.375 1.59375 1.71875 2.0
108 43.12882271688429 0.875 1.0416666666666667 0.8958333333333334 0.9375 1.9166666666666667 1.4791666666666667 1.4791666666666667 1.9375 1.3333333333333333 0.9791666666666666 2.0 0.9583333333333334 1.3541666666666667 1.625 1.7291666666666667 1.125 1.7708333333333333 1.8958333333333333 1.0208333333333333 1.2291666666666667 0.875 1.9375 1.0625 1.9375 1.0 0.9583333333333334 0.9166666666666666 1.0625 1.1458333333333333 1.3333333333333333
109 43.689806401985024 1.3125 1.5625 1.34375 1.40625 2.875 2.21875 2.21875 2.90625 2.0 1.46875 3.0 1.4375 2.03125 2.4375 2.59375 1.6875 2.65625 2.84375 1.53125 1.84375 1.3125 2.90625 1.59375 2.90625 1.5 1.4375 1.375 1.59375 1.71875 2.0
110 9.887598614966706 1.3125 1.5625 1.34375 1.40625 2.875 2.21875 2.21875 2.90625 2.0 1.46875 3.0 1.4375 2.03125 2.4375 2.59375 1.6875 2.65625 2.84375 1.53125 1.84375 1.3125 2.90625 1.59375 2.90625 1.5 1.4375 1.375 1.59375 1.71875 2.0
111 132.2425475997513 0.875 1.0416666666666667 0.8958333333333334 0.9375 1.9166666666666667 1.4791666666666667 1.4791666666666667 1.9375 1.3333333333333333 0.9791666666666666 2.0 0.9583333333333334 1.3541666666666667 1.625 1.7291666666666667 1.125 1.7708333333333333 1.8958333333333333 1.0208333333333333 1.2291666666666667 0.875 1.9375 1.0625 1.9375 1.0 0.9583333333333334 0.9166666666666666 1.0625 1.1458333333333333 1.3333333333333333
112 70.71922297513551 1.3125 1.5625 1.34375 1.40625 2.875 2.21875 2.21875 2.90625 2.0 1.46875 3.0 1.4375 2.03125 2.4375 2.59375 1.6875 2.65625 2.84375 1.53125 1.84375 1.3125 2.90625 1.59375 2.90625 1.5 1.4375 1.375 1.59375 1.71875 2.0
113 219.98873529758708 0.875 1.0416666666666667 0.8958333333333334 0.9375 1.9166666666666667 1.4791666666666667 1.4791666666666667 1.9375 1.3333333333333333 0.9791666666666666 2.0 0.9583333333333334 1.3541666666666667 1.625 1.7291666666666667 1.125 1.7708333333333333 1.8958333333333333 1.0208333333333333 1.2291666666666667 0.875 1.9375 1.0625 1.9375 1.0 0.9583333333333334 0.9166666666666666 1.0625 1.1458333333333333 1.3333333333333333
114 216.4253917630818 1.3125 1.5625 1.34375 1.40625 2.875 2.21875 2.21875 2.90625 2.0 1.46875 3.0 1.4375 2.03125 2.4375 2.59375 1.6875 2.65625 2.84375 1.53125 1.84375 1.3125 2.90625 1.59375 2.90625 1.5 1.4375 1.375 1.59375 1.71875 2.0
115 74.04914604145277 0.875 1.0416666666666667 0.8958333333333334 0.9375 1.9166666666666667 1.4791666666666667 1.4791666666666667 1.9375 1.3333333333333333 0.9791666666666666 2.0 0.9583333333333334 1.3541666666666667 1.625 1.7291666666666667 1.125 1.7708333333333333 1.8958333333333333 1.0208333333333333 1.2291666666666667 0.875 1.9375 1.0625 1.9375 1.0 0.9583333333333334 0.9166666666666666 1.0625 1.1458333333333333 1.3333333333333333
116 32.593889465812005 1.3125 1.5625 1.34375 1.40625 2.875 2.21875 2.21875 2.90625 2.0 1.46875 3.0 1.4375 2.03125 2.4375 2.59375 1.6875 2.65625 2.84375 1.53125 1.84375 1.3125 2.90625 1.59375 2.90625 1.5 1.4375 1.375 1.59375 1.71875 2.0
117 78.32167211479108 1.3125 1.5625 1.34375 1.40625 2.875 2.21875 2.21875 2.90625 2.0 1.46875 3.0 1.4375 2.03125 2.4375 2.59375 1.6875 2.65625 2.84375 1.53125 1.84375 1.3125 2.90625 1.59375 2.90625 1.5 1.4375 1.375 1.59375 1.71875 2.0
118 226.6390388665575 1.3125 1.5625 1.34375 1.40625 2.875 2.21875 2.21875 2.90625 2.0 1.46875 3.0 1.4375 2.03125 2.4375 2.59375 1.6875 2.65625 2.84375 1.53125 1.84375 1.3125 2.90625 1.59375 2.90625 1.5 1.4375 1.375 1.59375 1.71875 2.0
119 400.63181495185523 1.3125 1.5625 1.34375 1.40625 2.875 2.21875 2.21875 2.90625 2.0 1.46875 3.0 1.4375 2.03125 2.4375 2.59375 1.6875 2.65625 2.84375 1.53125 1.84375 1.3125 2.90625 1.59375 2.90625 1.5 1.4375 1.375 1.59375 1.71875 2.0
120 87.14350898227745 0.875 1.0416666666666667 0.8958333333333334 0.9375 1.9166666666666667 1.4791666666666667 1.4791666666666667 1.9375 1.3333333333333333 0.9791666666666666 2.0 0.9583333333333334 1.3541666666666667 1.625 1.7291666666666667 1.125 1.7708333333333333 1.8958333333333333 1.0208333333333333 1.2291666666666667 0.875 1.9375 1.0625 1.9375 1.0 0.9583333333333334 0.9166666666666666 1.0625 1.1458333333333333 1.3333333333333333
121 149.71351362454027 0.875 1.0416666666666667 0.8958333333333334 0.9375 1.9166666666666667 1.4791666666666667 1.4791666666666667 1.9375 1.3333333333333333 0.9791666666666666 2.0 0.9583333333333334 1.3541666666666667 1.625 1.7291666666666667 1.125 1.7708333333333333 1.8958333333333333 1.0208333333333333 1.2291666666666667 0.875 1.9375 1.0625 1.9375 1.0 0.9583333333333334 0.9166666666666666 1.0625 1.1458333333333333 1.3333333333333333
122 30.87438865601842 0.875 1.0416666666666667 0.8958333333333334 0.9375 1.9166666666666667 1.4791666666666667 1.4791666666666667 1.9375 1.3333333333333333 0.9791666666666666 2.0 0.9583333333333334 1.3541666666666667 1.625 1.7291666666666667 1.125 1.7708333333333333 1.8958333333333333 1.0208333333333333 1.2291666666666667 0.875 1.9375 1.0625 1.9375 1.0 0.9583333333333334 0.9166666666666666 1.0625 1.1458333333333333 1.3333333333333333
123 128.7035352960424 0.875 1.0416666666666667 0.8958333333333334 0.9375 1.9166666666666667 1.4791666666666667 1.4791666666666667 1.9375 1.3333333333333333 0.9791666666666666 2.0 0.9583333333333334 1.3541666666666667 1.625 1.7291666666666667 1.125 1.7708333333333333 1.8958333333333333 1.0208333333333333 1.2291666666666667 0.875 1.9375 1.0625 1.9375 1.0 0.9583333333333334 0.9166666666666666 1.0625 1.1458333333333333 1.3333333333333333
124 43.94582539285222 1.3125 1.5625 1.34375 1.40625 2.875 2.21875 2.21875 2.90625 2.0 1.46875 3.0 1.4375 2.03125 2.4375 2.59375 1.6875 2.65625 2.84375 1.53125 1.84375 1.3125 2.90625 1.59375 2.90625 1.5 1.4375 1.375 1.59375 1.71875 2.0
125 228.29506532811916 0.875 1.0416666666666667 0.8958333333333334 0.9375 1.9166666666666667 1.4791666666666667 1.4791666666666667 1.9375 1.3333333333333333 0.9791666666666666 2.0 0.9583333333333334 1.3541666666666667 1.625 1.7291666666666667 1.125 1.7708333333333333 1.8958333333333333 1.0208333333333333 1.2291666666666667 0.875 1.9375 1.0625 1.9375 1.0 0.9583333333333334 0.9166666666666666 1.0625 1.1458333333333333 1.3333333333333333
126 70.30727237809889 1.3125 1.5625 1.34375 1.40625 2.875 2.21875 2.21875 2.90625 2.0 1.46875 3.0 1.4375 2.03125 2.4375 2.59375 1.6875 2.65625 2.84375 1.53125 1.84375 1.3125 2.90625 1.59375 2.90625 1.5 1.4375 1.375 1.59375 1.71875 2.0
127 111.17441676057398 1.3125 1.5625 1.34375 1.40625 2.875 2.21875 2.21875 2.90625 2.0 1.46875 3.0 1.4375 2.03125 2.4375 2.59375 1.6875 2.65625 2.84375 1.53125 1.84375 1.3125 2.90625 1.59375 2.90625 1.5 1.4375 1.375 1.59375 1.71875 2.0
128 342.1915558158669 1.3125 1.5625 1.34375 1.40625 2.875 2.21875 2.21875 2.90625 2.0 1.46875 3.0 1.4375 2.03125 2.4375 2.59375 1.6875 2.65625 2.84375 1.53125 1.84375 1.3125 2.90625 1.59375 2.90625 1.5 1.4375 1.375 1.59375 1.71875 2.0
129 79.1712781615728 1.3125 1.5625 1.34375 1.40625 2.875 2.21875 2.21875 2.90625 2.0 1.46875 3.0 1.4375 2.03125 2.4375 2.59375 1.6875 2.65625 2.84375 1.53125 1.84375 1.3125 2.90625 1.59375 2.90625 1.5 1.4375 1.375 1.59375 1.71875 2.0
130 111.72965676303957 1.3125 1.5625 1.34375 1.40625 2.875 2.21875 2.21875 2.90625 2.0 1.46875 3.0 1.4375 2.03125 2.4375 2.59375 1.6875 2.65625 2.84375 1.53125 1.84375 1.3125 2.90625 1.59375 2.90625 1.5 1.4375 1.375 1.59375 1.71875 2.0
131 505.37627029189804 0.875 1.0416666666666667 0.8958333333333334 0.9375 1.9166666666666667 1.4791666666666667 1.4791666666666667 1.9375 1.3333333333333333 0.9791666666666666 2.0 0.9583333333333334 1.3541666666666667 1.625 1.7291666666666667 1.125 1.7708333333333333 1.8958333333333333 1.0208333333333333 1.2291666666666667 0.875 1.9375 1.0625 1.9375 1.0 0.9583333333333334 0.9166666666666666 1.0625 1.1458333333333333 1.3333333333333333
132 22.765784520712593 1.3125 1.5625 1.34375 1.40625 2.875 2.21875 2.21875 2.90625 2.0 1.46875 3.0 1.4375 2.03125 2.4375 2.59375 1.6875 2.65625 2.84375 1.53125 1.84375 1.3125 2.90625 1.59375 2.90625 1.5 1.4375 1.375 1.59375 1.71875 2.0
133 128.2002417394975 0.875 1.0416666666666667 0.8958333333333334 0.9375 1.9166666666666667 1.4791666666666667 1.4791666666666667 1.9375 1.3333333333333333 0.9791666666666666 2.0 0.9583333333333334 1.3541666666666667 1.625 1.7291666666666667 1.125 1.7708333333333333 1.8958333333333333 1.0208333333333333 1.2291666666666667 0.875 1.9375 1.0625 1.9375 1.0 0.9583333333333334 0.9166666666666666 1.0625 1.1458333333333333 1.3333333333333333
134 218.82503104811047 0.875 1.0416666666666667 0.8958333333333334 0.9375 1.9166666666666667 1.4791666666666667 1.4791666666666667 1.9375 1.3333333333333333 0.9791666666666666 2.0 0.9583333333333334 1.3541666666666667 1.625 1.7291666666666667 1.125 1.7708333333333333 1.8958333333333333 1.0208333333333333 1.2291666666666667 0.875 1.9375 1.0625 1.9375 1.0 0.9583333333333334 0.9166666666666666 1.0625 1.1458333333333333 1.3333333333333333
135 98.43710818168526 1.3125 1.5625 1.34375 1.40625 2.875 2.21875 2.21875 2.90625 2.0 1.46875 3.0 1.4375 2.03125 2.4375 2.59375 1.6875 2.65625 2.84375 1.53125 1.84375 1.3125 2.90625 1.59375 2.90625 1.5 1.4375 1.375 1.59375 1.71875 2.0
136 100.30822622253442 1.3125 1.5625 1.34375 1.40625 2.875 2.21875 2.21875 2.90625 2.0 1.46875 3.0 1.4375 2.03125 2.4375 2.59375 1.6875 2.65625 2.84375 1.53125 1.84375 1.3125 2.90625 1.59375 2.90625 1.5 1.4375 1.375 1.59375 1.71875 2.0
137 34.22601653304626 1.3125 1.5625 1.34375 1.40625 2.875 2.21875 2.21875 2.90625 2.0 1.46875 3.0 1.4375 2.03125 2.4375 2.59375 1.6875 2.65625 2.84375 1.53125 1.84375 1.3125 2.90625 1.59375 2.90625 1.5 1.4375 1.375 1.59375 1.71875 2.0
138 387.5112321220972 0.875 1.0416666666666667 0.8958333333333334 0.9375 1.9166666666666667 1.4791666666666667 1.4791666666666667 1.9375 1.3333333333333333 0.9791666666666666 2.0 0.9583333333333334 1.3541666666666667 1.625 1.7291666666666667 1.125 1.7708333333333333 1.8958333333333333 1.0208333333333333 1.2291666666666667 0.875 1.9375 1.0625 1.9375 1.0 0.9583333333333334 0.9166666666666666 1.0625 1.1458333333333333 1.3333333333333333
139 165.57762687090732 0.875 1.0416666666666667 0.8958333333333334 0.9375 1.9166666666666667 1.4791666666666667 1.4791666666666667 1.9375 1.3333333333333333 0.9791666666666666 2.0 0.9583333333333334 1.3541666666666667 1.625 1.7291666666666667 1.125 1.7708333333333333 1.8958333333333333 1.0208333333333333 1.2291666666666667 0.875 1.9375 1.0625 1.9375 1.0 0.9583333333333334 0.9166666666666666 1.0625 1.1458333333333333 1.3333333333333333
140 275.7742427136356 0.875 1.0416666666666667 0.8958333333333334 0.9375 1.9166666666666667 1.4791666666666667 1.4791666666666667 1.9375 1.3333333333333333 0.9791666666666666 2.0 0.9583333333333334 1.3541666666666667 1.625 1.7291666666666667 1.125 1.7708333333333333 1.8958333333333333 1.0208333333333333 1.2291666666666667 0.875 1.9375 1.0625 1.9375 1.0 0.9583333333333334 0.9166666666666666 1.0625 1.1458333333333333 1.3333333333333333
141 263.1007817783603 0.875 1.0416666666666667 0.8958333333333334 0.9375 1.9166666666666667 1.4791666666666667 1.4791666666666667 1.9375 1.3333333333333333 0.9791666666666666 2.0 0.9583333333333334 1.3541666666666667 1.625 1.7291666666666667 1.125 1.7708333333333333 1.8958333333333333 1.0208333333333333 1.2291666666666667 0.875 1.9375 1.0625 1.9375 1.0 0.9583333333333334 0.9166666666666666 1.0625 1.1458333333333333 1.3333333333333333
142 20.952441755266555 0.875 1.0416666666666667 0.8958333333333334 0.9375 1.9166666666666667 1.4791666666666667 1.4791666666666667 1.9375 1.3333333333333333 0.9791666666666666 2.0 0.9583333333333334 1.3541666666666667 1.625 1.7291666666666667 1.125 1.7708333333333333 1.8958333333333333 1.0208333333333333 1.2291666666666667 0.875 1.9375 1.0625 1.9375 1.0 0.9583333333333334 0.9166666666666666 1.0625 1.1458333333333333 1.3333333333333333
143 68.21992203223175 1.3125 1.5625 1.34375 1.40625 2.875 2.21875 2.21875 2.90625 2.0 1.46875 3.0 1.4375 2.03125 2.4375 2.59375 1.6875 2.65625 2.84375 1.53125 1.84375 1.3125 2.90625 1.59375 2.90625 1.5 1.4375 1.375 1.59375 1.71875 2.0
144 16.546003517197978 1.3125 1.5625 1.34375 1.40625 2.875 2.21875 2.21875 2.90625 2.0 1.46875 3.0 1.4375 2.03125 2.4375 2.59375 1.6875 2.65625 2.84375 1.53125 1.84375 1.3125 2.90625 1.59375 2.90625 1.5 1.4375 1.375 1.59375 1.71875 2.0
145 107.7945127506665 1.3125 1.5625 1.34375 1.40625 2.875 2.21875 2.21875 2.90625 2.0 1.46875 3.0 1.4375 2.03125 2.4375 2.59375 1.6875 2.65625 2.84375 1.53125 1.84375 1.3125 2.90625 1.59375 2.90625 1.5 1.4375 1.375 1.59375 1.71875 2.0
146 141.39548869932293 1.3125 1.5625 1.34375 1.40625 2.875 2.21875 2.21875 2.90625 2.0 1.46875 3.0 1.4375 2.03125 2.4375 2.59375 1.6875 2.65625 2.84375 1.53125 1.84375 1.3125 2.90625 1.59375 2.90625 1.5 1.4375 1.375 1.59375 1.71875 2.0
147 167.72984003062066 0.875 1.0416666666666667 0.8958333333333334 0.9375 1.9166666666666667 1.4791666666666667 1.4791666666666667 1.9375 1.3333333333333333 0.9791666666666666 2.0 0.9583333333333334 1.3541666666666667 1.625 1.7291666666666667 1.125 1.7708333333333333 1.8958333333333333 1.0208333333333333 1.2291666666666667 0.875 1.9375 1.0625 1.9375 1.0 0.9583333333333334 0.9166666666666666 1.0625 1.1458333333333333 1.3333333333333333
148 262.19858497916385 0.875 1.0416666666666667 0.8958333333333334 0.9375 1.9166666666666667 1.4791666666666667 1.4791666666666667 1.9375 1.3333333333333333 0.9791666666666666 2.0 0.9583333333333334 1.3541666666666667 1.625 1.7291666666666667 1.125 1.7708333333333333 1.8958333333333333 1.0208333333333333 1.2291666666666667 0.875 1.9375 1.0625 1.9375 1.0 0.9583333333333334 0.9166666666666666 1.0625 1.1458333333333333 1.3333333333333333
149 166.83201993872032 1.3125 1.5625 1.34375 1.40625 2.875 2.21875 2.21875 2.90625 2.0 1.46875 3.0 1.4375 2.03125 2.4375 2.59375 1.6875 2.65625 2.84375 1.53125 1.84375 1.3125 2.90625 1.59375 2.90625 1.5 1.4375 1.375 1.59375 1.71875 2.0
150 196.0448506115879 0.875 1.0416666666666667 0.8958333333333334 0.9375 1.9166666666666667 1.4791666666666667 1.4791666666666667 1.9375 1.3333333333333333 0.9791666666666666 2.0 0.9583333333333334 1.3541666666666667 1.625 1.7291666666666667 1.125 1.7708333333333333 1.8958333333333333 1.0208333333333333 1.2291666666666667 0.875 1.9375 1.0625 1.9375 1.0 0.9583333333333334 0.9166666666666666 1.0625 1.1458333333333333 1.3333333333333333
151 169.1110759300285 1.3125 1.5625 1.34375 1.40625 2.875 2.21875 2.21875 2.90625 2.0 1.46875 3.0 1.4375 2.03125 2.4375 2.59375 1.6875 2.65625 2.84375 1.53125 1.84375 1.3125 2.90625 1.59375 2.90625 1.5 1.4375 1.375 1.59375 1.71875 2.0
152 84.79166566964994 0.875 1.0416666666666667 0.8958333333333334 0.9375 1.9166666666666667 1.4791666666666667 1.4791666666666667 1.9375 1.3333333333333333 0.9791666666666666 2.0 0.9583333333333334 1.3541666666666667 1.625 1.7291666666666667 1.125 1.7708333333333333 1.8958333333333333 1.0208333333333333 1.2291666666666667 0.875 1.9375 1.0625 1.9375 1.0 0.9583333333333334 0.9166666666666666 1.0625 1.1458333333333333 1.3333333333333333
153 50.90988212364726 1.3125 1.5625 1.34375 1.40625 2.875 2.21875 2.21875 2.90625 2.0 1.46875 3.0 1.4375 2.03125 2.4375 2.59375 1.6875 2.65625 2.84375 1.53125 1.84375 1.3125 2.90625 1.59375 2.90625 1.5 1.4375 1.375 1.59375 1.71875 2.0
154 119.3175233818124 0.875 1.0416666666666667 0.8958333333333334 0.9375 1.9166666666666667 1.4791666666666667 1.4791666666666667 1.9375 1.3333333333333333 0.9791666666666666 2.0 0.9583333333333334 1.3541666666666667 1.625 1.7291666666666667 1.125 1.7708333333333333 1.8958333333333333 1.0208333333333333 1.2291666666666667 0.875 1.9375 1.0625 1.9375 1.0 0.9583333333333334 0.9166666666666666 1.0625 1.1458333333333333 1.3333333333333333
155 126.53708592023803 0.875 1.0416666666666667 0.8958333333333334 0.9375 1.9166666666666667 1.4791666666666667 1.4791666666666667 1.9375 1.3333333333333333 0.9791666666666666 2.0 0.9583333333333334 1.3541666666666667 1.625 1.7291666666666667 1.125 1.7708333333333333 1.8958333333333333 1.0208333333333333 1.2291666666666667 0.875 1.9375 1.0625 1.9375 1.0 0.9583333333333334 0.9166666666666666 1.0625 1.1458333333333333 1.3333333333333333
156 178.25817872065252 1.3125 1.5625 1.34375 1.40625 2.875 2.21875 2.21875 2.90625 2.0 1.46875 3.0 1.4375 2.03125 2.4375 2.59375 1.6875 2.65625 2.84375 1.53125 1.84375 1.3125 2.90625 1.59375 2.90625 1.5 1.4375 1.375 1.59375 1.71875 2.0
157 659.0 1.3125 1.5625 1.34375 1.40625 2.875 2.21875 2.21875 2.90625 2.0 1.46875 3.0 1.4375 2.03125 2.4375 2.59375 1.6875 2.65625 2.84375 1.53125 1.84375 1.3125 2.90625 1.59375 2.90625 1.5 1.4375 1.375 1.59375 1.71875 2.0
158 69.42856899449421 0.875 1.0416666666666667 0.8958333333333334 0.9375 1.9166666666666667 1.4791666666666667 1.4791666666666667 1.9375 1.3333333333333333 0.9791666666666666 2.0 0.9583333333333334 1.3541666666666667 1.625 1.7291666666666667 1.125 1.7708333333333333 1.8958333333333333 1.0208333333333333 1.2291666666666667 0.875 1.9375 1.0625 1.9375 1.0 0.9583333333333334 0.9166666666666666 1.0625 1.1458333333333333 1.3333333333333333
159 187.8186547854155 1.3125 1.5625 1.34375 1.40625 2.875 2.21875 2.21875 2.90625 2.0 1.46875 3.0 1.4375 2.03125 2.4375 2.59375 1.6875 2.65625 2.84375 1.53125 1.84375 1.3125 2.90625 1.59375 2.90625 1.5 1.4375 1.375 1.59375 1.71875 2.0
