190 20
TREE NETWORK (nID nID Weight):
189 0 31
150 0 47
36 150 35
156 150 32
145 0 36
7 189 55
63 145 44
128 63 31
81 128 48
120 145 58
107 63 30
19 145 32
58 156 41
124 189 39
106 189 56
122 81 54
163 0 43
130 106 39
54 63 31
45 36 47
73 128 40
33 189 43
32 120 54
180 120 32
109 33 59
80 0 38
25 156 45
118 0 51
103 130 54
59 19 59
34 81 54
78 118 32
90 150 34
136 118 33
179 118 38
166 189 57
161 120 59
139 32 38
127 25 30
75 103 58
149 32 54
185 32 51
74 25 35
23 149 36
24 149 42
154 156 52
135 180 47
62 107 53
101 179 48
104 139 49
137 189 43
115 118 43
171 34 49
91 115 54
89 62 54
121 124 53
123 59 55
184 145 31
52 154 56
48 184 51
35 156 40
110 189 48
187 136 32
108 185 54
111 91 43
14 80 51
134 24 55
158 154 43
20 111 34
175 104 31
119 107 34
157 101 48
162 171 36
151 179 31
93 124 48
39 122 37
83 189 56
159 179 50
152 36 32
97 19 58
143 156 52
86 184 41
133 152 34
68 187 39
26 130 56
88 20 47
155 185 56
117 171 33
170 24 31
178 75 50
2 107 42
99 97 43
6 128 32
164 59 44
16 154 55
183 152 55
55 93 30
146 183 54
172 179 55
31 24 53
41 75 57
167 16 38
173 0 40
181 7 39
8 185 33
76 184 34
92 120 56
140 183 43
165 16 43
17 162 51
22 183 51
43 63 45
60 139 31
153 97 55
67 48 39
71 67 30
47 117 30
131 83 30
186 97 40
85 120 58
72 101 49
18 75 35
66 36 40
46 59 45
129 33 36
50 25 55
49 71 40
65 137 53
169 146 49
10 167 33
1 130 38
94 180 42
30 59 39
141 80 38
84 122 58
40 16 40
148 119 38
95 83 37
98 133 36
53 146 32
44 156 48
15 155 47
114 2 41
138 151 33
3 101 57
82 47 58
105 91 57
28 92 38
42 170 44
13 63 46
112 2 34
116 184 53
57 170 55
5 3 36
174 161 34
113 78 54
100 101 45
188 2 52
4 68 39
61 189 44
176 7 38
125 123 55
70 171 48
132 5 56
182 17 48
102 16 38
64 19 53
29 149 37
142 151 53
51 97 45
177 186 34
160 127 59
56 110 34
144 91 47
126 94 35
9 143 40
77 173 46
147 41 37
11 112 39
87 56 36
96 140 31
79 160 37
37 128 30
21 169 51
12 26 49
38 152 39
69 36 38
168 146 42
27 168 54
PROGRAMS ASSIGNED TO NODES (nID pID1 pID2 ...):
0 1 2 3 4 5 6 7 8 9 10 11 12 13 14 15 16 17 18 19 20
1 1 17 3 19 6 7 8 9 11 12 13
2 3 20 12
3 16 1 18 19 20 4 5 7 8 9 11 14
4 1 17 3 19 20 13 14 15
5 1 2 3 4 5 6 9 10 11 12 13 14 15 16 18 19 20
6 2 19 7 9 10 11 14 15
7 1 20 8 11 12 13 14 15
8 16 17 19 4 20 5 6 10 11 12 14 15
9 3 4 5 6 7 8 9 10 11 12 13 14 15 17 18 19
10 1 2 5 6 9 11 14 15 16 17 18 19 20
11 1 2 6 7 8 9 10 11 12 14 15 17 18 19 20
12 1 3 4 5 6 7 8 9 10 12 13 14 15 16 17 18 19 20
13 16 1 3 20 4 5 7 10 12 13 14 15
14 2 3 4 5 6 7 8 9 11 12 15 16 18 19 20
15 18
16 19
17 17 1 4 20 8 9
18 1 2 10 14
19 19
20 1 2 3 4 5 6 7 8 9 10 11 12 15 16 17 18 19
21 16 1 18 2 3 19 9 10 11 12 14 15
22 1 3 4 6 7 8 9 12 16 17 18 19 20
23 1 2 3 4 5 6 7 8 9 10 11 14 15 16 17 18 19 20
24 1
25 1 3 5 6 8 9 11 12 15 16 17 19 20
26 4 20 7 10 14 15
27 16 2 18 6
28 1 2 4 7 9 10 14 15
29 16 17 1 18 2 3 20 5 8 10 12 14
30 1 2 3 4 5 6 7 8 9 10 12 13 14 15 16 17 18 19 20
31 1 3 20 8 9 10 12 14
32 1 6 15
33 16 4 7 10 14
34 17 2 18 3 20 6 7 8 11
35 1 2 3 4 6 7 8 10 11 12 13 15 16 17 18
36 17 2 19 4 20 10 11 14
38 16 20 8 13
39 16 3 20 5 8 11 13
40 1 2 3 4 5 6 7 8 9 10 11 12 14 15 16 17 18 19 20
41 1 2 3 5 6 7 8 9 10 11 12 13 14 15 16 17 18 19 20
42 16 1 2 19 20 4 5 9 11 12 14 15
43 1 2 4 5 6 10 11 12 13 16 17 18 19
44 17 1 18 4
45 17 1 2 19 3 20 4 5 7 8 11 14
46 1 3 4 5 7 9 10 11 12 13 17 18 19
47 4 5 6 7 8 9 11 12 13 15 17 18 19 20
48 1 2 3 4 5 6 7 8 9 10 11 12 13 14 15 16 17 19 20
49 1 3 4 5 6 7 8 9 12 13 14 16 17 18 20
50 16 1 17 19 5 7 9 11 13 14
51 1 2 3 4 5 6 7 8 9 10 12 13 14 15 16 17 18 19 20
52 16 17 1 19 6 9 10 11 14
53 6
54 16 1 19 11
55 2 3 4 5 6 7 8 9 10 11 12 14 15 16 17 18 19 20
56 16 1 20 7 8 9 10 11 13 15
57 17 2 18 19 20 4 5 7 8 10 13 15
58 16 1 18 3 20 4 7 9 10 11 14 15
59 12 13 15
60 16 18 19 3 8 11
61 1 2 3 5 6 8 9 10 11 13 14 15 16 17 18 19 20
62 6
63 2 3 4 5 7 8 9 10 11 13 14 15 17 18 19 20
64 19 5 6
65 16 17 4 20 6 7 8 9 10 12 13 15
66 17 18 3 4 6 14
67 3 4 5 6 8 10 11 13 14 15 16 17 18 19
68 16 1 18 2 20 5 9 12 13
69 1 18 19 20 7 8 9 11 14 15
70 20 8
71 1 17 2 18 20 9 13 15
72 3
73 16 18 19 20 5 6 7 9 11 12 14 15
74 1 2 3 5 6 7 8 9 10 12 13 14 15 16 17 18 20
75 4 12
77 20
79 2 3 4 5 6 7 8 10 11 13 14 17 18 20
80 1 11
81 1 2 3 4 5 6 7 8 9 11 12 13 14 15 16 17 18 19
82 1 2 3 4 5 6 7 9 10 11 12 13 16 18 19 20
83 17 18 19 3 4 6 8 9 10 11
84 1 2 3 4 5 6 7 8 10 11 12 13 14 15 16 17 18 19 20
85 3 7 13
86 3 19 6 8 9 11 14
87 5
88 16 17 2 18 4 5 7 8 10 11
89 4 5 9 10
90 18 2 19 4 5 6 9 12
91 1 2 3 4 5 6 8 10 11 13 14 15 16 17 18 19
92 16 19 20 7 8 11 12
93 17 3 9
94 1 2 4 5 6 8 9 10 11 12 13 14 16 17 18 19 20
95 16 1 2 3 4 8 9 11 12 13 14
96 1 2 3 4 7 9 10 11 12 14 15 16 18 20
97 16 17 1 18 3 20 5 9 10 11
98 1 3 4 9 10 11 12 13 14 15 16 17 18 19 20
99 1 2 4 5 7 8 9 10 12 13 14 15 16 17 18 20
100 1 2 3 4 7 8 9 10 11 12 13 14 15 16 17 18
102 1 2 3 4 6 8 9 10 11 13 14 15 16 17 19
103 2 3 4 5 7
104 17 2 3 19 4 20 8 10 13
105 17 18 19 3 4 6 7 9 13 14
106 3 20 6 7 8 11 15
107 18 19
108 4 5 14
109 17 2 19 20 7 9 11 12 13
110 8 12
111 3 4 6 7 8 9 11 12 13 14 16 18 19
112 17 19 20 5 10 14 15
113 16 1 2 3 19 4 20 11 14 15
114 1 2 3 4 5 6 8 9 10 11 12 13 14 15 16 17 18 19 20
115 2 18 6 7 10
116 2 18 19 20 7 10 11 12 13
117 11
118 16 17 2 18 19 5 6 7 9 10 12 13
119 2 3 20 6
120 17 19 20 5 6 8 11 12 13
121 1 2 3 4 5 6 7 9 10 11 12 13 16 17 19 20
122 2 5 6 7 8 10 11 13 14 15 16 18 19 20
123 2 3 5 7 9
124 3 5 6 7 8 10 11 12 14 15 16 17 18 19
126 18 19 3 20 5 6 8 10 13 14
127 17 18 19 20 5 8 10 12 13
128 1 2 3 5 6 7 8 9 11 12 13 14 15 16 18 19 20
129 18
130 17 19 4 5
131 3 7 9
132 1 3
133 11 13 15
134 1 2 3 4 5 6 8 9 10 11 12 13 14 15 16 17 18 19 20
135 17 18 19 4 6 7 9 10 11 12 13 15
136 18 19 20 4 7 8 10
137 3 4 6 7 8 9 10 13 14 16 18 19 20
138 18 3 6 8 9 13
139 1 17 19 3 4 20 5 9 11 13 15
140 1 2 3 4 5 6 7 8 10 11 12 13 14 15 16 18 19 20
141 1 4 5 6 10 11 12 13 14 15 16 18 20
142 1 4 5 6 7 8 9 10 11 12 13 14 15 16 17 18 20
143 16 1 2 11 12 15
144 20 5
145 16 17 2 20 6 7 9 10 12
146 17 4 7 9 11 12 13
147 1 2 4 5 7 8 9 10 11 12 13 14 15 16 17 18 19 20
148 1 2 3 6 8 9 11 12 14 17 18 19 20
149 2 3 19 4 9 10 11 14 15
150 16 5 10
151 2 3 19 20 5 7 9 12
152 1 2 4 5 7 8 9 10 12 14 15 16 19
153 1 2 18 19 20 5 7 9 11 13 14 15
154 16 1 5 6 7 8 12 13 14
155 16 17 2 3 20 4 7 8 13 14
156 1 2 3 5 7 8 9 12 13 14 15 16 17 19 20
157 1 2 18 3 19 5 7 8 10 12 13 15
158 6 11
159 1 3 4 5 6 7 8 9 10 11 12 13 14 15 16 17 18 19 20
160 1 2 3 4 5 6 7 9 10 12 13 14 15 16 17 18 19
161 3 6 10 12 15
162 20
163 1 2 19 3 20 5 6 8 9 11 13 14
164 1 2 3 4 5 6 8 10 12 13 16 19 20
165 2 3 4 8 9 10 11 12 13 14 16 17 20
166 3 20 5
167 16 17 1 2 19 7 10 11 13 15
168 16 1 17 19 20 5 6 9 11 14 15
169 16 1 2 19 5 6 7 9 10 11 13 14
171 16 1 17 2 3 20 5 6 7 8 9 13
172 18 3 20 4 5 8 10 12 14
173 1 18
174 1 2 6 11 12 14 15
175 16 18 2 3 7 11 13 14
176 2 3 4 5 6 9 11 12 13 14 15 16 20
178 3 4 5 6 7 8 9 11 12 13 14 15 17 18
179 1 2 4 5 6 7 8 9 11 12 13 15 16 17 18 19
180 16 20 6 8 10 15
181 16 1 2 18 6 7 8 9 15
182 2 3 4 5 6 10 11 12 13 14 15 16 20
183 17 4 11
184 3 19 4 7 9 10
185 2 7 9 10 12 13
186 1 4 5 6 9 10 11 12 13 14 15 16 17 18 19 20
187 2 3 4 5 7 10 11 12 14 15 17 18 19 20
188 7 9 12
189 16 1 18 5 10
SIZE OF PROGRAMS (pID SIZE):
1 85.0
2 77.0
3 45.0
4 52.0
5 45.0
6 67.0
7 66.0
8 40.0
9 42.0
10 89.0
11 51.0
12 43.0
13 44.0
14 58.0
15 52.0
16 84.0
17 67.0
18 65.0
19 92.0
20 47.0
COST TO INSTALL SERVERS AND PROGRAMS ON NODES (COST_TO_INSTALL_SERVER COST_TO_INSTALL_pID1 ...):
0 4948.91304347826 2.7717391304347827 2.510869565217391 1.4673913043478262 1.6956521739130435 1.4673913043478262 2.1847826086956523 2.152173913043478 1.3043478260869565 1.3695652173913044 2.902173913043478 1.6630434782608696 1.4021739130434783 1.434782608695652 1.891304347826087 1.6956521739130435 2.739130434782609 2.1847826086956523 2.119565217391304 3.0 1.5326086956521738
1 73.8519984487553 1.8478260869565217 1.673913043478261 0.9782608695652174 1.1304347826086956 0.9782608695652174 1.4565217391304348 1.434782608695652 0.8695652173913043 0.9130434782608695 1.934782608695652 1.108695652173913 0.9347826086956522 0.9565217391304348 1.2608695652173914 1.1304347826086956 1.826086956521739 1.4565217391304348 1.4130434782608696 2.0 1.0217391304347827
2 133.80731610950585 1.8478260869565217 1.673913043478261 0.9782608695652174 1.1304347826086956 0.9782608695652174 1.4565217391304348 1.434782608695652 0.8695652173913043 0.9130434782608695 1.934782608695652 1.108695652173913 0.9347826086956522 0.9565217391304348 1.2608695652173914 1.1304347826086956 1.826086956521739 1.4565217391304348 1.4130434782608696 2.0 1.0217391304347827
3 67.89700674832729 1.8478260869565217 1.673913043478261 0.9782608695652174 1.1304347826086956 0.9782608695652174 1.4565217391304348 1.434782608695652 0.8695652173913043 0.9130434782608695 1.934782608695652 1.108695652173913 0.9347826086956522 0.9565217391304348 1.2608695652173914 1.1304347826086956 1.826086956521739 1.4565217391304348 1.4130434782608696 2.0 1.0217391304347827
4 51.61217236770783 2.7717391304347827 2.510869565217391 1.4673913043478262 1.6956521739130435 1.4673913043478262 2.1847826086956523 2.152173913043478 1.3043478260869565 1.3695652173913044 2.902173913043478 1.6630434782608696 1.4021739130434783 1.434782608695652 1.891304347826087 1.6956521739130435 2.739130434782609 2.1847826086956523 2.119565217391304 3.0 1.5326086956521738
5 123.83585031797908 1.8478260869565217 1.673913043478261 0.9782608695652174 1.1304347826086956 0.9782608695652174 1.4565217391304348 1.434782608695652 0.8695652173913043 0.9130434782608695 1.934782608695652 1.108695652173913 0.9347826086956522 0.9565217391304348 1.2608695652173914 1.1304347826086956 1.826086956521739 1.4565217391304348 1.4130434782608696 2.0 1.0217391304347827
6 98.10596369329343 1.8478260869565217 1.673913043478261 0.9782608695652174 1.1304347826086956 0.9782608695652174 1.4565217391304348 1.434782608695652 0.8695652173913043 0.9130434782608695 1.934782608695652 1.108695652173913 0.9347826086956522 0.9565217391304348 1.2608695652173914 1.1304347826086956 1.826086956521739 1.4565217391304348 1.4130434782608696 2.0 1.0217391304347827
7 32.020681659074356 2.7717391304347827 2.510869565217391 1.4673913043478262 1.6956521739130435 1.4673913043478262 2.1847826086956523 2.152173913043478 1.3043478260869565 1.3695652173913044 2.902173913043478 1.6630434782608696 1.4021739130434783 1.434782608695652 1.891304347826087 1.6956521739130435 2.739130434782609 2.1847826086956523 2.119565217391304 3.0 1.5326086956521738
8 103.01141018649177 1.8478260869565217 1.673913043478261 0.9782608695652174 1.1304347826086956 0.9782608695652174 1.4565217391304348 1.434782608695652 0.8695652173913043 0.9130434782608695 1.934782608695652 1.108695652173913 0.9347826086956522 0.9565217391304348 1.2608695652173914 1.1304347826086956 1.826086956521739 1.4565217391304348 1.4130434782608696 2.0 1.0217391304347827
9 137.74893435685482 1.8478260869565217 1.673913043478261 0.9782608695652174 1.1304347826086956 0.9782608695652174 1.4565217391304348 1.434782608695652 0.8695652173913043 0.9130434782608695 1.934782608695652 1.108695652173913 0.9347826086956522 0.9565217391304348 1.2608695652173914 1.1304347826086956 1.826086956521739 1.4565217391304348 1.4130434782608696 2.0 1.0217391304347827
10 178.0700720346515 2.7717391304347827 2.510869565217391 1.4673913043478262 1.6956521739130435 1.4673913043478262 2.1847826086956523 2.152173913043478 1.3043478260869565 1.3695652173913044 2.902173913043478 1.6630434782608696 1.4021739130434783 1.434782608695652 1.891304347826087 1.6956521739130435 2.739130434782609 2.1847826086956523 2.119565217391304 3.0 1.5326086956521738
11 156.4182546075889 2.7717391304347827 2.510869565217391 1.4673913043478262 1.6956521739130435 1.4673913043478262 2.1847826086956523 2.152173913043478 1.3043478260869565 1.3695652173913044 2.902173913043478 1.6630434782608696 1.4021739130434783 1.434782608695652 1.891304347826087 1.6956521739130435 2.739130434782609 2.1847826086956523 2.119565217391304 3.0 1.5326086956521738
12 79.63571071787887 2.7717391304347827 2.510869565217391 1.4673913043478262 1.6956521739130435 1.4673913043478262 2.1847826086956523 2.152173913043478 1.3043478260869565 1.3695652173913044 2.902173913043478 1.6630434782608696 1.4021739130434783 1.434782608695652 1.891304347826087 1.6956521739130435 2.739130434782609 2.1847826086956523 2.119565217391304 3.0 1.5326086956521738
13 31.6851788199932 1.8478260869565217 1.673913043478261 0.9782608695652174 1.1304347826086956 0.9782608695652174 1.4565217391304348 1.434782608695652 0.8695652173913043 0.9130434782608695 1.934782608695652 1.108695652173913 0.9347826086956522 0.9565217391304348 1.2608695652173914 1.1304347826086956 1.826086956521739 1.4565217391304348 1.4130434782608696 2.0 1.0217391304347827
14 16.214570848519678 2.7717391304347827 2.510869565217391 1.4673913043478262 1.6956521739130435 1.4673913043478262 2.1847826086956523 2.152173913043478 1.3043478260869565 1.3695652173913044 2.902173913043478 1.6630434782608696 1.4021739130434783 1.434782608695652 1.891304347826087 1.6956521739130435 2.739130434782609 2.1847826086956523 2.119565217391304 3.0 1.5326086956521738
15 6.578864585969004 1.8478260869565217 1.673913043478261 0.9782608695652174 1.1304347826086956 0.9782608695652174 1.4565217391304348 1.434782608695652 0.8695652173913043 0.9130434782608695 1.934782608695652 1.108695652173913 0.9347826086956522 0.9565217391304348 1.2608695652173914 1.1304347826086956 1.826086956521739 1.4565217391304348 1.4130434782608696 2.0 1.0217391304347827
16 137.71076904742063 1.8478260869565217 1.673913043478261 0.9782608695652174 1.1304347826086956 0.9782608695652174 1.4565217391304348 1.434782608695652 0.8695652173913043 0.9130434782608695 1.934782608695652 1.108695652173913 0.9347826086956522 0.9565217391304348 1.2608695652173914 1.1304347826086956 1.826086956521739 1.4565217391304348 1.4130434782608696 2.0 1.0217391304347827
17 217.0838292648615 1.8478260869565217 1.673913043478261 0.9782608695652174 1.1304347826086956 0.9782608695652174 1.4565217391304348 1.434782608695652 0.8695652173913043 0.9130434782608695 1.934782608695652 1.108695652173913 0.9347826086956522 0.9565217391304348 1.2608695652173914 1.1304347826086956 1.826086956521739 1.4565217391304348 1.4130434782608696 2.0 1.0217391304347827
18 41.73478442642725 1.8478260869565217 1.673913043478261 0.9782608695652174 1.1304347826086956 0.9782608695652174 1.4565217391304348 1.434782608695652 0.8695652173913043 0.9130434782608695 1.934782608695652 1.108695652173913 0.9347826086956522 0.9565217391304348 1.2608695652173914 1.1304347826086956 1.826086956521739 1.4565217391304348 1.4130434782608696 2.0 1.0217391304347827
19 89.82086546359518 1.8478260869565217 1.673913043478261 0.9782608695652174 1.1304347826086956 0.9782608695652174 1.4565217391304348 1.434782608695652 0.8695652173913043 0.9130434782608695 1.934782608695652 1.108695652173913 0.9347826086956522 0.9565217391304348 1.2608695652173914 1.1304347826086956 1.826086956521739 1.4565217391304348 1.4130434782608696 2.0 1.0217391304347827
20 106.64540110231887 2.7717391304347827 2.510869565217391 1.4673913043478262 1.6956521739130435 1.4673913043478262 2.1847826086956523 2.152173913043478 1.3043478260869565 1.3695652173913044 2.902173913043478 1.6630434782608696 1.4021739130434783 1.434782608695652 1.891304347826087 1.6956521739130435 2.739130434782609 2.1847826086956523 2.119565217391304 3.0 1.5326086956521738
21 138.76140238269144 2.7717391304347827 2.510869565217391 1.4673913043478262 1.6956521739130435 1.4673913043478262 2.1847826086956523 2.152173913043478 1.3043478260869565 1.3695652173913044 2.902173913043478 1.6630434782608696 1.4021739130434783 1.434782608695652 1.891304347826087 1.6956521739130435 2.739130434782609 2.1847826086956523 2.119565217391304 3.0 1.5326086956521738
22 95.3799289022748 1.8478260869565217 1.673913043478261 0.9782608695652174 1.1304347826086956 0.9782608695652174 1.4565217391304348 1.434782608695652 0.8695652173913043 0.9130434782608695 1.934782608695652 1.108695652173913 0.9347826086956522 0.9565217391304348 1.2608695652173914 1.1304347826086956 1.826086956521739 1.4565217391304348 1.4130434782608696 2.0 1.0217391304347827
23 92.50539119004969 1.8478260869565217 1.673913043478261 0.9782608695652174 1.1304347826086956 0.9782608695652174 1.4565217391304348 1.434782608695652 0.8695652173913043 0.9130434782608695 1.934782608695652 1.108695652173913 0.9347826086956522 0.9565217391304348 1.2608695652173914 1.1304347826086956 1.826086956521739 1.4565217391304348 1.4130434782608696 2.0 1.0217391304347827
24 86.67614234618807 2.7717391304347827 2.510869565217391 1.4673913043478262 1.6956521739130435 1.4673913043478262 2.1847826086956523 2.152173913043478 1.3043478260869565 1.3695652173913044 2.902173913043478 1.6630434782608696 1.4021739130434783 1.434782608695652 1.891304347826087 1.6956521739130435 2.739130434782609 2.1847826086956523 2.119565217391304 3.0 1.5326086956521738
25 63.21356940971205 1.8478260869565217 1.673913043478261 0.9782608695652174 1.1304347826086956 0.9782608695652174 1.4565217391304348 1.434782608695652 0.8695652173913043 0.9130434782608695 1.934782608695652 1.108695652173913 0.9347826086956522 0.9565217391304348 1.2608695652173914 1.1304347826086956 1.826086956521739 1.4565217391304348 1.4130434782608696 2.0 1.0217391304347827
26 53.1966712016207 1.8478260869565217 1.673913043478261 0.9782608695652174 1.1304347826086956 0.9782608695652174 1.4565217391304348 1.434782608695652 0.8695652173913043 0.9130434782608695 1.934782608695652 1.108695652173913 0.9347826086956522 0.9565217391304348 1.2608695652173914 1.1304347826086956 1.826086956521739 1.4565217391304348 1.4130434782608696 2.0 1.0217391304347827
27 36.77207533582705 1.8478260869565217 1.673913043478261 0.9782608695652174 1.1304347826086956 0.9782608695652174 1.4565217391304348 1.434782608695652 0.8695652173913043 0.9130434782608695 1.934782608695652 1.108695652173913 0.9347826086956522 0.9565217391304348 1.2608695652173914 1.1304347826086956 1.826086956521739 1.4565217391304348 1.4130434782608696 2.0 1.0217391304347827
28 27.59924830968696 1.8478260869565217 1.673913043478261 0.9782608695652174 1.1304347826086956 0.9782608695652174 1.4565217391304348 1.434782608695652 0.8695652173913043 0.9130434782608695 1.934782608695652 1.108695652173913 0.9347826086956522 0.9565217391304348 1.2608695652173914 1.1304347826086956 1.826086956521739 1.4565217391304348 1.4130434782608696 2.0 1.0217391304347827
29 107.73512938002914 1.8478260869565217 1.673913043478261 0.9782608695652174 1.1304347826086956 0.9782608695652174 1.4565217391304348 1.434782608695652 0.8695652173913043 0.9130434782608695 1.934782608695652 1.108695652173913 0.9347826086956522 0.9565217391304348 1.2608695652173914 1.1304347826086956 1.826086956521739 1.4565217391304348 1.4130434782608696 2.0 1.0217391304347827
30 187.35427579946364 1.8478260869565217 1.673913043478261 0.9782608695652174 1.1304347826086956 0.9782608695652174 1.4565217391304348 1.434782608695652 0.8695652173913043 0.9130434782608695 1.934782608695652 1.108695652173913 0.9347826086956522 0.9565217391304348 1.2608695652173914 1.1304347826086956 1.826086956521739 1.4565217391304348 1.4130434782608696 2.0 1.0217391304347827
31 60.54052366844917 2.7717391304347827 2.510869565217391 1.4673913043478262 1.6956521739130435 1.4673913043478262 2.1847826086956523 2.152173913043478 1.3043478260869565 1.3695652173913044 2.902173913043478 1.6630434782608696 1.4021739130434783 1.434782608695652 1.891304347826087 1.6956521739130435 2.739130434782609 2.1847826086956523 2.119565217391304 3.0 1.5326086956521738
32 114.21435298901996 1.8478260869565217 1.673913043478261 0.9782608695652174 1.1304347826086956 0.9782608695652174 1.4565217391304348 1.434782608695652 0.8695652173913043 0.9130434782608695 1.934782608695652 1.108695652173913 0.9347826086956522 0.9565217391304348 1.2608695652173914 1.1304347826086956 1.826086956521739 1.4565217391304348 1.4130434782608696 2.0 1.0217391304347827
33 43.74334841488116 1.8478260869565217 1.673913043478261 0.9782608695652174 1.1304347826086956 0.9782608695652174 1.4565217391304348 1.434782608695652 0.8695652173913043 0.9130434782608695 1.934782608695652 1.108695652173913 0.9347826086956522 0.9565217391304348 1.2608695652173914 1.1304347826086956 1.826086956521739 1.4565217391304348 1.4130434782608696 2.0 1.0217391304347827
34 114.25498101062533 1.8478260869565217 1.673913043478261 0.9782608695652174 1.1304347826086956 0.9782608695652174 1.4565217391304348 1.434782608695652 0.8695652173913043 0.9130434782608695 1.934782608695652 1.108695652173913 0.9347826086956522 0.9565217391304348 1.2608695652173914 1.1304347826086956 1.826086956521739 1.4565217391304348 1.4130434782608696 2.0 1.0217391304347827
35 70.1262887266873 2.7717391304347827 2.510869565217391 1.4673913043478262 1.6956521739130435 1.4673913043478262 2.1847826086956523 2.152173913043478 1.3043478260869565 1.3695652173913044 2.902173913043478 1.6630434782608696 1.4021739130434783 1.434782608695652 1.891304347826087 1.6956521739130435 2.739130434782609 2.1847826086956523 2.119565217391304 3.0 1.5326086956521738
36 17.918446182617707 2.7717391304347827 2.510869565217391 1.4673913043478262 1.6956521739130435 1.4673913043478262 2.1847826086956523 2.152173913043478 1.3043478260869565 1.3695652173913044 2.902173913043478 1.6630434782608696 1.4021739130434783 1.434782608695652 1.891304347826087 1.6956521739130435 2.739130434782609 2.1847826086956523 2.119565217391304 3.0 1.5326086956521738
37 303.0 1.8478260869565217 1.673913043478261 0.9782608695652174 1.1304347826086956 0.9782608695652174 1.4565217391304348 1.434782608695652 0.8695652173913043 0.9130434782608695 1.934782608695652 1.108695652173913 0.9347826086956522 0.9565217391304348 1.2608695652173914 1.1304347826086956 1.826086956521739 1.4565217391304348 1.4130434782608696 2.0 1.0217391304347827
38 16.599696990162375 2.7717391304347827 2.510869565217391 1.4673913043478262 1.6956521739130435 1.4673913043478262 2.1847826086956523 2.152173913043478 1.3043478260869565 1.3695652173913044 2.902173913043478 1.6630434782608696 1.4021739130434783 1.434782608695652 1.891304347826087 1.6956521739130435 2.739130434782609 2.1847826086956523 2.119565217391304 3.0 1.5326086956521738
39 79.2189711645017 2.7717391304347827 2.510869565217391 1.4673913043478262 1.6956521739130435 1.4673913043478262 2.1847826086956523 2.152173913043478 1.3043478260869565 1.3695652173913044 2.902173913043478 1.6630434782608696 1.4021739130434783 1.434782608695652 1.891304347826087 1.6956521739130435 2.739130434782609 2.1847826086956523 2.119565217391304 3.0 1.5326086956521738
40 183.72592047649692 2.7717391304347827 2.510869565217391 1.4673913043478262 1.6956521739130435 1.4673913043478262 2.1847826086956523 2.152173913043478 1.3043478260869565 1.3695652173913044 2.902173913043478 1.6630434782608696 1.4021739130434783 1.434782608695652 1.891304347826087 1.6956521739130435 2.739130434782609 2.1847826086956523 2.119565217391304 3.0 1.5326086956521738
41 203.87129167182565 2.7717391304347827 2.510869565217391 1.4673913043478262 1.6956521739130435 1.4673913043478262 2.1847826086956523 2.152173913043478 1.3043478260869565 1.3695652173913044 2.902173913043478 1.6630434782608696 1.4021739130434783 1.434782608695652 1.891304347826087 1.6956521739130435 2.739130434782609 2.1847826086956523 2.119565217391304 3.0 1.5326086956521738
42 171.3928151098693 1.8478260869565217 1.673913043478261 0.9782608695652174 1.1304347826086956 0.9782608695652174 1.4565217391304348 1.434782608695652 0.8695652173913043 0.9130434782608695 1.934782608695652 1.108695652173913 0.9347826086956522 0.9565217391304348 1.2608695652173914 1.1304347826086956 1.826086956521739 1.4565217391304348 1.4130434782608696 2.0 1.0217391304347827
43 52.55950250357092 1.8478260869565217 1.673913043478261 0.9782608695652174 1.1304347826086956 0.9782608695652174 1.4565217391304348 1.434782608695652 0.8695652173913043 0.9130434782608695 1.934782608695652 1.108695652173913 0.9347826086956522 0.9565217391304348 1.2608695652173914 1.1304347826086956 1.826086956521739 1.4565217391304348 1.4130434782608696 2.0 1.0217391304347827
44 32.84470035181239 2.7717391304347827 2.510869565217391 1.4673913043478262 1.6956521739130435 1.4673913043478262 2.1847826086956523 2.152173913043478 1.3043478260869565 1.3695652173913044 2.902173913043478 1.6630434782608696 1.4021739130434783 1.434782608695652 1.891304347826087 1.6956521739130435 2.739130434782609 2.1847826086956523 2.119565217391304 3.0 1.5326086956521738
45 37.47229660729967 2.7717391304347827 2.510869565217391 1.4673913043478262 1.6956521739130435 1.4673913043478262 2.1847826086956523 2.152173913043478 1.3043478260869565 1.3695652173913044 2.902173913043478 1.6630434782608696 1.4021739130434783 1.434782608695652 1.891304347826087 1.6956521739130435 2.739130434782609 2.1847826086956523 2.119565217391304 3.0 1.5326086956521738
46 88.33590106227844 2.7717391304347827 2.510869565217391 1.4673913043478262 1.6956521739130435 1.4673913043478262 2.1847826086956523 2.152173913043478 1.3043478260869565 1.3695652173913044 2.902173913043478 1.6630434782608696 1.4021739130434783 1.434782608695652 1.891304347826087 1.6956521739130435 2.739130434782609 2.1847826086956523 2.119565217391304 3.0 1.5326086956521738
47 173.2712098273482 2.7717391304347827 2.510869565217391 1.4673913043478262 1.6956521739130435 1.4673913043478262 2.1847826086956523 2.152173913043478 1.3043478260869565 1.3695652173913044 2.902173913043478 1.6630434782608696 1.4021739130434783 1.434782608695652 1.891304347826087 1.6956521739130435 2.739130434782609 2.1847826086956523 2.119565217391304 3.0 1.5326086956521738
48 106.22998291761135 2.7717391304347827 2.510869565217391 1.4673913043478262 1.6956521739130435 1.4673913043478262 2.1847826086956523 2.152173913043478 1.3043478260869565 1.3695652173913044 2.902173913043478 1.6630434782608696 1.4021739130434783 1.434782608695652 1.891304347826087 1.6956521739130435 2.739130434782609 2.1847826086956523 2.119565217391304 3.0 1.5326086956521738
49 166.04511257702035 2.7717391304347827 2.510869565217391 1.4673913043478262 1.6956521739130435 1.4673913043478262 2.1847826086956523 2.152173913043478 1.3043478260869565 1.3695652173913044 2.902173913043478 1.6630434782608696 1.4021739130434783 1.434782608695652 1.891304347826087 1.6956521739130435 2.739130434782609 2.1847826086956523 2.119565217391304 3.0 1.5326086956521738
50 94.48659803000511 1.8478260869565217 1.673913043478261 0.9782608695652174 1.1304347826086956 0.9782608695652174 1.4565217391304348 1.434782608695652 0.8695652173913043 0.9130434782608695 1.934782608695652 1.108695652173913 0.9347826086956522 0.9565217391304348 1.2608695652173914 1.1304347826086956 1.826086956521739 1.4565217391304348 1.4130434782608696 2.0 1.0217391304347827
51 176.51156703967004 2.7717391304347827 2.510869565217391 1.4673913043478262 1.6956521739130435 1.4673913043478262 2.1847826086956523 2.152173913043478 1.3043478260869565 1.3695652173913044 2.902173913043478 1.6630434782608696 1.4021739130434783 1.434782608695652 1.891304347826087 1.6956521739130435 2.739130434782609 2.1847826086956523 2.119565217391304 3.0 1.5326086956521738
52 37.261705341672126 1.8478260869565217 1.673913043478261 0.9782608695652174 1.1304347826086956 0.9782608695652174 1.4565217391304348 1.434782608695652 0.8695652173913043 0.9130434782608695 1.934782608695652 1.108695652173913 0.9347826086956522 0.9565217391304348 1.2608695652173914 1.1304347826086956 1.826086956521739 1.4565217391304348 1.4130434782608696 2.0 1.0217391304347827
53 10.055372741375981 2.7717391304347827 2.510869565217391 1.4673913043478262 1.6956521739130435 1.4673913043478262 2.1847826086956523 2.152173913043478 1.3043478260869565 1.3695652173913044 2.902173913043478 1.6630434782608696 1.4021739130434783 1.434782608695652 1.891304347826087 1.6956521739130435 2.739130434782609 2.1847826086956523 2.119565217391304 3.0 1.5326086956521738
54 29.197501830108518 1.8478260869565217 1.673913043478261 0.9782608695652174 1.1304347826086956 0.9782608695652174 1.4565217391304348 1.434782608695652 0.8695652173913043 0.9130434782608695 1.934782608695652 1.108695652173913 0.9347826086956522 0.9565217391304348 1.2608695652173914 1.1304347826086956 1.826086956521739 1.4565217391304348 1.4130434782608696 2.0 1.0217391304347827
55 84.21514645231348 2.7717391304347827 2.510869565217391 1.4673913043478262 1.6956521739130435 1.4673913043478262 2.1847826086956523 2.152173913043478 1.3043478260869565 1.3695652173913044 2.902173913043478 1.6630434782608696 1.4021739130434783 1.434782608695652 1.891304347826087 1.6956521739130435 2.739130434782609 2.1847826086956523 2.119565217391304 3.0 1.5326086956521738
56 29.691908014783746 2.7717391304347827 2.510869565217391 1.4673913043478262 1.6956521739130435 1.4673913043478262 2.1847826086956523 2.152173913043478 1.3043478260869565 1.3695652173913044 2.902173913043478 1.6630434782608696 1.4021739130434783 1.434782608695652 1.891304347826087 1.6956521739130435 2.739130434782609 2.1847826086956523 2.119565217391304 3.0 1.5326086956521738
57 155.86413829111697 1.8478260869565217 1.673913043478261 0.9782608695652174 1.1304347826086956 0.9782608695652174 1.4565217391304348 1.434782608695652 0.8695652173913043 0.9130434782608695 1.934782608695652 1.108695652173913 0.9347826086956522 0.9565217391304348 1.2608695652173914 1.1304347826086956 1.826086956521739 1.4565217391304348 1.4130434782608696 2.0 1.0217391304347827
58 69.80972506979057 2.7717391304347827 2.510869565217391 1.4673913043478262 1.6956521739130435 1.4673913043478262 2.1847826086956523 2.152173913043478 1.3043478260869565 1.3695652173913044 2.902173913043478 1.6630434782608696 1.4021739130434783 1.434782608695652 1.891304347826087 1.6956521739130435 2.739130434782609 2.1847826086956523 2.119565217391304 3.0 1.5326086956521738
59 95.49845766470986 2.7717391304347827 2.510869565217391 1.4673913043478262 1.6956521739130435 1.4673913043478262 2.1847826086956523 2.152173913043478 1.3043478260869565 1.3695652173913044 2.902173913043478 1.6630434782608696 1.4021739130434783 1.434782608695652 1.891304347826087 1.6956521739130435 2.739130434782609 2.1847826086956523 2.119565217391304 3.0 1.5326086956521738
60 71.23038259300273 1.8478260869565217 1.673913043478261 0.9782608695652174 1.1304347826086956 0.9782608695652174 1.4565217391304348 1.434782608695652 0.8695652173913043 0.9130434782608695 1.934782608695652 1.108695652173913 0.9347826086956522 0.9565217391304348 1.2608695652173914 1.1304347826086956 1.826086956521739 1.4565217391304348 1.4130434782608696 2.0 1.0217391304347827
61 93.73046593409077 1.8478260869565217 1.673913043478261 0.9782608695652174 1.1304347826086956 0.9782608695652174 1.4565217391304348 1.434782608695652 0.8695652173913043 0.9130434782608695 1.934782608695652 1.108695652173913 0.9347826086956522 0.9565217391304348 1.2608695652173914 1.1304347826086956 1.826086956521739 1.4565217391304348 1.4130434782608696 2.0 1.0217391304347827
62 31.537742440447314 2.7717391304347827 2.510869565217391 1.4673913043478262 1.6956521739130435 1.4673913043478262 2.1847826086956523 2.152173913043478 1.3043478260869565 1.3695652173913044 2.902173913043478 1.6630434782608696 1.4021739130434783 1.434782608695652 1.891304347826087 1.6956521739130435 2.739130434782609 2.1847826086956523 2.119565217391304 3.0 1.5326086956521738
63 69.69293096363411 2.7717391304347827 2.510869565217391 1.4673913043478262 1.6956521739130435 1.4673913043478262 2.1847826086956523 2.152173913043478 1.3043478260869565 1.3695652173913044 2.902173913043478 1.6630434782608696 1.4021739130434783 1.434782608695652 1.891304347826087 1.6956521739130435 2.739130434782609 2.1847826086956523 2.119565217391304 3.0 1.5326086956521738
64 20.13104316276233 2.7717391304347827 2.510869565217391 1.4673913043478262 1.6956521739130435 1.4673913043478262 2.1847826086956523 2.152173913043478 1.3043478260869565 1.3695652173913044 2.902173913043478 1.6630434782608696 1.4021739130434783 1.434782608695652 1.891304347826087 1.6956521739130435 2.739130434782609 2.1847826086956523 2.119565217391304 3.0 1.5326086956521738
65 47.19562937634326 1.8478260869565217 1.673913043478261 0.9782608695652174 1.1304347826086956 0.9782608695652174 1.4565217391304348 1.434782608695652 0.8695652173913043 0.9130434782608695 1.934782608695652 1.108695652173913 0.9347826086956522 0.9565217391304348 1.2608695652173914 1.1304347826086956 1.826086956521739 1.4565217391304348 1.4130434782608696 2.0 1.0217391304347827
66 31.625407361864845 1.8478260869565217 1.673913043478261 0.9782608695652174 1.1304347826086956 0.9782608695652174 1.4565217391304348 1.434782608695652 0.8695652173913043 0.9130434782608695 1.934782608695652 1.108695652173913 0.9347826086956522 0.9565217391304348 1.2608695652173914 1.1304347826086956 1.826086956521739 1.4565217391304348 1.4130434782608696 2.0 1.0217391304347827
67 100.28768527626247 2.7717391304347827 2.510869565217391 1.4673913043478262 1.6956521739130435 1.4673913043478262 2.1847826086956523 2.152173913043478 1.3043478260869565 1.3695652173913044 2.902173913043478 1.6630434782608696 1.4021739130434783 1.434782608695652 1.891304347826087 1.6956521739130435 2.739130434782609 2.1847826086956523 2.119565217391304 3.0 1.5326086956521738
68 93.25865171187868 1.8478260869565217 1.673913043478261 0.9782608695652174 1.1304347826086956 0.9782608695652174 1.4565217391304348 1.434782608695652 0.8695652173913043 0.9130434782608695 1.934782608695652 1.108695652173913 0.9347826086956522 0.9565217391304348 1.2608695652173914 1.1304347826086956 1.826086956521739 1.4565217391304348 1.4130434782608696 2.0 1.0217391304347827
69 26.00671519490618 2.7717391304347827 2.510869565217391 1.4673913043478262 1.6956521739130435 1.4673913043478262 2.1847826086956523 2.152173913043478 1.3043478260869565 1.3695652173913044 2.902173913043478 1.6630434782608696 1.4021739130434783 1.434782608695652 1.891304347826087 1.6956521739130435 2.739130434782609 2.1847826086956523 2.119565217391304 3.0 1.5326086956521738
70 9.53488927151312 1.8478260869565217 1.673913043478261 0.9782608695652174 1.1304347826086956 0.9782608695652174 1.4565217391304348 1.434782608695652 0.8695652173913043 0.9130434782608695 1.934782608695652 1.108695652173913 0.9347826086956522 0.9565217391304348 1.2608695652173914 1.1304347826086956 1.826086956521739 1.4565217391304348 1.4130434782608696 2.0 1.0217391304347827
71 108.24833675153332 1.8478260869565217 1.673913043478261 0.9782608695652174 1.1304347826086956 0.9782608695652174 1.4565217391304348 1.434782608695652 0.8695652173913043 0.9130434782608695 1.934782608695652 1.108695652173913 0.9347826086956522 0.9565217391304348 1.2608695652173914 1.1304347826086956 1.826086956521739 1.4565217391304348 1.4130434782608696 2.0 1.0217391304347827
72 5.468772172537865 1.8478260869565217 1.673913043478261 0.9782608695652174 1.1304347826086956 0.9782608695652174 1.4565217391304348 1.434782608695652 0.8695652173913043 0.9130434782608695 1.934782608695652 1.108695652173913 0.9347826086956522 0.9565217391304348 1.2608695652173914 1.1304347826086956 1.826086956521739 1.4565217391304348 1.4130434782608696 2.0 1.0217391304347827
73 88.48088893718325 1.8478260869565217 1.673913043478261 0.9782608695652174 1.1304347826086956 0.9782608695652174 1.4565217391304348 1.434782608695652 0.8695652173913043 0.9130434782608695 1.934782608695652 1.108695652173913 0.9347826086956522 0.9565217391304348 1.2608695652173914 1.1304347826086956 1.826086956521739 1.4565217391304348 1.4130434782608696 2.0 1.0217391304347827
74 122.52067392026873 2.7717391304347827 2.510869565217391 1.4673913043478262 1.6956521739130435 1.4673913043478262 2.1847826086956523 2.152173913043478 1.3043478260869565 1.3695652173913044 2.902173913043478 1.6630434782608696 1.4021739130434783 1.434782608695652 1.891304347826087 1.6956521739130435 2.739130434782609 2.1847826086956523 2.119565217391304 3.0 1.5326086956521738
75 115.47463429211089 2.7717391304347827 2.510869565217391 1.4673913043478262 1.6956521739130435 1.4673913043478262 2.1847826086956523 2.152173913043478 1.3043478260869565 1.3695652173913044 2.902173913043478 1.6630434782608696 1.4021739130434783 1.434782608695652 1.891304347826087 1.6956521739130435 2.739130434782609 2.1847826086956523 2.119565217391304 3.0 1.5326086956521738
76 166.0 1.8478260869565217 1.673913043478261 0.9782608695652174 1.1304347826086956 0.9782608695652174 1.4565217391304348 1.434782608695652 0.8695652173913043 0.9130434782608695 1.934782608695652 1.108695652173913 0.9347826086956522 0.9565217391304348 1.2608695652173914 1.1304347826086956 1.826086956521739 1.4565217391304348 1.4130434782608696 2.0 1.0217391304347827
77 2.734737370235142 1.8478260869565217 1.673913043478261 0.9782608695652174 1.1304347826086956 0.9782608695652174 1.4565217391304348 1.434782608695652 0.8695652173913043 0.9130434782608695 1.934782608695652 1.108695652173913 0.9347826086956522 0.9565217391304348 1.2608695652173914 1.1304347826086956 1.826086956521739 1.4565217391304348 1.4130434782608696 2.0 1.0217391304347827
78 22.4877109459403 2.7717391304347827 2.510869565217391 1.4673913043478262 1.6956521739130435 1.4673913043478262 2.1847826086956523 2.152173913043478 1.3043478260869565 1.3695652173913044 2.902173913043478 1.6630434782608696 1.4021739130434783 1.434782608695652 1.891304347826087 1.6956521739130435 2.739130434782609 2.1847826086956523 2.119565217391304 3.0 1.5326086956521738
79 90.04950492375377 1.8478260869565217 1.673913043478261 0.9782608695652174 1.1304347826086956 0.9782608695652174 1.4565217391304348 1.434782608695652 0.8695652173913043 0.9130434782608695 1.934782608695652 1.108695652173913 0.9347826086956522 0.9565217391304348 1.2608695652173914 1.1304347826086956 1.826086956521739 1.4565217391304348 1.4130434782608696 2.0 1.0217391304347827
80 34.01058235435322 1.8478260869565217 1.673913043478261 0.9782608695652174 1.1304347826086956 0.9782608695652174 1.4565217391304348 1.434782608695652 0.8695652173913043 0.9130434782608695 1.934782608695652 1.108695652173913 0.9347826086956522 0.9565217391304348 1.2608695652173914 1.1304347826086956 1.826086956521739 1.4565217391304348 1.4130434782608696 2.0 1.0217391304347827
81 58.70348533724525 2.7717391304347827 2.510869565217391 1.4673913043478262 1.6956521739130435 1.4673913043478262 2.1847826086956523 2.152173913043478 1.3043478260869565 1.3695652173913044 2.902173913043478 1.6630434782608696 1.4021739130434783 1.434782608695652 1.891304347826087 1.6956521739130435 2.739130434782609 2.1847826086956523 2.119565217391304 3.0 1.5326086956521738
82 215.64772400419142 2.7717391304347827 2.510869565217391 1.4673913043478262 1.6956521739130435 1.4673913043478262 2.1847826086956523 2.152173913043478 1.3043478260869565 1.3695652173913044 2.902173913043478 1.6630434782608696 1.4021739130434783 1.434782608695652 1.891304347826087 1.6956521739130435 2.739130434782609 2.1847826086956523 2.119565217391304 3.0 1.5326086956521738
83 88.06200157490066 2.7717391304347827 2.510869565217391 1.4673913043478262 1.6956521739130435 1.4673913043478262 2.1847826086956523 2.152173913043478 1.3043478260869565 1.3695652173913044 2.902173913043478 1.6630434782608696 1.4021739130434783 1.434782608695652 1.891304347826087 1.6956521739130435 2.739130434782609 2.1847826086956523 2.119565217391304 3.0 1.5326086956521738
84 155.35329875991016 2.7717391304347827 2.510869565217391 1.4673913043478262 1.6956521739130435 1.4673913043478262 2.1847826086956523 2.152173913043478 1.3043478260869565 1.3695652173913044 2.902173913043478 1.6630434782608696 1.4021739130434783 1.434782608695652 1.891304347826087 1.6956521739130435 2.739130434782609 2.1847826086956523 2.119565217391304 3.0 1.5326086956521738
85 8.714919033274965 1.8478260869565217 1.673913043478261 0.9782608695652174 1.1304347826086956 0.9782608695652174 1.4565217391304348 1.434782608695652 0.8695652173913043 0.9130434782608695 1.934782608695652 1.108695652173913 0.9347826086956522 0.9565217391304348 1.2608695652173914 1.1304347826086956 1.826086956521739 1.4565217391304348 1.4130434782608696 2.0 1.0217391304347827
86 16.780517123279807 2.7717391304347827 2.510869565217391 1.4673913043478262 1.6956521739130435 1.4673913043478262 2.1847826086956523 2.152173913043478 1.3043478260869565 1.3695652173913044 2.902173913043478 1.6630434782608696 1.4021739130434783 1.434782608695652 1.891304347826087 1.6956521739130435 2.739130434782609 2.1847826086956523 2.119565217391304 3.0 1.5326086956521738
87 3.8428620877987374 2.7717391304347827 2.510869565217391 1.4673913043478262 1.6956521739130435 1.4673913043478262 2.1847826086956523 2.152173913043478 1.3043478260869565 1.3695652173913044 2.902173913043478 1.6630434782608696 1.4021739130434783 1.434782608695652 1.891304347826087 1.6956521739130435 2.739130434782609 2.1847826086956523 2.119565217391304 3.0 1.5326086956521738
88 72.16043399592691 1.8478260869565217 1.673913043478261 0.9782608695652174 1.1304347826086956 0.9782608695652174 1.4565217391304348 1.434782608695652 0.8695652173913043 0.9130434782608695 1.934782608695652 1.108695652173913 0.9347826086956522 0.9565217391304348 1.2608695652173914 1.1304347826086956 1.826086956521739 1.4565217391304348 1.4130434782608696 2.0 1.0217391304347827
89 20.711860330736755 1.8478260869565217 1.673913043478261 0.9782608695652174 1.1304347826086956 0.9782608695652174 1.4565217391304348 1.434782608695652 0.8695652173913043 0.9130434782608695 1.934782608695652 1.108695652173913 0.9347826086956522 0.9565217391304348 1.2608695652173914 1.1304347826086956 1.826086956521739 1.4565217391304348 1.4130434782608696 2.0 1.0217391304347827
90 3.258743824786059 2.7717391304347827 2.510869565217391 1.4673913043478262 1.6956521739130435 1.4673913043478262 2.1847826086956523 2.152173913043478 1.3043478260869565 1.3695652173913044 2.902173913043478 1.6630434782608696 1.4021739130434783 1.434782608695652 1.891304347826087 1.6956521739130435 2.739130434782609 2.1847826086956523 2.119565217391304 3.0 1.5326086956521738
91 70.48036404389651 1.8478260869565217 1.673913043478261 0.9782608695652174 1.1304347826086956 0.9782608695652174 1.4565217391304348 1.434782608695652 0.8695652173913043 0.9130434782608695 1.934782608695652 1.108695652173913 0.9347826086956522 0.9565217391304348 1.2608695652173914 1.1304347826086956 1.826086956521739 1.4565217391304348 1.4130434782608696 2.0 1.0217391304347827
92 22.241060805379917 1.8478260869565217 1.673913043478261 0.9782608695652174 1.1304347826086956 0.9782608695652174 1.4565217391304348 1.434782608695652 0.8695652173913043 0.9130434782608695 1.934782608695652 1.108695652173913 0.9347826086956522 0.9565217391304348 1.2608695652173914 1.1304347826086956 1.826086956521739 1.4565217391304348 1.4130434782608696 2.0 1.0217391304347827
93 71.30107243800582 1.8478260869565217 1.673913043478261 0.9782608695652174 1.1304347826086956 0.9782608695652174 1.4565217391304348 1.434782608695652 0.8695652173913043 0.9130434782608695 1.934782608695652 1.108695652173913 0.9347826086956522 0.9565217391304348 1.2608695652173914 1.1304347826086956 1.826086956521739 1.4565217391304348 1.4130434782608696 2.0 1.0217391304347827
94 129.8843146247726 1.8478260869565217 1.673913043478261 0.9782608695652174 1.1304347826086956 0.9782608695652174 1.4565217391304348 1.434782608695652 0.8695652173913043 0.9130434782608695 1.934782608695652 1.108695652173913 0.9347826086956522 0.9565217391304348 1.2608695652173914 1.1304347826086956 1.826086956521739 1.4565217391304348 1.4130434782608696 2.0 1.0217391304347827
95 53.22374996101046 1.8478260869565217 1.673913043478261 0.9782608695652174 1.1304347826086956 0.9782608695652174 1.4565217391304348 1.434782608695652 0.8695652173913043 0.9130434782608695 1.934782608695652 1.108695652173913 0.9347826086956522 0.9565217391304348 1.2608695652173914 1.1304347826086956 1.826086956521739 1.4565217391304348 1.4130434782608696 2.0 1.0217391304347827
96 206.86496317748532 1.8478260869565217 1.673913043478261 0.9782608695652174 1.1304347826086956 0.9782608695652174 1.4565217391304348 1.434782608695652 0.8695652173913043 0.9130434782608695 1.934782608695652 1.108695652173913 0.9347826086956522 0.9565217391304348 1.2608695652173914 1.1304347826086956 1.826086956521739 1.4565217391304348 1.4130434782608696 2.0 1.0217391304347827
97 83.19212311840263 2.7717391304347827 2.510869565217391 1.4673913043478262 1.6956521739130435 1.4673913043478262 2.1847826086956523 2.152173913043478 1.3043478260869565 1.3695652173913044 2.902173913043478 1.6630434782608696 1.4021739130434783 1.434782608695652 1.891304347826087 1.6956521739130435 2.739130434782609 2.1847826086956523 2.119565217391304 3.0 1.5326086956521738
98 171.06307453029154 2.7717391304347827 2.510869565217391 1.4673913043478262 1.6956521739130435 1.4673913043478262 2.1847826086956523 2.152173913043478 1.3043478260869565 1.3695652173913044 2.902173913043478 1.6630434782608696 1.4021739130434783 1.434782608695652 1.891304347826087 1.6956521739130435 2.739130434782609 2.1847826086956523 2.119565217391304 3.0 1.5326086956521738
99 158.51551092518795 1.8478260869565217 1.673913043478261 0.9782608695652174 1.1304347826086956 0.9782608695652174 1.4565217391304348 1.434782608695652 0.8695652173913043 0.9130434782608695 1.934782608695652 1.108695652173913 0.9347826086956522 0.9565217391304348 1.2608695652173914 1.1304347826086956 1.826086956521739 1.4565217391304348 1.4130434782608696 2.0 1.0217391304347827
100 104.5483210304543 1.8478260869565217 1.673913043478261 0.9782608695652174 1.1304347826086956 0.9782608695652174 1.4565217391304348 1.434782608695652 0.8695652173913043 0.9130434782608695 1.934782608695652 1.108695652173913 0.9347826086956522 0.9565217391304348 1.2608695652173914 1.1304347826086956 1.826086956521739 1.4565217391304348 1.4130434782608696 2.0 1.0217391304347827
101 94.25596390266101 1.8478260869565217 1.673913043478261 0.9782608695652174 1.1304347826086956 0.9782608695652174 1.4565217391304348 1.434782608695652 0.8695652173913043 0.9130434782608695 1.934782608695652 1.108695652173913 0.9347826086956522 0.9565217391304348 1.2608695652173914 1.1304347826086956 1.826086956521739 1.4565217391304348 1.4130434782608696 2.0 1.0217391304347827
102 68.97677276868484 2.7717391304347827 2.510869565217391 1.4673913043478262 1.6956521739130435 1.4673913043478262 2.1847826086956523 2.152173913043478 1.3043478260869565 1.3695652173913044 2.902173913043478 1.6630434782608696 1.4021739130434783 1.434782608695652 1.891304347826087 1.6956521739130435 2.739130434782609 2.1847826086956523 2.119565217391304 3.0 1.5326086956521738
103 116.09523685336165 2.7717391304347827 2.510869565217391 1.4673913043478262 1.6956521739130435 1.4673913043478262 2.1847826086956523 2.152173913043478 1.3043478260869565 1.3695652173913044 2.902173913043478 1.6630434782608696 1.4021739130434783 1.434782608695652 1.891304347826087 1.6956521739130435 2.739130434782609 2.1847826086956523 2.119565217391304 3.0 1.5326086956521738
104 94.21553002234688 2.7717391304347827 2.510869565217391 1.4673913043478262 1.6956521739130435 1.4673913043478262 2.1847826086956523 2.152173913043478 1.3043478260869565 1.3695652173913044 2.902173913043478 1.6630434782608696 1.4021739130434783 1.434782608695652 1.891304347826087 1.6956521739130435 2.739130434782609 2.1847826086956523 2.119565217391304 3.0 1.5326086956521738
105 36.86367639495352 1.8478260869565217 1.673913043478261 0.9782608695652174 1.1304347826086956 0.9782608695652174 1.4565217391304348 1.434782608695652 0.8695652173913043 0.9130434782608695 1.934782608695652 1.108695652173913 0.9347826086956522 0.9565217391304348 1.2608695652173914 1.1304347826086956 1.826086956521739 1.4565217391304348 1.4130434782608696 2.0 1.0217391304347827
106 39.095146908664674 2.7717391304347827 2.510869565217391 1.4673913043478262 1.6956521739130435 1.4673913043478262 2.1847826086956523 2.152173913043478 1.3043478260869565 1.3695652173913044 2.902173913043478 1.6630434782608696 1.4021739130434783 1.434782608695652 1.891304347826087 1.6956521739130435 2.739130434782609 2.1847826086956523 2.119565217391304 3.0 1.5326086956521738
107 141.0324063239326 2.7717391304347827 2.510869565217391 1.4673913043478262 1.6956521739130435 1.4673913043478262 2.1847826086956523 2.152173913043478 1.3043478260869565 1.3695652173913044 2.902173913043478 1.6630434782608696 1.4021739130434783 1.434782608695652 1.891304347826087 1.6956521739130435 2.739130434782609 2.1847826086956523 2.119565217391304 3.0 1.5326086956521738
108 25.241497518515796 1.8478260869565217 1.673913043478261 0.9782608695652174 1.1304347826086956 0.9782608695652174 1.4565217391304348 1.434782608695652 0.8695652173913043 0.9130434782608695 1.934782608695652 1.108695652173913 0.9347826086956522 0.9565217391304348 1.2608695652173914 1.1304347826086956 1.826086956521739 1.4565217391304348 1.4130434782608696 2.0 1.0217391304347827
109 51.9314041864937 2.7717391304347827 2.510869565217391 1.4673913043478262 1.6956521739130435 1.4673913043478262 2.1847826086956523 2.152173913043478 1.3043478260869565 1.3695652173913044 2.902173913043478 1.6630434782608696 1.4021739130434783 1.434782608695652 1.891304347826087 1.6956521739130435 2.739130434782609 2.1847826086956523 2.119565217391304 3.0 1.5326086956521738
110 27.758011828287266 1.8478260869565217 1.673913043478261 0.9782608695652174 1.1304347826086956 0.9782608695652174 1.4565217391304348 1.434782608695652 0.8695652173913043 0.9130434782608695 1.934782608695652 1.108695652173913 0.9347826086956522 0.9565217391304348 1.2608695652173914 1.1304347826086956 1.826086956521739 1.4565217391304348 1.4130434782608696 2.0 1.0217391304347827
111 63.29494768854566 2.7717391304347827 2.510869565217391 1.4673913043478262 1.6956521739130435 1.4673913043478262 2.1847826086956523 2.152173913043478 1.3043478260869565 1.3695652173913044 2.902173913043478 1.6630434782608696 1.4021739130434783 1.434782608695652 1.891304347826087 1.6956521739130435 2.739130434782609 2.1847826086956523 2.119565217391304 3.0 1.5326086956521738
112 128.27332976330192 1.8478260869565217 1.673913043478261 0.9782608695652174 1.1304347826086956 0.9782608695652174 1.4565217391304348 1.434782608695652 0.8695652173913043 0.9130434782608695 1.934782608695652 1.108695652173913 0.9347826086956522 0.9565217391304348 1.2608695652173914 1.1304347826086956 1.826086956521739 1.4565217391304348 1.4130434782608696 2.0 1.0217391304347827
113 43.74502164151991 2.7717391304347827 2.510869565217391 1.4673913043478262 1.6956521739130435 1.4673913043478262 2.1847826086956523 2.152173913043478 1.3043478260869565 1.3695652173913044 2.902173913043478 1.6630434782608696 1.4021739130434783 1.434782608695652 1.891304347826087 1.6956521739130435 2.739130434782609 2.1847826086956523 2.119565217391304 3.0 1.5326086956521738
114 95.81284424751834 1.8478260869565217 1.673913043478261 0.9782608695652174 1.1304347826086956 0.9782608695652174 1.4565217391304348 1.434782608695652 0.8695652173913043 0.9130434782608695 1.934782608695652 1.108695652173913 0.9347826086956522 0.9565217391304348 1.2608695652173914 1.1304347826086956 1.826086956521739 1.4565217391304348 1.4130434782608696 2.0 1.0217391304347827
115 64.1812751437736 2.7717391304347827 2.510869565217391 1.4673913043478262 1.6956521739130435 1.4673913043478262 2.1847826086956523 2.152173913043478 1.3043478260869565 1.3695652173913044 2.902173913043478 1.6630434782608696 1.4021739130434783 1.434782608695652 1.891304347826087 1.6956521739130435 2.739130434782609 2.1847826086956523 2.119565217391304 3.0 1.5326086956521738
116 52.66821880937139 1.8478260869565217 1.673913043478261 0.9782608695652174 1.1304347826086956 0.9782608695652174 1.4565217391304348 1.434782608695652 0.8695652173913043 0.9130434782608695 1.934782608695652 1.108695652173913 0.9347826086956522 0.9565217391304348 1.2608695652173914 1.1304347826086956 1.826086956521739 1.4565217391304348 1.4130434782608696 2.0 1.0217391304347827
117 259.14322178551765 1.8478260869565217 1.673913043478261 0.9782608695652174 1.1304347826086956 0.9782608695652174 1.4565217391304348 1.434782608695652 0.8695652173913043 0.9130434782608695 1.934782608695652 1.108695652173913 0.9347826086956522 0.9565217391304348 1.2608695652173914 1.1304347826086956 1.826086956521739 1.4565217391304348 1.4130434782608696 2.0 1.0217391304347827
118 0.9861494250690299 2.7717391304347827 2.510869565217391 1.4673913043478262 1.6956521739130435 1.4673913043478262 2.1847826086956523 2.152173913043478 1.3043478260869565 1.3695652173913044 2.902173913043478 1.6630434782608696 1.4021739130434783 1.434782608695652 1.891304347826087 1.6956521739130435 2.739130434782609 2.1847826086956523 2.119565217391304 3.0 1.5326086956521738
119 119.35227926661777 2.7717391304347827 2.510869565217391 1.4673913043478262 1.6956521739130435 1.4673913043478262 2.1847826086956523 2.152173913043478 1.3043478260869565 1.3695652173913044 2.902173913043478 1.6630434782608696 1.4021739130434783 1.434782608695652 1.891304347826087 1.6956521739130435 2.739130434782609 2.1847826086956523 2.119565217391304 3.0 1.5326086956521738
120 18.98208037376586 2.7717391304347827 2.510869565217391 1.4673913043478262 1.6956521739130435 1.4673913043478262 2.1847826086956523 2.152173913043478 1.3043478260869565 1.3695652173913044 2.902173913043478 1.6630434782608696 1.4021739130434783 1.434782608695652 1.891304347826087 1.6956521739130435 2.739130434782609 2.1847826086956523 2.119565217391304 3.0 1.5326086956521738
121 77.06174055795557 2.7717391304347827 2.510869565217391 1.4673913043478262 1.6956521739130435 1.4673913043478262 2.1847826086956523 2.152173913043478 1.3043478260869565 1.3695652173913044 2.902173913043478 1.6630434782608696 1.4021739130434783 1.434782608695652 1.891304347826087 1.6956521739130435 2.739130434782609 2.1847826086956523 2.119565217391304 3.0 1.5326086956521738
122 178.75109667568404 1.8478260869565217 1.673913043478261 0.9782608695652174 1.1304347826086956 0.9782608695652174 1.4565217391304348 1.434782608695652 0.8695652173913043 0.9130434782608695 1.934782608695652 1.108695652173913 0.9347826086956522 0.9565217391304348 1.2608695652173914 1.1304347826086956 1.826086956521739 1.4565217391304348 1.4130434782608696 2.0 1.0217391304347827
123 26.887847321102406 2.7717391304347827 2.510869565217391 1.4673913043478262 1.6956521739130435 1.4673913043478262 2.1847826086956523 2.152173913043478 1.3043478260869565 1.3695652173913044 2.902173913043478 1.6630434782608696 1.4021739130434783 1.434782608695652 1.891304347826087 1.6956521739130435 2.739130434782609 2.1847826086956523 2.119565217391304 3.0 1.5326086956521738
124 51.90696819586842 1.8478260869565217 1.673913043478261 0.9782608695652174 1.1304347826086956 0.9782608695652174 1.4565217391304348 1.434782608695652 0.8695652173913043 0.9130434782608695 1.934782608695652 1.108695652173913 0.9347826086956522 0.9565217391304348 1.2608695652173914 1.1304347826086956 1.826086956521739 1.4565217391304348 1.4130434782608696 2.0 1.0217391304347827
125 266.0 2.7717391304347827 2.510869565217391 1.4673913043478262 1.6956521739130435 1.4673913043478262 2.1847826086956523 2.152173913043478 1.3043478260869565 1.3695652173913044 2.902173913043478 1.6630434782608696 1.4021739130434783 1.434782608695652 1.891304347826087 1.6956521739130435 2.739130434782609 2.1847826086956523 2.119565217391304 3.0 1.5326086956521738
126 125.66322013849172 2.7717391304347827 2.510869565217391 1.4673913043478262 1.6956521739130435 1.4673913043478262 2.1847826086956523 2.152173913043478 1.3043478260869565 1.3695652173913044 2.902173913043478 1.6630434782608696 1.4021739130434783 1.434782608695652 1.891304347826087 1.6956521739130435 2.739130434782609 2.1847826086956523 2.119565217391304 3.0 1.5326086956521738
127 163.53631631531616 1.8478260869565217 1.673913043478261 0.9782608695652174 1.1304347826086956 0.9782608695652174 1.4565217391304348 1.434782608695652 0.8695652173913043 0.9130434782608695 1.934782608695652 1.108695652173913 0.9347826086956522 0.9565217391304348 1.2608695652173914 1.1304347826086956 1.826086956521739 1.4565217391304348 1.4130434782608696 2.0 1.0217391304347827
128 133.35152446839248 2.7717391304347827 2.510869565217391 1.4673913043478262 1.6956521739130435 1.4673913043478262 2.1847826086956523 2.152173913043478 1.3043478260869565 1.3695652173913044 2.902173913043478 1.6630434782608696 1.4021739130434783 1.434782608695652 1.891304347826087 1.6956521739130435 2.739130434782609 2.1847826086956523 2.119565217391304 3.0 1.5326086956521738
129 5.297266923864174 2.7717391304347827 2.510869565217391 1.4673913043478262 1.6956521739130435 1.4673913043478262 2.1847826086956523 2.152173913043478 1.3043478260869565 1.3695652173913044 2.902173913043478 1.6630434782608696 1.4021739130434783 1.434782608695652 1.891304347826087 1.6956521739130435 2.739130434782609 2.1847826086956523 2.119565217391304 3.0 1.5326086956521738
130 79.92531245194776 2.7717391304347827 2.510869565217391 1.4673913043478262 1.6956521739130435 1.4673913043478262 2.1847826086956523 2.152173913043478 1.3043478260869565 1.3695652173913044 2.902173913043478 1.6630434782608696 1.4021739130434783 1.434782608695652 1.891304347826087 1.6956521739130435 2.739130434782609 2.1847826086956523 2.119565217391304 3.0 1.5326086956521738
131 18.005823037100743 1.8478260869565217 1.673913043478261 0.9782608695652174 1.1304347826086956 0.9782608695652174 1.4565217391304348 1.434782608695652 0.8695652173913043 0.9130434782608695 1.934782608695652 1.108695652173913 0.9347826086956522 0.9565217391304348 1.2608695652173914 1.1304347826086956 1.826086956521739 1.4565217391304348 1.4130434782608696 2.0 1.0217391304347827
132 23.462279306161427 1.8478260869565217 1.673913043478261 0.9782608695652174 1.1304347826086956 0.9782608695652174 1.4565217391304348 1.434782608695652 0.8695652173913043 0.9130434782608695 1.934782608695652 1.108695652173913 0.9347826086956522 0.9565217391304348 1.2608695652173914 1.1304347826086956 1.826086956521739 1.4565217391304348 1.4130434782608696 2.0 1.0217391304347827
133 111.95641124174821 2.7717391304347827 2.510869565217391 1.4673913043478262 1.6956521739130435 1.4673913043478262 2.1847826086956523 2.152173913043478 1.3043478260869565 1.3695652173913044 2.902173913043478 1.6630434782608696 1.4021739130434783 1.434782608695652 1.891304347826087 1.6956521739130435 2.739130434782609 2.1847826086956523 2.119565217391304 3.0 1.5326086956521738
134 126.87242791856961 1.8478260869565217 1.673913043478261 0.9782608695652174 1.1304347826086956 0.9782608695652174 1.4565217391304348 1.434782608695652 0.8695652173913043 0.9130434782608695 1.934782608695652 1.108695652173913 0.9347826086956522 0.9565217391304348 1.2608695652173914 1.1304347826086956 1.826086956521739 1.4565217391304348 1.4130434782608696 2.0 1.0217391304347827
135 100.8109456408842 2.7717391304347827 2.510869565217391 1.4673913043478262 1.6956521739130435 1.4673913043478262 2.1847826086956523 2.152173913043478 1.3043478260869565 1.3695652173913044 2.902173913043478 1.6630434782608696 1.4021739130434783 1.434782608695652 1.891304347826087 1.6956521739130435 2.739130434782609 2.1847826086956523 2.119565217391304 3.0 1.5326086956521738
136 59.67970163952741 2.7717391304347827 2.510869565217391 1.4673913043478262 1.6956521739130435 1.4673913043478262 2.1847826086956523 2.152173913043478 1.3043478260869565 1.3695652173913044 2.902173913043478 1.6630434782608696 1.4021739130434783 1.434782608695652 1.891304347826087 1.6956521739130435 2.739130434782609 2.1847826086956523 2.119565217391304 3.0 1.5326086956521738
137 44.894040974503646 1.8478260869565217 1.673913043478261 0.9782608695652174 1.1304347826086956 0.9782608695652174 1.4565217391304348 1.434782608695652 0.8695652173913043 0.9130434782608695 1.934782608695652 1.108695652173913 0.9347826086956522 0.9565217391304348 1.2608695652173914 1.1304347826086956 1.826086956521739 1.4565217391304348 1.4130434782608696 2.0 1.0217391304347827
138 46.90331694496267 2.7717391304347827 2.510869565217391 1.4673913043478262 1.6956521739130435 1.4673913043478262 2.1847826086956523 2.152173913043478 1.3043478260869565 1.3695652173913044 2.902173913043478 1.6630434782608696 1.4021739130434783 1.434782608695652 1.891304347826087 1.6956521739130435 2.739130434782609 2.1847826086956523 2.119565217391304 3.0 1.5326086956521738
139 97.29735991173597 2.7717391304347827 2.510869565217391 1.4673913043478262 1.6956521739130435 1.4673913043478262 2.1847826086956523 2.152173913043478 1.3043478260869565 1.3695652173913044 2.902173913043478 1.6630434782608696 1.4021739130434783 1.434782608695652 1.891304347826087 1.6956521739130435 2.739130434782609 2.1847826086956523 2.119565217391304 3.0 1.5326086956521738
140 83.77828662492155 1.8478260869565217 1.673913043478261 0.9782608695652174 1.1304347826086956 0.9782608695652174 1.4565217391304348 1.434782608695652 0.8695652173913043 0.9130434782608695 1.934782608695652 1.108695652173913 0.9347826086956522 0.9565217391304348 1.2608695652173914 1.1304347826086956 1.826086956521739 1.4565217391304348 1.4130434782608696 2.0 1.0217391304347827
141 44.68476538390621 1.8478260869565217 1.673913043478261 0.9782608695652174 1.1304347826086956 0.9782608695652174 1.4565217391304348 1.434782608695652 0.8695652173913043 0.9130434782608695 1.934782608695652 1.108695652173913 0.9347826086956522 0.9565217391304348 1.2608695652173914 1.1304347826086956 1.826086956521739 1.4565217391304348 1.4130434782608696 2.0 1.0217391304347827
142 148.00472252170735 2.7717391304347827 2.510869565217391 1.4673913043478262 1.6956521739130435 1.4673913043478262 2.1847826086956523 2.152173913043478 1.3043478260869565 1.3695652173913044 2.902173913043478 1.6630434782608696 1.4021739130434783 1.434782608695652 1.891304347826087 1.6956521739130435 2.739130434782609 2.1847826086956523 2.119565217391304 3.0 1.5326086956521738
143 109.32606575869056 1.8478260869565217 1.673913043478261 0.9782608695652174 1.1304347826086956 0.9782608695652174 1.4565217391304348 1.434782608695652 0.8695652173913043 0.9130434782608695 1.934782608695652 1.108695652173913 0.9347826086956522 0.9565217391304348 1.2608695652173914 1.1304347826086956 1.826086956521739 1.4565217391304348 1.4130434782608696 2.0 1.0217391304347827
144 9.262489512240819 2.7717391304347827 2.510869565217391 1.4673913043478262 1.6956521739130435 1.4673913043478262 2.1847826086956523 2.152173913043478 1.3043478260869565 1.3695652173913044 2.902173913043478 1.6630434782608696 1.4021739130434783 1.434782608695652 1.891304347826087 1.6956521739130435 2.739130434782609 2.1847826086956523 2.119565217391304 3.0 1.5326086956521738
145 23.64434468822405 1.8478260869565217 1.673913043478261 0.9782608695652174 1.1304347826086956 0.9782608695652174 1.4565217391304348 1.434782608695652 0.8695652173913043 0.9130434782608695 1.934782608695652 1.108695652173913 0.9347826086956522 0.9565217391304348 1.2608695652173914 1.1304347826086956 1.826086956521739 1.4565217391304348 1.4130434782608696 2.0 1.0217391304347827
146 158.59191466204032 2.7717391304347827 2.510869565217391 1.4673913043478262 1.6956521739130435 1.4673913043478262 2.1847826086956523 2.152173913043478 1.3043478260869565 1.3695652173913044 2.902173913043478 1.6630434782608696 1.4021739130434783 1.434782608695652 1.891304347826087 1.6956521739130435 2.739130434782609 2.1847826086956523 2.119565217391304 3.0 1.5326086956521738
147 206.71006965575177 2.7717391304347827 2.510869565217391 1.4673913043478262 1.6956521739130435 1.4673913043478262 2.1847826086956523 2.152173913043478 1.3043478260869565 1.3695652173913044 2.902173913043478 1.6630434782608696 1.4021739130434783 1.434782608695652 1.891304347826087 1.6956521739130435 2.739130434782609 2.1847826086956523 2.119565217391304 3.0 1.5326086956521738
148 103.46005607534606 2.7717391304347827 2.510869565217391 1.4673913043478262 1.6956521739130435 1.4673913043478262 2.1847826086956523 2.152173913043478 1.3043478260869565 1.3695652173913044 2.902173913043478 1.6630434782608696 1.4021739130434783 1.434782608695652 1.891304347826087 1.6956521739130435 2.739130434782609 2.1847826086956523 2.119565217391304 3.0 1.5326086956521738
149 84.09564670292258 2.7717391304347827 2.510869565217391 1.4673913043478262 1.6956521739130435 1.4673913043478262 2.1847826086956523 2.152173913043478 1.3043478260869565 1.3695652173913044 2.902173913043478 1.6630434782608696 1.4021739130434783 1.434782608695652 1.891304347826087 1.6956521739130435 2.739130434782609 2.1847826086956523 2.119565217391304 3.0 1.5326086956521738
150 16.004828944102172 1.8478260869565217 1.673913043478261 0.9782608695652174 1.1304347826086956 0.9782608695652174 1.4565217391304348 1.434782608695652 0.8695652173913043 0.9130434782608695 1.934782608695652 1.108695652173913 0.9347826086956522 0.9565217391304348 1.2608695652173914 1.1304347826086956 1.826086956521739 1.4565217391304348 1.4130434782608696 2.0 1.0217391304347827
151 141.928959224835 1.8478260869565217 1.673913043478261 0.9782608695652174 1.1304347826086956 0.9782608695652174 1.4565217391304348 1.434782608695652 0.8695652173913043 0.9130434782608695 1.934782608695652 1.108695652173913 0.9347826086956522 0.9565217391304348 1.2608695652173914 1.1304347826086956 1.826086956521739 1.4565217391304348 1.4130434782608696 2.0 1.0217391304347827
152 109.71484671687841 2.7717391304347827 2.510869565217391 1.4673913043478262 1.6956521739130435 1.4673913043478262 2.1847826086956523 2.152173913043478 1.3043478260869565 1.3695652173913044 2.902173913043478 1.6630434782608696 1.4021739130434783 1.434782608695652 1.891304347826087 1.6956521739130435 2.739130434782609 2.1847826086956523 2.119565217391304 3.0 1.5326086956521738
153 73.13449767654848 2.7717391304347827 2.510869565217391 1.4673913043478262 1.6956521739130435 1.4673913043478262 2.1847826086956523 2.152173913043478 1.3043478260869565 1.3695652173913044 2.902173913043478 1.6630434782608696 1.4021739130434783 1.434782608695652 1.891304347826087 1.6956521739130435 2.739130434782609 2.1847826086956523 2.119565217391304 3.0 1.5326086956521738
154 114.49662644364307 1.8478260869565217 1.673913043478261 0.9782608695652174 1.1304347826086956 0.9782608695652174 1.4565217391304348 1.434782608695652 0.8695652173913043 0.9130434782608695 1.934782608695652 1.108695652173913 0.9347826086956522 0.9565217391304348 1.2608695652173914 1.1304347826086956 1.826086956521739 1.4565217391304348 1.4130434782608696 2.0 1.0217391304347827
155 56.304427829144146 2.7717391304347827 2.510869565217391 1.4673913043478262 1.6956521739130435 1.4673913043478262 2.1847826086956523 2.152173913043478 1.3043478260869565 1.3695652173913044 2.902173913043478 1.6630434782608696 1.4021739130434783 1.434782608695652 1.891304347826087 1.6956521739130435 2.739130434782609 2.1847826086956523 2.119565217391304 3.0 1.5326086956521738
156 59.196931930068565 2.7717391304347827 2.510869565217391 1.4673913043478262 1.6956521739130435 1.4673913043478262 2.1847826086956523 2.152173913043478 1.3043478260869565 1.3695652173913044 2.902173913043478 1.6630434782608696 1.4021739130434783 1.434782608695652 1.891304347826087 1.6956521739130435 2.739130434782609 2.1847826086956523 2.119565217391304 3.0 1.5326086956521738
157 104.25728791353771 1.8478260869565217 1.673913043478261 0.9782608695652174 1.1304347826086956 0.9782608695652174 1.4565217391304348 1.434782608695652 0.8695652173913043 0.9130434782608695 1.934782608695652 1.108695652173913 0.9347826086956522 0.9565217391304348 1.2608695652173914 1.1304347826086956 1.826086956521739 1.4565217391304348 1.4130434782608696 2.0 1.0217391304347827
158 16.131809447098902 2.7717391304347827 2.510869565217391 1.4673913043478262 1.6956521739130435 1.4673913043478262 2.1847826086956523 2.152173913043478 1.3043478260869565 1.3695652173913044 2.902173913043478 1.6630434782608696 1.4021739130434783 1.434782608695652 1.891304347826087 1.6956521739130435 2.739130434782609 2.1847826086956523 2.119565217391304 3.0 1.5326086956521738
159 84.87964449065339 1.8478260869565217 1.673913043478261 0.9782608695652174 1.1304347826086956 0.9782608695652174 1.4565217391304348 1.434782608695652 0.8695652173913043 0.9130434782608695 1.934782608695652 1.108695652173913 0.9347826086956522 0.9565217391304348 1.2608695652173914 1.1304347826086956 1.826086956521739 1.4565217391304348 1.4130434782608696 2.0 1.0217391304347827
160 150.49464783639442 2.7717391304347827 2.510869565217391 1.4673913043478262 1.6956521739130435 1.4673913043478262 2.1847826086956523 2.152173913043478 1.3043478260869565 1.3695652173913044 2.902173913043478 1.6630434782608696 1.4021739130434783 1.434782608695652 1.891304347826087 1.6956521739130435 2.739130434782609 2.1847826086956523 2.119565217391304 3.0 1.5326086956521738
161 28.91265677448653 2.7717391304347827 2.510869565217391 1.4673913043478262 1.6956521739130435 1.4673913043478262 2.1847826086956523 2.152173913043478 1.3043478260869565 1.3695652173913044 2.902173913043478 1.6630434782608696 1.4021739130434783 1.434782608695652 1.891304347826087 1.6956521739130435 2.739130434782609 2.1847826086956523 2.119565217391304 3.0 1.5326086956521738
162 134.37268165530034 2.7717391304347827 2.510869565217391 1.4673913043478262 1.6956521739130435 1.4673913043478262 2.1847826086956523 2.152173913043478 1.3043478260869565 1.3695652173913044 2.902173913043478 1.6630434782608696 1.4021739130434783 1.434782608695652 1.891304347826087 1.6956521739130435 2.739130434782609 2.1847826086956523 2.119565217391304 3.0 1.5326086956521738
163 7.010220807011198 2.7717391304347827 2.510869565217391 1.4673913043478262 1.6956521739130435 1.4673913043478262 2.1847826086956523 2.152173913043478 1.3043478260869565 1.3695652173913044 2.902173913043478 1.6630434782608696 1.4021739130434783 1.434782608695652 1.891304347826087 1.6956521739130435 2.739130434782609 2.1847826086956523 2.119565217391304 3.0 1.5326086956521738
164 104.70837053952573 1.8478260869565217 1.673913043478261 0.9782608695652174 1.1304347826086956 0.9782608695652174 1.4565217391304348 1.434782608695652 0.8695652173913043 0.9130434782608695 1.934782608695652 1.108695652173913 0.9347826086956522 0.9565217391304348 1.2608695652173914 1.1304347826086956 1.826086956521739 1.4565217391304348 1.4130434782608696 2.0 1.0217391304347827
165 76.77981090958579 2.7717391304347827 2.510869565217391 1.4673913043478262 1.6956521739130435 1.4673913043478262 2.1847826086956523 2.152173913043478 1.3043478260869565 1.3695652173913044 2.902173913043478 1.6630434782608696 1.4021739130434783 1.434782608695652 1.891304347826087 1.6956521739130435 2.739130434782609 2.1847826086956523 2.119565217391304 3.0 1.5326086956521738
166 7.069208961203322 1.8478260869565217 1.673913043478261 0.9782608695652174 1.1304347826086956 0.9782608695652174 1.4565217391304348 1.434782608695652 0.8695652173913043 0.9130434782608695 1.934782608695652 1.108695652173913 0.9347826086956522 0.9565217391304348 1.2608695652173914 1.1304347826086956 1.826086956521739 1.4565217391304348 1.4130434782608696 2.0 1.0217391304347827
167 143.6474584368815 1.8478260869565217 1.673913043478261 0.9782608695652174 1.1304347826086956 0.9782608695652174 1.4565217391304348 1.434782608695652 0.8695652173913043 0.9130434782608695 1.934782608695652 1.108695652173913 0.9347826086956522 0.9565217391304348 1.2608695652173914 1.1304347826086956 1.826086956521739 1.4565217391304348 1.4130434782608696 2.0 1.0217391304347827
168 170.98118074444488 2.7717391304347827 2.510869565217391 1.4673913043478262 1.6956521739130435 1.4673913043478262 2.1847826086956523 2.152173913043478 1.3043478260869565 1.3695652173913044 2.902173913043478 1.6630434782608696 1.4021739130434783 1.434782608695652 1.891304347826087 1.6956521739130435 2.739130434782609 2.1847826086956523 2.119565217391304 3.0 1.5326086956521738
169 181.87954859935226 1.8478260869565217 1.673913043478261 0.9782608695652174 1.1304347826086956 0.9782608695652174 1.4565217391304348 1.434782608695652 0.8695652173913043 0.9130434782608695 1.934782608695652 1.108695652173913 0.9347826086956522 0.9565217391304348 1.2608695652173914 1.1304347826086956 1.826086956521739 1.4565217391304348 1.4130434782608696 2.0 1.0217391304347827
170 163.51660353851958 2.7717391304347827 2.510869565217391 1.4673913043478262 1.6956521739130435 1.4673913043478262 2.1847826086956523 2.152173913043478 1.3043478260869565 1.3695652173913044 2.902173913043478 1.6630434782608696 1.4021739130434783 1.434782608695652 1.891304347826087 1.6956521739130435 2.739130434782609 2.1847826086956523 2.119565217391304 3.0 1.5326086956521738
171 238.93405022179763 1.8478260869565217 1.673913043478261 0.9782608695652174 1.1304347826086956 0.9782608695652174 1.4565217391304348 1.434782608695652 0.8695652173913043 0.9130434782608695 1.934782608695652 1.108695652173913 0.9347826086956522 0.9565217391304348 1.2608695652173914 1.1304347826086956 1.826086956521739 1.4565217391304348 1.4130434782608696 2.0 1.0217391304347827
172 22.335608269237692 2.7717391304347827 2.510869565217391 1.4673913043478262 1.6956521739130435 1.4673913043478262 2.1847826086956523 2.152173913043478 1.3043478260869565 1.3695652173913044 2.902173913043478 1.6630434782608696 1.4021739130434783 1.434782608695652 1.891304347826087 1.6956521739130435 2.739130434782609 2.1847826086956523 2.119565217391304 3.0 1.5326086956521738
173 4.37681047321786 1.8478260869565217 1.673913043478261 0.9782608695652174 1.1304347826086956 0.9782608695652174 1.4565217391304348 1.434782608695652 0.8695652173913043 0.9130434782608695 1.934782608695652 1.108695652173913 0.9347826086956522 0.9565217391304348 1.2608695652173914 1.1304347826086956 1.826086956521739 1.4565217391304348 1.4130434782608696 2.0 1.0217391304347827
174 55.722348781959795 2.7717391304347827 2.510869565217391 1.4673913043478262 1.6956521739130435 1.4673913043478262 2.1847826086956523 2.152173913043478 1.3043478260869565 1.3695652173913044 2.902173913043478 1.6630434782608696 1.4021739130434783 1.434782608695652 1.891304347826087 1.6956521739130435 2.739130434782609 2.1847826086956523 2.119565217391304 3.0 1.5326086956521738
175 108.8726109775488 2.7717391304347827 2.510869565217391 1.4673913043478262 1.6956521739130435 1.4673913043478262 2.1847826086956523 2.152173913043478 1.3043478260869565 1.3695652173913044 2.902173913043478 1.6630434782608696 1.4021739130434783 1.434782608695652 1.891304347826087 1.6956521739130435 2.739130434782609 2.1847826086956523 2.119565217391304 3.0 1.5326086956521738
176 73.72169908779216 2.7717391304347827 2.510869565217391 1.4673913043478262 1.6956521739130435 1.4673913043478262 2.1847826086956523 2.152173913043478 1.3043478260869565 1.3695652173913044 2.902173913043478 1.6630434782608696 1.4021739130434783 1.434782608695652 1.891304347826087 1.6956521739130435 2.739130434782609 2.1847826086956523 2.119565217391304 3.0 1.5326086956521738
177 337.0 2.7717391304347827 2.510869565217391 1.4673913043478262 1.6956521739130435 1.4673913043478262 2.1847826086956523 2.152173913043478 1.3043478260869565 1.3695652173913044 2.902173913043478 1.6630434782608696 1.4021739130434783 1.434782608695652 1.891304347826087 1.6956521739130435 2.739130434782609 2.1847826086956523 2.119565217391304 3.0 1.5326086956521738
178 80.12761542965534 1.8478260869565217 1.673913043478261 0.9782608695652174 1.1304347826086956 0.9782608695652174 1.4565217391304348 1.434782608695652 0.8695652173913043 0.9130434782608695 1.934782608695652 1.108695652173913 0.9347826086956522 0.9565217391304348 1.2608695652173914 1.1304347826086956 1.826086956521739 1.4565217391304348 1.4130434782608696 2.0 1.0217391304347827
179 49.39422528326176 2.7717391304347827 2.510869565217391 1.4673913043478262 1.6956521739130435 1.4673913043478262 2.1847826086956523 2.152173913043478 1.3043478260869565 1.3695652173913044 2.902173913043478 1.6630434782608696 1.4021739130434783 1.434782608695652 1.891304347826087 1.6956521739130435 2.739130434782609 2.1847826086956523 2.119565217391304 3.0 1.5326086956521738
180 76.80432859069153 1.8478260869565217 1.673913043478261 0.9782608695652174 1.1304347826086956 0.9782608695652174 1.4565217391304348 1.434782608695652 0.8695652173913043 0.9130434782608695 1.934782608695652 1.108695652173913 0.9347826086956522 0.9565217391304348 1.2608695652173914 1.1304347826086956 1.826086956521739 1.4565217391304348 1.4130434782608696 2.0 1.0217391304347827
181 50.93411199313761 1.8478260869565217 1.673913043478261 0.9782608695652174 1.1304347826086956 0.9782608695652174 1.4565217391304348 1.434782608695652 0.8695652173913043 0.9130434782608695 1.934782608695652 1.108695652173913 0.9347826086956522 0.9565217391304348 1.2608695652173914 1.1304347826086956 1.826086956521739 1.4565217391304348 1.4130434782608696 2.0 1.0217391304347827
182 116.57925444942202 2.7717391304347827 2.510869565217391 1.4673913043478262 1.6956521739130435 1.4673913043478262 2.1847826086956523 2.152173913043478 1.3043478260869565 1.3695652173913044 2.902173913043478 1.6630434782608696 1.4021739130434783 1.434782608695652 1.891304347826087 1.6956521739130435 2.739130434782609 2.1847826086956523 2.119565217391304 3.0 1.5326086956521738
183 116.24393702758444 1.8478260869565217 1.673913043478261 0.9782608695652174 1.1304347826086956 0.9782608695652174 1.4565217391304348 1.434782608695652 0.8695652173913043 0.9130434782608695 1.934782608695652 1.108695652173913 0.9347826086956522 0.9565217391304348 1.2608695652173914 1.1304347826086956 1.826086956521739 1.4565217391304348 1.4130434782608696 2.0 1.0217391304347827
184 110.89789779685589 2.7717391304347827 2.510869565217391 1.4673913043478262 1.6956521739130435 1.4673913043478262 2.1847826086956523 2.152173913043478 1.3043478260869565 1.3695652173913044 2.902173913043478 1.6630434782608696 1.4021739130434783 1.434782608695652 1.891304347826087 1.6956521739130435 2.739130434782609 2.1847826086956523 2.119565217391304 3.0 1.5326086956521738
185 60.45958316126543 2.7717391304347827 2.510869565217391 1.4673913043478262 1.6956521739130435 1.4673913043478262 2.1847826086956523 2.152173913043478 1.3043478260869565 1.3695652173913044 2.902173913043478 1.6630434782608696 1.4021739130434783 1.434782608695652 1.891304347826087 1.6956521739130435 2.739130434782609 2.1847826086956523 2.119565217391304 3.0 1.5326086956521738
186 101.67767507988029 2.7717391304347827 2.510869565217391 1.4673913043478262 1.6956521739130435 1.4673913043478262 2.1847826086956523 2.152173913043478 1.3043478260869565 1.3695652173913044 2.902173913043478 1.6630434782608696 1.4021739130434783 1.434782608695652 1.891304347826087 1.6956521739130435 2.739130434782609 2.1847826086956523 2.119565217391304 3.0 1.5326086956521738
187 129.70598942606242 1.8478260869565217 1.673913043478261 0.9782608695652174 1.1304347826086956 0.9782608695652174 1.4565217391304348 1.434782608695652 0.8695652173913043 0.9130434782608695 1.934782608695652 1.108695652173913 0.9347826086956522 0.9565217391304348 1.2608695652173914 1.1304347826086956 1.826086956521739 1.4565217391304348 1.4130434782608696 2.0 1.0217391304347827
188 20.95914024972579 1.8478260869565217 1.673913043478261 0.9782608695652174 1.1304347826086956 0.9782608695652174 1.4565217391304348 1.434782608695652 0.8695652173913043 0.9130434782608695 1.934782608695652 1.108695652173913 0.9347826086956522 0.9565217391304348 1.2608695652173914 1.1304347826086956 1.826086956521739 1.4565217391304348 1.4130434782608696 2.0 1.0217391304347827
189 22.901917387099527 2.7717391304347827 2.510869565217391 1.4673913043478262 1.6956521739130435 1.4673913043478262 2.1847826086956523 2.152173913043478 1.3043478260869565 1.3695652173913044 2.902173913043478 1.6630434782608696 1.4021739130434783 1.434782608695652 1.891304347826087 1.6956521739130435 2.739130434782609 2.1847826086956523 2.119565217391304 3.0 1.5326086956521738
