120 20
TREE NETWORK (nID nID Weight):
10 0 41
27 10 33
100 0 48
82 100 59
14 10 31
40 0 37
107 10 45
79 82 32
57 14 50
70 10 58
96 100 47
112 96 30
44 96 52
50 0 46
90 82 59
68 79 47
106 10 54
8 14 54
95 96 49
3 112 47
22 112 49
31 44 36
20 3 46
33 70 42
26 90 38
73 96 39
116 96 52
9 22 39
43 107 41
102 44 34
37 3 59
75 27 44
39 20 34
48 70 30
21 31 52
62 73 44
12 26 50
117 100 49
23 37 44
13 23 43
72 9 42
52 12 32
61 72 36
54 14 53
45 3 38
18 52 59
16 82 56
32 95 39
17 14 48
63 0 39
28 107 49
41 39 46
67 102 37
77 32 58
111 48 59
86 41 56
7 43 51
88 79 59
56 33 54
108 72 49
119 102 41
35 16 38
84 44 42
94 79 47
36 108 45
83 28 39
15 22 38
2 56 30
49 23 49
53 16 36
64 61 51
24 14 54
105 44 34
65 88 45
109 20 43
1 83 55
46 40 44
104 94 54
6 18 37
89 48 31
30 53 44
103 46 59
113 21 45
78 40 50
42 105 32
93 108 37
76 82 39
11 17 42
59 3 44
97 72 35
114 62 33
55 56 46
34 77 30
98 54 54
85 104 41
29 18 46
101 1 48
91 43 56
118 59 33
69 43 47
110 90 54
47 27 59
60 79 55
71 46 40
74 101 36
80 75 48
58 76 37
115 28 34
81 104 30
38 9 54
99 76 41
4 49 44
51 58 30
92 84 41
25 80 58
19 9 45
5 24 46
66 21 48
87 57 49
PROGRAMS ASSIGNED TO NODES (nID pID1 pID2 ...):
0 1 2 3 4 5 6 7 8 9 10 11 12 13 14 15 16 17 18 19 20
1 2 6 11 13 15
2 16 17 1 2 3 19 4 7 9 11 12 15
3 3 6 7 14
4 16 17 18 2 20 6 7 10 11 15
5 20 7 9 12 15
6 18 19 4 10 12 13
7 2 3 5 6 8 9 10 12 13 14 15 17 18 19 20
9 1 17 18 2 3 7 8 9 10 12 13 15
10 2
11 1 2 3 4 5 6 7 8 11 12 13 14 15 16 17 18 19 20
12 8 13
13 1 3 4 6 8 9 12 13 14 15
14 1 18 12
15 1 18 2 4 11 13 15
16 18 3 19 20 5 7 10 13 15
17 1 3 4 5 7 8 9 10 11 12 15 17 18 20
18 19 20 6 7 9 10 11 12 14 15
19 16 1 18 19 20 4 10 11 14 15
20 18 3 5 6 10 11 12
21 2 4 5 6 8 9 10 12 13 14 15
23 1 2 18 3 4 20 5 7 8 10 14
24 1 3 4 5 6 7 9 10 11 12 13 14 16 17 18 20
25 17 1 18 2 6 7 10 11 14 15
26 17 18
27 16 1 2 19 10 12
28 1 2 3 4 5 6 7 8 9 10 11 12 13 14 15 16 17 18 20
29 2 3 4 5 6 8 9 10 12 14 15 16 17 18 20
30 16 1 20 4 7 10 11 12
31 17 11
32 4 7 13
33 17 1 18 2 19 5 6 7 8 10 13
34 1 19 3 4 5 7 9 10 13 14 15
35 20 8
36 1 3 4 5 6 7 8 13 15 17 18 19 20
37 9
38 1 2 3 4 5 6 7 9 10 12 13 14 17 18 19 20
39 17 19 5 6 12 15
40 2 5 6 8 10 12 13 14 15 16 17 18 19 20
41 6
42 16 17 1 2 3 6 10 11 12
43 1 2 4 6 9 10 11 13 14 15 17 19 20
44 17 2 3 7 8 11 15
45 1 2 4 5 6 7 9 10 11 12 13 14 15 16 17 18 19 20
46 10
47 17 6 12
48 1 2 3 4 5 7 8 10 11 12 13 14 15 16 17 18 19 20
49 16 3 4 6 8 15
50 1 19 20 5 6 7 9
51 1 2 6 8 9 10 11 12 13 16 17 19 20
52 16 17 1 2 18 19 20 5 6 7 12 14
53 1 2 3 4 5 6 7 8 9 11 12 13 15 17 19 20
54 1 2 3 4 5 6 7 8 9 10 11 12 14 15 16 17 18 19 20
56 1 2 4 5 6 7 8 9 10 11 13 14 15 17 19 20
57 16 2 3 4 20 6 7 8 9 10 11
58 1 2 3 4 5 8 10 11 12 13 14 18 19 20
59 1 18 19 20 4 6 14
60 16 1 2 3 19 6 8 10 11 14
61 18
63 2 3 4 5 6 7 9 11 12 13 16 17 19 20
64 1 2 4 6 7 9 11 12 15 16 17 19 20
65 1 20 7 8 12 13
66 16 1 2 19 4 5 9 10 12 13 14 15
67 16 17 2 19 4 20 7 9 10
68 1 2 5 6 8 9 10 11 12 15 16 17 19 20
69 1 2 3 4 5 6 7 8 9 11 12 13 14 15 16 17 18 19 20
71 1 2 3 4 5 6 8 9 10 11 12 13 14 16 18 20
72 1 2 3 5 6 7 8 9 10 11 12 13 14 16 17 18 19 20
73 20 8
74 19 3 14
76 12 13
77 1 2 6 7 8 9 11 12 13 14 15 16 17 18 19 20
78 2 4 5 15
79 16 1 2 18 19 4 7 9 10 14 15
80 18 5 9 12 13 14 15
81 16 1 18 4 5 6 7 10 12 15
82 18 12
83 16 1 2 18 4 5 9 10 11 12 13 14
84 1 17 18 19 3 20 5 6 8 10 11 14
85 1 3 13 15
86 1 2 5 6 7 8 9 10 12 13 14 15 16 17 18 19 20
87 9 11 13
88 1 2 3 4 5 6 7 8 10 11 12 13 14 15 16 17 19 20
89 9 12
90 2 19 4 20 5 6 7 8 10 11 12
91 1 2 3 4 5 6 8 9 10 12 13 14 15 16 19 20
92 1 2 3 4 5 6 7 8 9 11 12 13 14 15 16 17 18 19 20
93 3 7 11 12 14 15
94 16 17 3 20 5 7 8 9 10 12 13 15
95 1 2 3 4 5 6 7 8 9 10 11 12 13 14 15 16 17 18 19
96 1 17 3 9 10 11
97 16 17 1 2 3 4 6 7 8 11
98 1 18 3 4 20 6 7 8 11 12 13 15
99 3
100 1 2 4 5 7 8 9 11 12 13 15 18 19 20
101 18 4 20 6 7 8 9 10 11 12 14
102 1 3 5 6 8 9 10 11 13 14 16 17 18 19 20
103 1 17 3 20 5 6 8 9 10 11 12 15
104 1 18 3 4 20 5 7 9 10 11 13 14
105 3 4 5 6 9 10 11 12 13 14
106 1 2 3 4 5 6 7 8 9 12 15 16 17 18 19
107 16 19 5 6 9 10 11 12 13 15
108 16 19 3 6 7 8 9 10 11 15
109 1 2 3 4 5 6 7 8 9 11 12 13 14 15 16 17 18 19 20
110 1 3 4 6 9 10 11 12 13 14 15 16 17 19 20
111 4
112 19 12 13 14
113 1 2 3 4 5 6 7 8 10 11 13 14 15 17 18 20
114 7 10 13 15
115 16 17 1 18 2 20 4 6 7 8 12 14
116 1 3 5 6 7 8 9 13 14 15 16 17 20
117 1 2 3 7 8 9 10 11 15
118 16 1 17 19 4 5 7 12 15
119 1 11
SIZE OF PROGRAMS (pID SIZE):
1 99.0
2 89.0
3 79.0
4 44.0
5 88.0
6 77.0
7 78.0
8 78.0
9 73.0
10 95.0
11 83.0
12 74.0
13 92.0
14 65.0
15 84.0
16 93.0
17 46.0
18 52.0
19 56.0
20 92.0
COST TO INSTALL SERVERS AND PROGRAMS ON NODES (COST_TO_INSTALL_SERVER COST_TO_INSTALL_pID1 ...):
0 5657.575757575758 3.0 2.696969696969697 2.393939393939394 1.3333333333333333 2.6666666666666665 2.3333333333333335 2.3636363636363638 2.3636363636363638 2.212121212121212 2.878787878787879 2.515151515151515 2.242424242424242 2.787878787878788 1.9696969696969697 2.5454545454545454 2.8181818181818183 1.393939393939394 1.5757575757575757 1.696969696969697 2.787878787878788
1 93.93772007235992 2.0 1.797979797979798 1.595959595959596 0.8888888888888888 1.7777777777777777 1.5555555555555556 1.5757575757575757 1.5757575757575757 1.4747474747474747 1.9191919191919191 1.6767676767676767 1.494949494949495 1.8585858585858586 1.3131313131313131 1.696969696969697 1.878787878787879 0.9292929292929293 1.0505050505050506 1.1313131313131313 1.8585858585858586
2 84.38360646999008 3.0 2.696969696969697 2.393939393939394 1.3333333333333333 2.6666666666666665 2.3333333333333335 2.3636363636363638 2.3636363636363638 2.212121212121212 2.878787878787879 2.515151515151515 2.242424242424242 2.787878787878788 1.9696969696969697 2.5454545454545454 2.8181818181818183 1.393939393939394 1.5757575757575757 1.696969696969697 2.787878787878788
3 200.11651425889733 3.0 2.696969696969697 2.393939393939394 1.3333333333333333 2.6666666666666665 2.3333333333333335 2.3636363636363638 2.3636363636363638 2.212121212121212 2.878787878787879 2.515151515151515 2.242424242424242 2.787878787878788 1.9696969696969697 2.5454545454545454 2.8181818181818183 1.393939393939394 1.5757575757575757 1.696969696969697 2.787878787878788
4 208.0141511536847 2.0 1.797979797979798 1.595959595959596 0.8888888888888888 1.7777777777777777 1.5555555555555556 1.5757575757575757 1.5757575757575757 1.4747474747474747 1.9191919191919191 1.6767676767676767 1.494949494949495 1.8585858585858586 1.3131313131313131 1.696969696969697 1.878787878787879 0.9292929292929293 1.0505050505050506 1.1313131313131313 1.8585858585858586
5 28.74252847610046 3.0 2.696969696969697 2.393939393939394 1.3333333333333333 2.6666666666666665 2.3333333333333335 2.3636363636363638 2.3636363636363638 2.212121212121212 2.878787878787879 2.515151515151515 2.242424242424242 2.787878787878788 1.9696969696969697 2.5454545454545454 2.8181818181818183 1.393939393939394 1.5757575757575757 1.696969696969697 2.787878787878788
6 95.31925474214898 2.0 1.797979797979798 1.595959595959596 0.8888888888888888 1.7777777777777777 1.5555555555555556 1.5757575757575757 1.5757575757575757 1.4747474747474747 1.9191919191919191 1.6767676767676767 1.494949494949495 1.8585858585858586 1.3131313131313131 1.696969696969697 1.878787878787879 0.9292929292929293 1.0505050505050506 1.1313131313131313 1.8585858585858586
7 89.67389725162955 2.0 1.797979797979798 1.595959595959596 0.8888888888888888 1.7777777777777777 1.5555555555555556 1.5757575757575757 1.5757575757575757 1.4747474747474747 1.9191919191919191 1.6767676767676767 1.494949494949495 1.8585858585858586 1.3131313131313131 1.696969696969697 1.878787878787879 0.9292929292929293 1.0505050505050506 1.1313131313131313 1.8585858585858586
8 1005.0 3.0 2.696969696969697 2.393939393939394 1.3333333333333333 2.6666666666666665 2.3333333333333335 2.3636363636363638 2.3636363636363638 2.212121212121212 2.878787878787879 2.515151515151515 2.242424242424242 2.787878787878788 1.9696969696969697 2.5454545454545454 2.8181818181818183 1.393939393939394 1.5757575757575757 1.696969696969697 2.787878787878788
9 286.65180614735306 3.0 2.696969696969697 2.393939393939394 1.3333333333333333 2.6666666666666665 2.3333333333333335 2.3636363636363638 2.3636363636363638 2.212121212121212 2.878787878787879 2.515151515151515 2.242424242424242 2.787878787878788 1.9696969696969697 2.5454545454545454 2.8181818181818183 1.393939393939394 1.5757575757575757 1.696969696969697 2.787878787878788
10 24.609845082905927 2.0 1.797979797979798 1.595959595959596 0.8888888888888888 1.7777777777777777 1.5555555555555556 1.5757575757575757 1.5757575757575757 1.4747474747474747 1.9191919191919191 1.6767676767676767 1.494949494949495 1.8585858585858586 1.3131313131313131 1.696969696969697 1.878787878787879 0.9292929292929293 1.0505050505050506 1.1313131313131313 1.8585858585858586
11 165.78171976918128 2.0 1.797979797979798 1.595959595959596 0.8888888888888888 1.7777777777777777 1.5555555555555556 1.5757575757575757 1.5757575757575757 1.4747474747474747 1.9191919191919191 1.6767676767676767 1.494949494949495 1.8585858585858586 1.3131313131313131 1.696969696969697 1.878787878787879 0.9292929292929293 1.0505050505050506 1.1313131313131313 1.8585858585858586
12 196.7572151397609 3.0 2.696969696969697 2.393939393939394 1.3333333333333333 2.6666666666666665 2.3333333333333335 2.3636363636363638 2.3636363636363638 2.212121212121212 2.878787878787879 2.515151515151515 2.242424242424242 2.787878787878788 1.9696969696969697 2.5454545454545454 2.8181818181818183 1.393939393939394 1.5757575757575757 1.696969696969697 2.787878787878788
13 152.36731977021012 2.0 1.797979797979798 1.595959595959596 0.8888888888888888 1.7777777777777777 1.5555555555555556 1.5757575757575757 1.5757575757575757 1.4747474747474747 1.9191919191919191 1.6767676767676767 1.494949494949495 1.8585858585858586 1.3131313131313131 1.696969696969697 1.878787878787879 0.9292929292929293 1.0505050505050506 1.1313131313131313 1.8585858585858586
14 27.123183516423715 3.0 2.696969696969697 2.393939393939394 1.3333333333333333 2.6666666666666665 2.3333333333333335 2.3636363636363638 2.3636363636363638 2.212121212121212 2.878787878787879 2.515151515151515 2.242424242424242 2.787878787878788 1.9696969696969697 2.5454545454545454 2.8181818181818183 1.393939393939394 1.5757575757575757 1.696969696969697 2.787878787878788
15 40.230640430664586 2.0 1.797979797979798 1.595959595959596 0.8888888888888888 1.7777777777777777 1.5555555555555556 1.5757575757575757 1.5757575757575757 1.4747474747474747 1.9191919191919191 1.6767676767676767 1.494949494949495 1.8585858585858586 1.3131313131313131 1.696969696969697 1.878787878787879 0.9292929292929293 1.0505050505050506 1.1313131313131313 1.8585858585858586
16 44.05670377373122 2.0 1.797979797979798 1.595959595959596 0.8888888888888888 1.7777777777777777 1.5555555555555556 1.5757575757575757 1.5757575757575757 1.4747474747474747 1.9191919191919191 1.6767676767676767 1.494949494949495 1.8585858585858586 1.3131313131313131 1.696969696969697 1.878787878787879 0.9292929292929293 1.0505050505050506 1.1313131313131313 1.8585858585858586
17 63.161386783629894 2.0 1.797979797979798 1.595959595959596 0.8888888888888888 1.7777777777777777 1.5555555555555556 1.5757575757575757 1.5757575757575757 1.4747474747474747 1.9191919191919191 1.6767676767676767 1.494949494949495 1.8585858585858586 1.3131313131313131 1.696969696969697 1.878787878787879 0.9292929292929293 1.0505050505050506 1.1313131313131313 1.8585858585858586
18 285.90842309510003 3.0 2.696969696969697 2.393939393939394 1.3333333333333333 2.6666666666666665 2.3333333333333335 2.3636363636363638 2.3636363636363638 2.212121212121212 2.878787878787879 2.515151515151515 2.242424242424242 2.787878787878788 1.9696969696969697 2.5454545454545454 2.8181818181818183 1.393939393939394 1.5757575757575757 1.696969696969697 2.787878787878788
19 90.23593977429297 2.0 1.797979797979798 1.595959595959596 0.8888888888888888 1.7777777777777777 1.5555555555555556 1.5757575757575757 1.5757575757575757 1.4747474747474747 1.9191919191919191 1.6767676767676767 1.494949494949495 1.8585858585858586 1.3131313131313131 1.696969696969697 1.878787878787879 0.9292929292929293 1.0505050505050506 1.1313131313131313 1.8585858585858586
20 214.41763135460275 3.0 2.696969696969697 2.393939393939394 1.3333333333333333 2.6666666666666665 2.3333333333333335 2.3636363636363638 2.3636363636363638 2.212121212121212 2.878787878787879 2.515151515151515 2.242424242424242 2.787878787878788 1.9696969696969697 2.5454545454545454 2.8181818181818183 1.393939393939394 1.5757575757575757 1.696969696969697 2.787878787878788
21 237.928778875836 2.0 1.797979797979798 1.595959595959596 0.8888888888888888 1.7777777777777777 1.5555555555555556 1.5757575757575757 1.5757575757575757 1.4747474747474747 1.9191919191919191 1.6767676767676767 1.494949494949495 1.8585858585858586 1.3131313131313131 1.696969696969697 1.878787878787879 0.9292929292929293 1.0505050505050506 1.1313131313131313 1.8585858585858586
22 130.17801933613592 2.0 1.797979797979798 1.595959595959596 0.8888888888888888 1.7777777777777777 1.5555555555555556 1.5757575757575757 1.5757575757575757 1.4747474747474747 1.9191919191919191 1.6767676767676767 1.494949494949495 1.8585858585858586 1.3131313131313131 1.696969696969697 1.878787878787879 0.9292929292929293 1.0505050505050506 1.1313131313131313 1.8585858585858586
23 142.05145904440067 3.0 2.696969696969697 2.393939393939394 1.3333333333333333 2.6666666666666665 2.3333333333333335 2.3636363636363638 2.3636363636363638 2.212121212121212 2.878787878787879 2.515151515151515 2.242424242424242 2.787878787878788 1.9696969696969697 2.5454545454545454 2.8181818181818183 1.393939393939394 1.5757575757575757 1.696969696969697 2.787878787878788
24 70.37137852652155 3.0 2.696969696969697 2.393939393939394 1.3333333333333333 2.6666666666666665 2.3333333333333335 2.3636363636363638 2.3636363636363638 2.212121212121212 2.878787878787879 2.515151515151515 2.242424242424242 2.787878787878788 1.9696969696969697 2.5454545454545454 2.8181818181818183 1.393939393939394 1.5757575757575757 1.696969696969697 2.787878787878788
25 72.28482236761863 2.0 1.797979797979798 1.595959595959596 0.8888888888888888 1.7777777777777777 1.5555555555555556 1.5757575757575757 1.5757575757575757 1.4747474747474747 1.9191919191919191 1.6767676767676767 1.494949494949495 1.8585858585858586 1.3131313131313131 1.696969696969697 1.878787878787879 0.9292929292929293 1.0505050505050506 1.1313131313131313 1.8585858585858586
26 53.853725377110685 3.0 2.696969696969697 2.393939393939394 1.3333333333333333 2.6666666666666665 2.3333333333333335 2.3636363636363638 2.3636363636363638 2.212121212121212 2.878787878787879 2.515151515151515 2.242424242424242 2.787878787878788 1.9696969696969697 2.5454545454545454 2.8181818181818183 1.393939393939394 1.5757575757575757 1.696969696969697 2.787878787878788
27 58.44062512947686 2.0 1.797979797979798 1.595959595959596 0.8888888888888888 1.7777777777777777 1.5555555555555556 1.5757575757575757 1.5757575757575757 1.4747474747474747 1.9191919191919191 1.6767676767676767 1.494949494949495 1.8585858585858586 1.3131313131313131 1.696969696969697 1.878787878787879 0.9292929292929293 1.0505050505050506 1.1313131313131313 1.8585858585858586
28 101.9755149976437 3.0 2.696969696969697 2.393939393939394 1.3333333333333333 2.6666666666666665 2.3333333333333335 2.3636363636363638 2.3636363636363638 2.212121212121212 2.878787878787879 2.515151515151515 2.242424242424242 2.787878787878788 1.9696969696969697 2.5454545454545454 2.8181818181818183 1.393939393939394 1.5757575757575757 1.696969696969697 2.787878787878788
29 277.4332385116338 2.0 1.797979797979798 1.595959595959596 0.8888888888888888 1.7777777777777777 1.5555555555555556 1.5757575757575757 1.5757575757575757 1.4747474747474747 1.9191919191919191 1.6767676767676767 1.494949494949495 1.8585858585858586 1.3131313131313131 1.696969696969697 1.878787878787879 0.9292929292929293 1.0505050505050506 1.1313131313131313 1.8585858585858586
30 74.37837724420558 2.0 1.797979797979798 1.595959595959596 0.8888888888888888 1.7777777777777777 1.5555555555555556 1.5757575757575757 1.5757575757575757 1.4747474747474747 1.9191919191919191 1.6767676767676767 1.494949494949495 1.8585858585858586 1.3131313131313131 1.696969696969697 1.878787878787879 0.9292929292929293 1.0505050505050506 1.1313131313131313 1.8585858585858586
31 144.5757859960882 2.0 1.797979797979798 1.595959595959596 0.8888888888888888 1.7777777777777777 1.5555555555555556 1.5757575757575757 1.5757575757575757 1.4747474747474747 1.9191919191919191 1.6767676767676767 1.494949494949495 1.8585858585858586 1.3131313131313131 1.696969696969697 1.878787878787879 0.9292929292929293 1.0505050505050506 1.1313131313131313 1.8585858585858586
32 174.18517697658564 3.0 2.696969696969697 2.393939393939394 1.3333333333333333 2.6666666666666665 2.3333333333333335 2.3636363636363638 2.3636363636363638 2.212121212121212 2.878787878787879 2.515151515151515 2.242424242424242 2.787878787878788 1.9696969696969697 2.5454545454545454 2.8181818181818183 1.393939393939394 1.5757575757575757 1.696969696969697 2.787878787878788
33 87.40735352397655 3.0 2.696969696969697 2.393939393939394 1.3333333333333333 2.6666666666666665 2.3333333333333335 2.3636363636363638 2.3636363636363638 2.212121212121212 2.878787878787879 2.515151515151515 2.242424242424242 2.787878787878788 1.9696969696969697 2.5454545454545454 2.8181818181818183 1.393939393939394 1.5757575757575757 1.696969696969697 2.787878787878788
34 117.63932567123061 2.0 1.797979797979798 1.595959595959596 0.8888888888888888 1.7777777777777777 1.5555555555555556 1.5757575757575757 1.5757575757575757 1.4747474747474747 1.9191919191919191 1.6767676767676767 1.494949494949495 1.8585858585858586 1.3131313131313131 1.696969696969697 1.878787878787879 0.9292929292929293 1.0505050505050506 1.1313131313131313 1.8585858585858586
35 16.354660899921527 2.0 1.797979797979798 1.595959595959596 0.8888888888888888 1.7777777777777777 1.5555555555555556 1.5757575757575757 1.5757575757575757 1.4747474747474747 1.9191919191919191 1.6767676767676767 1.494949494949495 1.8585858585858586 1.3131313131313131 1.696969696969697 1.878787878787879 0.9292929292929293 1.0505050505050506 1.1313131313131313 1.8585858585858586
36 253.0054989217191 3.0 2.696969696969697 2.393939393939394 1.3333333333333333 2.6666666666666665 2.3333333333333335 2.3636363636363638 2.3636363636363638 2.212121212121212 2.878787878787879 2.515151515151515 2.242424242424242 2.787878787878788 1.9696969696969697 2.5454545454545454 2.8181818181818183 1.393939393939394 1.5757575757575757 1.696969696969697 2.787878787878788
37 149.06240551728936 2.0 1.797979797979798 1.595959595959596 0.8888888888888888 1.7777777777777777 1.5555555555555556 1.5757575757575757 1.5757575757575757 1.4747474747474747 1.9191919191919191 1.6767676767676767 1.494949494949495 1.8585858585858586 1.3131313131313131 1.696969696969697 1.878787878787879 0.9292929292929293 1.0505050505050506 1.1313131313131313 1.8585858585858586
38 148.23385294709982 3.0 2.696969696969697 2.393939393939394 1.3333333333333333 2.6666666666666665 2.3333333333333335 2.3636363636363638 2.3636363636363638 2.212121212121212 2.878787878787879 2.515151515151515 2.242424242424242 2.787878787878788 1.9696969696969697 2.5454545454545454 2.8181818181818183 1.393939393939394 1.5757575757575757 1.696969696969697 2.787878787878788
39 215.5252172494442 2.0 1.797979797979798 1.595959595959596 0.8888888888888888 1.7777777777777777 1.5555555555555556 1.5757575757575757 1.5757575757575757 1.4747474747474747 1.9191919191919191 1.6767676767676767 1.494949494949495 1.8585858585858586 1.3131313131313131 1.696969696969697 1.878787878787879 0.9292929292929293 1.0505050505050506 1.1313131313131313 1.8585858585858586
40 44.668986234187805 3.0 2.696969696969697 2.393939393939394 1.3333333333333333 2.6666666666666665 2.3333333333333335 2.3636363636363638 2.3636363636363638 2.212121212121212 2.878787878787879 2.515151515151515 2.242424242424242 2.787878787878788 1.9696969696969697 2.5454545454545454 2.8181818181818183 1.393939393939394 1.5757575757575757 1.696969696969697 2.787878787878788
41 255.2734644033746 3.0 2.696969696969697 2.393939393939394 1.3333333333333333 2.6666666666666665 2.3333333333333335 2.3636363636363638 2.3636363636363638 2.212121212121212 2.878787878787879 2.515151515151515 2.242424242424242 2.787878787878788 1.9696969696969697 2.5454545454545454 2.8181818181818183 1.393939393939394 1.5757575757575757 1.696969696969697 2.787878787878788
42 103.74707861415592 3.0 2.696969696969697 2.393939393939394 1.3333333333333333 2.6666666666666665 2.3333333333333335 2.3636363636363638 2.3636363636363638 2.212121212121212 2.878787878787879 2.515151515151515 2.242424242424242 2.787878787878788 1.9696969696969697 2.5454545454545454 2.8181818181818183 1.393939393939394 1.5757575757575757 1.696969696969697 2.787878787878788
43 71.07056559550176 2.0 1.797979797979798 1.595959595959596 0.8888888888888888 1.7777777777777777 1.5555555555555556 1.5757575757575757 1.5757575757575757 1.4747474747474747 1.9191919191919191 1.6767676767676767 1.494949494949495 1.8585858585858586 1.3131313131313131 1.696969696969697 1.878787878787879 0.9292929292929293 1.0505050505050506 1.1313131313131313 1.8585858585858586
44 83.20850078997424 2.0 1.797979797979798 1.595959595959596 0.8888888888888888 1.7777777777777777 1.5555555555555556 1.5757575757575757 1.5757575757575757 1.4747474747474747 1.9191919191919191 1.6767676767676767 1.494949494949495 1.8585858585858586 1.3131313131313131 1.696969696969697 1.878787878787879 0.9292929292929293 1.0505050505050506 1.1313131313131313 1.8585858585858586
45 211.44237064197216 2.0 1.797979797979798 1.595959595959596 0.8888888888888888 1.7777777777777777 1.5555555555555556 1.5757575757575757 1.5757575757575757 1.4747474747474747 1.9191919191919191 1.6767676767676767 1.494949494949495 1.8585858585858586 1.3131313131313131 1.696969696969697 1.878787878787879 0.9292929292929293 1.0505050505050506 1.1313131313131313 1.8585858585858586
46 98.50606909732959 2.0 1.797979797979798 1.595959595959596 0.8888888888888888 1.7777777777777777 1.5555555555555556 1.5757575757575757 1.5757575757575757 1.4747474747474747 1.9191919191919191 1.6767676767676767 1.494949494949495 1.8585858585858586 1.3131313131313131 1.696969696969697 1.878787878787879 0.9292929292929293 1.0505050505050506 1.1313131313131313 1.8585858585858586
47 7.150262272063516 3.0 2.696969696969697 2.393939393939394 1.3333333333333333 2.6666666666666665 2.3333333333333335 2.3636363636363638 2.3636363636363638 2.212121212121212 2.878787878787879 2.515151515151515 2.242424242424242 2.787878787878788 1.9696969696969697 2.5454545454545454 2.8181818181818183 1.393939393939394 1.5757575757575757 1.696969696969697 2.787878787878788
48 68.83977407290143 3.0 2.696969696969697 2.393939393939394 1.3333333333333333 2.6666666666666665 2.3333333333333335 2.3636363636363638 2.3636363636363638 2.212121212121212 2.878787878787879 2.515151515151515 2.242424242424242 2.787878787878788 1.9696969696969697 2.5454545454545454 2.8181818181818183 1.393939393939394 1.5757575757575757 1.696969696969697 2.787878787878788
49 208.04800127319882 3.0 2.696969696969697 2.393939393939394 1.3333333333333333 2.6666666666666665 2.3333333333333335 2.3636363636363638 2.3636363636363638 2.212121212121212 2.878787878787879 2.515151515151515 2.242424242424242 2.787878787878788 1.9696969696969697 2.5454545454545454 2.8181818181818183 1.393939393939394 1.5757575757575757 1.696969696969697 2.787878787878788
50 830.0 3.0 2.696969696969697 2.393939393939394 1.3333333333333333 2.6666666666666665 2.3333333333333335 2.3636363636363638 2.3636363636363638 2.212121212121212 2.878787878787879 2.515151515151515 2.242424242424242 2.787878787878788 1.9696969696969697 2.5454545454545454 2.8181818181818183 1.393939393939394 1.5757575757575757 1.696969696969697 2.787878787878788
51 105.85423847612415 3.0 2.696969696969697 2.393939393939394 1.3333333333333333 2.6666666666666665 2.3333333333333335 2.3636363636363638 2.3636363636363638 2.212121212121212 2.878787878787879 2.515151515151515 2.242424242424242 2.787878787878788 1.9696969696969697 2.5454545454545454 2.8181818181818183 1.393939393939394 1.5757575757575757 1.696969696969697 2.787878787878788
52 216.6405960250352 2.0 1.797979797979798 1.595959595959596 0.8888888888888888 1.7777777777777777 1.5555555555555556 1.5757575757575757 1.5757575757575757 1.4747474747474747 1.9191919191919191 1.6767676767676767 1.494949494949495 1.8585858585858586 1.3131313131313131 1.696969696969697 1.878787878787879 0.9292929292929293 1.0505050505050506 1.1313131313131313 1.8585858585858586
53 155.33775390376823 2.0 1.797979797979798 1.595959595959596 0.8888888888888888 1.7777777777777777 1.5555555555555556 1.5757575757575757 1.5757575757575757 1.4747474747474747 1.9191919191919191 1.6767676767676767 1.494949494949495 1.8585858585858586 1.3131313131313131 1.696969696969697 1.878787878787879 0.9292929292929293 1.0505050505050506 1.1313131313131313 1.8585858585858586
54 102.64200798708369 3.0 2.696969696969697 2.393939393939394 1.3333333333333333 2.6666666666666665 2.3333333333333335 2.3636363636363638 2.3636363636363638 2.212121212121212 2.878787878787879 2.515151515151515 2.242424242424242 2.787878787878788 1.9696969696969697 2.5454545454545454 2.8181818181818183 1.393939393939394 1.5757575757575757 1.696969696969697 2.787878787878788
55 635.0 3.0 2.696969696969697 2.393939393939394 1.3333333333333333 2.6666666666666665 2.3333333333333335 2.3636363636363638 2.3636363636363638 2.212121212121212 2.878787878787879 2.515151515151515 2.242424242424242 2.787878787878788 1.9696969696969697 2.5454545454545454 2.8181818181818183 1.393939393939394 1.5757575757575757 1.696969696969697 2.787878787878788
56 121.7152794946023 3.0 2.696969696969697 2.393939393939394 1.3333333333333333 2.6666666666666665 2.3333333333333335 2.3636363636363638 2.3636363636363638 2.212121212121212 2.878787878787879 2.515151515151515 2.242424242424242 2.787878787878788 1.9696969696969697 2.5454545454545454 2.8181818181818183 1.393939393939394 1.5757575757575757 1.696969696969697 2.787878787878788
57 97.76136227078997 3.0 2.696969696969697 2.393939393939394 1.3333333333333333 2.6666666666666665 2.3333333333333335 2.3636363636363638 2.3636363636363638 2.212121212121212 2.878787878787879 2.515151515151515 2.242424242424242 2.787878787878788 1.9696969696969697 2.5454545454545454 2.8181818181818183 1.393939393939394 1.5757575757575757 1.696969696969697 2.787878787878788
58 72.60002962880887 2.0 1.797979797979798 1.595959595959596 0.8888888888888888 1.7777777777777777 1.5555555555555556 1.5757575757575757 1.5757575757575757 1.4747474747474747 1.9191919191919191 1.6767676767676767 1.494949494949495 1.8585858585858586 1.3131313131313131 1.696969696969697 1.878787878787879 0.9292929292929293 1.0505050505050506 1.1313131313131313 1.8585858585858586
59 145.04429722354368 2.0 1.797979797979798 1.595959595959596 0.8888888888888888 1.7777777777777777 1.5555555555555556 1.5757575757575757 1.5757575757575757 1.4747474747474747 1.9191919191919191 1.6767676767676767 1.494949494949495 1.8585858585858586 1.3131313131313131 1.696969696969697 1.878787878787879 0.9292929292929293 1.0505050505050506 1.1313131313131313 1.8585858585858586
60 89.79057880158965 2.0 1.797979797979798 1.595959595959596 0.8888888888888888 1.7777777777777777 1.5555555555555556 1.5757575757575757 1.5757575757575757 1.4747474747474747 1.9191919191919191 1.6767676767676767 1.494949494949495 1.8585858585858586 1.3131313131313131 1.696969696969697 1.878787878787879 0.9292929292929293 1.0505050505050506 1.1313131313131313 1.8585858585858586
61 232.21840216856992 3.0 2.696969696969697 2.393939393939394 1.3333333333333333 2.6666666666666665 2.3333333333333335 2.3636363636363638 2.3636363636363638 2.212121212121212 2.878787878787879 2.515151515151515 2.242424242424242 2.787878787878788 1.9696969696969697 2.5454545454545454 2.8181818181818183 1.393939393939394 1.5757575757575757 1.696969696969697 2.787878787878788
62 23.059288844299797 2.0 1.797979797979798 1.595959595959596 0.8888888888888888 1.7777777777777777 1.5555555555555556 1.5757575757575757 1.5757575757575757 1.4747474747474747 1.9191919191919191 1.6767676767676767 1.494949494949495 1.8585858585858586 1.3131313131313131 1.696969696969697 1.878787878787879 0.9292929292929293 1.0505050505050506 1.1313131313131313 1.8585858585858586
63 18.88171389892106 2.0 1.797979797979798 1.595959595959596 0.8888888888888888 1.7777777777777777 1.5555555555555556 1.5757575757575757 1.5757575757575757 1.4747474747474747 1.9191919191919191 1.6767676767676767 1.494949494949495 1.8585858585858586 1.3131313131313131 1.696969696969697 1.878787878787879 0.9292929292929293 1.0505050505050506 1.1313131313131313 1.8585858585858586
64 179.80062224045406 2.0 1.797979797979798 1.595959595959596 0.8888888888888888 1.7777777777777777 1.5555555555555556 1.5757575757575757 1.5757575757575757 1.4747474747474747 1.9191919191919191 1.6767676767676767 1.494949494949495 1.8585858585858586 1.3131313131313131 1.696969696969697 1.878787878787879 0.9292929292929293 1.0505050505050506 1.1313131313131313 1.8585858585858586
65 56.672101133551244 2.0 1.797979797979798 1.595959595959596 0.8888888888888888 1.7777777777777777 1.5555555555555556 1.5757575757575757 1.5757575757575757 1.4747474747474747 1.9191919191919191 1.6767676767676767 1.494949494949495 1.8585858585858586 1.3131313131313131 1.696969696969697 1.878787878787879 0.9292929292929293 1.0505050505050506 1.1313131313131313 1.8585858585858586
66 163.67275714905915 3.0 2.696969696969697 2.393939393939394 1.3333333333333333 2.6666666666666665 2.3333333333333335 2.3636363636363638 2.3636363636363638 2.212121212121212 2.878787878787879 2.515151515151515 2.242424242424242 2.787878787878788 1.9696969696969697 2.5454545454545454 2.8181818181818183 1.393939393939394 1.5757575757575757 1.696969696969697 2.787878787878788
67 104.03521258265994 2.0 1.797979797979798 1.595959595959596 0.8888888888888888 1.7777777777777777 1.5555555555555556 1.5757575757575757 1.5757575757575757 1.4747474747474747 1.9191919191919191 1.6767676767676767 1.494949494949495 1.8585858585858586 1.3131313131313131 1.696969696969697 1.878787878787879 0.9292929292929293 1.0505050505050506 1.1313131313131313 1.8585858585858586
68 152.26505977990817 2.0 1.797979797979798 1.595959595959596 0.8888888888888888 1.7777777777777777 1.5555555555555556 1.5757575757575757 1.5757575757575757 1.4747474747474747 1.9191919191919191 1.6767676767676767 1.494949494949495 1.8585858585858586 1.3131313131313131 1.696969696969697 1.878787878787879 0.9292929292929293 1.0505050505050506 1.1313131313131313 1.8585858585858586
69 101.16347571307405 3.0 2.696969696969697 2.393939393939394 1.3333333333333333 2.6666666666666665 2.3333333333333335 2.3636363636363638 2.3636363636363638 2.212121212121212 2.878787878787879 2.515151515151515 2.242424242424242 2.787878787878788 1.9696969696969697 2.5454545454545454 2.8181818181818183 1.393939393939394 1.5757575757575757 1.696969696969697 2.787878787878788
70 45.42940985151555 3.0 2.696969696969697 2.393939393939394 1.3333333333333333 2.6666666666666665 2.3333333333333335 2.3636363636363638 2.3636363636363638 2.212121212121212 2.878787878787879 2.515151515151515 2.242424242424242 2.787878787878788 1.9696969696969697 2.5454545454545454 2.8181818181818183 1.393939393939394 1.5757575757575757 1.696969696969697 2.787878787878788
71 83.91165277248656 3.0 2.696969696969697 2.393939393939394 1.3333333333333333 2.6666666666666665 2.3333333333333335 2.3636363636363638 2.3636363636363638 2.212121212121212 2.878787878787879 2.515151515151515 2.242424242424242 2.787878787878788 1.9696969696969697 2.5454545454545454 2.8181818181818183 1.393939393939394 1.5757575757575757 1.696969696969697 2.787878787878788
72 169.44397674499996 2.0 1.797979797979798 1.595959595959596 0.8888888888888888 1.7777777777777777 1.5555555555555556 1.5757575757575757 1.5757575757575757 1.4747474747474747 1.9191919191919191 1.6767676767676767 1.494949494949495 1.8585858585858586 1.3131313131313131 1.696969696969697 1.878787878787879 0.9292929292929293 1.0505050505050506 1.1313131313131313 1.8585858585858586
73 45.272110867470516 3.0 2.696969696969697 2.393939393939394 1.3333333333333333 2.6666666666666665 2.3333333333333335 2.3636363636363638 2.3636363636363638 2.212121212121212 2.878787878787879 2.515151515151515 2.242424242424242 2.787878787878788 1.9696969696969697 2.5454545454545454 2.8181818181818183 1.393939393939394 1.5757575757575757 1.696969696969697 2.787878787878788
74 22.499113959427408 3.0 2.696969696969697 2.393939393939394 1.3333333333333333 2.6666666666666665 2.3333333333333335 2.3636363636363638 2.3636363636363638 2.212121212121212 2.878787878787879 2.515151515151515 2.242424242424242 2.787878787878788 1.9696969696969697 2.5454545454545454 2.8181818181818183 1.393939393939394 1.5757575757575757 1.696969696969697 2.787878787878788
75 98.60614294124166 3.0 2.696969696969697 2.393939393939394 1.3333333333333333 2.6666666666666665 2.3333333333333335 2.3636363636363638 2.3636363636363638 2.212121212121212 2.878787878787879 2.515151515151515 2.242424242424242 2.787878787878788 1.9696969696969697 2.5454545454545454 2.8181818181818183 1.393939393939394 1.5757575757575757 1.696969696969697 2.787878787878788
76 78.50757479235317 3.0 2.696969696969697 2.393939393939394 1.3333333333333333 2.6666666666666665 2.3333333333333335 2.3636363636363638 2.3636363636363638 2.212121212121212 2.878787878787879 2.515151515151515 2.242424242424242 2.787878787878788 1.9696969696969697 2.5454545454545454 2.8181818181818183 1.393939393939394 1.5757575757575757 1.696969696969697 2.787878787878788
77 158.2140826188342 2.0 1.797979797979798 1.595959595959596 0.8888888888888888 1.7777777777777777 1.5555555555555556 1.5757575757575757 1.5757575757575757 1.4747474747474747 1.9191919191919191 1.6767676767676767 1.494949494949495 1.8585858585858586 1.3131313131313131 1.696969696969697 1.878787878787879 0.9292929292929293 1.0505050505050506 1.1313131313131313 1.8585858585858586
78 14.902247685806378 3.0 2.696969696969697 2.393939393939394 1.3333333333333333 2.6666666666666665 2.3333333333333335 2.3636363636363638 2.3636363636363638 2.212121212121212 2.878787878787879 2.515151515151515 2.242424242424242 2.787878787878788 1.9696969696969697 2.5454545454545454 2.8181818181818183 1.393939393939394 1.5757575757575757 1.696969696969697 2.787878787878788
79 126.58912776819153 3.0 2.696969696969697 2.393939393939394 1.3333333333333333 2.6666666666666665 2.3333333333333335 2.3636363636363638 2.3636363636363638 2.212121212121212 2.878787878787879 2.515151515151515 2.242424242424242 2.787878787878788 1.9696969696969697 2.5454545454545454 2.8181818181818183 1.393939393939394 1.5757575757575757 1.696969696969697 2.787878787878788
80 134.3054033323457 3.0 2.696969696969697 2.393939393939394 1.3333333333333333 2.6666666666666665 2.3333333333333335 2.3636363636363638 2.3636363636363638 2.212121212121212 2.878787878787879 2.515151515151515 2.242424242424242 2.787878787878788 1.9696969696969697 2.5454545454545454 2.8181818181818183 1.393939393939394 1.5757575757575757 1.696969696969697 2.787878787878788
81 73.39522498010706 3.0 2.696969696969697 2.393939393939394 1.3333333333333333 2.6666666666666665 2.3333333333333335 2.3636363636363638 2.3636363636363638 2.212121212121212 2.878787878787879 2.515151515151515 2.242424242424242 2.787878787878788 1.9696969696969697 2.5454545454545454 2.8181818181818183 1.393939393939394 1.5757575757575757 1.696969696969697 2.787878787878788
82 68.03736365796695 2.0 1.797979797979798 1.595959595959596 0.8888888888888888 1.7777777777777777 1.5555555555555556 1.5757575757575757 1.5757575757575757 1.4747474747474747 1.9191919191919191 1.6767676767676767 1.494949494949495 1.8585858585858586 1.3131313131313131 1.696969696969697 1.878787878787879 0.9292929292929293 1.0505050505050506 1.1313131313131313 1.8585858585858586
83 123.0228052178532 3.0 2.696969696969697 2.393939393939394 1.3333333333333333 2.6666666666666665 2.3333333333333335 2.3636363636363638 2.3636363636363638 2.212121212121212 2.878787878787879 2.515151515151515 2.242424242424242 2.787878787878788 1.9696969696969697 2.5454545454545454 2.8181818181818183 1.393939393939394 1.5757575757575757 1.696969696969697 2.787878787878788
84 143.37756483343946 2.0 1.797979797979798 1.595959595959596 0.8888888888888888 1.7777777777777777 1.5555555555555556 1.5757575757575757 1.5757575757575757 1.4747474747474747 1.9191919191919191 1.6767676767676767 1.494949494949495 1.8585858585858586 1.3131313131313131 1.696969696969697 1.878787878787879 0.9292929292929293 1.0505050505050506 1.1313131313131313 1.8585858585858586
85 53.08124475912698 3.0 2.696969696969697 2.393939393939394 1.3333333333333333 2.6666666666666665 2.3333333333333335 2.3636363636363638 2.3636363636363638 2.212121212121212 2.878787878787879 2.515151515151515 2.242424242424242 2.787878787878788 1.9696969696969697 2.5454545454545454 2.8181818181818183 1.393939393939394 1.5757575757575757 1.696969696969697 2.787878787878788
86 337.4636703962854 2.0 1.797979797979798 1.595959595959596 0.8888888888888888 1.7777777777777777 1.5555555555555556 1.5757575757575757 1.5757575757575757 1.4747474747474747 1.9191919191919191 1.6767676767676767 1.494949494949495 1.8585858585858586 1.3131313131313131 1.696969696969697 1.878787878787879 0.9292929292929293 1.0505050505050506 1.1313131313131313 1.8585858585858586
87 22.6357357011462 2.0 1.797979797979798 1.595959595959596 0.8888888888888888 1.7777777777777777 1.5555555555555556 1.5757575757575757 1.5757575757575757 1.4747474747474747 1.9191919191919191 1.6767676767676767 1.494949494949495 1.8585858585858586 1.3131313131313131 1.696969696969697 1.878787878787879 0.9292929292929293 1.0505050505050506 1.1313131313131313 1.8585858585858586
88 174.7509047237765 3.0 2.696969696969697 2.393939393939394 1.3333333333333333 2.6666666666666665 2.3333333333333335 2.3636363636363638 2.3636363636363638 2.212121212121212 2.878787878787879 2.515151515151515 2.242424242424242 2.787878787878788 1.9696969696969697 2.5454545454545454 2.8181818181818183 1.393939393939394 1.5757575757575757 1.696969696969697 2.787878787878788
89 19.294949345359864 3.0 2.696969696969697 2.393939393939394 1.3333333333333333 2.6666666666666665 2.3333333333333335 2.3636363636363638 2.3636363636363638 2.212121212121212 2.878787878787879 2.515151515151515 2.242424242424242 2.787878787878788 1.9696969696969697 2.5454545454545454 2.8181818181818183 1.393939393939394 1.5757575757575757 1.696969696969697 2.787878787878788
90 62.17696298852212 2.0 1.797979797979798 1.595959595959596 0.8888888888888888 1.7777777777777777 1.5555555555555556 1.5757575757575757 1.5757575757575757 1.4747474747474747 1.9191919191919191 1.6767676767676767 1.494949494949495 1.8585858585858586 1.3131313131313131 1.696969696969697 1.878787878787879 0.9292929292929293 1.0505050505050506 1.1313131313131313 1.8585858585858586
91 78.725128011856 3.0 2.696969696969697 2.393939393939394 1.3333333333333333 2.6666666666666665 2.3333333333333335 2.3636363636363638 2.3636363636363638 2.212121212121212 2.878787878787879 2.515151515151515 2.242424242424242 2.787878787878788 1.9696969696969697 2.5454545454545454 2.8181818181818183 1.393939393939394 1.5757575757575757 1.696969696969697 2.787878787878788
92 172.26004109597312 3.0 2.696969696969697 2.393939393939394 1.3333333333333333 2.6666666666666665 2.3333333333333335 2.3636363636363638 2.3636363636363638 2.212121212121212 2.878787878787879 2.515151515151515 2.242424242424242 2.787878787878788 1.9696969696969697 2.5454545454545454 2.8181818181818183 1.393939393939394 1.5757575757575757 1.696969696969697 2.787878787878788
93 76.56540183745716 3.0 2.696969696969697 2.393939393939394 1.3333333333333333 2.6666666666666665 2.3333333333333335 2.3636363636363638 2.3636363636363638 2.212121212121212 2.878787878787879 2.515151515151515 2.242424242424242 2.787878787878788 1.9696969696969697 2.5454545454545454 2.8181818181818183 1.393939393939394 1.5757575757575757 1.696969696969697 2.787878787878788
94 183.40232111394744 2.0 1.797979797979798 1.595959595959596 0.8888888888888888 1.7777777777777777 1.5555555555555556 1.5757575757575757 1.5757575757575757 1.4747474747474747 1.9191919191919191 1.6767676767676767 1.494949494949495 1.8585858585858586 1.3131313131313131 1.696969696969697 1.878787878787879 0.9292929292929293 1.0505050505050506 1.1313131313131313 1.8585858585858586
95 113.15429676751796 3.0 2.696969696969697 2.393939393939394 1.3333333333333333 2.6666666666666665 2.3333333333333335 2.3636363636363638 2.3636363636363638 2.212121212121212 2.878787878787879 2.515151515151515 2.242424242424242 2.787878787878788 1.9696969696969697 2.5454545454545454 2.8181818181818183 1.393939393939394 1.5757575757575757 1.696969696969697 2.787878787878788
96 46.46203692306513 3.0 2.696969696969697 2.393939393939394 1.3333333333333333 2.6666666666666665 2.3333333333333335 2.3636363636363638 2.3636363636363638 2.212121212121212 2.878787878787879 2.515151515151515 2.242424242424242 2.787878787878788 1.9696969696969697 2.5454545454545454 2.8181818181818183 1.393939393939394 1.5757575757575757 1.696969696969697 2.787878787878788
97 150.95298637777466 3.0 2.696969696969697 2.393939393939394 1.3333333333333333 2.6666666666666665 2.3333333333333335 2.3636363636363638 2.3636363636363638 2.212121212121212 2.878787878787879 2.515151515151515 2.242424242424242 2.787878787878788 1.9696969696969697 2.5454545454545454 2.8181818181818183 1.393939393939394 1.5757575757575757 1.696969696969697 2.787878787878788
98 118.47598534547367 3.0 2.696969696969697 2.393939393939394 1.3333333333333333 2.6666666666666665 2.3333333333333335 2.3636363636363638 2.3636363636363638 2.212121212121212 2.878787878787879 2.515151515151515 2.242424242424242 2.787878787878788 1.9696969696969697 2.5454545454545454 2.8181818181818183 1.393939393939394 1.5757575757575757 1.696969696969697 2.787878787878788
99 8.53900600530125 2.0 1.797979797979798 1.595959595959596 0.8888888888888888 1.7777777777777777 1.5555555555555556 1.5757575757575757 1.5757575757575757 1.4747474747474747 1.9191919191919191 1.6767676767676767 1.494949494949495 1.8585858585858586 1.3131313131313131 1.696969696969697 1.878787878787879 0.9292929292929293 1.0505050505050506 1.1313131313131313 1.8585858585858586
100 3.558573065601724 2.0 1.797979797979798 1.595959595959596 0.8888888888888888 1.7777777777777777 1.5555555555555556 1.5757575757575757 1.5757575757575757 1.4747474747474747 1.9191919191919191 1.6767676767676767 1.494949494949495 1.8585858585858586 1.3131313131313131 1.696969696969697 1.878787878787879 0.9292929292929293 1.0505050505050506 1.1313131313131313 1.8585858585858586
101 152.93189476267523 3.0 2.696969696969697 2.393939393939394 1.3333333333333333 2.6666666666666665 2.3333333333333335 2.3636363636363638 2.3636363636363638 2.212121212121212 2.878787878787879 2.515151515151515 2.242424242424242 2.787878787878788 1.9696969696969697 2.5454545454545454 2.8181818181818183 1.393939393939394 1.5757575757575757 1.696969696969697 2.787878787878788
102 117.66219090157847 2.0 1.797979797979798 1.595959595959596 0.8888888888888888 1.7777777777777777 1.5555555555555556 1.5757575757575757 1.5757575757575757 1.4747474747474747 1.9191919191919191 1.6767676767676767 1.494949494949495 1.8585858585858586 1.3131313131313131 1.696969696969697 1.878787878787879 0.9292929292929293 1.0505050505050506 1.1313131313131313 1.8585858585858586
103 101.55468866586213 3.0 2.696969696969697 2.393939393939394 1.3333333333333333 2.6666666666666665 2.3333333333333335 2.3636363636363638 2.3636363636363638 2.212121212121212 2.878787878787879 2.515151515151515 2.242424242424242 2.787878787878788 1.9696969696969697 2.5454545454545454 2.8181818181818183 1.393939393939394 1.5757575757575757 1.696969696969697 2.787878787878788
104 207.41140876534507 3.0 2.696969696969697 2.393939393939394 1.3333333333333333 2.6666666666666665 2.3333333333333335 2.3636363636363638 2.3636363636363638 2.212121212121212 2.878787878787879 2.515151515151515 2.242424242424242 2.787878787878788 1.9696969696969697 2.5454545454545454 2.8181818181818183 1.393939393939394 1.5757575757575757 1.696969696969697 2.787878787878788
105 63.34467945266145 3.0 2.696969696969697 2.393939393939394 1.3333333333333333 2.6666666666666665 2.3333333333333335 2.3636363636363638 2.3636363636363638 2.212121212121212 2.878787878787879 2.515151515151515 2.242424242424242 2.787878787878788 1.9696969696969697 2.5454545454545454 2.8181818181818183 1.393939393939394 1.5757575757575757 1.696969696969697 2.787878787878788
106 78.17350614531831 3.0 2.696969696969697 2.393939393939394 1.3333333333333333 2.6666666666666665 2.3333333333333335 2.3636363636363638 2.3636363636363638 2.212121212121212 2.878787878787879 2.515151515151515 2.242424242424242 2.787878787878788 1.9696969696969697 2.5454545454545454 2.8181818181818183 1.393939393939394 1.5757575757575757 1.696969696969697 2.787878787878788
107 40.98324726814026 3.0 2.696969696969697 2.393939393939394 1.3333333333333333 2.6666666666666665 2.3333333333333335 2.3636363636363638 2.3636363636363638 2.212121212121212 2.878787878787879 2.515151515151515 2.242424242424242 2.787878787878788 1.9696969696969697 2.5454545454545454 2.8181818181818183 1.393939393939394 1.5757575757575757 1.696969696969697 2.787878787878788
108 279.3451404506006 2.0 1.797979797979798 1.595959595959596 0.8888888888888888 1.7777777777777777 1.5555555555555556 1.5757575757575757 1.5757575757575757 1.4747474747474747 1.9191919191919191 1.6767676767676767 1.494949494949495 1.8585858585858586 1.3131313131313131 1.696969696969697 1.878787878787879 0.9292929292929293 1.0505050505050506 1.1313131313131313 1.8585858585858586
109 152.9082220911788 3.0 2.696969696969697 2.393939393939394 1.3333333333333333 2.6666666666666665 2.3333333333333335 2.3636363636363638 2.3636363636363638 2.212121212121212 2.878787878787879 2.515151515151515 2.242424242424242 2.787878787878788 1.9696969696969697 2.5454545454545454 2.8181818181818183 1.393939393939394 1.5757575757575757 1.696969696969697 2.787878787878788
110 119.67473061151871 2.0 1.797979797979798 1.595959595959596 0.8888888888888888 1.7777777777777777 1.5555555555555556 1.5757575757575757 1.5757575757575757 1.4747474747474747 1.9191919191919191 1.6767676767676767 1.494949494949495 1.8585858585858586 1.3131313131313131 1.696969696969697 1.878787878787879 0.9292929292929293 1.0505050505050506 1.1313131313131313 1.8585858585858586
111 4.45712108725507 3.0 2.696969696969697 2.393939393939394 1.3333333333333333 2.6666666666666665 2.3333333333333335 2.3636363636363638 2.3636363636363638 2.212121212121212 2.878787878787879 2.515151515151515 2.242424242424242 2.787878787878788 1.9696969696969697 2.5454545454545454 2.8181818181818183 1.393939393939394 1.5757575757575757 1.696969696969697 2.787878787878788
112 166.27472607420646 3.0 2.696969696969697 2.393939393939394 1.3333333333333333 2.6666666666666665 2.3333333333333335 2.3636363636363638 2.3636363636363638 2.212121212121212 2.878787878787879 2.515151515151515 2.242424242424242 2.787878787878788 1.9696969696969697 2.5454545454545454 2.8181818181818183 1.393939393939394 1.5757575757575757 1.696969696969697 2.787878787878788
113 131.2288626818373 2.0 1.797979797979798 1.595959595959596 0.8888888888888888 1.7777777777777777 1.5555555555555556 1.5757575757575757 1.5757575757575757 1.4747474747474747 1.9191919191919191 1.6767676767676767 1.494949494949495 1.8585858585858586 1.3131313131313131 1.696969696969697 1.878787878787879 0.9292929292929293 1.0505050505050506 1.1313131313131313 1.8585858585858586
114 58.52920758058382 3.0 2.696969696969697 2.393939393939394 1.3333333333333333 2.6666666666666665 2.3333333333333335 2.3636363636363638 2.3636363636363638 2.212121212121212 2.878787878787879 2.515151515151515 2.242424242424242 2.787878787878788 1.9696969696969697 2.5454545454545454 2.8181818181818183 1.393939393939394 1.5757575757575757 1.696969696969697 2.787878787878788
115 74.46600395654163 3.0 2.696969696969697 2.393939393939394 1.3333333333333333 2.6666666666666665 2.3333333333333335 2.3636363636363638 2.3636363636363638 2.212121212121212 2.878787878787879 2.515151515151515 2.242424242424242 2.787878787878788 1.9696969696969697 2.5454545454545454 2.8181818181818183 1.393939393939394 1.5757575757575757 1.696969696969697 2.787878787878788
116 82.20340992975721 3.0 2.696969696969697 2.393939393939394 1.3333333333333333 2.6666666666666665 2.3333333333333335 2.3636363636363638 2.3636363636363638 2.212121212121212 2.878787878787879 2.515151515151515 2.242424242424242 2.787878787878788 1.9696969696969697 2.5454545454545454 2.8181818181818183 1.393939393939394 1.5757575757575757 1.696969696969697 2.787878787878788
117 37.43016174238619 2.0 1.797979797979798 1.595959595959596 0.8888888888888888 1.7777777777777777 1.5555555555555556 1.5757575757575757 1.5757575757575757 1.4747474747474747 1.9191919191919191 1.6767676767676767 1.494949494949495 1.8585858585858586 1.3131313131313131 1.696969696969697 1.878787878787879 0.9292929292929293 1.0505050505050506 1.1313131313131313 1.8585858585858586
118 143.11370941755916 2.0 1.797979797979798 1.595959595959596 0.8888888888888888 1.7777777777777777 1.5555555555555556 1.5757575757575757 1.5757575757575757 1.4747474747474747 1.9191919191919191 1.6767676767676767 1.494949494949495 1.8585858585858586 1.3131313131313131 1.696969696969697 1.878787878787879 0.9292929292929293 1.0505050505050506 1.1313131313131313 1.8585858585858586
119 14.866339528850444 3.0 2.696969696969697 2.393939393939394 1.3333333333333333 2.6666666666666665 2.3333333333333335 2.3636363636363638 2.3636363636363638 2.212121212121212 2.878787878787879 2.515151515151515 2.242424242424242 2.787878787878788 1.9696969696969697 2.5454545454545454 2.8181818181818183 1.393939393939394 1.5757575757575757 1.696969696969697 2.787878787878788
