90 40
TREE NETWORK (nID nID Weight):
54 0 55
24 54 56
12 0 54
32 24 52
45 12 39
61 0 56
72 61 36
23 61 38
30 45 58
81 54 38
14 23 36
6 23 52
44 12 34
16 30 57
22 16 51
26 12 53
83 22 43
42 14 52
10 26 37
35 24 38
62 6 37
64 14 41
66 45 43
46 66 43
8 66 31
73 6 57
74 8 34
21 62 33
75 0 34
19 42 59
40 30 34
20 44 37
51 40 59
47 42 51
69 8 38
29 75 34
77 69 58
4 72 34
34 73 45
15 14 35
18 15 51
59 32 55
39 61 41
88 72 42
60 10 35
63 66 59
7 8 51
17 88 56
85 6 48
9 88 34
56 83 59
5 88 54
58 30 34
57 30 41
52 58 41
89 54 37
13 60 32
25 52 54
80 26 31
27 6 46
68 16 42
48 7 52
43 83 45
55 43 43
28 27 44
71 9 57
38 20 36
37 29 40
36 66 47
67 51 52
2 0 33
87 26 30
78 23 37
49 4 54
50 14 46
70 59 52
79 67 45
76 40 44
33 42 33
82 77 38
53 22 42
31 74 36
86 74 56
65 6 59
11 73 53
41 37 33
1 67 48
84 29 59
3 43 43
PROGRAMS ASSIGNED TO NODES (nID pID1 pID2 ...):
0 1 2 3 4 5 6 7 8 9 10 11 12 13 14 15 16 17 18 19 20 21 22 23 24 25 26 27 28 29 30 31 32 33 34 35 36 37 38 39 40
1 1 2 3 6 7 8 9 12 13 14 15 17 19 20 21 23 24 25 26 28 29 30 32 34 36 37 39
2 9 30
3 32 33 1 34 3 40 8 9 11 18 20 22 23 27 31
4 5 14
5 32 1 3 36 4 5 37 6 7 8 40 10 15 16 17 18 19 20 22 24 27 28 29
6 1 5 6 39 7 10 11 13 15 17 21 25 31
7 1 2 3 4 5 6 7 8 9 10 11 12 13 14 15 16 17 18 19 21 22 23 24 25 26 27 30 31 32 34 35 36 37 38 39 40
8 32 3 35 4 5 38 14 18 19 22 25 26 27
9 16 17 33 1 22 11 31
10 4
11 32 34 2 3 36 5 37 40 9 14 16 22 23 25 29 30 31
12 1 2 3 4 5 6 7 11 12 13 14 15 16 17 19 21 23 29 30 32 33 34 35 37 38 39 40
13 35 36 4 37 6 8 40 9 10 11 12 13 14 18 20 23 24 25 26 27 28 30
14 1 17 34 3 36 37 6 39 24 40 12
15 1 2 3 4 5 6 7 8 9 10 11 12 13 14 16 17 18 19 20 21 22 23 24 25 26 27 28 29 30 31 32 33 34 35 36 37 38 39 40
16 17 33 23
17 1 2 3 4 5 6 7 8 9 10 11 12 13 14 15 16 17 18 19 20 21 22 23 25 26 27 28 29 30 31 32 33 34 35 36 37 38 40
18 34 2 20 8 11 28 13
19 1 2 3 4 5 6 7 8 9 10 11 12 13 14 15 16 17 18 19 20 21 22 23 24 26 27 28 29 30 31 32 33 34 35 36 37 38 39 40
20 1 3 4 6 7 8 9 10 14 16 18 19 20 23 25 26 27 28 30 31 32 33 35 36 37 39 40
21 1 2 5 6 7 8 10 11 12 13 14 15 17 19 21 22 23 25 26 27 29 30 31 32 33 34 35 36 37 38 40
22 2 3 6 8 11 14 15 16 17 19 20 21 22 23 24 25 26 27 28 29 31 32 33 35 36 37 38
23 34 3 35 4 37 6 39 40 9 10 11 13 14 15 16 18 21 22 23 24 25 27 29 30
24 1 2 3 35 36 37 5 38 7 8 40 9 11 13 14 16 19 21 23 24 28 29 30 31
25 1 2 3 4 5 6 7 8 9 11 12 13 14 15 16 17 18 19 20 21 22 23 24 25 26 27 28 29 30 32 33 34 35 37 38 39 40
26 1 2 19 36 5 40 24 25 27 28 14 30
27 1 2 4 6 7 8 9 10 11 14 15 16 18 19 20 21 22 23 26 27 28 29 31 33 35 36 37 39
28 1 2 6 8 9 10 11 12 14 17 18 19 20 21 22 23 24 26 27 28 29 30 31 32 34 35 36 38 40
30 2 3 4 5 6 8 9 10 11 12 13 14 15 16 17 19 20 22 24 25 26 27 28 29 32 33 36 38 39
31 19
32 34 19 37 23 26 11
33 16 32 2 3 36 37 21 6 25 11 29 31
34 1 2 3 4 5 6 7 8 9 10 11 12 13 15 16 17 18 19 20 21 22 23 24 25 26 27 28 31 32 33 34 35 36 37 38 39 40
36 1 35 12
37 1 3 4 5 6 7 9 10 11 12 13 14 15 16 17 18 19 20 21 22 23 24 25 26 27 28 29 31 32 33 34 35 36 37 38 39 40
38 33 3 35 36 5 38 7 10 11 14 15 17 20 23 25 31
39 34 35 3 4 5 7 8 9 10 11 12 14 16 17 20 21 23 28 29
40 18 21 5 6 39 24 25 15
41 16 19 35 20 4 7 24 9 26 27 12 14
42 34 4 5 37 6 39 9 10 11 14 15 16 20 26 27 29
43 1 2 3 5 6 7 8 9 10 12 14 15 16 17 18 19 20 21 22 23 24 25 26 30 31 32 33 34 35 36 37 38 39 40
44 17 35 21 6 39 26 27
45 1 3 4 6 7 8 10 11 12 13 14 16 17 18 19 20 21 22 23 24 25 26 27 28 29 30 32 33 34 35 36 37 38 40
46 1 2 3 5 8 9 10 12 13 15 16 17 18 19 20 22 23 24 25 27 30 31 32 34 35 36 38 39 40
47 1 2 3 4 5 6 7 8 9 10 12 13 14 15 16 17 18 19 20 21 22 23 24 25 26 27 28 29 30 31 32 33 34 35 36 37 38 39 40
48 32 34 2 35 4 6 38 7 39 8 10 12 13 14 16 19 20 22 24 26 29 30 31
49 2 35 37 38 6 39 7 40 8 10 11 12 13 14 15 16 17 19 20 22 26 27 29 30
50 2 3 4 6 8 9 11 12 14 15 16 17 18 22 23 24 26 27 29 30 31 34 35 37 40
51 10 27 12
52 1 2 3 4 5 6 8 9 10 11 14 15 16 17 18 19 21 23 24 27 28 29 30 31 32 33 34 35 36 37 38 39 40
53 1 4 7 8 11 12 13 14 15 16 17 18 19 20 21 22 25 26 27 28 29 31 32 33 35 36 37 38 39 40
54 1 2 3 4 5 6 7 8 11 12 13 14 16 17 18 19 20 21 22 23 24 25 26 27 28 31 32 33 34 35 36 37 38 39 40
55 1 2 3 4 5 6 7 9 10 11 13 14 15 16 17 18 19 20 22 23 24 25 26 27 28 29 30 31 32 33 34 36 37 38 39 40
56 33 20 5 21 38 11
57 32 33 2 34 35 4 37 38 7 40 8 9 10 12 14 15 16 18 19 22 25 27 28
58 1 3 6 9 11 12 13 14 17 18 19 20 25 26 27 28 29 30 32 33 35 36 37 38 39
59 2 4 5 8 10 11 12 13 15 16 17 18 19 21 22 23 24 26 29 30 32 35 36 37 38 39
60 16 33 19 4 39 7 24 9 10 11 29 15
61 1 2 3 4 5 6 7 8 9 10 11 13 14 15 16 17 18 19 20 21 22 23 25 26 27 28 29 30 31 32 33 34 35 36 37 38 40
62 2 3 37 9 28 31
63 32 34 35 19 37 38 7 12 15
64 1 2 3 6 7 8 9 11 12 14 15 16 17 18 19 20 21 22 23 24 25 26 27 28 29 30 31 32 33 35 36 37 38 39 40
65 1 3 4 8 10 11 12 13 14 16 17 18 19 21 22 23 24 25 26 27 28 29 30 31 32 34 35 40
66 1 2 3 4 5 6 7 8 9 10 11 12 13 14 15 16 17 18 19 20 21 22 23 25 26 27 28 29 30 31 32 33 34 35 36 37 38 39 40
67 32 4 37 5 38 6 7 39 8 11 14 16 17 19 20 26 30
68 1 2 4 5 7 8 10 11 12 13 16 17 19 20 21 22 24 27 30 31 32 33 34 35 36 38 39 40
69 18 21 38 6 23 7 9 25 26 10 27 15
70 2 3 4 6 7 9 10 11 12 13 14 15 16 17 18 19 21 23 24 25 28 29 30 31 32 33 34 35 36 37 39 40
71 32 33 1 2 35 3 37 7 40 9 10 12 16 19 20 21 25 27 28 29 30 31
72 39 7 8 27 13 31
73 1 35 3 4 36 37 5 7 8 40 9 10 11 12 13 15 17 19 20 23 24 25 28 30
74 2 35 37 5 6 38 7 40 8 9 10 13 14 15 16 18 21 25 27 28 29 30 31
75 16 33 18 19 20 37 24 29 14
76 1 2 3 4 5 6 8 9 12 13 14 15 16 18 21 23 24 25 26 27 30 31 33 34 35 36 39 40
77 1 2 4 5 6 7 8 9 10 11 12 13 14 15 16 19 20 21 23 25 26 27 28 29 30 31 33 34 35 38 39 40
78 16 1 34 3 22 23 8 9 13 15
79 1 33 2 4 37 7 9 10 11 13 17 18 19 24 26 27 28 30 31
80 1 2 4 5 6 9 10 11 12 13 14 15 16 17 19 20 21 22 23 24 25 26 27 29 30 31 32 33 34 35 36 37 38 39 40
81 17 2 5 37 8 26 28 13 30
82 1 3 6 7 10 12 13 16 17 20 21 22 25 26 27 28 29 32 33 34 35 36 37 38 40
83 32 1 2 35 4 36 5 7 39 8 40 9 11 12 13 15 16 19 21 23 24 26 27 31
84 2 3 4 5 6 7 8 9 10 11 12 13 14 15 16 17 18 19 20 21 22 23 24 25 26 27 28 29 30 31 32 33 34 35 36 37 38 39 40
85 1 2 3 4 5 6 7 8 9 10 11 12 13 14 16 17 18 19 20 21 22 23 24 25 26 27 28 29 30 31 32 33 34 35 36 37 38 39 40
86 1 2 3 4 7 8 9 10 11 12 13 17 18 20 22 25 26 28 30 32 33 34 35 38 39 40
87 33 17 3 35 20 5 22 7 25 27 15
88 32 2 35 3 5 6 39 8 9 10 14 15 16 17 18 25 26 27 28 30
89 32 2 8 11
SIZE OF PROGRAMS (pID SIZE):
1 66.0
2 56.0
3 53.0
4 53.0
5 53.0
6 80.0
7 54.0
8 62.0
9 51.0
10 47.0
11 46.0
12 85.0
13 66.0
14 75.0
15 45.0
16 50.0
17 47.0
18 43.0
19 48.0
20 89.0
21 97.0
22 74.0
23 55.0
24 57.0
25 72.0
26 54.0
27 90.0
28 63.0
29 70.0
30 78.0
31 75.0
32 47.0
33 44.0
34 60.0
35 86.0
36 66.0
37 79.0
38 59.0
39 75.0
40 53.0
COST TO INSTALL SERVERS AND PROGRAMS ON NODES (COST_TO_INSTALL_SERVER COST_TO_INSTALL_pID1 ...):
0 8803.092783505152 2.0412371134020617 1.731958762886598 1.6391752577319587 1.6391752577319587 1.6391752577319587 2.4742268041237114 1.6701030927835052 1.9175257731958764 1.577319587628866 1.4536082474226804 1.422680412371134 2.6288659793814433 2.0412371134020617 2.3195876288659796 1.3917525773195876 1.5463917525773196 1.4536082474226804 1.3298969072164948 1.4845360824742269 2.752577319587629 3.0 2.288659793814433 1.7010309278350515 1.7628865979381443 2.2268041237113403 1.6701030927835052 2.783505154639175 1.9484536082474226 2.1649484536082473 2.4123711340206184 2.3195876288659796 1.4536082474226804 1.3608247422680413 1.8556701030927836 2.6597938144329896 2.0412371134020617 2.443298969072165 1.824742268041237 2.3195876288659796 1.6391752577319587
1 393.64410011283286 2.0412371134020617 1.731958762886598 1.6391752577319587 1.6391752577319587 1.6391752577319587 2.4742268041237114 1.6701030927835052 1.9175257731958764 1.577319587628866 1.4536082474226804 1.422680412371134 2.6288659793814433 2.0412371134020617 2.3195876288659796 1.3917525773195876 1.5463917525773196 1.4536082474226804 1.3298969072164948 1.4845360824742269 2.752577319587629 3.0 2.288659793814433 1.7010309278350515 1.7628865979381443 2.2268041237113403 1.6701030927835052 2.783505154639175 1.9484536082474226 2.1649484536082473 2.4123711340206184 2.3195876288659796 1.4536082474226804 1.3608247422680413 1.8556701030927836 2.6597938144329896 2.0412371134020617 2.443298969072165 1.824742268041237 2.3195876288659796 1.6391752577319587
2 3.212170816386236 2.0412371134020617 1.731958762886598 1.6391752577319587 1.6391752577319587 1.6391752577319587 2.4742268041237114 1.6701030927835052 1.9175257731958764 1.577319587628866 1.4536082474226804 1.422680412371134 2.6288659793814433 2.0412371134020617 2.3195876288659796 1.3917525773195876 1.5463917525773196 1.4536082474226804 1.3298969072164948 1.4845360824742269 2.752577319587629 3.0 2.288659793814433 1.7010309278350515 1.7628865979381443 2.2268041237113403 1.6701030927835052 2.783505154639175 1.9484536082474226 2.1649484536082473 2.4123711340206184 2.3195876288659796 1.4536082474226804 1.3608247422680413 1.8556701030927836 2.6597938144329896 2.0412371134020617 2.443298969072165 1.824742268041237 2.3195876288659796 1.6391752577319587
3 172.7244672043864 1.3608247422680413 1.1546391752577319 1.092783505154639 1.092783505154639 1.092783505154639 1.6494845360824741 1.1134020618556701 1.2783505154639174 1.0515463917525774 0.9690721649484536 0.9484536082474226 1.7525773195876289 1.3608247422680413 1.5463917525773196 0.9278350515463918 1.0309278350515463 0.9690721649484536 0.8865979381443299 0.9896907216494846 1.8350515463917525 2.0 1.5257731958762886 1.134020618556701 1.175257731958763 1.4845360824742269 1.1134020618556701 1.8556701030927836 1.2989690721649485 1.443298969072165 1.6082474226804124 1.5463917525773196 0.9690721649484536 0.9072164948453608 1.2371134020618557 1.7731958762886597 1.3608247422680413 1.6288659793814433 1.2164948453608246 1.5463917525773196 1.092783505154639
4 125.1013477204388 1.3608247422680413 1.1546391752577319 1.092783505154639 1.092783505154639 1.092783505154639 1.6494845360824741 1.1134020618556701 1.2783505154639174 1.0515463917525774 0.9690721649484536 0.9484536082474226 1.7525773195876289 1.3608247422680413 1.5463917525773196 0.9278350515463918 1.0309278350515463 0.9690721649484536 0.8865979381443299 0.9896907216494846 1.8350515463917525 2.0 1.5257731958762886 1.134020618556701 1.175257731958763 1.4845360824742269 1.1134020618556701 1.8556701030927836 1.2989690721649485 1.443298969072165 1.6082474226804124 1.5463917525773196 0.9690721649484536 0.9072164948453608 1.2371134020618557 1.7731958762886597 1.3608247422680413 1.6288659793814433 1.2164948453608246 1.5463917525773196 1.092783505154639
5 129.8145227752699 1.3608247422680413 1.1546391752577319 1.092783505154639 1.092783505154639 1.092783505154639 1.6494845360824741 1.1134020618556701 1.2783505154639174 1.0515463917525774 0.9690721649484536 0.9484536082474226 1.7525773195876289 1.3608247422680413 1.5463917525773196 0.9278350515463918 1.0309278350515463 0.9690721649484536 0.8865979381443299 0.9896907216494846 1.8350515463917525 2.0 1.5257731958762886 1.134020618556701 1.175257731958763 1.4845360824742269 1.1134020618556701 1.8556701030927836 1.2989690721649485 1.443298969072165 1.6082474226804124 1.5463917525773196 0.9690721649484536 0.9072164948453608 1.2371134020618557 1.7731958762886597 1.3608247422680413 1.6288659793814433 1.2164948453608246 1.5463917525773196 1.092783505154639
6 189.75507009699226 1.3608247422680413 1.1546391752577319 1.092783505154639 1.092783505154639 1.092783505154639 1.6494845360824741 1.1134020618556701 1.2783505154639174 1.0515463917525774 0.9690721649484536 0.9484536082474226 1.7525773195876289 1.3608247422680413 1.5463917525773196 0.9278350515463918 1.0309278350515463 0.9690721649484536 0.8865979381443299 0.9896907216494846 1.8350515463917525 2.0 1.5257731958762886 1.134020618556701 1.175257731958763 1.4845360824742269 1.1134020618556701 1.8556701030927836 1.2989690721649485 1.443298969072165 1.6082474226804124 1.5463917525773196 0.9690721649484536 0.9072164948453608 1.2371134020618557 1.7731958762886597 1.3608247422680413 1.6288659793814433 1.2164948453608246 1.5463917525773196 1.092783505154639
7 366.9383025286861 1.3608247422680413 1.1546391752577319 1.092783505154639 1.092783505154639 1.092783505154639 1.6494845360824741 1.1134020618556701 1.2783505154639174 1.0515463917525774 0.9690721649484536 0.9484536082474226 1.7525773195876289 1.3608247422680413 1.5463917525773196 0.9278350515463918 1.0309278350515463 0.9690721649484536 0.8865979381443299 0.9896907216494846 1.8350515463917525 2.0 1.5257731958762886 1.134020618556701 1.175257731958763 1.4845360824742269 1.1134020618556701 1.8556701030927836 1.2989690721649485 1.443298969072165 1.6082474226804124 1.5463917525773196 0.9690721649484536 0.9072164948453608 1.2371134020618557 1.7731958762886597 1.3608247422680413 1.6288659793814433 1.2164948453608246 1.5463917525773196 1.092783505154639
8 195.99774255646776 2.0412371134020617 1.731958762886598 1.6391752577319587 1.6391752577319587 1.6391752577319587 2.4742268041237114 1.6701030927835052 1.9175257731958764 1.577319587628866 1.4536082474226804 1.422680412371134 2.6288659793814433 2.0412371134020617 2.3195876288659796 1.3917525773195876 1.5463917525773196 1.4536082474226804 1.3298969072164948 1.4845360824742269 2.752577319587629 3.0 2.288659793814433 1.7010309278350515 1.7628865979381443 2.2268041237113403 1.6701030927835052 2.783505154639175 1.9484536082474226 2.1649484536082473 2.4123711340206184 2.3195876288659796 1.4536082474226804 1.3608247422680413 1.8556701030927836 2.6597938144329896 2.0412371134020617 2.443298969072165 1.824742268041237 2.3195876288659796 1.6391752577319587
9 135.62719083487997 2.0412371134020617 1.731958762886598 1.6391752577319587 1.6391752577319587 1.6391752577319587 2.4742268041237114 1.6701030927835052 1.9175257731958764 1.577319587628866 1.4536082474226804 1.422680412371134 2.6288659793814433 2.0412371134020617 2.3195876288659796 1.3917525773195876 1.5463917525773196 1.4536082474226804 1.3298969072164948 1.4845360824742269 2.752577319587629 3.0 2.288659793814433 1.7010309278350515 1.7628865979381443 2.2268041237113403 1.6701030927835052 2.783505154639175 1.9484536082474226 2.1649484536082473 2.4123711340206184 2.3195876288659796 1.4536082474226804 1.3608247422680413 1.8556701030927836 2.6597938144329896 2.0412371134020617 2.443298969072165 1.824742268041237 2.3195876288659796 1.6391752577319587
10 150.93900561524626 1.3608247422680413 1.1546391752577319 1.092783505154639 1.092783505154639 1.092783505154639 1.6494845360824741 1.1134020618556701 1.2783505154639174 1.0515463917525774 0.9690721649484536 0.9484536082474226 1.7525773195876289 1.3608247422680413 1.5463917525773196 0.9278350515463918 1.0309278350515463 0.9690721649484536 0.8865979381443299 0.9896907216494846 1.8350515463917525 2.0 1.5257731958762886 1.134020618556701 1.175257731958763 1.4845360824742269 1.1134020618556701 1.8556701030927836 1.2989690721649485 1.443298969072165 1.6082474226804124 1.5463917525773196 0.9690721649484536 0.9072164948453608 1.2371134020618557 1.7731958762886597 1.3608247422680413 1.6288659793814433 1.2164948453608246 1.5463917525773196 1.092783505154639
11 102.34619628570827 2.0412371134020617 1.731958762886598 1.6391752577319587 1.6391752577319587 1.6391752577319587 2.4742268041237114 1.6701030927835052 1.9175257731958764 1.577319587628866 1.4536082474226804 1.422680412371134 2.6288659793814433 2.0412371134020617 2.3195876288659796 1.3917525773195876 1.5463917525773196 1.4536082474226804 1.3298969072164948 1.4845360824742269 2.752577319587629 3.0 2.288659793814433 1.7010309278350515 1.7628865979381443 2.2268041237113403 1.6701030927835052 2.783505154639175 1.9484536082474226 2.1649484536082473 2.4123711340206184 2.3195876288659796 1.4536082474226804 1.3608247422680413 1.8556701030927836 2.6597938144329896 2.0412371134020617 2.443298969072165 1.824742268041237 2.3195876288659796 1.6391752577319587
12 5.106436146033374 1.3608247422680413 1.1546391752577319 1.092783505154639 1.092783505154639 1.092783505154639 1.6494845360824741 1.1134020618556701 1.2783505154639174 1.0515463917525774 0.9690721649484536 0.9484536082474226 1.7525773195876289 1.3608247422680413 1.5463917525773196 0.9278350515463918 1.0309278350515463 0.9690721649484536 0.8865979381443299 0.9896907216494846 1.8350515463917525 2.0 1.5257731958762886 1.134020618556701 1.175257731958763 1.4845360824742269 1.1134020618556701 1.8556701030927836 1.2989690721649485 1.443298969072165 1.6082474226804124 1.5463917525773196 0.9690721649484536 0.9072164948453608 1.2371134020618557 1.7731958762886597 1.3608247422680413 1.6288659793814433 1.2164948453608246 1.5463917525773196 1.092783505154639
13 119.43395224064798 1.3608247422680413 1.1546391752577319 1.092783505154639 1.092783505154639 1.092783505154639 1.6494845360824741 1.1134020618556701 1.2783505154639174 1.0515463917525774 0.9690721649484536 0.9484536082474226 1.7525773195876289 1.3608247422680413 1.5463917525773196 0.9278350515463918 1.0309278350515463 0.9690721649484536 0.8865979381443299 0.9896907216494846 1.8350515463917525 2.0 1.5257731958762886 1.134020618556701 1.175257731958763 1.4845360824742269 1.1134020618556701 1.8556701030927836 1.2989690721649485 1.443298969072165 1.6082474226804124 1.5463917525773196 0.9690721649484536 0.9072164948453608 1.2371134020618557 1.7731958762886597 1.3608247422680413 1.6288659793814433 1.2164948453608246 1.5463917525773196 1.092783505154639
14 195.02091298479485 2.0412371134020617 1.731958762886598 1.6391752577319587 1.6391752577319587 1.6391752577319587 2.4742268041237114 1.6701030927835052 1.9175257731958764 1.577319587628866 1.4536082474226804 1.422680412371134 2.6288659793814433 2.0412371134020617 2.3195876288659796 1.3917525773195876 1.5463917525773196 1.4536082474226804 1.3298969072164948 1.4845360824742269 2.752577319587629 3.0 2.288659793814433 1.7010309278350515 1.7628865979381443 2.2268041237113403 1.6701030927835052 2.783505154639175 1.9484536082474226 2.1649484536082473 2.4123711340206184 2.3195876288659796 1.4536082474226804 1.3608247422680413 1.8556701030927836 2.6597938144329896 2.0412371134020617 2.443298969072165 1.824742268041237 2.3195876288659796 1.6391752577319587
15 312.64487025332824 2.0412371134020617 1.731958762886598 1.6391752577319587 1.6391752577319587 1.6391752577319587 2.4742268041237114 1.6701030927835052 1.9175257731958764 1.577319587628866 1.4536082474226804 1.422680412371134 2.6288659793814433 2.0412371134020617 2.3195876288659796 1.3917525773195876 1.5463917525773196 1.4536082474226804 1.3298969072164948 1.4845360824742269 2.752577319587629 3.0 2.288659793814433 1.7010309278350515 1.7628865979381443 2.2268041237113403 1.6701030927835052 2.783505154639175 1.9484536082474226 2.1649484536082473 2.4123711340206184 2.3195876288659796 1.4536082474226804 1.3608247422680413 1.8556701030927836 2.6597938144329896 2.0412371134020617 2.443298969072165 1.824742268041237 2.3195876288659796 1.6391752577319587
16 254.61494602193616 1.3608247422680413 1.1546391752577319 1.092783505154639 1.092783505154639 1.092783505154639 1.6494845360824741 1.1134020618556701 1.2783505154639174 1.0515463917525774 0.9690721649484536 0.9484536082474226 1.7525773195876289 1.3608247422680413 1.5463917525773196 0.9278350515463918 1.0309278350515463 0.9690721649484536 0.8865979381443299 0.9896907216494846 1.8350515463917525 2.0 1.5257731958762886 1.134020618556701 1.175257731958763 1.4845360824742269 1.1134020618556701 1.8556701030927836 1.2989690721649485 1.443298969072165 1.6082474226804124 1.5463917525773196 0.9690721649484536 0.9072164948453608 1.2371134020618557 1.7731958762886597 1.3608247422680413 1.6288659793814433 1.2164948453608246 1.5463917525773196 1.092783505154639
17 144.17960167821315 2.0412371134020617 1.731958762886598 1.6391752577319587 1.6391752577319587 1.6391752577319587 2.4742268041237114 1.6701030927835052 1.9175257731958764 1.577319587628866 1.4536082474226804 1.422680412371134 2.6288659793814433 2.0412371134020617 2.3195876288659796 1.3917525773195876 1.5463917525773196 1.4536082474226804 1.3298969072164948 1.4845360824742269 2.752577319587629 3.0 2.288659793814433 1.7010309278350515 1.7628865979381443 2.2268041237113403 1.6701030927835052 2.783505154639175 1.9484536082474226 2.1649484536082473 2.4123711340206184 2.3195876288659796 1.4536082474226804 1.3608247422680413 1.8556701030927836 2.6597938144329896 2.0412371134020617 2.443298969072165 1.824742268041237 2.3195876288659796 1.6391752577319587
18 61.15664445589785 2.0412371134020617 1.731958762886598 1.6391752577319587 1.6391752577319587 1.6391752577319587 2.4742268041237114 1.6701030927835052 1.9175257731958764 1.577319587628866 1.4536082474226804 1.422680412371134 2.6288659793814433 2.0412371134020617 2.3195876288659796 1.3917525773195876 1.5463917525773196 1.4536082474226804 1.3298969072164948 1.4845360824742269 2.752577319587629 3.0 2.288659793814433 1.7010309278350515 1.7628865979381443 2.2268041237113403 1.6701030927835052 2.783505154639175 1.9484536082474226 2.1649484536082473 2.4123711340206184 2.3195876288659796 1.4536082474226804 1.3608247422680413 1.8556701030927836 2.6597938144329896 2.0412371134020617 2.443298969072165 1.824742268041237 2.3195876288659796 1.6391752577319587
19 390.4871576884581 1.3608247422680413 1.1546391752577319 1.092783505154639 1.092783505154639 1.092783505154639 1.6494845360824741 1.1134020618556701 1.2783505154639174 1.0515463917525774 0.9690721649484536 0.9484536082474226 1.7525773195876289 1.3608247422680413 1.5463917525773196 0.9278350515463918 1.0309278350515463 0.9690721649484536 0.8865979381443299 0.9896907216494846 1.8350515463917525 2.0 1.5257731958762886 1.134020618556701 1.175257731958763 1.4845360824742269 1.1134020618556701 1.8556701030927836 1.2989690721649485 1.443298969072165 1.6082474226804124 1.5463917525773196 0.9690721649484536 0.9072164948453608 1.2371134020618557 1.7731958762886597 1.3608247422680413 1.6288659793814433 1.2164948453608246 1.5463917525773196 1.092783505154639
20 217.9747639366656 1.3608247422680413 1.1546391752577319 1.092783505154639 1.092783505154639 1.092783505154639 1.6494845360824741 1.1134020618556701 1.2783505154639174 1.0515463917525774 0.9690721649484536 0.9484536082474226 1.7525773195876289 1.3608247422680413 1.5463917525773196 0.9278350515463918 1.0309278350515463 0.9690721649484536 0.8865979381443299 0.9896907216494846 1.8350515463917525 2.0 1.5257731958762886 1.134020618556701 1.175257731958763 1.4845360824742269 1.1134020618556701 1.8556701030927836 1.2989690721649485 1.443298969072165 1.6082474226804124 1.5463917525773196 0.9690721649484536 0.9072164948453608 1.2371134020618557 1.7731958762886597 1.3608247422680413 1.6288659793814433 1.2164948453608246 1.5463917525773196 1.092783505154639
21 206.03883348813972 1.3608247422680413 1.1546391752577319 1.092783505154639 1.092783505154639 1.092783505154639 1.6494845360824741 1.1134020618556701 1.2783505154639174 1.0515463917525774 0.9690721649484536 0.9484536082474226 1.7525773195876289 1.3608247422680413 1.5463917525773196 0.9278350515463918 1.0309278350515463 0.9690721649484536 0.8865979381443299 0.9896907216494846 1.8350515463917525 2.0 1.5257731958762886 1.134020618556701 1.175257731958763 1.4845360824742269 1.1134020618556701 1.8556701030927836 1.2989690721649485 1.443298969072165 1.6082474226804124 1.5463917525773196 0.9690721649484536 0.9072164948453608 1.2371134020618557 1.7731958762886597 1.3608247422680413 1.6288659793814433 1.2164948453608246 1.5463917525773196 1.092783505154639
22 265.3269814071987 2.0412371134020617 1.731958762886598 1.6391752577319587 1.6391752577319587 1.6391752577319587 2.4742268041237114 1.6701030927835052 1.9175257731958764 1.577319587628866 1.4536082474226804 1.422680412371134 2.6288659793814433 2.0412371134020617 2.3195876288659796 1.3917525773195876 1.5463917525773196 1.4536082474226804 1.3298969072164948 1.4845360824742269 2.752577319587629 3.0 2.288659793814433 1.7010309278350515 1.7628865979381443 2.2268041237113403 1.6701030927835052 2.783505154639175 1.9484536082474226 2.1649484536082473 2.4123711340206184 2.3195876288659796 1.4536082474226804 1.3608247422680413 1.8556701030927836 2.6597938144329896 2.0412371134020617 2.443298969072165 1.824742268041237 2.3195876288659796 1.6391752577319587
23 130.8458085104986 1.3608247422680413 1.1546391752577319 1.092783505154639 1.092783505154639 1.092783505154639 1.6494845360824741 1.1134020618556701 1.2783505154639174 1.0515463917525774 0.9690721649484536 0.9484536082474226 1.7525773195876289 1.3608247422680413 1.5463917525773196 0.9278350515463918 1.0309278350515463 0.9690721649484536 0.8865979381443299 0.9896907216494846 1.8350515463917525 2.0 1.5257731958762886 1.134020618556701 1.175257731958763 1.4845360824742269 1.1134020618556701 1.8556701030927836 1.2989690721649485 1.443298969072165 1.6082474226804124 1.5463917525773196 0.9690721649484536 0.9072164948453608 1.2371134020618557 1.7731958762886597 1.3608247422680413 1.6288659793814433 1.2164948453608246 1.5463917525773196 1.092783505154639
24 51.982720223549485 1.3608247422680413 1.1546391752577319 1.092783505154639 1.092783505154639 1.092783505154639 1.6494845360824741 1.1134020618556701 1.2783505154639174 1.0515463917525774 0.9690721649484536 0.9484536082474226 1.7525773195876289 1.3608247422680413 1.5463917525773196 0.9278350515463918 1.0309278350515463 0.9690721649484536 0.8865979381443299 0.9896907216494846 1.8350515463917525 2.0 1.5257731958762886 1.134020618556701 1.175257731958763 1.4845360824742269 1.1134020618556701 1.8556701030927836 1.2989690721649485 1.443298969072165 1.6082474226804124 1.5463917525773196 0.9690721649484536 0.9072164948453608 1.2371134020618557 1.7731958762886597 1.3608247422680413 1.6288659793814433 1.2164948453608246 1.5463917525773196 1.092783505154639
25 252.8257901028744 2.0412371134020617 1.731958762886598 1.6391752577319587 1.6391752577319587 1.6391752577319587 2.4742268041237114 1.6701030927835052 1.9175257731958764 1.577319587628866 1.4536082474226804 1.422680412371134 2.6288659793814433 2.0412371134020617 2.3195876288659796 1.3917525773195876 1.5463917525773196 1.4536082474226804 1.3298969072164948 1.4845360824742269 2.752577319587629 3.0 2.288659793814433 1.7010309278350515 1.7628865979381443 2.2268041237113403 1.6701030927835052 2.783505154639175 1.9484536082474226 2.1649484536082473 2.4123711340206184 2.3195876288659796 1.4536082474226804 1.3608247422680413 1.8556701030927836 2.6597938144329896 2.0412371134020617 2.443298969072165 1.824742268041237 2.3195876288659796 1.6391752577319587
26 27.029835063457497 2.0412371134020617 1.731958762886598 1.6391752577319587 1.6391752577319587 1.6391752577319587 2.4742268041237114 1.6701030927835052 1.9175257731958764 1.577319587628866 1.4536082474226804 1.422680412371134 2.6288659793814433 2.0412371134020617 2.3195876288659796 1.3917525773195876 1.5463917525773196 1.4536082474226804 1.3298969072164948 1.4845360824742269 2.752577319587629 3.0 2.288659793814433 1.7010309278350515 1.7628865979381443 2.2268041237113403 1.6701030927835052 2.783505154639175 1.9484536082474226 2.1649484536082473 2.4123711340206184 2.3195876288659796 1.4536082474226804 1.3608247422680413 1.8556701030927836 2.6597938144329896 2.0412371134020617 2.443298969072165 1.824742268041237 2.3195876288659796 1.6391752577319587
27 171.6629864580131 1.3608247422680413 1.1546391752577319 1.092783505154639 1.092783505154639 1.092783505154639 1.6494845360824741 1.1134020618556701 1.2783505154639174 1.0515463917525774 0.9690721649484536 0.9484536082474226 1.7525773195876289 1.3608247422680413 1.5463917525773196 0.9278350515463918 1.0309278350515463 0.9690721649484536 0.8865979381443299 0.9896907216494846 1.8350515463917525 2.0 1.5257731958762886 1.134020618556701 1.175257731958763 1.4845360824742269 1.1134020618556701 1.8556701030927836 1.2989690721649485 1.443298969072165 1.6082474226804124 1.5463917525773196 0.9690721649484536 0.9072164948453608 1.2371134020618557 1.7731958762886597 1.3608247422680413 1.6288659793814433 1.2164948453608246 1.5463917525773196 1.092783505154639
28 138.66650094903443 2.0412371134020617 1.731958762886598 1.6391752577319587 1.6391752577319587 1.6391752577319587 2.4742268041237114 1.6701030927835052 1.9175257731958764 1.577319587628866 1.4536082474226804 1.422680412371134 2.6288659793814433 2.0412371134020617 2.3195876288659796 1.3917525773195876 1.5463917525773196 1.4536082474226804 1.3298969072164948 1.4845360824742269 2.752577319587629 3.0 2.288659793814433 1.7010309278350515 1.7628865979381443 2.2268041237113403 1.6701030927835052 2.783505154639175 1.9484536082474226 2.1649484536082473 2.4123711340206184 2.3195876288659796 1.4536082474226804 1.3608247422680413 1.8556701030927836 2.6597938144329896 2.0412371134020617 2.443298969072165 1.824742268041237 2.3195876288659796 1.6391752577319587
29 166.80665545213563 2.0412371134020617 1.731958762886598 1.6391752577319587 1.6391752577319587 1.6391752577319587 2.4742268041237114 1.6701030927835052 1.9175257731958764 1.577319587628866 1.4536082474226804 1.422680412371134 2.6288659793814433 2.0412371134020617 2.3195876288659796 1.3917525773195876 1.5463917525773196 1.4536082474226804 1.3298969072164948 1.4845360824742269 2.752577319587629 3.0 2.288659793814433 1.7010309278350515 1.7628865979381443 2.2268041237113403 1.6701030927835052 2.783505154639175 1.9484536082474226 2.1649484536082473 2.4123711340206184 2.3195876288659796 1.4536082474226804 1.3608247422680413 1.8556701030927836 2.6597938144329896 2.0412371134020617 2.443298969072165 1.824742268041237 2.3195876288659796 1.6391752577319587
30 130.17999199647625 1.3608247422680413 1.1546391752577319 1.092783505154639 1.092783505154639 1.092783505154639 1.6494845360824741 1.1134020618556701 1.2783505154639174 1.0515463917525774 0.9690721649484536 0.9484536082474226 1.7525773195876289 1.3608247422680413 1.5463917525773196 0.9278350515463918 1.0309278350515463 0.9690721649484536 0.8865979381443299 0.9896907216494846 1.8350515463917525 2.0 1.5257731958762886 1.134020618556701 1.175257731958763 1.4845360824742269 1.1134020618556701 1.8556701030927836 1.2989690721649485 1.443298969072165 1.6082474226804124 1.5463917525773196 0.9690721649484536 0.9072164948453608 1.2371134020618557 1.7731958762886597 1.3608247422680413 1.6288659793814433 1.2164948453608246 1.5463917525773196 1.092783505154639
31 8.88312527857794 1.3608247422680413 1.1546391752577319 1.092783505154639 1.092783505154639 1.092783505154639 1.6494845360824741 1.1134020618556701 1.2783505154639174 1.0515463917525774 0.9690721649484536 0.9484536082474226 1.7525773195876289 1.3608247422680413 1.5463917525773196 0.9278350515463918 1.0309278350515463 0.9690721649484536 0.8865979381443299 0.9896907216494846 1.8350515463917525 2.0 1.5257731958762886 1.134020618556701 1.175257731958763 1.4845360824742269 1.1134020618556701 1.8556701030927836 1.2989690721649485 1.443298969072165 1.6082474226804124 1.5463917525773196 0.9690721649484536 0.9072164948453608 1.2371134020618557 1.7731958762886597 1.3608247422680413 1.6288659793814433 1.2164948453608246 1.5463917525773196 1.092783505154639
32 108.90333304948848 2.0412371134020617 1.731958762886598 1.6391752577319587 1.6391752577319587 1.6391752577319587 2.4742268041237114 1.6701030927835052 1.9175257731958764 1.577319587628866 1.4536082474226804 1.422680412371134 2.6288659793814433 2.0412371134020617 2.3195876288659796 1.3917525773195876 1.5463917525773196 1.4536082474226804 1.3298969072164948 1.4845360824742269 2.752577319587629 3.0 2.288659793814433 1.7010309278350515 1.7628865979381443 2.2268041237113403 1.6701030927835052 2.783505154639175 1.9484536082474226 2.1649484536082473 2.4123711340206184 2.3195876288659796 1.4536082474226804 1.3608247422680413 1.8556701030927836 2.6597938144329896 2.0412371134020617 2.443298969072165 1.824742268041237 2.3195876288659796 1.6391752577319587
33 79.61990022025319 2.0412371134020617 1.731958762886598 1.6391752577319587 1.6391752577319587 1.6391752577319587 2.4742268041237114 1.6701030927835052 1.9175257731958764 1.577319587628866 1.4536082474226804 1.422680412371134 2.6288659793814433 2.0412371134020617 2.3195876288659796 1.3917525773195876 1.5463917525773196 1.4536082474226804 1.3298969072164948 1.4845360824742269 2.752577319587629 3.0 2.288659793814433 1.7010309278350515 1.7628865979381443 2.2268041237113403 1.6701030927835052 2.783505154639175 1.9484536082474226 2.1649484536082473 2.4123711340206184 2.3195876288659796 1.4536082474226804 1.3608247422680413 1.8556701030927836 2.6597938144329896 2.0412371134020617 2.443298969072165 1.824742268041237 2.3195876288659796 1.6391752577319587
34 221.91094579157016 1.3608247422680413 1.1546391752577319 1.092783505154639 1.092783505154639 1.092783505154639 1.6494845360824741 1.1134020618556701 1.2783505154639174 1.0515463917525774 0.9690721649484536 0.9484536082474226 1.7525773195876289 1.3608247422680413 1.5463917525773196 0.9278350515463918 1.0309278350515463 0.9690721649484536 0.8865979381443299 0.9896907216494846 1.8350515463917525 2.0 1.5257731958762886 1.134020618556701 1.175257731958763 1.4845360824742269 1.1134020618556701 1.8556701030927836 1.2989690721649485 1.443298969072165 1.6082474226804124 1.5463917525773196 0.9690721649484536 0.9072164948453608 1.2371134020618557 1.7731958762886597 1.3608247422680413 1.6288659793814433 1.2164948453608246 1.5463917525773196 1.092783505154639
35 1095.0 1.3608247422680413 1.1546391752577319 1.092783505154639 1.092783505154639 1.092783505154639 1.6494845360824741 1.1134020618556701 1.2783505154639174 1.0515463917525774 0.9690721649484536 0.9484536082474226 1.7525773195876289 1.3608247422680413 1.5463917525773196 0.9278350515463918 1.0309278350515463 0.9690721649484536 0.8865979381443299 0.9896907216494846 1.8350515463917525 2.0 1.5257731958762886 1.134020618556701 1.175257731958763 1.4845360824742269 1.1134020618556701 1.8556701030927836 1.2989690721649485 1.443298969072165 1.6082474226804124 1.5463917525773196 0.9690721649484536 0.9072164948453608 1.2371134020618557 1.7731958762886597 1.3608247422680413 1.6288659793814433 1.2164948453608246 1.5463917525773196 1.092783505154639
36 21.072443356957606 2.0412371134020617 1.731958762886598 1.6391752577319587 1.6391752577319587 1.6391752577319587 2.4742268041237114 1.6701030927835052 1.9175257731958764 1.577319587628866 1.4536082474226804 1.422680412371134 2.6288659793814433 2.0412371134020617 2.3195876288659796 1.3917525773195876 1.5463917525773196 1.4536082474226804 1.3298969072164948 1.4845360824742269 2.752577319587629 3.0 2.288659793814433 1.7010309278350515 1.7628865979381443 2.2268041237113403 1.6701030927835052 2.783505154639175 1.9484536082474226 2.1649484536082473 2.4123711340206184 2.3195876288659796 1.4536082474226804 1.3608247422680413 1.8556701030927836 2.6597938144329896 2.0412371134020617 2.443298969072165 1.824742268041237 2.3195876288659796 1.6391752577319587
37 145.1031696983028 2.0412371134020617 1.731958762886598 1.6391752577319587 1.6391752577319587 1.6391752577319587 2.4742268041237114 1.6701030927835052 1.9175257731958764 1.577319587628866 1.4536082474226804 1.422680412371134 2.6288659793814433 2.0412371134020617 2.3195876288659796 1.3917525773195876 1.5463917525773196 1.4536082474226804 1.3298969072164948 1.4845360824742269 2.752577319587629 3.0 2.288659793814433 1.7010309278350515 1.7628865979381443 2.2268041237113403 1.6701030927835052 2.783505154639175 1.9484536082474226 2.1649484536082473 2.4123711340206184 2.3195876288659796 1.4536082474226804 1.3608247422680413 1.8556701030927836 2.6597938144329896 2.0412371134020617 2.443298969072165 1.824742268041237 2.3195876288659796 1.6391752577319587
38 94.63547771021734 2.0412371134020617 1.731958762886598 1.6391752577319587 1.6391752577319587 1.6391752577319587 2.4742268041237114 1.6701030927835052 1.9175257731958764 1.577319587628866 1.4536082474226804 1.422680412371134 2.6288659793814433 2.0412371134020617 2.3195876288659796 1.3917525773195876 1.5463917525773196 1.4536082474226804 1.3298969072164948 1.4845360824742269 2.752577319587629 3.0 2.288659793814433 1.7010309278350515 1.7628865979381443 2.2268041237113403 1.6701030927835052 2.783505154639175 1.9484536082474226 2.1649484536082473 2.4123711340206184 2.3195876288659796 1.4536082474226804 1.3608247422680413 1.8556701030927836 2.6597938144329896 2.0412371134020617 2.443298969072165 1.824742268041237 2.3195876288659796 1.6391752577319587
39 37.826995063340114 1.3608247422680413 1.1546391752577319 1.092783505154639 1.092783505154639 1.092783505154639 1.6494845360824741 1.1134020618556701 1.2783505154639174 1.0515463917525774 0.9690721649484536 0.9484536082474226 1.7525773195876289 1.3608247422680413 1.5463917525773196 0.9278350515463918 1.0309278350515463 0.9690721649484536 0.8865979381443299 0.9896907216494846 1.8350515463917525 2.0 1.5257731958762886 1.134020618556701 1.175257731958763 1.4845360824742269 1.1134020618556701 1.8556701030927836 1.2989690721649485 1.443298969072165 1.6082474226804124 1.5463917525773196 0.9690721649484536 0.9072164948453608 1.2371134020618557 1.7731958762886597 1.3608247422680413 1.6288659793814433 1.2164948453608246 1.5463917525773196 1.092783505154639
40 146.4504934453096 1.3608247422680413 1.1546391752577319 1.092783505154639 1.092783505154639 1.092783505154639 1.6494845360824741 1.1134020618556701 1.2783505154639174 1.0515463917525774 0.9690721649484536 0.9484536082474226 1.7525773195876289 1.3608247422680413 1.5463917525773196 0.9278350515463918 1.0309278350515463 0.9690721649484536 0.8865979381443299 0.9896907216494846 1.8350515463917525 2.0 1.5257731958762886 1.134020618556701 1.175257731958763 1.4845360824742269 1.1134020618556701 1.8556701030927836 1.2989690721649485 1.443298969072165 1.6082474226804124 1.5463917525773196 0.9690721649484536 0.9072164948453608 1.2371134020618557 1.7731958762886597 1.3608247422680413 1.6288659793814433 1.2164948453608246 1.5463917525773196 1.092783505154639
41 133.20375465977992 1.3608247422680413 1.1546391752577319 1.092783505154639 1.092783505154639 1.092783505154639 1.6494845360824741 1.1134020618556701 1.2783505154639174 1.0515463917525774 0.9690721649484536 0.9484536082474226 1.7525773195876289 1.3608247422680413 1.5463917525773196 0.9278350515463918 1.0309278350515463 0.9690721649484536 0.8865979381443299 0.9896907216494846 1.8350515463917525 2.0 1.5257731958762886 1.134020618556701 1.175257731958763 1.4845360824742269 1.1134020618556701 1.8556701030927836 1.2989690721649485 1.443298969072165 1.6082474226804124 1.5463917525773196 0.9690721649484536 0.9072164948453608 1.2371134020618557 1.7731958762886597 1.3608247422680413 1.6288659793814433 1.2164948453608246 1.5463917525773196 1.092783505154639
42 359.15991220546664 2.0412371134020617 1.731958762886598 1.6391752577319587 1.6391752577319587 1.6391752577319587 2.4742268041237114 1.6701030927835052 1.9175257731958764 1.577319587628866 1.4536082474226804 1.422680412371134 2.6288659793814433 2.0412371134020617 2.3195876288659796 1.3917525773195876 1.5463917525773196 1.4536082474226804 1.3298969072164948 1.4845360824742269 2.752577319587629 3.0 2.288659793814433 1.7010309278350515 1.7628865979381443 2.2268041237113403 1.6701030927835052 2.783505154639175 1.9484536082474226 2.1649484536082473 2.4123711340206184 2.3195876288659796 1.4536082474226804 1.3608247422680413 1.8556701030927836 2.6597938144329896 2.0412371134020617 2.443298969072165 1.824742268041237 2.3195876288659796 1.6391752577319587
43 439.16403889690787 2.0412371134020617 1.731958762886598 1.6391752577319587 1.6391752577319587 1.6391752577319587 2.4742268041237114 1.6701030927835052 1.9175257731958764 1.577319587628866 1.4536082474226804 1.422680412371134 2.6288659793814433 2.0412371134020617 2.3195876288659796 1.3917525773195876 1.5463917525773196 1.4536082474226804 1.3298969072164948 1.4845360824742269 2.752577319587629 3.0 2.288659793814433 1.7010309278350515 1.7628865979381443 2.2268041237113403 1.6701030927835052 2.783505154639175 1.9484536082474226 2.1649484536082473 2.4123711340206184 2.3195876288659796 1.4536082474226804 1.3608247422680413 1.8556701030927836 2.6597938144329896 2.0412371134020617 2.443298969072165 1.824742268041237 2.3195876288659796 1.6391752577319587
44 167.15014785740192 2.0412371134020617 1.731958762886598 1.6391752577319587 1.6391752577319587 1.6391752577319587 2.4742268041237114 1.6701030927835052 1.9175257731958764 1.577319587628866 1.4536082474226804 1.422680412371134 2.6288659793814433 2.0412371134020617 2.3195876288659796 1.3917525773195876 1.5463917525773196 1.4536082474226804 1.3298969072164948 1.4845360824742269 2.752577319587629 3.0 2.288659793814433 1.7010309278350515 1.7628865979381443 2.2268041237113403 1.6701030927835052 2.783505154639175 1.9484536082474226 2.1649484536082473 2.4123711340206184 2.3195876288659796 1.4536082474226804 1.3608247422680413 1.8556701030927836 2.6597938144329896 2.0412371134020617 2.443298969072165 1.824742268041237 2.3195876288659796 1.6391752577319587
45 65.05810563745584 1.3608247422680413 1.1546391752577319 1.092783505154639 1.092783505154639 1.092783505154639 1.6494845360824741 1.1134020618556701 1.2783505154639174 1.0515463917525774 0.9690721649484536 0.9484536082474226 1.7525773195876289 1.3608247422680413 1.5463917525773196 0.9278350515463918 1.0309278350515463 0.9690721649484536 0.8865979381443299 0.9896907216494846 1.8350515463917525 2.0 1.5257731958762886 1.134020618556701 1.175257731958763 1.4845360824742269 1.1134020618556701 1.8556701030927836 1.2989690721649485 1.443298969072165 1.6082474226804124 1.5463917525773196 0.9690721649484536 0.9072164948453608 1.2371134020618557 1.7731958762886597 1.3608247422680413 1.6288659793814433 1.2164948453608246 1.5463917525773196 1.092783505154639
46 183.50632911664607 1.3608247422680413 1.1546391752577319 1.092783505154639 1.092783505154639 1.092783505154639 1.6494845360824741 1.1134020618556701 1.2783505154639174 1.0515463917525774 0.9690721649484536 0.9484536082474226 1.7525773195876289 1.3608247422680413 1.5463917525773196 0.9278350515463918 1.0309278350515463 0.9690721649484536 0.8865979381443299 0.9896907216494846 1.8350515463917525 2.0 1.5257731958762886 1.134020618556701 1.175257731958763 1.4845360824742269 1.1134020618556701 1.8556701030927836 1.2989690721649485 1.443298969072165 1.6082474226804124 1.5463917525773196 0.9690721649484536 0.9072164948453608 1.2371134020618557 1.7731958762886597 1.3608247422680413 1.6288659793814433 1.2164948453608246 1.5463917525773196 1.092783505154639
47 381.504799588284 2.0412371134020617 1.731958762886598 1.6391752577319587 1.6391752577319587 1.6391752577319587 2.4742268041237114 1.6701030927835052 1.9175257731958764 1.577319587628866 1.4536082474226804 1.422680412371134 2.6288659793814433 2.0412371134020617 2.3195876288659796 1.3917525773195876 1.5463917525773196 1.4536082474226804 1.3298969072164948 1.4845360824742269 2.752577319587629 3.0 2.288659793814433 1.7010309278350515 1.7628865979381443 2.2268041237113403 1.6701030927835052 2.783505154639175 1.9484536082474226 2.1649484536082473 2.4123711340206184 2.3195876288659796 1.4536082474226804 1.3608247422680413 1.8556701030927836 2.6597938144329896 2.0412371134020617 2.443298969072165 1.824742268041237 2.3195876288659796 1.6391752577319587
48 237.47601976683302 2.0412371134020617 1.731958762886598 1.6391752577319587 1.6391752577319587 1.6391752577319587 2.4742268041237114 1.6701030927835052 1.9175257731958764 1.577319587628866 1.4536082474226804 1.422680412371134 2.6288659793814433 2.0412371134020617 2.3195876288659796 1.3917525773195876 1.5463917525773196 1.4536082474226804 1.3298969072164948 1.4845360824742269 2.752577319587629 3.0 2.288659793814433 1.7010309278350515 1.7628865979381443 2.2268041237113403 1.6701030927835052 2.783505154639175 1.9484536082474226 2.1649484536082473 2.4123711340206184 2.3195876288659796 1.4536082474226804 1.3608247422680413 1.8556701030927836 2.6597938144329896 2.0412371134020617 2.443298969072165 1.824742268041237 2.3195876288659796 1.6391752577319587
49 137.5795870087877 2.0412371134020617 1.731958762886598 1.6391752577319587 1.6391752577319587 1.6391752577319587 2.4742268041237114 1.6701030927835052 1.9175257731958764 1.577319587628866 1.4536082474226804 1.422680412371134 2.6288659793814433 2.0412371134020617 2.3195876288659796 1.3917525773195876 1.5463917525773196 1.4536082474226804 1.3298969072164948 1.4845360824742269 2.752577319587629 3.0 2.288659793814433 1.7010309278350515 1.7628865979381443 2.2268041237113403 1.6701030927835052 2.783505154639175 1.9484536082474226 2.1649484536082473 2.4123711340206184 2.3195876288659796 1.4536082474226804 1.3608247422680413 1.8556701030927836 2.6597938144329896 2.0412371134020617 2.443298969072165 1.824742268041237 2.3195876288659796 1.6391752577319587
50 163.9732356238878 1.3608247422680413 1.1546391752577319 1.092783505154639 1.092783505154639 1.092783505154639 1.6494845360824741 1.1134020618556701 1.2783505154639174 1.0515463917525774 0.9690721649484536 0.9484536082474226 1.7525773195876289 1.3608247422680413 1.5463917525773196 0.9278350515463918 1.0309278350515463 0.9690721649484536 0.8865979381443299 0.9896907216494846 1.8350515463917525 2.0 1.5257731958762886 1.134020618556701 1.175257731958763 1.4845360824742269 1.1134020618556701 1.8556701030927836 1.2989690721649485 1.443298969072165 1.6082474226804124 1.5463917525773196 0.9690721649484536 0.9072164948453608 1.2371134020618557 1.7731958762886597 1.3608247422680413 1.6288659793814433 1.2164948453608246 1.5463917525773196 1.092783505154639
51 216.78189283654393 2.0412371134020617 1.731958762886598 1.6391752577319587 1.6391752577319587 1.6391752577319587 2.4742268041237114 1.6701030927835052 1.9175257731958764 1.577319587628866 1.4536082474226804 1.422680412371134 2.6288659793814433 2.0412371134020617 2.3195876288659796 1.3917525773195876 1.5463917525773196 1.4536082474226804 1.3298969072164948 1.4845360824742269 2.752577319587629 3.0 2.288659793814433 1.7010309278350515 1.7628865979381443 2.2268041237113403 1.6701030927835052 2.783505154639175 1.9484536082474226 2.1649484536082473 2.4123711340206184 2.3195876288659796 1.4536082474226804 1.3608247422680413 1.8556701030927836 2.6597938144329896 2.0412371134020617 2.443298969072165 1.824742268041237 2.3195876288659796 1.6391752577319587
52 397.7811605937422 2.0412371134020617 1.731958762886598 1.6391752577319587 1.6391752577319587 1.6391752577319587 2.4742268041237114 1.6701030927835052 1.9175257731958764 1.577319587628866 1.4536082474226804 1.422680412371134 2.6288659793814433 2.0412371134020617 2.3195876288659796 1.3917525773195876 1.5463917525773196 1.4536082474226804 1.3298969072164948 1.4845360824742269 2.752577319587629 3.0 2.288659793814433 1.7010309278350515 1.7628865979381443 2.2268041237113403 1.6701030927835052 2.783505154639175 1.9484536082474226 2.1649484536082473 2.4123711340206184 2.3195876288659796 1.4536082474226804 1.3608247422680413 1.8556701030927836 2.6597938144329896 2.0412371134020617 2.443298969072165 1.824742268041237 2.3195876288659796 1.6391752577319587
53 294.012541235771 1.3608247422680413 1.1546391752577319 1.092783505154639 1.092783505154639 1.092783505154639 1.6494845360824741 1.1134020618556701 1.2783505154639174 1.0515463917525774 0.9690721649484536 0.9484536082474226 1.7525773195876289 1.3608247422680413 1.5463917525773196 0.9278350515463918 1.0309278350515463 0.9690721649484536 0.8865979381443299 0.9896907216494846 1.8350515463917525 2.0 1.5257731958762886 1.134020618556701 1.175257731958763 1.4845360824742269 1.1134020618556701 1.8556701030927836 1.2989690721649485 1.443298969072165 1.6082474226804124 1.5463917525773196 0.9690721649484536 0.9072164948453608 1.2371134020618557 1.7731958762886597 1.3608247422680413 1.6288659793814433 1.2164948453608246 1.5463917525773196 1.092783505154639
54 975.0 2.0412371134020617 1.731958762886598 1.6391752577319587 1.6391752577319587 1.6391752577319587 2.4742268041237114 1.6701030927835052 1.9175257731958764 1.577319587628866 1.4536082474226804 1.422680412371134 2.6288659793814433 2.0412371134020617 2.3195876288659796 1.3917525773195876 1.5463917525773196 1.4536082474226804 1.3298969072164948 1.4845360824742269 2.752577319587629 3.0 2.288659793814433 1.7010309278350515 1.7628865979381443 2.2268041237113403 1.6701030927835052 2.783505154639175 1.9484536082474226 2.1649484536082473 2.4123711340206184 2.3195876288659796 1.4536082474226804 1.3608247422680413 1.8556701030927836 2.6597938144329896 2.0412371134020617 2.443298969072165 1.824742268041237 2.3195876288659796 1.6391752577319587
55 575.6716623348705 1.3608247422680413 1.1546391752577319 1.092783505154639 1.092783505154639 1.092783505154639 1.6494845360824741 1.1134020618556701 1.2783505154639174 1.0515463917525774 0.9690721649484536 0.9484536082474226 1.7525773195876289 1.3608247422680413 1.5463917525773196 0.9278350515463918 1.0309278350515463 0.9690721649484536 0.8865979381443299 0.9896907216494846 1.8350515463917525 2.0 1.5257731958762886 1.134020618556701 1.175257731958763 1.4845360824742269 1.1134020618556701 1.8556701030927836 1.2989690721649485 1.443298969072165 1.6082474226804124 1.5463917525773196 0.9690721649484536 0.9072164948453608 1.2371134020618557 1.7731958762886597 1.3608247422680413 1.6288659793814433 1.2164948453608246 1.5463917525773196 1.092783505154639
56 59.55799426259006 1.3608247422680413 1.1546391752577319 1.092783505154639 1.092783505154639 1.092783505154639 1.6494845360824741 1.1134020618556701 1.2783505154639174 1.0515463917525774 0.9690721649484536 0.9484536082474226 1.7525773195876289 1.3608247422680413 1.5463917525773196 0.9278350515463918 1.0309278350515463 0.9690721649484536 0.8865979381443299 0.9896907216494846 1.8350515463917525 2.0 1.5257731958762886 1.134020618556701 1.175257731958763 1.4845360824742269 1.1134020618556701 1.8556701030927836 1.2989690721649485 1.443298969072165 1.6082474226804124 1.5463917525773196 0.9690721649484536 0.9072164948453608 1.2371134020618557 1.7731958762886597 1.3608247422680413 1.6288659793814433 1.2164948453608246 1.5463917525773196 1.092783505154639
57 142.73058739388603 2.0412371134020617 1.731958762886598 1.6391752577319587 1.6391752577319587 1.6391752577319587 2.4742268041237114 1.6701030927835052 1.9175257731958764 1.577319587628866 1.4536082474226804 1.422680412371134 2.6288659793814433 2.0412371134020617 2.3195876288659796 1.3917525773195876 1.5463917525773196 1.4536082474226804 1.3298969072164948 1.4845360824742269 2.752577319587629 3.0 2.288659793814433 1.7010309278350515 1.7628865979381443 2.2268041237113403 1.6701030927835052 2.783505154639175 1.9484536082474226 2.1649484536082473 2.4123711340206184 2.3195876288659796 1.4536082474226804 1.3608247422680413 1.8556701030927836 2.6597938144329896 2.0412371134020617 2.443298969072165 1.824742268041237 2.3195876288659796 1.6391752577319587
58 132.96877932129908 2.0412371134020617 1.731958762886598 1.6391752577319587 1.6391752577319587 1.6391752577319587 2.4742268041237114 1.6701030927835052 1.9175257731958764 1.577319587628866 1.4536082474226804 1.422680412371134 2.6288659793814433 2.0412371134020617 2.3195876288659796 1.3917525773195876 1.5463917525773196 1.4536082474226804 1.3298969072164948 1.4845360824742269 2.752577319587629 3.0 2.288659793814433 1.7010309278350515 1.7628865979381443 2.2268041237113403 1.6701030927835052 2.783505154639175 1.9484536082474226 2.1649484536082473 2.4123711340206184 2.3195876288659796 1.4536082474226804 1.3608247422680413 1.8556701030927836 2.6597938144329896 2.0412371134020617 2.443298969072165 1.824742268041237 2.3195876288659796 1.6391752577319587
59 218.65471786508135 2.0412371134020617 1.731958762886598 1.6391752577319587 1.6391752577319587 1.6391752577319587 2.4742268041237114 1.6701030927835052 1.9175257731958764 1.577319587628866 1.4536082474226804 1.422680412371134 2.6288659793814433 2.0412371134020617 2.3195876288659796 1.3917525773195876 1.5463917525773196 1.4536082474226804 1.3298969072164948 1.4845360824742269 2.752577319587629 3.0 2.288659793814433 1.7010309278350515 1.7628865979381443 2.2268041237113403 1.6701030927835052 2.783505154639175 1.9484536082474226 2.1649484536082473 2.4123711340206184 2.3195876288659796 1.4536082474226804 1.3608247422680413 1.8556701030927836 2.6597938144329896 2.0412371134020617 2.443298969072165 1.824742268041237 2.3195876288659796 1.6391752577319587
60 208.76033333412676 2.0412371134020617 1.731958762886598 1.6391752577319587 1.6391752577319587 1.6391752577319587 2.4742268041237114 1.6701030927835052 1.9175257731958764 1.577319587628866 1.4536082474226804 1.422680412371134 2.6288659793814433 2.0412371134020617 2.3195876288659796 1.3917525773195876 1.5463917525773196 1.4536082474226804 1.3298969072164948 1.4845360824742269 2.752577319587629 3.0 2.288659793814433 1.7010309278350515 1.7628865979381443 2.2268041237113403 1.6701030927835052 2.783505154639175 1.9484536082474226 2.1649484536082473 2.4123711340206184 2.3195876288659796 1.4536082474226804 1.3608247422680413 1.8556701030927836 2.6597938144329896 2.0412371134020617 2.443298969072165 1.824742268041237 2.3195876288659796 1.6391752577319587
61 42.75919115113085 2.0412371134020617 1.731958762886598 1.6391752577319587 1.6391752577319587 1.6391752577319587 2.4742268041237114 1.6701030927835052 1.9175257731958764 1.577319587628866 1.4536082474226804 1.422680412371134 2.6288659793814433 2.0412371134020617 2.3195876288659796 1.3917525773195876 1.5463917525773196 1.4536082474226804 1.3298969072164948 1.4845360824742269 2.752577319587629 3.0 2.288659793814433 1.7010309278350515 1.7628865979381443 2.2268041237113403 1.6701030927835052 2.783505154639175 1.9484536082474226 2.1649484536082473 2.4123711340206184 2.3195876288659796 1.4536082474226804 1.3608247422680413 1.8556701030927836 2.6597938144329896 2.0412371134020617 2.443298969072165 1.824742268041237 2.3195876288659796 1.6391752577319587
62 209.40727262416462 2.0412371134020617 1.731958762886598 1.6391752577319587 1.6391752577319587 1.6391752577319587 2.4742268041237114 1.6701030927835052 1.9175257731958764 1.577319587628866 1.4536082474226804 1.422680412371134 2.6288659793814433 2.0412371134020617 2.3195876288659796 1.3917525773195876 1.5463917525773196 1.4536082474226804 1.3298969072164948 1.4845360824742269 2.752577319587629 3.0 2.288659793814433 1.7010309278350515 1.7628865979381443 2.2268041237113403 1.6701030927835052 2.783505154639175 1.9484536082474226 2.1649484536082473 2.4123711340206184 2.3195876288659796 1.4536082474226804 1.3608247422680413 1.8556701030927836 2.6597938144329896 2.0412371134020617 2.443298969072165 1.824742268041237 2.3195876288659796 1.6391752577319587
63 33.34342795476199 1.3608247422680413 1.1546391752577319 1.092783505154639 1.092783505154639 1.092783505154639 1.6494845360824741 1.1134020618556701 1.2783505154639174 1.0515463917525774 0.9690721649484536 0.9484536082474226 1.7525773195876289 1.3608247422680413 1.5463917525773196 0.9278350515463918 1.0309278350515463 0.9690721649484536 0.8865979381443299 0.9896907216494846 1.8350515463917525 2.0 1.5257731958762886 1.134020618556701 1.175257731958763 1.4845360824742269 1.1134020618556701 1.8556701030927836 1.2989690721649485 1.443298969072165 1.6082474226804124 1.5463917525773196 0.9690721649484536 0.9072164948453608 1.2371134020618557 1.7731958762886597 1.3608247422680413 1.6288659793814433 1.2164948453608246 1.5463917525773196 1.092783505154639
64 243.31363837673808 2.0412371134020617 1.731958762886598 1.6391752577319587 1.6391752577319587 1.6391752577319587 2.4742268041237114 1.6701030927835052 1.9175257731958764 1.577319587628866 1.4536082474226804 1.422680412371134 2.6288659793814433 2.0412371134020617 2.3195876288659796 1.3917525773195876 1.5463917525773196 1.4536082474226804 1.3298969072164948 1.4845360824742269 2.752577319587629 3.0 2.288659793814433 1.7010309278350515 1.7628865979381443 2.2268041237113403 1.6701030927835052 2.783505154639175 1.9484536082474226 2.1649484536082473 2.4123711340206184 2.3195876288659796 1.4536082474226804 1.3608247422680413 1.8556701030927836 2.6597938144329896 2.0412371134020617 2.443298969072165 1.824742268041237 2.3195876288659796 1.6391752577319587
65 166.70411964603406 1.3608247422680413 1.1546391752577319 1.092783505154639 1.092783505154639 1.092783505154639 1.6494845360824741 1.1134020618556701 1.2783505154639174 1.0515463917525774 0.9690721649484536 0.9484536082474226 1.7525773195876289 1.3608247422680413 1.5463917525773196 0.9278350515463918 1.0309278350515463 0.9690721649484536 0.8865979381443299 0.9896907216494846 1.8350515463917525 2.0 1.5257731958762886 1.134020618556701 1.175257731958763 1.4845360824742269 1.1134020618556701 1.8556701030927836 1.2989690721649485 1.443298969072165 1.6082474226804124 1.5463917525773196 0.9690721649484536 0.9072164948453608 1.2371134020618557 1.7731958762886597 1.3608247422680413 1.6288659793814433 1.2164948453608246 1.5463917525773196 1.092783505154639
66 122.720849920873 1.3608247422680413 1.1546391752577319 1.092783505154639 1.092783505154639 1.092783505154639 1.6494845360824741 1.1134020618556701 1.2783505154639174 1.0515463917525774 0.9690721649484536 0.9484536082474226 1.7525773195876289 1.3608247422680413 1.5463917525773196 0.9278350515463918 1.0309278350515463 0.9690721649484536 0.8865979381443299 0.9896907216494846 1.8350515463917525 2.0 1.5257731958762886 1.134020618556701 1.175257731958763 1.4845360824742269 1.1134020618556701 1.8556701030927836 1.2989690721649485 1.443298969072165 1.6082474226804124 1.5463917525773196 0.9690721649484536 0.9072164948453608 1.2371134020618557 1.7731958762886597 1.3608247422680413 1.6288659793814433 1.2164948453608246 1.5463917525773196 1.092783505154639
67 409.68929820782506 1.3608247422680413 1.1546391752577319 1.092783505154639 1.092783505154639 1.092783505154639 1.6494845360824741 1.1134020618556701 1.2783505154639174 1.0515463917525774 0.9690721649484536 0.9484536082474226 1.7525773195876289 1.3608247422680413 1.5463917525773196 0.9278350515463918 1.0309278350515463 0.9690721649484536 0.8865979381443299 0.9896907216494846 1.8350515463917525 2.0 1.5257731958762886 1.134020618556701 1.175257731958763 1.4845360824742269 1.1134020618556701 1.8556701030927836 1.2989690721649485 1.443298969072165 1.6082474226804124 1.5463917525773196 0.9690721649484536 0.9072164948453608 1.2371134020618557 1.7731958762886597 1.3608247422680413 1.6288659793814433 1.2164948453608246 1.5463917525773196 1.092783505154639
68 202.662207776002 2.0412371134020617 1.731958762886598 1.6391752577319587 1.6391752577319587 1.6391752577319587 2.4742268041237114 1.6701030927835052 1.9175257731958764 1.577319587628866 1.4536082474226804 1.422680412371134 2.6288659793814433 2.0412371134020617 2.3195876288659796 1.3917525773195876 1.5463917525773196 1.4536082474226804 1.3298969072164948 1.4845360824742269 2.752577319587629 3.0 2.288659793814433 1.7010309278350515 1.7628865979381443 2.2268041237113403 1.6701030927835052 2.783505154639175 1.9484536082474226 2.1649484536082473 2.4123711340206184 2.3195876288659796 1.4536082474226804 1.3608247422680413 1.8556701030927836 2.6597938144329896 2.0412371134020617 2.443298969072165 1.824742268041237 2.3195876288659796 1.6391752577319587
69 340.55369669072905 1.3608247422680413 1.1546391752577319 1.092783505154639 1.092783505154639 1.092783505154639 1.6494845360824741 1.1134020618556701 1.2783505154639174 1.0515463917525774 0.9690721649484536 0.9484536082474226 1.7525773195876289 1.3608247422680413 1.5463917525773196 0.9278350515463918 1.0309278350515463 0.9690721649484536 0.8865979381443299 0.9896907216494846 1.8350515463917525 2.0 1.5257731958762886 1.134020618556701 1.175257731958763 1.4845360824742269 1.1134020618556701 1.8556701030927836 1.2989690721649485 1.443298969072165 1.6082474226804124 1.5463917525773196 0.9690721649484536 0.9072164948453608 1.2371134020618557 1.7731958762886597 1.3608247422680413 1.6288659793814433 1.2164948453608246 1.5463917525773196 1.092783505154639
70 267.4418295667452 2.0412371134020617 1.731958762886598 1.6391752577319587 1.6391752577319587 1.6391752577319587 2.4742268041237114 1.6701030927835052 1.9175257731958764 1.577319587628866 1.4536082474226804 1.422680412371134 2.6288659793814433 2.0412371134020617 2.3195876288659796 1.3917525773195876 1.5463917525773196 1.4536082474226804 1.3298969072164948 1.4845360824742269 2.752577319587629 3.0 2.288659793814433 1.7010309278350515 1.7628865979381443 2.2268041237113403 1.6701030927835052 2.783505154639175 1.9484536082474226 2.1649484536082473 2.4123711340206184 2.3195876288659796 1.4536082474226804 1.3608247422680413 1.8556701030927836 2.6597938144329896 2.0412371134020617 2.443298969072165 1.824742268041237 2.3195876288659796 1.6391752577319587
71 125.01197595339603 1.3608247422680413 1.1546391752577319 1.092783505154639 1.092783505154639 1.092783505154639 1.6494845360824741 1.1134020618556701 1.2783505154639174 1.0515463917525774 0.9690721649484536 0.9484536082474226 1.7525773195876289 1.3608247422680413 1.5463917525773196 0.9278350515463918 1.0309278350515463 0.9690721649484536 0.8865979381443299 0.9896907216494846 1.8350515463917525 2.0 1.5257731958762886 1.134020618556701 1.175257731958763 1.4845360824742269 1.1134020618556701 1.8556701030927836 1.2989690721649485 1.443298969072165 1.6082474226804124 1.5463917525773196 0.9690721649484536 0.9072164948453608 1.2371134020618557 1.7731958762886597 1.3608247422680413 1.6288659793814433 1.2164948453608246 1.5463917525773196 1.092783505154639
72 61.75959356962556 2.0412371134020617 1.731958762886598 1.6391752577319587 1.6391752577319587 1.6391752577319587 2.4742268041237114 1.6701030927835052 1.9175257731958764 1.577319587628866 1.4536082474226804 1.422680412371134 2.6288659793814433 2.0412371134020617 2.3195876288659796 1.3917525773195876 1.5463917525773196 1.4536082474226804 1.3298969072164948 1.4845360824742269 2.752577319587629 3.0 2.288659793814433 1.7010309278350515 1.7628865979381443 2.2268041237113403 1.6701030927835052 2.783505154639175 1.9484536082474226 2.1649484536082473 2.4123711340206184 2.3195876288659796 1.4536082474226804 1.3608247422680413 1.8556701030927836 2.6597938144329896 2.0412371134020617 2.443298969072165 1.824742268041237 2.3195876288659796 1.6391752577319587
73 296.93270954030584 1.3608247422680413 1.1546391752577319 1.092783505154639 1.092783505154639 1.092783505154639 1.6494845360824741 1.1134020618556701 1.2783505154639174 1.0515463917525774 0.9690721649484536 0.9484536082474226 1.7525773195876289 1.3608247422680413 1.5463917525773196 0.9278350515463918 1.0309278350515463 0.9690721649484536 0.8865979381443299 0.9896907216494846 1.8350515463917525 2.0 1.5257731958762886 1.134020618556701 1.175257731958763 1.4845360824742269 1.1134020618556701 1.8556701030927836 1.2989690721649485 1.443298969072165 1.6082474226804124 1.5463917525773196 0.9690721649484536 0.9072164948453608 1.2371134020618557 1.7731958762886597 1.3608247422680413 1.6288659793814433 1.2164948453608246 1.5463917525773196 1.092783505154639
74 297.77778444527667 1.3608247422680413 1.1546391752577319 1.092783505154639 1.092783505154639 1.092783505154639 1.6494845360824741 1.1134020618556701 1.2783505154639174 1.0515463917525774 0.9690721649484536 0.9484536082474226 1.7525773195876289 1.3608247422680413 1.5463917525773196 0.9278350515463918 1.0309278350515463 0.9690721649484536 0.8865979381443299 0.9896907216494846 1.8350515463917525 2.0 1.5257731958762886 1.134020618556701 1.175257731958763 1.4845360824742269 1.1134020618556701 1.8556701030927836 1.2989690721649485 1.443298969072165 1.6082474226804124 1.5463917525773196 0.9690721649484536 0.9072164948453608 1.2371134020618557 1.7731958762886597 1.3608247422680413 1.6288659793814433 1.2164948453608246 1.5463917525773196 1.092783505154639
75 101.92397267897704 2.0412371134020617 1.731958762886598 1.6391752577319587 1.6391752577319587 1.6391752577319587 2.4742268041237114 1.6701030927835052 1.9175257731958764 1.577319587628866 1.4536082474226804 1.422680412371134 2.6288659793814433 2.0412371134020617 2.3195876288659796 1.3917525773195876 1.5463917525773196 1.4536082474226804 1.3298969072164948 1.4845360824742269 2.752577319587629 3.0 2.288659793814433 1.7010309278350515 1.7628865979381443 2.2268041237113403 1.6701030927835052 2.783505154639175 1.9484536082474226 2.1649484536082473 2.4123711340206184 2.3195876288659796 1.4536082474226804 1.3608247422680413 1.8556701030927836 2.6597938144329896 2.0412371134020617 2.443298969072165 1.824742268041237 2.3195876288659796 1.6391752577319587
76 227.3818103614571 2.0412371134020617 1.731958762886598 1.6391752577319587 1.6391752577319587 1.6391752577319587 2.4742268041237114 1.6701030927835052 1.9175257731958764 1.577319587628866 1.4536082474226804 1.422680412371134 2.6288659793814433 2.0412371134020617 2.3195876288659796 1.3917525773195876 1.5463917525773196 1.4536082474226804 1.3298969072164948 1.4845360824742269 2.752577319587629 3.0 2.288659793814433 1.7010309278350515 1.7628865979381443 2.2268041237113403 1.6701030927835052 2.783505154639175 1.9484536082474226 2.1649484536082473 2.4123711340206184 2.3195876288659796 1.4536082474226804 1.3608247422680413 1.8556701030927836 2.6597938144329896 2.0412371134020617 2.443298969072165 1.824742268041237 2.3195876288659796 1.6391752577319587
77 374.07389898732634 1.3608247422680413 1.1546391752577319 1.092783505154639 1.092783505154639 1.092783505154639 1.6494845360824741 1.1134020618556701 1.2783505154639174 1.0515463917525774 0.9690721649484536 0.9484536082474226 1.7525773195876289 1.3608247422680413 1.5463917525773196 0.9278350515463918 1.0309278350515463 0.9690721649484536 0.8865979381443299 0.9896907216494846 1.8350515463917525 2.0 1.5257731958762886 1.134020618556701 1.175257731958763 1.4845360824742269 1.1134020618556701 1.8556701030927836 1.2989690721649485 1.443298969072165 1.6082474226804124 1.5463917525773196 0.9690721649484536 0.9072164948453608 1.2371134020618557 1.7731958762886597 1.3608247422680413 1.6288659793814433 1.2164948453608246 1.5463917525773196 1.092783505154639
78 25.1975969376621 1.3608247422680413 1.1546391752577319 1.092783505154639 1.092783505154639 1.092783505154639 1.6494845360824741 1.1134020618556701 1.2783505154639174 1.0515463917525774 0.9690721649484536 0.9484536082474226 1.7525773195876289 1.3608247422680413 1.5463917525773196 0.9278350515463918 1.0309278350515463 0.9690721649484536 0.8865979381443299 0.9896907216494846 1.8350515463917525 2.0 1.5257731958762886 1.134020618556701 1.175257731958763 1.4845360824742269 1.1134020618556701 1.8556701030927836 1.2989690721649485 1.443298969072165 1.6082474226804124 1.5463917525773196 0.9690721649484536 0.9072164948453608 1.2371134020618557 1.7731958762886597 1.3608247422680413 1.6288659793814433 1.2164948453608246 1.5463917525773196 1.092783505154639
79 246.12386288760706 2.0412371134020617 1.731958762886598 1.6391752577319587 1.6391752577319587 1.6391752577319587 2.4742268041237114 1.6701030927835052 1.9175257731958764 1.577319587628866 1.4536082474226804 1.422680412371134 2.6288659793814433 2.0412371134020617 2.3195876288659796 1.3917525773195876 1.5463917525773196 1.4536082474226804 1.3298969072164948 1.4845360824742269 2.752577319587629 3.0 2.288659793814433 1.7010309278350515 1.7628865979381443 2.2268041237113403 1.6701030927835052 2.783505154639175 1.9484536082474226 2.1649484536082473 2.4123711340206184 2.3195876288659796 1.4536082474226804 1.3608247422680413 1.8556701030927836 2.6597938144329896 2.0412371134020617 2.443298969072165 1.824742268041237 2.3195876288659796 1.6391752577319587
80 238.03284517424223 2.0412371134020617 1.731958762886598 1.6391752577319587 1.6391752577319587 1.6391752577319587 2.4742268041237114 1.6701030927835052 1.9175257731958764 1.577319587628866 1.4536082474226804 1.422680412371134 2.6288659793814433 2.0412371134020617 2.3195876288659796 1.3917525773195876 1.5463917525773196 1.4536082474226804 1.3298969072164948 1.4845360824742269 2.752577319587629 3.0 2.288659793814433 1.7010309278350515 1.7628865979381443 2.2268041237113403 1.6701030927835052 2.783505154639175 1.9484536082474226 2.1649484536082473 2.4123711340206184 2.3195876288659796 1.4536082474226804 1.3608247422680413 1.8556701030927836 2.6597938144329896 2.0412371134020617 2.443298969072165 1.824742268041237 2.3195876288659796 1.6391752577319587
81 36.35885746477163 1.3608247422680413 1.1546391752577319 1.092783505154639 1.092783505154639 1.092783505154639 1.6494845360824741 1.1134020618556701 1.2783505154639174 1.0515463917525774 0.9690721649484536 0.9484536082474226 1.7525773195876289 1.3608247422680413 1.5463917525773196 0.9278350515463918 1.0309278350515463 0.9690721649484536 0.8865979381443299 0.9896907216494846 1.8350515463917525 2.0 1.5257731958762886 1.134020618556701 1.175257731958763 1.4845360824742269 1.1134020618556701 1.8556701030927836 1.2989690721649485 1.443298969072165 1.6082474226804124 1.5463917525773196 0.9690721649484536 0.9072164948453608 1.2371134020618557 1.7731958762886597 1.3608247422680413 1.6288659793814433 1.2164948453608246 1.5463917525773196 1.092783505154639
82 272.937020899237 2.0412371134020617 1.731958762886598 1.6391752577319587 1.6391752577319587 1.6391752577319587 2.4742268041237114 1.6701030927835052 1.9175257731958764 1.577319587628866 1.4536082474226804 1.422680412371134 2.6288659793814433 2.0412371134020617 2.3195876288659796 1.3917525773195876 1.5463917525773196 1.4536082474226804 1.3298969072164948 1.4845360824742269 2.752577319587629 3.0 2.288659793814433 1.7010309278350515 1.7628865979381443 2.2268041237113403 1.6701030927835052 2.783505154639175 1.9484536082474226 2.1649484536082473 2.4123711340206184 2.3195876288659796 1.4536082474226804 1.3608247422680413 1.8556701030927836 2.6597938144329896 2.0412371134020617 2.443298969072165 1.824742268041237 2.3195876288659796 1.6391752577319587
83 306.65466193412664 2.0412371134020617 1.731958762886598 1.6391752577319587 1.6391752577319587 1.6391752577319587 2.4742268041237114 1.6701030927835052 1.9175257731958764 1.577319587628866 1.4536082474226804 1.422680412371134 2.6288659793814433 2.0412371134020617 2.3195876288659796 1.3917525773195876 1.5463917525773196 1.4536082474226804 1.3298969072164948 1.4845360824742269 2.752577319587629 3.0 2.288659793814433 1.7010309278350515 1.7628865979381443 2.2268041237113403 1.6701030927835052 2.783505154639175 1.9484536082474226 2.1649484536082473 2.4123711340206184 2.3195876288659796 1.4536082474226804 1.3608247422680413 1.8556701030927836 2.6597938144329896 2.0412371134020617 2.443298969072165 1.824742268041237 2.3195876288659796 1.6391752577319587
84 282.06705780042677 2.0412371134020617 1.731958762886598 1.6391752577319587 1.6391752577319587 1.6391752577319587 2.4742268041237114 1.6701030927835052 1.9175257731958764 1.577319587628866 1.4536082474226804 1.422680412371134 2.6288659793814433 2.0412371134020617 2.3195876288659796 1.3917525773195876 1.5463917525773196 1.4536082474226804 1.3298969072164948 1.4845360824742269 2.752577319587629 3.0 2.288659793814433 1.7010309278350515 1.7628865979381443 2.2268041237113403 1.6701030927835052 2.783505154639175 1.9484536082474226 2.1649484536082473 2.4123711340206184 2.3195876288659796 1.4536082474226804 1.3608247422680413 1.8556701030927836 2.6597938144329896 2.0412371134020617 2.443298969072165 1.824742268041237 2.3195876288659796 1.6391752577319587
85 175.14960461396083 2.0412371134020617 1.731958762886598 1.6391752577319587 1.6391752577319587 1.6391752577319587 2.4742268041237114 1.6701030927835052 1.9175257731958764 1.577319587628866 1.4536082474226804 1.422680412371134 2.6288659793814433 2.0412371134020617 2.3195876288659796 1.3917525773195876 1.5463917525773196 1.4536082474226804 1.3298969072164948 1.4845360824742269 2.752577319587629 3.0 2.288659793814433 1.7010309278350515 1.7628865979381443 2.2268041237113403 1.6701030927835052 2.783505154639175 1.9484536082474226 2.1649484536082473 2.4123711340206184 2.3195876288659796 1.4536082474226804 1.3608247422680413 1.8556701030927836 2.6597938144329896 2.0412371134020617 2.443298969072165 1.824742268041237 2.3195876288659796 1.6391752577319587
86 266.5141294562308 2.0412371134020617 1.731958762886598 1.6391752577319587 1.6391752577319587 1.6391752577319587 2.4742268041237114 1.6701030927835052 1.9175257731958764 1.577319587628866 1.4536082474226804 1.422680412371134 2.6288659793814433 2.0412371134020617 2.3195876288659796 1.3917525773195876 1.5463917525773196 1.4536082474226804 1.3298969072164948 1.4845360824742269 2.752577319587629 3.0 2.288659793814433 1.7010309278350515 1.7628865979381443 2.2268041237113403 1.6701030927835052 2.783505154639175 1.9484536082474226 2.1649484536082473 2.4123711340206184 2.3195876288659796 1.4536082474226804 1.3608247422680413 1.8556701030927836 2.6597938144329896 2.0412371134020617 2.443298969072165 1.824742268041237 2.3195876288659796 1.6391752577319587
87 66.04373400445667 1.3608247422680413 1.1546391752577319 1.092783505154639 1.092783505154639 1.092783505154639 1.6494845360824741 1.1134020618556701 1.2783505154639174 1.0515463917525774 0.9690721649484536 0.9484536082474226 1.7525773195876289 1.3608247422680413 1.5463917525773196 0.9278350515463918 1.0309278350515463 0.9690721649484536 0.8865979381443299 0.9896907216494846 1.8350515463917525 2.0 1.5257731958762886 1.134020618556701 1.175257731958763 1.4845360824742269 1.1134020618556701 1.8556701030927836 1.2989690721649485 1.443298969072165 1.6082474226804124 1.5463917525773196 0.9690721649484536 0.9072164948453608 1.2371134020618557 1.7731958762886597 1.3608247422680413 1.6288659793814433 1.2164948453608246 1.5463917525773196 1.092783505154639
88 247.31659905182624 1.3608247422680413 1.1546391752577319 1.092783505154639 1.092783505154639 1.092783505154639 1.6494845360824741 1.1134020618556701 1.2783505154639174 1.0515463917525774 0.9690721649484536 0.9484536082474226 1.7525773195876289 1.3608247422680413 1.5463917525773196 0.9278350515463918 1.0309278350515463 0.9690721649484536 0.8865979381443299 0.9896907216494846 1.8350515463917525 2.0 1.5257731958762886 1.134020618556701 1.175257731958763 1.4845360824742269 1.1134020618556701 1.8556701030927836 1.2989690721649485 1.443298969072165 1.6082474226804124 1.5463917525773196 0.9690721649484536 0.9072164948453608 1.2371134020618557 1.7731958762886597 1.3608247422680413 1.6288659793814433 1.2164948453608246 1.5463917525773196 1.092783505154639
89 13.41070358491343 2.0412371134020617 1.731958762886598 1.6391752577319587 1.6391752577319587 1.6391752577319587 2.4742268041237114 1.6701030927835052 1.9175257731958764 1.577319587628866 1.4536082474226804 1.422680412371134 2.6288659793814433 2.0412371134020617 2.3195876288659796 1.3917525773195876 1.5463917525773196 1.4536082474226804 1.3298969072164948 1.4845360824742269 2.752577319587629 3.0 2.288659793814433 1.7010309278350515 1.7628865979381443 2.2268041237113403 1.6701030927835052 2.783505154639175 1.9484536082474226 2.1649484536082473 2.4123711340206184 2.3195876288659796 1.4536082474226804 1.3608247422680413 1.8556701030927836 2.6597938144329896 2.0412371134020617 2.443298969072165 1.824742268041237 2.3195876288659796 1.6391752577319587
