130 20
TREE NETWORK (nID nID Weight):
112 0 37
17 112 38
51 0 46
80 0 50
9 80 50
113 0 41
30 80 30
57 0 59
45 51 33
56 57 30
66 56 38
21 51 32
114 57 56
10 30 50
11 80 42
61 113 47
12 11 45
71 80 32
53 113 50
29 11 53
67 113 40
90 21 52
126 71 46
41 51 46
123 67 58
103 53 32
85 80 44
49 61 43
36 30 58
124 57 52
32 90 34
13 12 41
81 9 32
76 49 54
63 9 50
73 30 44
15 17 53
39 17 47
4 73 39
84 41 31
42 114 53
64 126 57
116 61 46
104 113 33
72 15 53
94 30 45
115 41 36
14 104 37
37 84 57
89 29 54
92 49 47
117 89 41
87 81 35
125 63 32
93 42 34
25 13 31
83 81 49
75 56 51
16 115 35
31 71 59
62 39 43
18 80 37
105 84 39
43 36 52
70 9 42
65 57 57
88 12 31
102 51 53
59 39 49
98 105 37
86 0 55
22 56 56
109 51 33
19 59 44
28 115 56
1 32 38
35 53 38
2 35 59
50 115 35
120 114 41
40 104 44
47 83 58
6 76 45
44 103 59
95 71 55
34 15 36
74 113 54
78 56 37
33 116 44
38 36 51
77 87 35
52 41 31
107 45 58
122 98 52
129 38 47
118 74 32
58 32 43
100 29 56
5 88 56
97 12 36
55 49 53
99 117 42
46 31 50
127 30 52
79 1 57
96 124 58
108 52 35
128 73 38
27 43 49
91 108 43
82 52 57
119 97 52
3 122 38
20 97 35
110 74 41
68 91 48
106 17 37
111 124 50
60 63 37
69 122 54
23 1 35
101 120 52
8 34 53
48 31 53
54 16 49
26 39 39
24 95 31
7 44 36
121 43 40
PROGRAMS ASSIGNED TO NODES (nID pID1 pID2 ...):
0 1 2 3 4 5 6 7 8 9 10 11 12 13 14 15 16 17 18 19 20
1 1 2 3 4 5 6 7 9 10 11 12 13 15 16 17 18 19 20
2 16 17 18 4 5 7 10 13 14
3 12
4 3 9
5 2 5 7 8 10 11 15
6 1 2 3 20 4 6 10 12 15
8 1 2 3 4 5 6 9 10 11 13 14 15 16 17 18 19 20
9 1 2 3 4 5 6 7 8 9 10 11 12 15 16 17 19 20
10 2 3 6 7 9 10 12 13 14 15 16 17 18 19 20
11 16 1 18 3 8 11 15
12 1 2 3 20 5 6 9 10 11 13 14 15
13 1 2 3 4 5 6 7 8 9 10 11 14 15 16 17 19 20
14 19 13
15 1 2 18 5 10 12 14 15
16 2 3 5 6 7 8 10 11 12 13 14 17 18 19
17 1 2 3 4 5 6 7 8 10 12 15 18 19 20
18 1 2 3 5 6 7 8 9 10 11 12 13 14 16 17 18 19 20
19 1 2 3 4 5 6 9 10 11 13 15 16 17 18 19 20
21 1 2 3 5 7 9 13
22 7 14
23 2 3 4 5 7 8 9 10 13 14 15 16 17 18 20
24 16 19 4 11 13
25 16 8
26 16 17 2 5 11
27 18 20 10
28 1 2 4 6 7 8 11 13 14 15 17 19 20
29 17 5 11 13 14 15
30 1 2 3 6 8 9 10 13 14 15 16 17 18 19 20
31 16 1 20 4 5 6 9 10 12 13 14 15
32 16 2 19 3 20 4 7 9 13 15
33 3
34 18 2 19 3 20 5 6 12
35 1 2 3 6 7 8 9 10 11 12 13 14 15 16 17 18 19 20
36 15
37 1 2 3 4 5 6 7 8 9 11 12 13 15 16 18 20
38 2 5 9
39 4 5 9 13
40 19 6 11 14
41 16 18 3 19 20 4 7 10 11 13 14 15
42 16 17 4 10 11 14
43 19 5 14 15
44 1 3 4 6 7 8 10 11 12 14 15 16 17 19 20
45 2 3 4 5 6 7 8 9 10 11 12 13 14 15 16 17 18 19 20
46 17 1 2 4 6 10 11
47 2 19 4 5 6 7 10 11 12
48 2 3 4 20 5 6 8 10 13 15
49 1 3 4 5 6 7 8 9 10 11 12 13 14 16 17 18 19 20
50 1 18 3 20 5 9 10 11 12
51 2 12
52 1 3 5 6 7 8 9 11 12 15 16 17 19 20
53 1 2 3 4 5 6 7 8 9 10 11 13 14 15 16 17 18 19 20
54 20 4 6 7 8
55 1 17 19 4 20 6 9 12 13
56 1 3 5 6 7 12 13 14 15 16 17 18 19 20
57 5 12
58 1 2 3 4 5 6 7 8 9 10 11 12 13 14 15 16 17 19
59 1 2 3 4 6 7 8 11 12 13 14 15 16 17 19 20
60 2 3 4 6 7 8 9 10 11 12 14 16 17 18 19 20
62 1 2 3 4 6 8 9 10 11 12 14 15 17 18 19 20
63 17 1 2 18 3 20 5 10 11 12 14 15
64 1 3 4 5 7 8 9 11 12 13 14 15 16 17 19 20
65 1 2 3 4 7 8 11 12 13 14 15 18 19 20
66 16 3 19 20 5 9 10 11 13 14 15
67 18 19 4 12 15
68 1 2 4 5 6 7 8 9 10 11 12 13 14 15 16 17 18 19 20
69 1 4 5 6 7 8 9 10 11 12 14 18 19
70 1 2 3 5 6 7 8 9 10 12 15 17 19
71 17 1 19 4 10 13 15
72 4 5 6 7 8 9 10 11 12 13 14 16 17 18 19 20
73 18 3 5 12
74 9 13
75 3 20 9 10 12 14
76 16 18 2 3 5 6 7 8 9 10 15
77 2 19 4 5 15
78 1 2 3 4 5 6 7 8 11 12 13 14 15 16 17 18 19
80 1 2 3 4 5 6 7 9 10 11 12 13 14 15 16 17 18 19 20
81 20 6 9 13
82 18 19 20 6 7 11 14
83 1 14
84 16 1 17 2 18 4 20 7 8 10 12 13
85 1 2 3 5 6 9 11 13 14 16 17 19 20
86 1 17 18 3 4 5 8 13 15
87 16 17 4 20 6 8 9 14 15
88 17 2 9
89 1 2 3 4 5 6 7 8 9 10 11 12 13 16 18 19 20
90 1 2 3 4 5 7 8 9 10 11 12 13 16 17 18
91 1 2 19 4 20 10 13 14
92 1 2 3 4 5 6 7 10 11 12 13 14 15 16 17 18
93 16 17 3 19 7 8 9 10 12 13 14
94 16 1 18 4 10 12 13 14
95 1 18 20 5
96 17 1 2 20 5 8 11 14
97 1 3 4 5 7 8 9 10 11 12 13 14 15 16 17 18 19 20
98 16 20 5 11
100 2 7 14
101 6 10 11
102 16 17 2 18 4 6 8 11 12 15
103 2 3 4 6 7 9 10 11 12 14 16 17 18 19 20
104 1 2 3 4 5 6 7 8 9 10 11 12 13 14 15 16 17 19 20
105 16 17 2 19 3 4 5 10 11 13 15
107 2 20 12
108 1 2 3 5 6 7 8 9 11 12 13 14 15 16 18 19 20
109 19 20 5 14
110 2 18 19 8 9 12 14 15
111 16 1 18 2 4 20 5 8 9 10 11 12
112 17 19 8
113 1 2 4 5 6
114 1 3 4 5 6 7 8 9 10 11 12 13 14 15 16 17 18 19 20
115 1 2 3 4 5 7 8 9 10 12 13 15 16 17 18 19
116 1 2 4 5 6 7 8 9 10 11 12 13 14 15 16 17 18 20
117 1 2 3 4 5 7 9 10 11 12 13 14 15 16 17 18 19 20
118 20 6 7 8 12
119 1 2 3 4 5 6 7 8 9 10 11 12 13 14 15 16 18 19 20
120 16 1 19 5 10 11 13
121 16 3 19 6 7 8 9
123 17 3 19 5 7 10 12 13 14
124 1 18 19 5 6 8 9 10 12 13 15
125 18 2 7 9 10 14
126 19
127 2 6 10
128 18 3 20 6 10 12 14
129 7 14 15
SIZE OF PROGRAMS (pID SIZE):
1 93.0
2 41.0
3 51.0
4 71.0
5 71.0
6 97.0
7 46.0
8 65.0
9 58.0
10 72.0
11 85.0
12 53.0
13 40.0
14 60.0
15 56.0
16 95.0
17 60.0
18 99.0
19 75.0
20 85.0
COST TO INSTALL SERVERS AND PROGRAMS ON NODES (COST_TO_INSTALL_SERVER COST_TO_INSTALL_pID1 ...):
0 5160.60606060606 2.8181818181818183 1.2424242424242424 1.5454545454545454 2.1515151515151514 2.1515151515151514 2.9393939393939394 1.393939393939394 1.9696969696969697 1.7575757575757576 2.1818181818181817 2.5757575757575757 1.606060606060606 1.2121212121212122 1.8181818181818181 1.696969696969697 2.878787878787879 1.8181818181818181 3.0 2.272727272727273 2.5757575757575757
1 207.14272528561963 1.878787878787879 0.8282828282828283 1.0303030303030303 1.4343434343434343 1.4343434343434343 1.9595959595959596 0.9292929292929293 1.3131313131313131 1.1717171717171717 1.4545454545454546 1.7171717171717171 1.0707070707070707 0.8080808080808081 1.2121212121212122 1.1313131313131313 1.9191919191919191 1.2121212121212122 2.0 1.5151515151515151 1.7171717171717171
2 77.41225451073191 2.8181818181818183 1.2424242424242424 1.5454545454545454 2.1515151515151514 2.1515151515151514 2.9393939393939394 1.393939393939394 1.9696969696969697 1.7575757575757576 2.1818181818181817 2.5757575757575757 1.606060606060606 1.2121212121212122 1.8181818181818181 1.696969696969697 2.878787878787879 1.8181818181818181 3.0 2.272727272727273 2.5757575757575757
3 7.6782424445424935 2.8181818181818183 1.2424242424242424 1.5454545454545454 2.1515151515151514 2.1515151515151514 2.9393939393939394 1.393939393939394 1.9696969696969697 1.7575757575757576 2.1818181818181817 2.5757575757575757 1.606060606060606 1.2121212121212122 1.8181818181818181 1.696969696969697 2.878787878787879 1.8181818181818181 3.0 2.272727272727273 2.5757575757575757
4 11.963783362534771 2.8181818181818183 1.2424242424242424 1.5454545454545454 2.1515151515151514 2.1515151515151514 2.9393939393939394 1.393939393939394 1.9696969696969697 1.7575757575757576 2.1818181818181817 2.5757575757575757 1.606060606060606 1.2121212121212122 1.8181818181818181 1.696969696969697 2.878787878787879 1.8181818181818181 3.0 2.272727272727273 2.5757575757575757
5 30.147537917825737 1.878787878787879 0.8282828282828283 1.0303030303030303 1.4343434343434343 1.4343434343434343 1.9595959595959596 0.9292929292929293 1.3131313131313131 1.1717171717171717 1.4545454545454546 1.7171717171717171 1.0707070707070707 0.8080808080808081 1.2121212121212122 1.1313131313131313 1.9191919191919191 1.2121212121212122 2.0 1.5151515151515151 1.7171717171717171
6 87.3994077447759 1.878787878787879 0.8282828282828283 1.0303030303030303 1.4343434343434343 1.4343434343434343 1.9595959595959596 0.9292929292929293 1.3131313131313131 1.1717171717171717 1.4545454545454546 1.7171717171717171 1.0707070707070707 0.8080808080808081 1.2121212121212122 1.1313131313131313 1.9191919191919191 1.2121212121212122 2.0 1.5151515151515151 1.7171717171717171
7 171.0 2.8181818181818183 1.2424242424242424 1.5454545454545454 2.1515151515151514 2.1515151515151514 2.9393939393939394 1.393939393939394 1.9696969696969697 1.7575757575757576 2.1818181818181817 2.5757575757575757 1.606060606060606 1.2121212121212122 1.8181818181818181 1.696969696969697 2.878787878787879 1.8181818181818181 3.0 2.272727272727273 2.5757575757575757
8 197.01329542650737 1.878787878787879 0.8282828282828283 1.0303030303030303 1.4343434343434343 1.4343434343434343 1.9595959595959596 0.9292929292929293 1.3131313131313131 1.1717171717171717 1.4545454545454546 1.7171717171717171 1.0707070707070707 0.8080808080808081 1.2121212121212122 1.1313131313131313 1.9191919191919191 1.2121212121212122 2.0 1.5151515151515151 1.7171717171717171
9 27.076408931314372 1.878787878787879 0.8282828282828283 1.0303030303030303 1.4343434343434343 1.4343434343434343 1.9595959595959596 0.9292929292929293 1.3131313131313131 1.1717171717171717 1.4545454545454546 1.7171717171717171 1.0707070707070707 0.8080808080808081 1.2121212121212122 1.1313131313131313 1.9191919191919191 1.2121212121212122 2.0 1.5151515151515151 1.7171717171717171
10 105.54024445544627 2.8181818181818183 1.2424242424242424 1.5454545454545454 2.1515151515151514 2.1515151515151514 2.9393939393939394 1.393939393939394 1.9696969696969697 1.7575757575757576 2.1818181818181817 2.5757575757575757 1.606060606060606 1.2121212121212122 1.8181818181818181 1.696969696969697 2.878787878787879 1.8181818181818181 3.0 2.272727272727273 2.5757575757575757
11 69.61711134910486 2.8181818181818183 1.2424242424242424 1.5454545454545454 2.1515151515151514 2.1515151515151514 2.9393939393939394 1.393939393939394 1.9696969696969697 1.7575757575757576 2.1818181818181817 2.5757575757575757 1.606060606060606 1.2121212121212122 1.8181818181818181 1.696969696969697 2.878787878787879 1.8181818181818181 3.0 2.272727272727273 2.5757575757575757
12 111.25908813722675 2.8181818181818183 1.2424242424242424 1.5454545454545454 2.1515151515151514 2.1515151515151514 2.9393939393939394 1.393939393939394 1.9696969696969697 1.7575757575757576 2.1818181818181817 2.5757575757575757 1.606060606060606 1.2121212121212122 1.8181818181818181 1.696969696969697 2.878787878787879 1.8181818181818181 3.0 2.272727272727273 2.5757575757575757
13 149.42270791573395 1.878787878787879 0.8282828282828283 1.0303030303030303 1.4343434343434343 1.4343434343434343 1.9595959595959596 0.9292929292929293 1.3131313131313131 1.1717171717171717 1.4545454545454546 1.7171717171717171 1.0707070707070707 0.8080808080808081 1.2121212121212122 1.1313131313131313 1.9191919191919191 1.2121212121212122 2.0 1.5151515151515151 1.7171717171717171
14 12.576250003985578 2.8181818181818183 1.2424242424242424 1.5454545454545454 2.1515151515151514 2.1515151515151514 2.9393939393939394 1.393939393939394 1.9696969696969697 1.7575757575757576 2.1818181818181817 2.5757575757575757 1.606060606060606 1.2121212121212122 1.8181818181818181 1.696969696969697 2.878787878787879 1.8181818181818181 3.0 2.272727272727273 2.5757575757575757
15 57.60198395191371 1.878787878787879 0.8282828282828283 1.0303030303030303 1.4343434343434343 1.4343434343434343 1.9595959595959596 0.9292929292929293 1.3131313131313131 1.1717171717171717 1.4545454545454546 1.7171717171717171 1.0707070707070707 0.8080808080808081 1.2121212121212122 1.1313131313131313 1.9191919191919191 1.2121212121212122 2.0 1.5151515151515151 1.7171717171717171
16 129.23966990782117 2.8181818181818183 1.2424242424242424 1.5454545454545454 2.1515151515151514 2.1515151515151514 2.9393939393939394 1.393939393939394 1.9696969696969697 1.7575757575757576 2.1818181818181817 2.5757575757575757 1.606060606060606 1.2121212121212122 1.8181818181818181 1.696969696969697 2.878787878787879 1.8181818181818181 3.0 2.272727272727273 2.5757575757575757
17 40.566654303626215 2.8181818181818183 1.2424242424242424 1.5454545454545454 2.1515151515151514 2.1515151515151514 2.9393939393939394 1.393939393939394 1.9696969696969697 1.7575757575757576 2.1818181818181817 2.5757575757575757 1.606060606060606 1.2121212121212122 1.8181818181818181 1.696969696969697 2.878787878787879 1.8181818181818181 3.0 2.272727272727273 2.5757575757575757
18 75.77278008551323 2.8181818181818183 1.2424242424242424 1.5454545454545454 2.1515151515151514 2.1515151515151514 2.9393939393939394 1.393939393939394 1.9696969696969697 1.7575757575757576 2.1818181818181817 2.5757575757575757 1.606060606060606 1.2121212121212122 1.8181818181818181 1.696969696969697 2.878787878787879 1.8181818181818181 3.0 2.272727272727273 2.5757575757575757
19 207.79359221916044 1.878787878787879 0.8282828282828283 1.0303030303030303 1.4343434343434343 1.4343434343434343 1.9595959595959596 0.9292929292929293 1.3131313131313131 1.1717171717171717 1.4545454545454546 1.7171717171717171 1.0707070707070707 0.8080808080808081 1.2121212121212122 1.1313131313131313 1.9191919191919191 1.2121212121212122 2.0 1.5151515151515151 1.7171717171717171
20 408.0 1.878787878787879 0.8282828282828283 1.0303030303030303 1.4343434343434343 1.4343434343434343 1.9595959595959596 0.9292929292929293 1.3131313131313131 1.1717171717171717 1.4545454545454546 1.7171717171717171 1.0707070707070707 0.8080808080808081 1.2121212121212122 1.1313131313131313 1.9191919191919191 1.2121212121212122 2.0 1.5151515151515151 1.7171717171717171
21 68.14480264296212 2.8181818181818183 1.2424242424242424 1.5454545454545454 2.1515151515151514 2.1515151515151514 2.9393939393939394 1.393939393939394 1.9696969696969697 1.7575757575757576 2.1818181818181817 2.5757575757575757 1.606060606060606 1.2121212121212122 1.8181818181818181 1.696969696969697 2.878787878787879 1.8181818181818181 3.0 2.272727272727273 2.5757575757575757
22 5.876508413754363 1.878787878787879 0.8282828282828283 1.0303030303030303 1.4343434343434343 1.4343434343434343 1.9595959595959596 0.9292929292929293 1.3131313131313131 1.1717171717171717 1.4545454545454546 1.7171717171717171 1.0707070707070707 0.8080808080808081 1.2121212121212122 1.1313131313131313 1.9191919191919191 1.2121212121212122 2.0 1.5151515151515151 1.7171717171717171
23 143.961064301703 1.878787878787879 0.8282828282828283 1.0303030303030303 1.4343434343434343 1.4343434343434343 1.9595959595959596 0.9292929292929293 1.3131313131313131 1.1717171717171717 1.4545454545454546 1.7171717171717171 1.0707070707070707 0.8080808080808081 1.2121212121212122 1.1313131313131313 1.9191919191919191 1.2121212121212122 2.0 1.5151515151515151 1.7171717171717171
24 62.39617126663389 1.878787878787879 0.8282828282828283 1.0303030303030303 1.4343434343434343 1.4343434343434343 1.9595959595959596 0.9292929292929293 1.3131313131313131 1.1717171717171717 1.4545454545454546 1.7171717171717171 1.0707070707070707 0.8080808080808081 1.2121212121212122 1.1313131313131313 1.9191919191919191 1.2121212121212122 2.0 1.5151515151515151 1.7171717171717171
25 31.71860681398343 2.8181818181818183 1.2424242424242424 1.5454545454545454 2.1515151515151514 2.1515151515151514 2.9393939393939394 1.393939393939394 1.9696969696969697 1.7575757575757576 2.1818181818181817 2.5757575757575757 1.606060606060606 1.2121212121212122 1.8181818181818181 1.696969696969697 2.878787878787879 1.8181818181818181 3.0 2.272727272727273 2.5757575757575757
26 55.71517806874123 2.8181818181818183 1.2424242424242424 1.5454545454545454 2.1515151515151514 2.1515151515151514 2.9393939393939394 1.393939393939394 1.9696969696969697 1.7575757575757576 2.1818181818181817 2.5757575757575757 1.606060606060606 1.2121212121212122 1.8181818181818181 1.696969696969697 2.878787878787879 1.8181818181818181 3.0 2.272727272727273 2.5757575757575757
27 41.366494875219104 2.8181818181818183 1.2424242424242424 1.5454545454545454 2.1515151515151514 2.1515151515151514 2.9393939393939394 1.393939393939394 1.9696969696969697 1.7575757575757576 2.1818181818181817 2.5757575757575757 1.606060606060606 1.2121212121212122 1.8181818181818181 1.696969696969697 2.878787878787879 1.8181818181818181 3.0 2.272727272727273 2.5757575757575757
28 54.90483727351869 1.878787878787879 0.8282828282828283 1.0303030303030303 1.4343434343434343 1.4343434343434343 1.9595959595959596 0.9292929292929293 1.3131313131313131 1.1717171717171717 1.4545454545454546 1.7171717171717171 1.0707070707070707 0.8080808080808081 1.2121212121212122 1.1313131313131313 1.9191919191919191 1.2121212121212122 2.0 1.5151515151515151 1.7171717171717171
29 44.01424058350422 2.8181818181818183 1.2424242424242424 1.5454545454545454 2.1515151515151514 2.1515151515151514 2.9393939393939394 1.393939393939394 1.9696969696969697 1.7575757575757576 2.1818181818181817 2.5757575757575757 1.606060606060606 1.2121212121212122 1.8181818181818181 1.696969696969697 2.878787878787879 1.8181818181818181 3.0 2.272727272727273 2.5757575757575757
30 38.156661938240575 1.878787878787879 0.8282828282828283 1.0303030303030303 1.4343434343434343 1.4343434343434343 1.9595959595959596 0.9292929292929293 1.3131313131313131 1.1717171717171717 1.4545454545454546 1.7171717171717171 1.0707070707070707 0.8080808080808081 1.2121212121212122 1.1313131313131313 1.9191919191919191 1.2121212121212122 2.0 1.5151515151515151 1.7171717171717171
31 71.76451908477739 1.878787878787879 0.8282828282828283 1.0303030303030303 1.4343434343434343 1.4343434343434343 1.9595959595959596 0.9292929292929293 1.3131313131313131 1.1717171717171717 1.4545454545454546 1.7171717171717171 1.0707070707070707 0.8080808080808081 1.2121212121212122 1.1313131313131313 1.9191919191919191 1.2121212121212122 2.0 1.5151515151515151 1.7171717171717171
32 115.95566697625486 1.878787878787879 0.8282828282828283 1.0303030303030303 1.4343434343434343 1.4343434343434343 1.9595959595959596 0.9292929292929293 1.3131313131313131 1.1717171717171717 1.4545454545454546 1.7171717171717171 1.0707070707070707 0.8080808080808081 1.2121212121212122 1.1313131313131313 1.9191919191919191 1.2121212121212122 2.0 1.5151515151515151 1.7171717171717171
33 5.056130407596964 1.878787878787879 0.8282828282828283 1.0303030303030303 1.4343434343434343 1.4343434343434343 1.9595959595959596 0.9292929292929293 1.3131313131313131 1.1717171717171717 1.4545454545454546 1.7171717171717171 1.0707070707070707 0.8080808080808081 1.2121212121212122 1.1313131313131313 1.9191919191919191 1.2121212121212122 2.0 1.5151515151515151 1.7171717171717171
34 163.081282533296 1.878787878787879 0.8282828282828283 1.0303030303030303 1.4343434343434343 1.4343434343434343 1.9595959595959596 0.9292929292929293 1.3131313131313131 1.1717171717171717 1.4545454545454546 1.7171717171717171 1.0707070707070707 0.8080808080808081 1.2121212121212122 1.1313131313131313 1.9191919191919191 1.2121212121212122 2.0 1.5151515151515151 1.7171717171717171
35 107.62548903743536 2.8181818181818183 1.2424242424242424 1.5454545454545454 2.1515151515151514 2.1515151515151514 2.9393939393939394 1.393939393939394 1.9696969696969697 1.7575757575757576 2.1818181818181817 2.5757575757575757 1.606060606060606 1.2121212121212122 1.8181818181818181 1.696969696969697 2.878787878787879 1.8181818181818181 3.0 2.272727272727273 2.5757575757575757
36 38.92112260508247 2.8181818181818183 1.2424242424242424 1.5454545454545454 2.1515151515151514 2.1515151515151514 2.9393939393939394 1.393939393939394 1.9696969696969697 1.7575757575757576 2.1818181818181817 2.5757575757575757 1.606060606060606 1.2121212121212122 1.8181818181818181 1.696969696969697 2.878787878787879 1.8181818181818181 3.0 2.272727272727273 2.5757575757575757
37 161.06552642065293 2.8181818181818183 1.2424242424242424 1.5454545454545454 2.1515151515151514 2.1515151515151514 2.9393939393939394 1.393939393939394 1.9696969696969697 1.7575757575757576 2.1818181818181817 2.5757575757575757 1.606060606060606 1.2121212121212122 1.8181818181818181 1.696969696969697 2.878787878787879 1.8181818181818181 3.0 2.272727272727273 2.5757575757575757
38 28.048133655848616 2.8181818181818183 1.2424242424242424 1.5454545454545454 2.1515151515151514 2.1515151515151514 2.9393939393939394 1.393939393939394 1.9696969696969697 1.7575757575757576 2.1818181818181817 2.5757575757575757 1.606060606060606 1.2121212121212122 1.8181818181818181 1.696969696969697 2.878787878787879 1.8181818181818181 3.0 2.272727272727273 2.5757575757575757
39 156.32678409223394 1.878787878787879 0.8282828282828283 1.0303030303030303 1.4343434343434343 1.4343434343434343 1.9595959595959596 0.9292929292929293 1.3131313131313131 1.1717171717171717 1.4545454545454546 1.7171717171717171 1.0707070707070707 0.8080808080808081 1.2121212121212122 1.1313131313131313 1.9191919191919191 1.2121212121212122 2.0 1.5151515151515151 1.7171717171717171
40 30.444107049718223 1.878787878787879 0.8282828282828283 1.0303030303030303 1.4343434343434343 1.4343434343434343 1.9595959595959596 0.9292929292929293 1.3131313131313131 1.1717171717171717 1.4545454545454546 1.7171717171717171 1.0707070707070707 0.8080808080808081 1.2121212121212122 1.1313131313131313 1.9191919191919191 1.2121212121212122 2.0 1.5151515151515151 1.7171717171717171
41 39.90575303514461 2.8181818181818183 1.2424242424242424 1.5454545454545454 2.1515151515151514 2.1515151515151514 2.9393939393939394 1.393939393939394 1.9696969696969697 1.7575757575757576 2.1818181818181817 2.5757575757575757 1.606060606060606 1.2121212121212122 1.8181818181818181 1.696969696969697 2.878787878787879 1.8181818181818181 3.0 2.272727272727273 2.5757575757575757
42 62.78995919416182 1.878787878787879 0.8282828282828283 1.0303030303030303 1.4343434343434343 1.4343434343434343 1.9595959595959596 0.9292929292929293 1.3131313131313131 1.1717171717171717 1.4545454545454546 1.7171717171717171 1.0707070707070707 0.8080808080808081 1.2121212121212122 1.1313131313131313 1.9191919191919191 1.2121212121212122 2.0 1.5151515151515151 1.7171717171717171
43 114.55054978189321 2.8181818181818183 1.2424242424242424 1.5454545454545454 2.1515151515151514 2.1515151515151514 2.9393939393939394 1.393939393939394 1.9696969696969697 1.7575757575757576 2.1818181818181817 2.5757575757575757 1.606060606060606 1.2121212121212122 1.8181818181818181 1.696969696969697 2.878787878787879 1.8181818181818181 3.0 2.272727272727273 2.5757575757575757
44 156.95900936438474 2.8181818181818183 1.2424242424242424 1.5454545454545454 2.1515151515151514 2.1515151515151514 2.9393939393939394 1.393939393939394 1.9696969696969697 1.7575757575757576 2.1818181818181817 2.5757575757575757 1.606060606060606 1.2121212121212122 1.8181818181818181 1.696969696969697 2.878787878787879 1.8181818181818181 3.0 2.272727272727273 2.5757575757575757
45 87.80669145641983 1.878787878787879 0.8282828282828283 1.0303030303030303 1.4343434343434343 1.4343434343434343 1.9595959595959596 0.9292929292929293 1.3131313131313131 1.1717171717171717 1.4545454545454546 1.7171717171717171 1.0707070707070707 0.8080808080808081 1.2121212121212122 1.1313131313131313 1.9191919191919191 1.2121212121212122 2.0 1.5151515151515151 1.7171717171717171
46 20.1554513860082 2.8181818181818183 1.2424242424242424 1.5454545454545454 2.1515151515151514 2.1515151515151514 2.9393939393939394 1.393939393939394 1.9696969696969697 1.7575757575757576 2.1818181818181817 2.5757575757575757 1.606060606060606 1.2121212121212122 1.8181818181818181 1.696969696969697 2.878787878787879 1.8181818181818181 3.0 2.272727272727273 2.5757575757575757
47 67.905447324226 1.878787878787879 0.8282828282828283 1.0303030303030303 1.4343434343434343 1.4343434343434343 1.9595959595959596 0.9292929292929293 1.3131313131313131 1.1717171717171717 1.4545454545454546 1.7171717171717171 1.0707070707070707 0.8080808080808081 1.2121212121212122 1.1313131313131313 1.9191919191919191 1.2121212121212122 2.0 1.5151515151515151 1.7171717171717171
48 95.44485843215911 1.878787878787879 0.8282828282828283 1.0303030303030303 1.4343434343434343 1.4343434343434343 1.9595959595959596 0.9292929292929293 1.3131313131313131 1.1717171717171717 1.4545454545454546 1.7171717171717171 1.0707070707070707 0.8080808080808081 1.2121212121212122 1.1313131313131313 1.9191919191919191 1.2121212121212122 2.0 1.5151515151515151 1.7171717171717171
49 63.259682654405566 1.878787878787879 0.8282828282828283 1.0303030303030303 1.4343434343434343 1.4343434343434343 1.9595959595959596 0.9292929292929293 1.3131313131313131 1.1717171717171717 1.4545454545454546 1.7171717171717171 1.0707070707070707 0.8080808080808081 1.2121212121212122 1.1313131313131313 1.9191919191919191 1.2121212121212122 2.0 1.5151515151515151 1.7171717171717171
50 81.26395562485752 1.878787878787879 0.8282828282828283 1.0303030303030303 1.4343434343434343 1.4343434343434343 1.9595959595959596 0.9292929292929293 1.3131313131313131 1.1717171717171717 1.4545454545454546 1.7171717171717171 1.0707070707070707 0.8080808080808081 1.2121212121212122 1.1313131313131313 1.9191919191919191 1.2121212121212122 2.0 1.5151515151515151 1.7171717171717171
51 14.266674957389231 2.8181818181818183 1.2424242424242424 1.5454545454545454 2.1515151515151514 2.1515151515151514 2.9393939393939394 1.393939393939394 1.9696969696969697 1.7575757575757576 2.1818181818181817 2.5757575757575757 1.606060606060606 1.2121212121212122 1.8181818181818181 1.696969696969697 2.878787878787879 1.8181818181818181 3.0 2.272727272727273 2.5757575757575757
52 104.13039923902556 2.8181818181818183 1.2424242424242424 1.5454545454545454 2.1515151515151514 2.1515151515151514 2.9393939393939394 1.393939393939394 1.9696969696969697 1.7575757575757576 2.1818181818181817 2.5757575757575757 1.606060606060606 1.2121212121212122 1.8181818181818181 1.696969696969697 2.878787878787879 1.8181818181818181 3.0 2.272727272727273 2.5757575757575757
53 27.643519312350406 2.8181818181818183 1.2424242424242424 1.5454545454545454 2.1515151515151514 2.1515151515151514 2.9393939393939394 1.393939393939394 1.9696969696969697 1.7575757575757576 2.1818181818181817 2.5757575757575757 1.606060606060606 1.2121212121212122 1.8181818181818181 1.696969696969697 2.878787878787879 1.8181818181818181 3.0 2.272727272727273 2.5757575757575757
54 32.25250335451706 1.878787878787879 0.8282828282828283 1.0303030303030303 1.4343434343434343 1.4343434343434343 1.9595959595959596 0.9292929292929293 1.3131313131313131 1.1717171717171717 1.4545454545454546 1.7171717171717171 1.0707070707070707 0.8080808080808081 1.2121212121212122 1.1313131313131313 1.9191919191919191 1.2121212121212122 2.0 1.5151515151515151 1.7171717171717171
55 48.80506969149155 1.878787878787879 0.8282828282828283 1.0303030303030303 1.4343434343434343 1.4343434343434343 1.9595959595959596 0.9292929292929293 1.3131313131313131 1.1717171717171717 1.4545454545454546 1.7171717171717171 1.0707070707070707 0.8080808080808081 1.2121212121212122 1.1313131313131313 1.9191919191919191 1.2121212121212122 2.0 1.5151515151515151 1.7171717171717171
56 57.69133323545601 1.878787878787879 0.8282828282828283 1.0303030303030303 1.4343434343434343 1.4343434343434343 1.9595959595959596 0.9292929292929293 1.3131313131313131 1.1717171717171717 1.4545454545454546 1.7171717171717171 1.0707070707070707 0.8080808080808081 1.2121212121212122 1.1313131313131313 1.9191919191919191 1.2121212121212122 2.0 1.5151515151515151 1.7171717171717171
57 20.795833187683293 2.8181818181818183 1.2424242424242424 1.5454545454545454 2.1515151515151514 2.1515151515151514 2.9393939393939394 1.393939393939394 1.9696969696969697 1.7575757575757576 2.1818181818181817 2.5757575757575757 1.606060606060606 1.2121212121212122 1.8181818181818181 1.696969696969697 2.878787878787879 1.8181818181818181 3.0 2.272727272727273 2.5757575757575757
58 159.97283324059222 2.8181818181818183 1.2424242424242424 1.5454545454545454 2.1515151515151514 2.1515151515151514 2.9393939393939394 1.393939393939394 1.9696969696969697 1.7575757575757576 2.1818181818181817 2.5757575757575757 1.606060606060606 1.2121212121212122 1.8181818181818181 1.696969696969697 2.878787878787879 1.8181818181818181 3.0 2.272727272727273 2.5757575757575757
59 191.7216939401086 2.8181818181818183 1.2424242424242424 1.5454545454545454 2.1515151515151514 2.1515151515151514 2.9393939393939394 1.393939393939394 1.9696969696969697 1.7575757575757576 2.1818181818181817 2.5757575757575757 1.606060606060606 1.2121212121212122 1.8181818181818181 1.696969696969697 2.878787878787879 1.8181818181818181 3.0 2.272727272727273 2.5757575757575757
60 92.86474614529683 1.878787878787879 0.8282828282828283 1.0303030303030303 1.4343434343434343 1.4343434343434343 1.9595959595959596 0.9292929292929293 1.3131313131313131 1.1717171717171717 1.4545454545454546 1.7171717171717171 1.0707070707070707 0.8080808080808081 1.2121212121212122 1.1313131313131313 1.9191919191919191 1.2121212121212122 2.0 1.5151515151515151 1.7171717171717171
61 63.49133236759641 1.878787878787879 0.8282828282828283 1.0303030303030303 1.4343434343434343 1.4343434343434343 1.9595959595959596 0.9292929292929293 1.3131313131313131 1.1717171717171717 1.4545454545454546 1.7171717171717171 1.0707070707070707 0.8080808080808081 1.2121212121212122 1.1313131313131313 1.9191919191919191 1.2121212121212122 2.0 1.5151515151515151 1.7171717171717171
62 132.1755852607631 1.878787878787879 0.8282828282828283 1.0303030303030303 1.4343434343434343 1.4343434343434343 1.9595959595959596 0.9292929292929293 1.3131313131313131 1.1717171717171717 1.4545454545454546 1.7171717171717171 1.0707070707070707 0.8080808080808081 1.2121212121212122 1.1313131313131313 1.9191919191919191 1.2121212121212122 2.0 1.5151515151515151 1.7171717171717171
63 47.89147739918446 1.878787878787879 0.8282828282828283 1.0303030303030303 1.4343434343434343 1.4343434343434343 1.9595959595959596 0.9292929292929293 1.3131313131313131 1.1717171717171717 1.4545454545454546 1.7171717171717171 1.0707070707070707 0.8080808080808081 1.2121212121212122 1.1313131313131313 1.9191919191919191 1.2121212121212122 2.0 1.5151515151515151 1.7171717171717171
64 135.85854192002662 1.878787878787879 0.8282828282828283 1.0303030303030303 1.4343434343434343 1.4343434343434343 1.9595959595959596 0.9292929292929293 1.3131313131313131 1.1717171717171717 1.4545454545454546 1.7171717171717171 1.0707070707070707 0.8080808080808081 1.2121212121212122 1.1313131313131313 1.9191919191919191 1.2121212121212122 2.0 1.5151515151515151 1.7171717171717171
65 21.74231438078477 2.8181818181818183 1.2424242424242424 1.5454545454545454 2.1515151515151514 2.1515151515151514 2.9393939393939394 1.393939393939394 1.9696969696969697 1.7575757575757576 2.1818181818181817 2.5757575757575757 1.606060606060606 1.2121212121212122 1.8181818181818181 1.696969696969697 2.878787878787879 1.8181818181818181 3.0 2.272727272727273 2.5757575757575757
66 76.17611646583522 1.878787878787879 0.8282828282828283 1.0303030303030303 1.4343434343434343 1.4343434343434343 1.9595959595959596 0.9292929292929293 1.3131313131313131 1.1717171717171717 1.4545454545454546 1.7171717171717171 1.0707070707070707 0.8080808080808081 1.2121212121212122 1.1313131313131313 1.9191919191919191 1.2121212121212122 2.0 1.5151515151515151 1.7171717171717171
67 35.87612684133448 2.8181818181818183 1.2424242424242424 1.5454545454545454 2.1515151515151514 2.1515151515151514 2.9393939393939394 1.393939393939394 1.9696969696969697 1.7575757575757576 2.1818181818181817 2.5757575757575757 1.606060606060606 1.2121212121212122 1.8181818181818181 1.696969696969697 2.878787878787879 1.8181818181818181 3.0 2.272727272727273 2.5757575757575757
68 164.5151556893757 1.878787878787879 0.8282828282828283 1.0303030303030303 1.4343434343434343 1.4343434343434343 1.9595959595959596 0.9292929292929293 1.3131313131313131 1.1717171717171717 1.4545454545454546 1.7171717171717171 1.0707070707070707 0.8080808080808081 1.2121212121212122 1.1313131313131313 1.9191919191919191 1.2121212121212122 2.0 1.5151515151515151 1.7171717171717171
69 90.10406349726273 2.8181818181818183 1.2424242424242424 1.5454545454545454 2.1515151515151514 2.1515151515151514 2.9393939393939394 1.393939393939394 1.9696969696969697 1.7575757575757576 2.1818181818181817 2.5757575757575757 1.606060606060606 1.2121212121212122 1.8181818181818181 1.696969696969697 2.878787878787879 1.8181818181818181 3.0 2.272727272727273 2.5757575757575757
70 34.222905827405555 1.878787878787879 0.8282828282828283 1.0303030303030303 1.4343434343434343 1.4343434343434343 1.9595959595959596 0.9292929292929293 1.3131313131313131 1.1717171717171717 1.4545454545454546 1.7171717171717171 1.0707070707070707 0.8080808080808081 1.2121212121212122 1.1313131313131313 1.9191919191919191 1.2121212121212122 2.0 1.5151515151515151 1.7171717171717171
71 95.16294696021623 1.878787878787879 0.8282828282828283 1.0303030303030303 1.4343434343434343 1.4343434343434343 1.9595959595959596 0.9292929292929293 1.3131313131313131 1.1717171717171717 1.4545454545454546 1.7171717171717171 1.0707070707070707 0.8080808080808081 1.2121212121212122 1.1313131313131313 1.9191919191919191 1.2121212121212122 2.0 1.5151515151515151 1.7171717171717171
72 136.38810797464862 2.8181818181818183 1.2424242424242424 1.5454545454545454 2.1515151515151514 2.1515151515151514 2.9393939393939394 1.393939393939394 1.9696969696969697 1.7575757575757576 2.1818181818181817 2.5757575757575757 1.606060606060606 1.2121212121212122 1.8181818181818181 1.696969696969697 2.878787878787879 1.8181818181818181 3.0 2.272727272727273 2.5757575757575757
73 61.882541667797085 1.878787878787879 0.8282828282828283 1.0303030303030303 1.4343434343434343 1.4343434343434343 1.9595959595959596 0.9292929292929293 1.3131313131313131 1.1717171717171717 1.4545454545454546 1.7171717171717171 1.0707070707070707 0.8080808080808081 1.2121212121212122 1.1313131313131313 1.9191919191919191 1.2121212121212122 2.0 1.5151515151515151 1.7171717171717171
74 19.243002739797113 1.878787878787879 0.8282828282828283 1.0303030303030303 1.4343434343434343 1.4343434343434343 1.9595959595959596 0.9292929292929293 1.3131313131313131 1.1717171717171717 1.4545454545454546 1.7171717171717171 1.0707070707070707 0.8080808080808081 1.2121212121212122 1.1313131313131313 1.9191919191919191 1.2121212121212122 2.0 1.5151515151515151 1.7171717171717171
75 20.986635496345606 2.8181818181818183 1.2424242424242424 1.5454545454545454 2.1515151515151514 2.1515151515151514 2.9393939393939394 1.393939393939394 1.9696969696969697 1.7575757575757576 2.1818181818181817 2.5757575757575757 1.606060606060606 1.2121212121212122 1.8181818181818181 1.696969696969697 2.878787878787879 1.8181818181818181 3.0 2.272727272727273 2.5757575757575757
76 135.04357385763643 1.878787878787879 0.8282828282828283 1.0303030303030303 1.4343434343434343 1.4343434343434343 1.9595959595959596 0.9292929292929293 1.3131313131313131 1.1717171717171717 1.4545454545454546 1.7171717171717171 1.0707070707070707 0.8080808080808081 1.2121212121212122 1.1313131313131313 1.9191919191919191 1.2121212121212122 2.0 1.5151515151515151 1.7171717171717171
77 32.885514907419115 2.8181818181818183 1.2424242424242424 1.5454545454545454 2.1515151515151514 2.1515151515151514 2.9393939393939394 1.393939393939394 1.9696969696969697 1.7575757575757576 2.1818181818181817 2.5757575757575757 1.606060606060606 1.2121212121212122 1.8181818181818181 1.696969696969697 2.878787878787879 1.8181818181818181 3.0 2.272727272727273 2.5757575757575757
78 128.24286440588844 1.878787878787879 0.8282828282828283 1.0303030303030303 1.4343434343434343 1.4343434343434343 1.9595959595959596 0.9292929292929293 1.3131313131313131 1.1717171717171717 1.4545454545454546 1.7171717171717171 1.0707070707070707 0.8080808080808081 1.2121212121212122 1.1313131313131313 1.9191919191919191 1.2121212121212122 2.0 1.5151515151515151 1.7171717171717171
79 666.0 2.8181818181818183 1.2424242424242424 1.5454545454545454 2.1515151515151514 2.1515151515151514 2.9393939393939394 1.393939393939394 1.9696969696969697 1.7575757575757576 2.1818181818181817 2.5757575757575757 1.606060606060606 1.2121212121212122 1.8181818181818181 1.696969696969697 2.878787878787879 1.8181818181818181 3.0 2.272727272727273 2.5757575757575757
80 441.0 2.8181818181818183 1.2424242424242424 1.5454545454545454 2.1515151515151514 2.1515151515151514 2.9393939393939394 1.393939393939394 1.9696969696969697 1.7575757575757576 2.1818181818181817 2.5757575757575757 1.606060606060606 1.2121212121212122 1.8181818181818181 1.696969696969697 2.878787878787879 1.8181818181818181 3.0 2.272727272727273 2.5757575757575757
81 93.52113449742924 1.878787878787879 0.8282828282828283 1.0303030303030303 1.4343434343434343 1.4343434343434343 1.9595959595959596 0.9292929292929293 1.3131313131313131 1.1717171717171717 1.4545454545454546 1.7171717171717171 1.0707070707070707 0.8080808080808081 1.2121212121212122 1.1313131313131313 1.9191919191919191 1.2121212121212122 2.0 1.5151515151515151 1.7171717171717171
82 60.99314696684282 1.878787878787879 0.8282828282828283 1.0303030303030303 1.4343434343434343 1.4343434343434343 1.9595959595959596 0.9292929292929293 1.3131313131313131 1.1717171717171717 1.4545454545454546 1.7171717171717171 1.0707070707070707 0.8080808080808081 1.2121212121212122 1.1313131313131313 1.9191919191919191 1.2121212121212122 2.0 1.5151515151515151 1.7171717171717171
83 83.66794096896297 1.878787878787879 0.8282828282828283 1.0303030303030303 1.4343434343434343 1.4343434343434343 1.9595959595959596 0.9292929292929293 1.3131313131313131 1.1717171717171717 1.4545454545454546 1.7171717171717171 1.0707070707070707 0.8080808080808081 1.2121212121212122 1.1313131313131313 1.9191919191919191 1.2121212121212122 2.0 1.5151515151515151 1.7171717171717171
84 106.73940811718487 2.8181818181818183 1.2424242424242424 1.5454545454545454 2.1515151515151514 2.1515151515151514 2.9393939393939394 1.393939393939394 1.9696969696969697 1.7575757575757576 2.1818181818181817 2.5757575757575757 1.606060606060606 1.2121212121212122 1.8181818181818181 1.696969696969697 2.878787878787879 1.8181818181818181 3.0 2.272727272727273 2.5757575757575757
85 27.21751246994043 2.8181818181818183 1.2424242424242424 1.5454545454545454 2.1515151515151514 2.1515151515151514 2.9393939393939394 1.393939393939394 1.9696969696969697 1.7575757575757576 2.1818181818181817 2.5757575757575757 1.606060606060606 1.2121212121212122 1.8181818181818181 1.696969696969697 2.878787878787879 1.8181818181818181 3.0 2.272727272727273 2.5757575757575757
86 514.0 2.8181818181818183 1.2424242424242424 1.5454545454545454 2.1515151515151514 2.1515151515151514 2.9393939393939394 1.393939393939394 1.9696969696969697 1.7575757575757576 2.1818181818181817 2.5757575757575757 1.606060606060606 1.2121212121212122 1.8181818181818181 1.696969696969697 2.878787878787879 1.8181818181818181 3.0 2.272727272727273 2.5757575757575757
87 80.47443553308813 2.8181818181818183 1.2424242424242424 1.5454545454545454 2.1515151515151514 2.1515151515151514 2.9393939393939394 1.393939393939394 1.9696969696969697 1.7575757575757576 2.1818181818181817 2.5757575757575757 1.606060606060606 1.2121212121212122 1.8181818181818181 1.696969696969697 2.878787878787879 1.8181818181818181 3.0 2.272727272727273 2.5757575757575757
88 61.67503016138973 1.878787878787879 0.8282828282828283 1.0303030303030303 1.4343434343434343 1.4343434343434343 1.9595959595959596 0.9292929292929293 1.3131313131313131 1.1717171717171717 1.4545454545454546 1.7171717171717171 1.0707070707070707 0.8080808080808081 1.2121212121212122 1.1313131313131313 1.9191919191919191 1.2121212121212122 2.0 1.5151515151515151 1.7171717171717171
89 111.86154892655274 1.878787878787879 0.8282828282828283 1.0303030303030303 1.4343434343434343 1.4343434343434343 1.9595959595959596 0.9292929292929293 1.3131313131313131 1.1717171717171717 1.4545454545454546 1.7171717171717171 1.0707070707070707 0.8080808080808081 1.2121212121212122 1.1313131313131313 1.9191919191919191 1.2121212121212122 2.0 1.5151515151515151 1.7171717171717171
90 63.84760080052674 2.8181818181818183 1.2424242424242424 1.5454545454545454 2.1515151515151514 2.1515151515151514 2.9393939393939394 1.393939393939394 1.9696969696969697 1.7575757575757576 2.1818181818181817 2.5757575757575757 1.606060606060606 1.2121212121212122 1.8181818181818181 1.696969696969697 2.878787878787879 1.8181818181818181 3.0 2.272727272727273 2.5757575757575757
91 210.77534476811084 2.8181818181818183 1.2424242424242424 1.5454545454545454 2.1515151515151514 2.1515151515151514 2.9393939393939394 1.393939393939394 1.9696969696969697 1.7575757575757576 2.1818181818181817 2.5757575757575757 1.606060606060606 1.2121212121212122 1.8181818181818181 1.696969696969697 2.878787878787879 1.8181818181818181 3.0 2.272727272727273 2.5757575757575757
92 118.82509014015493 1.878787878787879 0.8282828282828283 1.0303030303030303 1.4343434343434343 1.4343434343434343 1.9595959595959596 0.9292929292929293 1.3131313131313131 1.1717171717171717 1.4545454545454546 1.7171717171717171 1.0707070707070707 0.8080808080808081 1.2121212121212122 1.1313131313131313 1.9191919191919191 1.2121212121212122 2.0 1.5151515151515151 1.7171717171717171
93 88.78330459125351 2.8181818181818183 1.2424242424242424 1.5454545454545454 2.1515151515151514 2.1515151515151514 2.9393939393939394 1.393939393939394 1.9696969696969697 1.7575757575757576 2.1818181818181817 2.5757575757575757 1.606060606060606 1.2121212121212122 1.8181818181818181 1.696969696969697 2.878787878787879 1.8181818181818181 3.0 2.272727272727273 2.5757575757575757
94 36.1601693260656 2.8181818181818183 1.2424242424242424 1.5454545454545454 2.1515151515151514 2.1515151515151514 2.9393939393939394 1.393939393939394 1.9696969696969697 1.7575757575757576 2.1818181818181817 2.5757575757575757 1.606060606060606 1.2121212121212122 1.8181818181818181 1.696969696969697 2.878787878787879 1.8181818181818181 3.0 2.272727272727273 2.5757575757575757
95 68.3301619527389 2.8181818181818183 1.2424242424242424 1.5454545454545454 2.1515151515151514 2.1515151515151514 2.9393939393939394 1.393939393939394 1.9696969696969697 1.7575757575757576 2.1818181818181817 2.5757575757575757 1.606060606060606 1.2121212121212122 1.8181818181818181 1.696969696969697 2.878787878787879 1.8181818181818181 3.0 2.272727272727273 2.5757575757575757
96 25.35163494709115 1.878787878787879 0.8282828282828283 1.0303030303030303 1.4343434343434343 1.4343434343434343 1.9595959595959596 0.9292929292929293 1.3131313131313131 1.1717171717171717 1.4545454545454546 1.7171717171717171 1.0707070707070707 0.8080808080808081 1.2121212121212122 1.1313131313131313 1.9191919191919191 1.2121212121212122 2.0 1.5151515151515151 1.7171717171717171
97 100.87002788483812 2.8181818181818183 1.2424242424242424 1.5454545454545454 2.1515151515151514 2.1515151515151514 2.9393939393939394 1.393939393939394 1.9696969696969697 1.7575757575757576 2.1818181818181817 2.5757575757575757 1.606060606060606 1.2121212121212122 1.8181818181818181 1.696969696969697 2.878787878787879 1.8181818181818181 3.0 2.272727272727273 2.5757575757575757
98 198.6412342265315 1.878787878787879 0.8282828282828283 1.0303030303030303 1.4343434343434343 1.4343434343434343 1.9595959595959596 0.9292929292929293 1.3131313131313131 1.1717171717171717 1.4545454545454546 1.7171717171717171 1.0707070707070707 0.8080808080808081 1.2121212121212122 1.1313131313131313 1.9191919191919191 1.2121212121212122 2.0 1.5151515151515151 1.7171717171717171
99 865.0 1.878787878787879 0.8282828282828283 1.0303030303030303 1.4343434343434343 1.4343434343434343 1.9595959595959596 0.9292929292929293 1.3131313131313131 1.1717171717171717 1.4545454545454546 1.7171717171717171 1.0707070707070707 0.8080808080808081 1.2121212121212122 1.1313131313131313 1.9191919191919191 1.2121212121212122 2.0 1.5151515151515151 1.7171717171717171
100 9.291623440461336 1.878787878787879 0.8282828282828283 1.0303030303030303 1.4343434343434343 1.4343434343434343 1.9595959595959596 0.9292929292929293 1.3131313131313131 1.1717171717171717 1.4545454545454546 1.7171717171717171 1.0707070707070707 0.8080808080808081 1.2121212121212122 1.1313131313131313 1.9191919191919191 1.2121212121212122 2.0 1.5151515151515151 1.7171717171717171
101 24.92933590109957 1.878787878787879 0.8282828282828283 1.0303030303030303 1.4343434343434343 1.4343434343434343 1.9595959595959596 0.9292929292929293 1.3131313131313131 1.1717171717171717 1.4545454545454546 1.7171717171717171 1.0707070707070707 0.8080808080808081 1.2121212121212122 1.1313131313131313 1.9191919191919191 1.2121212121212122 2.0 1.5151515151515151 1.7171717171717171
102 22.793464968120933 2.8181818181818183 1.2424242424242424 1.5454545454545454 2.1515151515151514 2.1515151515151514 2.9393939393939394 1.393939393939394 1.9696969696969697 1.7575757575757576 2.1818181818181817 2.5757575757575757 1.606060606060606 1.2121212121212122 1.8181818181818181 1.696969696969697 2.878787878787879 1.8181818181818181 3.0 2.272727272727273 2.5757575757575757
103 66.8227290678093 2.8181818181818183 1.2424242424242424 1.5454545454545454 2.1515151515151514 2.1515151515151514 2.9393939393939394 1.393939393939394 1.9696969696969697 1.7575757575757576 2.1818181818181817 2.5757575757575757 1.606060606060606 1.2121212121212122 1.8181818181818181 1.696969696969697 2.878787878787879 1.8181818181818181 3.0 2.272727272727273 2.5757575757575757
104 27.432811105825728 2.8181818181818183 1.2424242424242424 1.5454545454545454 2.1515151515151514 2.1515151515151514 2.9393939393939394 1.393939393939394 1.9696969696969697 1.7575757575757576 2.1818181818181817 2.5757575757575757 1.606060606060606 1.2121212121212122 1.8181818181818181 1.696969696969697 2.878787878787879 1.8181818181818181 3.0 2.272727272727273 2.5757575757575757
105 173.57605406117523 1.878787878787879 0.8282828282828283 1.0303030303030303 1.4343434343434343 1.4343434343434343 1.9595959595959596 0.9292929292929293 1.3131313131313131 1.1717171717171717 1.4545454545454546 1.7171717171717171 1.0707070707070707 0.8080808080808081 1.2121212121212122 1.1313131313131313 1.9191919191919191 1.2121212121212122 2.0 1.5151515151515151 1.7171717171717171
106 367.0 2.8181818181818183 1.2424242424242424 1.5454545454545454 2.1515151515151514 2.1515151515151514 2.9393939393939394 1.393939393939394 1.9696969696969697 1.7575757575757576 2.1818181818181817 2.5757575757575757 1.606060606060606 1.2121212121212122 1.8181818181818181 1.696969696969697 2.878787878787879 1.8181818181818181 3.0 2.272727272727273 2.5757575757575757
107 6.870560702659914 2.8181818181818183 1.2424242424242424 1.5454545454545454 2.1515151515151514 2.1515151515151514 2.9393939393939394 1.393939393939394 1.9696969696969697 1.7575757575757576 2.1818181818181817 2.5757575757575757 1.606060606060606 1.2121212121212122 1.8181818181818181 1.696969696969697 2.878787878787879 1.8181818181818181 3.0 2.272727272727273 2.5757575757575757
108 71.11848434799548 2.8181818181818183 1.2424242424242424 1.5454545454545454 2.1515151515151514 2.1515151515151514 2.9393939393939394 1.393939393939394 1.9696969696969697 1.7575757575757576 2.1818181818181817 2.5757575757575757 1.606060606060606 1.2121212121212122 1.8181818181818181 1.696969696969697 2.878787878787879 1.8181818181818181 3.0 2.272727272727273 2.5757575757575757
109 19.04942608036732 1.878787878787879 0.8282828282828283 1.0303030303030303 1.4343434343434343 1.4343434343434343 1.9595959595959596 0.9292929292929293 1.3131313131313131 1.1717171717171717 1.4545454545454546 1.7171717171717171 1.0707070707070707 0.8080808080808081 1.2121212121212122 1.1313131313131313 1.9191919191919191 1.2121212121212122 2.0 1.5151515151515151 1.7171717171717171
110 43.710076416313925 2.8181818181818183 1.2424242424242424 1.5454545454545454 2.1515151515151514 2.1515151515151514 2.9393939393939394 1.393939393939394 1.9696969696969697 1.7575757575757576 2.1818181818181817 2.5757575757575757 1.606060606060606 1.2121212121212122 1.8181818181818181 1.696969696969697 2.878787878787879 1.8181818181818181 3.0 2.272727272727273 2.5757575757575757
111 48.014757166063724 2.8181818181818183 1.2424242424242424 1.5454545454545454 2.1515151515151514 2.1515151515151514 2.9393939393939394 1.393939393939394 1.9696969696969697 1.7575757575757576 2.1818181818181817 2.5757575757575757 1.606060606060606 1.2121212121212122 1.8181818181818181 1.696969696969697 2.878787878787879 1.8181818181818181 3.0 2.272727272727273 2.5757575757575757
112 44.74482207012036 2.8181818181818183 1.2424242424242424 1.5454545454545454 2.1515151515151514 2.1515151515151514 2.9393939393939394 1.393939393939394 1.9696969696969697 1.7575757575757576 2.1818181818181817 2.5757575757575757 1.606060606060606 1.2121212121212122 1.8181818181818181 1.696969696969697 2.878787878787879 1.8181818181818181 3.0 2.272727272727273 2.5757575757575757
113 114.0 2.8181818181818183 1.2424242424242424 1.5454545454545454 2.1515151515151514 2.1515151515151514 2.9393939393939394 1.393939393939394 1.9696969696969697 1.7575757575757576 2.1818181818181817 2.5757575757575757 1.606060606060606 1.2121212121212122 1.8181818181818181 1.696969696969697 2.878787878787879 1.8181818181818181 3.0 2.272727272727273 2.5757575757575757
114 23.284081011732717 2.8181818181818183 1.2424242424242424 1.5454545454545454 2.1515151515151514 2.1515151515151514 2.9393939393939394 1.393939393939394 1.9696969696969697 1.7575757575757576 2.1818181818181817 2.5757575757575757 1.606060606060606 1.2121212121212122 1.8181818181818181 1.696969696969697 2.878787878787879 1.8181818181818181 3.0 2.272727272727273 2.5757575757575757
115 101.70672373529726 1.878787878787879 0.8282828282828283 1.0303030303030303 1.4343434343434343 1.4343434343434343 1.9595959595959596 0.9292929292929293 1.3131313131313131 1.1717171717171717 1.4545454545454546 1.7171717171717171 1.0707070707070707 0.8080808080808081 1.2121212121212122 1.1313131313131313 1.9191919191919191 1.2121212121212122 2.0 1.5151515151515151 1.7171717171717171
116 69.42688248719136 1.878787878787879 0.8282828282828283 1.0303030303030303 1.4343434343434343 1.4343434343434343 1.9595959595959596 0.9292929292929293 1.3131313131313131 1.1717171717171717 1.4545454545454546 1.7171717171717171 1.0707070707070707 0.8080808080808081 1.2121212121212122 1.1313131313131313 1.9191919191919191 1.2121212121212122 2.0 1.5151515151515151 1.7171717171717171
117 94.81961689891405 2.8181818181818183 1.2424242424242424 1.5454545454545454 2.1515151515151514 2.1515151515151514 2.9393939393939394 1.393939393939394 1.9696969696969697 1.7575757575757576 2.1818181818181817 2.5757575757575757 1.606060606060606 1.2121212121212122 1.8181818181818181 1.696969696969697 2.878787878787879 1.8181818181818181 3.0 2.272727272727273 2.5757575757575757
118 26.982950436888487 1.878787878787879 0.8282828282828283 1.0303030303030303 1.4343434343434343 1.4343434343434343 1.9595959595959596 0.9292929292929293 1.3131313131313131 1.1717171717171717 1.4545454545454546 1.7171717171717171 1.0707070707070707 0.8080808080808081 1.2121212121212122 1.1313131313131313 1.9191919191919191 1.2121212121212122 2.0 1.5151515151515151 1.7171717171717171
119 94.1104792764054 1.878787878787879 0.8282828282828283 1.0303030303030303 1.4343434343434343 1.4343434343434343 1.9595959595959596 0.9292929292929293 1.3131313131313131 1.1717171717171717 1.4545454545454546 1.7171717171717171 1.0707070707070707 0.8080808080808081 1.2121212121212122 1.1313131313131313 1.9191919191919191 1.2121212121212122 2.0 1.5151515151515151 1.7171717171717171
120 30.572604491476525 1.878787878787879 0.8282828282828283 1.0303030303030303 1.4343434343434343 1.4343434343434343 1.9595959595959596 0.9292929292929293 1.3131313131313131 1.1717171717171717 1.4545454545454546 1.7171717171717171 1.0707070707070707 0.8080808080808081 1.2121212121212122 1.1313131313131313 1.9191919191919191 1.2121212121212122 2.0 1.5151515151515151 1.7171717171717171
121 74.4641291361793 2.8181818181818183 1.2424242424242424 1.5454545454545454 2.1515151515151514 2.1515151515151514 2.9393939393939394 1.393939393939394 1.9696969696969697 1.7575757575757576 2.1818181818181817 2.5757575757575757 1.606060606060606 1.2121212121212122 1.8181818181818181 1.696969696969697 2.878787878787879 1.8181818181818181 3.0 2.272727272727273 2.5757575757575757
122 168.35899434536216 1.878787878787879 0.8282828282828283 1.0303030303030303 1.4343434343434343 1.4343434343434343 1.9595959595959596 0.9292929292929293 1.3131313131313131 1.1717171717171717 1.4545454545454546 1.7171717171717171 1.0707070707070707 0.8080808080808081 1.2121212121212122 1.1313131313131313 1.9191919191919191 1.2121212121212122 2.0 1.5151515151515151 1.7171717171717171
123 55.901207581791226 1.878787878787879 0.8282828282828283 1.0303030303030303 1.4343434343434343 1.4343434343434343 1.9595959595959596 0.9292929292929293 1.3131313131313131 1.1717171717171717 1.4545454545454546 1.7171717171717171 1.0707070707070707 0.8080808080808081 1.2121212121212122 1.1313131313131313 1.9191919191919191 1.2121212121212122 2.0 1.5151515151515151 1.7171717171717171
124 30.191615682152857 1.878787878787879 0.8282828282828283 1.0303030303030303 1.4343434343434343 1.4343434343434343 1.9595959595959596 0.9292929292929293 1.3131313131313131 1.1717171717171717 1.4545454545454546 1.7171717171717171 1.0707070707070707 0.8080808080808081 1.2121212121212122 1.1313131313131313 1.9191919191919191 1.2121212121212122 2.0 1.5151515151515151 1.7171717171717171
125 25.47510844177766 1.878787878787879 0.8282828282828283 1.0303030303030303 1.4343434343434343 1.4343434343434343 1.9595959595959596 0.9292929292929293 1.3131313131313131 1.1717171717171717 1.4545454545454546 1.7171717171717171 1.0707070707070707 0.8080808080808081 1.2121212121212122 1.1313131313131313 1.9191919191919191 1.2121212121212122 2.0 1.5151515151515151 1.7171717171717171
126 73.46964639815863 2.8181818181818183 1.2424242424242424 1.5454545454545454 2.1515151515151514 2.1515151515151514 2.9393939393939394 1.393939393939394 1.9696969696969697 1.7575757575757576 2.1818181818181817 2.5757575757575757 1.606060606060606 1.2121212121212122 1.8181818181818181 1.696969696969697 2.878787878787879 1.8181818181818181 3.0 2.272727272727273 2.5757575757575757
127 9.05671369046977 1.878787878787879 0.8282828282828283 1.0303030303030303 1.4343434343434343 1.4343434343434343 1.9595959595959596 0.9292929292929293 1.3131313131313131 1.1717171717171717 1.4545454545454546 1.7171717171717171 1.0707070707070707 0.8080808080808081 1.2121212121212122 1.1313131313131313 1.9191919191919191 1.2121212121212122 2.0 1.5151515151515151 1.7171717171717171
128 47.61275987316921 2.8181818181818183 1.2424242424242424 1.5454545454545454 2.1515151515151514 2.1515151515151514 2.9393939393939394 1.393939393939394 1.9696969696969697 1.7575757575757576 2.1818181818181817 2.5757575757575757 1.606060606060606 1.2121212121212122 1.8181818181818181 1.696969696969697 2.878787878787879 1.8181818181818181 3.0 2.272727272727273 2.5757575757575757
129 29.49048956617843 1.878787878787879 0.8282828282828283 1.0303030303030303 1.4343434343434343 1.4343434343434343 1.9595959595959596 0.9292929292929293 1.3131313131313131 1.1717171717171717 1.4545454545454546 1.7171717171717171 1.0707070707070707 0.8080808080808081 1.2121212121212122 1.1313131313131313 1.9191919191919191 1.2121212121212122 2.0 1.5151515151515151 1.7171717171717171
