100 50
TREE NETWORK (nID nID Weight):
8 0 59
1 8 40
62 8 31
14 1 36
80 8 39
33 80 30
10 80 59
9 33 58
65 10 50
54 65 34
47 14 59
44 8 39
91 80 52
30 1 45
20 65 45
51 14 37
66 0 35
46 51 59
12 46 46
36 44 42
83 0 37
32 8 41
52 65 53
31 44 41
95 0 55
53 9 39
85 30 51
5 66 57
45 36 57
13 14 41
94 31 33
24 0 59
15 95 54
92 8 35
96 30 59
98 94 45
40 83 48
68 98 56
89 45 33
79 40 30
29 85 32
76 91 50
49 8 54
61 89 49
38 1 35
58 29 34
35 31 30
69 15 40
84 35 46
43 95 31
28 9 33
87 69 53
81 20 30
18 95 32
4 31 40
17 38 39
75 0 39
42 49 38
74 17 40
82 33 38
55 79 58
56 13 49
88 9 39
2 47 53
11 0 51
39 47 47
60 13 54
78 51 55
50 20 51
16 39 38
73 2 52
86 73 55
63 45 53
23 73 57
7 13 31
99 13 53
64 65 50
37 13 52
6 15 32
3 89 41
41 74 32
72 49 34
25 17 50
26 62 34
71 92 32
57 16 32
77 14 38
90 60 30
21 57 40
97 92 48
59 47 53
19 11 52
93 75 32
34 71 42
70 85 53
48 35 39
22 96 34
67 90 56
27 40 48
PROGRAMS ASSIGNED TO NODES (nID pID1 pID2 ...):
0 1 2 3 4 5 6 7 8 9 10 11 12 13 14 15 16 17 18 19 20 21 22 23 24 25 26 27 28 29 30 31 32 33 34 35 36 37 38 39 40 41 42 43 44 45 46 47 48 49 50
1 1 34 2 35 9 42 44 45 14 50 22 29 30 31
2 48 50 6 10 26 11 44 12 28
3 2 3 6 7 9 10 12 14 16 17 21 22 23 27 28 29 30 31 32 37 38 43 46 47 49
4 1 2 3 5 6 7 8 9 10 11 12 14 15 17 18 19 20 21 22 23 24 26 27 28 29 30 32 34 35 37 38 39 40 41 42 43 44 45 46 48 49
5 3 4 5 6 7 9 10 12 14 18 19 20 22 23 24 25 26 27 28 29 31 32 33 34 35 38 39 40 41 49 50
6 1 2 3 4 5 6 8 9 10 11 12 13 14 15 16 17 18 19 20 21 22 23 24 25 26 27 28 29 30 31 32 33 34 35 36 37 38 39 40 41 43 44 45 46 47 48 49 50
7 34 4 38 8 9 10 12 13 46 15 49 17 50 18 22 28
8 1 2 3 5 7 8 9 10 11 12 13 14 15 16 17 18 19 20 21 23 24 25 26 27 28 29 30 31 32 33 34 35 36 37 38 39 40 41 42 43 44 45 46 48 49 50
9 2 5 10 11 12 13 14 16 17 21 22 23 25 27 28 30 31 32 33 35 36 37 40 41 43 44 46
10 1 2 3 4 5 6 7 8 9 10 11 12 13 14 15 16 17 18 19 20 21 22 23 24 25 26 27 28 29 30 32 33 34 35 36 37 38 39 40 41 42 43 44 45 46 47 48 49 50
11 3 4 8 9 12 14 15 16 17 19 20 23 25 28 31 32 34 35 36 37 38 39 41 42 43 47 49 50
12 33 4 5 38 7 8 42 11 45 13 46 14 18 50 20 21 24 25 26
13 2 35 3 4 5 39 8 41 9 11 43 12 48 49 50 25 29 30 31
14 1 2 3 4 5 6 7 8 9 10 12 13 16 17 18 19 20 21 22 23 24 26 27 28 29 30 31 32 33 34 35 36 39 40 41 42 43 44 47 49 50
15 1 2 3 4 6 7 8 9 10 11 13 14 15 17 18 19 20 21 22 23 24 25 26 27 28 29 30 32 34 35 37 38 39 40 41 42 43 45 46 48 49 50
16 2 36 4 6 7 8 9 41 42 43 14 47 50 18 19 21 25 26 28 30
17 32 17 18 5 39 23 25 30 31
18 1 2 5 6 7 8 10 12 16 17 18 19 20 21 22 23 24 25 26 27 28 29 32 41 42 43 44 46 48 49
19 16 48 34 3 37 6 23 9 30
20 2 3 4 6 7 8 9 11 12 13 14 15 16 17 18 19 20 21 22 23 24 25 26 27 28 29 30 31 32 34 35 36 37 38 39 41 42 43 44 45 47 48 49 50
21 34 2 6 38 39 40 8 10 43 47 49 20 21 25 28 31
22 1 3 4 6 7 8 9 10 12 14 15 16 18 19 20 21 22 24 26 27 28 29 30 32 34 36 42 43 44 46 48 49 50
23 1 33 3 37 38 39 43 44 14 46 47 48 16 18 20 21 26 27 28 29 31
24 1 34 2 35 4 36 38 40 41 42 10 43 11 45 13 46 47 19 20 22 23 24 26 28
25 1 2 3 5 6 10 11 13 15 17 18 19 20 21 22 23 24 26 27 29 30 31 34 36 37 38 40 41 47 49 50
26 1 2 3 4 5 6 8 9 10 11 12 13 14 15 16 17 18 19 20 21 22 23 24 25 26 27 28 29 30 31 32 33 34 35 36 37 38 39 40 41 42 44 45 46 47 48 49 50
27 32 33 2 37 6 40 8 41 9 10 12 45 15 48 20 21 22 23 25 28 29 30
28 33 1 5 37 39 7 40 41 10 11 43 48 49 18 21 23 25 27
29 1 2 4 6 7 8 11 12 13 14 16 17 19 21 22 23 24 26 27 28 29 30 31 32 41 43 45 46 49 50
30 32 1 2 3 5 40 9 43 12 13 46 47 48 17 50 19 24 27 31
31 2 4 5 6 8 10 11 12 13 14 15 16 18 25 26 28 29 31 37 40 42 43 44 45 46 48 49
32 16 37 38 23 40 41 26 43 14
33 1 2 4 6 9 10 11 15 17 18 19 21 22 23 25 26 27 28 29 30 31 32 33 34 35 36 37 38 40 41 43 44 45 46 47 48 49 50
34 1 2 3 4 5 7 9 10 12 15 16 19 20 21 24 25 26 27 28 29 30 32 33 34 37 38 40 41 42 44 47 49
35 2 5 6 9 11 12 13 14 17 20 21 22 23 24 25 32 33 35 36 37 39 40 41 42 43 45 46 47 48 49
36 33 24 25 14
37 1 2 3 4 6 7 8 9 10 12 13 14 16 17 18 19 21 22 25 26 30 31 32 35 36 41 42 43 47 48 49 50
38 38 39 40 41 42 43 44 45 15 48 18 50 19 20 23 25 26 27 28
39 1 33 2 3 5 38 7 8 42 12 13 45 46 16 48 50 22 24 31
40 16 5 7 23 40 24 42 13 29 14 30 31
41 2 3 4 5 6 7 8 10 11 16 18 19 22 24 26 27 28 29 31 32 33 34 36 37 39 40 41 42 44 45 46 47 49
42 2 35 38 39 43 12 15 16 17 49 18 23 24 27 29 30
43 2 4 5 6 7 8 9 10 11 12 13 14 15 16 17 18 19 20 21 22 23 24 25 26 27 28 29 30 31 32 33 34 35 36 37 38 40 41 42 43 44 45 46 47 48 49 50
44 1 3 4 5 6 7 9 10 11 13 14 15 16 17 18 19 20 21 22 24 25 26 27 28 30 31 32 33 34 35 36 38 39 40 41 42 43 44 45 46 47 48 49 50
45 3 7 8 9 11 12 18 19 21 24 25 26 28 29 30 32 33 36 37 38 40 43 44 48 50
46 17 3 19 35 4 5 7 24 9 26 27 12
47 32 35 3 37 6 7 8 40 41 9 11 12 45 14 16 48 17 49 19 20 25 26 27 30
48 2 3 4 8 10 11 12 13 14 15 17 18 19 20 23 24 25 27 28 29 32 33 34 35 38 39 40 41 43 46 47 48 49 50
49 16 50 36 7 40 24 25 10
50 1 2 3 5 6 7 8 12 13 14 15 16 17 18 19 20 21 22 23 24 25 26 28 29 31 32 33 34 36 37 39 40 41 42 43 44 48 49 50
51 1 35 3 6 39 10 42 44 46 15 22 24 25 27 31
52 2 7 8 10 12 13 14 15 16 19 21 23 24 25 27 28 29 31 32 33 37 38 40 41 44 46 48 49 50
53 1 2 3 5 8 11 13 14 15 16 17 20 22 23 25 26 28 31 32 37 38 40 43 44 45 47 49 50
54 4 5 6 7 14 16 17 18 19 21 23 24 25 26 28 30 31 32 35 38 40 42 46 47 49 50
55 1 2 3 4 5 6 8 9 10 11 12 13 14 16 18 19 23 24 26 27 28 29 30 31 33 35 36 37 39 40 43 45 46 47 48 49
56 1 3 5 7 8 10 11 12 13 14 15 16 21 22 23 24 25 27 28 30 32 33 35 36 37 38 39 41 42 45 46 48 49 50
57 1 2 3 4 5 6 7 8 10 12 13 17 18 19 20 22 23 24 25 26 27 28 29 30 32 33 34 35 36 37 38 40 41 42 43 44 45
58 35 19 20 8
59 1 2 3 4 5 6 7 10 11 12 13 14 15 16 17 18 19 20 21 22 23 24 25 26 27 28 29 30 31 32 33 34 35 36 37 38 39 40 41 42 43 44 45 46 47 48 49 50
60 32 17 45
61 1 2 3 4 5 6 7 8 9 11 12 13 14 15 16 17 18 20 21 22 24 26 27 28 29 30 32 33 35 36 37 38 40 41 42 43 44 45 46 47 48 50
62 34 2 36 5 38 6 39 12 44 45 13 46 15 50 21 23 28 29 31
63 1 2 3 4 5 6 7 8 9 10 11 12 13 14 15 16 17 18 19 20 22 23 24 25 26 27 28 29 30 31 32 33 34 35 36 37 38 39 40 41 42 43 44 45 46 47 48 49 50
64 1 3 36 37 7 41 10 43 12 44 45 46 16 19
65 17 19 38 7 24 10 27 44 47
66 32 1 3 4 5 6 40 8 10 43 13 15 49 50 20 21 23 24 28 31
67 2 3 4 5 6 7 9 11 12 13 14 15 16 17 18 20 21 22 23 25 26 27 28 30 31 32 33 34 36 38 39 41 42 43 45 46 48 49
68 32 35 36 4 40 9 11 12 44 13 48 49 19 20 22 23 24 25 27
69 1 2 3 4 5 6 7 8 9 10 11 12 13 14 15 18 19 20 21 22 23 24 27 28 29 30 31 32 33 34 35 36 37 38 39 40 41 42 43 44 45 46 47 48 49 50
70 37 5 6 40 8 9 41 12 45 49 19 20 24 27 28 30
71 3 4 6 9 11 12 13 14 17 18 23 25 28 29 31 32 34 35 36 38 39 40 43 45 46 47 48 49
72 1 33 2 4 7 41 43 44 12 13 46 15 48 19 21 22 23 25 26 29 30
73 1 2 3 5 6 7 8 9 10 11 12 13 14 15 16 17 18 19 20 22 23 24 25 26 27 28 29 32 34 35 37 38 39 40 41 42 44 45 46 47 48 50
74 33 34 4 36 39 9 41 11 46 50 18 20 22 23 24 30
75 1 5 6 14 17 20 21 22 23 24 25 27 28 29 30 31 33 35 36 37 40 42 45 46 47
76 1 2 3 4 5 6 7 8 9 11 12 13 14 15 16 17 18 19 20 21 22 24 25 26 27 28 29 30 31 32 33 34 35 36 37 38 39 40 41 42 43 44 45 46 47 48 49 50
77 32 20 5 38 11 45 13
78 1 2 3 4 5 6 7 8 9 10 11 12 13 15 17 18 19 20 21 22 23 24 25 28 29 31 32 33 34 36 37 39 40 41 42 43 44 45 47 48 49 50
79 36 37 22 7 41 42 45
80 1 3 6 7 11 12 14 15 20 21 22 23 24 26 28 29 30 32 34 35 36 37 38 39 40 44 45 47 48 49 50
81 33 35 4 37 6 7 40 8 41 10 43 12 44 13 14 50 18 20 21 24 26 28 29
82 1 2 3 5 6 8 9 10 11 12 13 14 15 16 17 18 19 21 22 23 24 25 26 27 28 29 30 31 32 33 36 38 39 40 41 42 43 44 45 46 47 48 49 50
83 48 2 50 22 8 28
84 33 1 2 35 3 36 40 10 11 44 13 14 48 49 19 21 25 28 31
85 34 4 37 38 7 9 42 13 47 15 48 22 24 29
86 1 2 3 4 5 6 8 9 11 12 13 14 16 17 19 20 22 24 25 26 27 29 30 31 33 34 35 36 37 38 40 41 42 43 44 45 46 48 49 50
87 3 4 5 7 8 9 10 11 12 13 15 16 18 19 21 22 23 26 27 28 30 31 34 35 36 37 39 40 41 42 43 46 47
88 33 1 2 4 6 8 41 9 11 12 45 47 16 17 49 50 20 26 28 29
89 32 33 34 37 7 39 42 10 11 44 13 45 46 48 16 49 21 28 29 30
90 1 2 3 4 6 7 8 10 13 14 15 16 17 18 19 20 21 23 25 26 27 28 29 31 32 33 34 35 36 37 38 39 40 43 44 46 47 48 49 50
91 32 1 2 5 24 8 41 42 27 30
92 1 6 7 9 10 11 12 13 14 17 19 22 23 24 28 32 34 36 37 41 43 45 47 48 49
93 33 50 20 38 40 24 42 43 45
94 2 3 4 6 8 10 11 16 17 18 21 22 24 27 29 30 31 33 37 38 39 41 43 44 50
95 1 2 3 4 6 7 9 11 13 14 15 17 19 20 21 22 23 24 27 28 30 32 33 34 36 37 38 39 40 45 46 47 48 49
96 1 2 5 6 8 10 13 14 15 17 18 20 21 24 27 31 32 33 35 37 40 41 42 44 45 46 47
97 1 2 4 5 6 7 8 9 10 11 12 13 14 15 17 19 20 21 22 23 24 25 27 28 30 31 32 33 34 35 36 37 38 39 40 41 42 43 44 45 47 48 49 50
98 1 2 3 4 5 6 7 8 9 11 12 13 14 15 16 17 18 19 20 21 22 23 24 25 26 29 30 31 32 33 34 35 36 37 38 39 40 41 42 43 44 45 46 47 48 49 50
99 2 3 6 10 11 14 15 16 17 18 20 21 22 23 27 30 31 32 33 36 37 38 39 40 41 43 44 45 49 50
SIZE OF PROGRAMS (pID SIZE):
1 59.0
2 98.0
3 51.0
4 40.0
5 61.0
6 51.0
7 94.0
8 70.0
9 47.0
10 77.0
11 78.0
12 46.0
13 89.0
14 84.0
15 74.0
16 63.0
17 71.0
18 67.0
19 84.0
20 91.0
21 56.0
22 65.0
23 76.0
24 86.0
25 88.0
26 50.0
27 88.0
28 59.0
29 59.0
30 80.0
31 68.0
32 86.0
33 49.0
34 60.0
35 89.0
36 96.0
37 79.0
38 53.0
39 41.0
40 62.0
41 44.0
42 86.0
43 41.0
44 49.0
45 70.0
46 49.0
47 47.0
48 59.0
49 79.0
50 40.0
COST TO INSTALL SERVERS AND PROGRAMS ON NODES (COST_TO_INSTALL_SERVER COST_TO_INSTALL_pID1 ...):
0 11252.040816326531 1.8061224489795917 3.0 1.5612244897959184 1.2244897959183674 1.8673469387755102 1.5612244897959184 2.877551020408163 2.142857142857143 1.4387755102040816 2.357142857142857 2.3877551020408165 1.4081632653061225 2.7244897959183674 2.5714285714285716 2.2653061224489797 1.9285714285714286 2.173469387755102 2.0510204081632653 2.5714285714285716 2.7857142857142856 1.7142857142857142 1.989795918367347 2.326530612244898 2.63265306122449 2.693877551020408 1.530612244897959 2.693877551020408 1.8061224489795917 1.8061224489795917 2.4489795918367347 2.0816326530612246 2.63265306122449 1.5 1.836734693877551 2.7244897959183674 2.938775510204082 2.4183673469387754 1.6224489795918366 1.2551020408163265 1.8979591836734695 1.346938775510204 2.63265306122449 1.2551020408163265 1.5 2.142857142857143 1.5 1.4387755102040816 1.8061224489795917 2.4183673469387754 1.2244897959183674
1 158.66266862115518 1.2040816326530612 2.0 1.0408163265306123 0.8163265306122449 1.2448979591836735 1.0408163265306123 1.9183673469387754 1.4285714285714286 0.9591836734693877 1.5714285714285714 1.5918367346938775 0.9387755102040817 1.816326530612245 1.7142857142857142 1.510204081632653 1.2857142857142858 1.4489795918367347 1.3673469387755102 1.7142857142857142 1.8571428571428572 1.1428571428571428 1.3265306122448979 1.5510204081632653 1.7551020408163265 1.7959183673469388 1.0204081632653061 1.7959183673469388 1.2040816326530612 1.2040816326530612 1.6326530612244898 1.3877551020408163 1.7551020408163265 1.0 1.2244897959183674 1.816326530612245 1.9591836734693877 1.6122448979591837 1.0816326530612246 0.8367346938775511 1.2653061224489797 0.8979591836734694 1.7551020408163265 0.8367346938775511 1.0 1.4285714285714286 1.0 0.9591836734693877 1.2040816326530612 1.6122448979591837 0.8163265306122449
2 553.0935920345162 1.2040816326530612 2.0 1.0408163265306123 0.8163265306122449 1.2448979591836735 1.0408163265306123 1.9183673469387754 1.4285714285714286 0.9591836734693877 1.5714285714285714 1.5918367346938775 0.9387755102040817 1.816326530612245 1.7142857142857142 1.510204081632653 1.2857142857142858 1.4489795918367347 1.3673469387755102 1.7142857142857142 1.8571428571428572 1.1428571428571428 1.3265306122448979 1.5510204081632653 1.7551020408163265 1.7959183673469388 1.0204081632653061 1.7959183673469388 1.2040816326530612 1.2040816326530612 1.6326530612244898 1.3877551020408163 1.7551020408163265 1.0 1.2244897959183674 1.816326530612245 1.9591836734693877 1.6122448979591837 1.0816326530612246 0.8367346938775511 1.2653061224489797 0.8979591836734694 1.7551020408163265 0.8367346938775511 1.0 1.4285714285714286 1.0 0.9591836734693877 1.2040816326530612 1.6122448979591837 0.8163265306122449
3 208.86454789628908 1.2040816326530612 2.0 1.0408163265306123 0.8163265306122449 1.2448979591836735 1.0408163265306123 1.9183673469387754 1.4285714285714286 0.9591836734693877 1.5714285714285714 1.5918367346938775 0.9387755102040817 1.816326530612245 1.7142857142857142 1.510204081632653 1.2857142857142858 1.4489795918367347 1.3673469387755102 1.7142857142857142 1.8571428571428572 1.1428571428571428 1.3265306122448979 1.5510204081632653 1.7551020408163265 1.7959183673469388 1.0204081632653061 1.7959183673469388 1.2040816326530612 1.2040816326530612 1.6326530612244898 1.3877551020408163 1.7551020408163265 1.0 1.2244897959183674 1.816326530612245 1.9591836734693877 1.6122448979591837 1.0816326530612246 0.8367346938775511 1.2653061224489797 0.8979591836734694 1.7551020408163265 0.8367346938775511 1.0 1.4285714285714286 1.0 0.9591836734693877 1.2040816326530612 1.6122448979591837 0.8163265306122449
4 333.66048844432305 1.2040816326530612 2.0 1.0408163265306123 0.8163265306122449 1.2448979591836735 1.0408163265306123 1.9183673469387754 1.4285714285714286 0.9591836734693877 1.5714285714285714 1.5918367346938775 0.9387755102040817 1.816326530612245 1.7142857142857142 1.510204081632653 1.2857142857142858 1.4489795918367347 1.3673469387755102 1.7142857142857142 1.8571428571428572 1.1428571428571428 1.3265306122448979 1.5510204081632653 1.7551020408163265 1.7959183673469388 1.0204081632653061 1.7959183673469388 1.2040816326530612 1.2040816326530612 1.6326530612244898 1.3877551020408163 1.7551020408163265 1.0 1.2244897959183674 1.816326530612245 1.9591836734693877 1.6122448979591837 1.0816326530612246 0.8367346938775511 1.2653061224489797 0.8979591836734694 1.7551020408163265 0.8367346938775511 1.0 1.4285714285714286 1.0 0.9591836734693877 1.2040816326530612 1.6122448979591837 0.8163265306122449
5 121.14736000615318 1.2040816326530612 2.0 1.0408163265306123 0.8163265306122449 1.2448979591836735 1.0408163265306123 1.9183673469387754 1.4285714285714286 0.9591836734693877 1.5714285714285714 1.5918367346938775 0.9387755102040817 1.816326530612245 1.7142857142857142 1.510204081632653 1.2857142857142858 1.4489795918367347 1.3673469387755102 1.7142857142857142 1.8571428571428572 1.1428571428571428 1.3265306122448979 1.5510204081632653 1.7551020408163265 1.7959183673469388 1.0204081632653061 1.7959183673469388 1.2040816326530612 1.2040816326530612 1.6326530612244898 1.3877551020408163 1.7551020408163265 1.0 1.2244897959183674 1.816326530612245 1.9591836734693877 1.6122448979591837 1.0816326530612246 0.8367346938775511 1.2653061224489797 0.8979591836734694 1.7551020408163265 0.8367346938775511 1.0 1.4285714285714286 1.0 0.9591836734693877 1.2040816326530612 1.6122448979591837 0.8163265306122449
6 316.36653433495815 1.8061224489795917 3.0 1.5612244897959184 1.2244897959183674 1.8673469387755102 1.5612244897959184 2.877551020408163 2.142857142857143 1.4387755102040816 2.357142857142857 2.3877551020408165 1.4081632653061225 2.7244897959183674 2.5714285714285716 2.2653061224489797 1.9285714285714286 2.173469387755102 2.0510204081632653 2.5714285714285716 2.7857142857142856 1.7142857142857142 1.989795918367347 2.326530612244898 2.63265306122449 2.693877551020408 1.530612244897959 2.693877551020408 1.8061224489795917 1.8061224489795917 2.4489795918367347 2.0816326530612246 2.63265306122449 1.5 1.836734693877551 2.7244897959183674 2.938775510204082 2.4183673469387754 1.6224489795918366 1.2551020408163265 1.8979591836734695 1.346938775510204 2.63265306122449 1.2551020408163265 1.5 2.142857142857143 1.5 1.4387755102040816 1.8061224489795917 2.4183673469387754 1.2244897959183674
7 136.66817374658285 1.8061224489795917 3.0 1.5612244897959184 1.2244897959183674 1.8673469387755102 1.5612244897959184 2.877551020408163 2.142857142857143 1.4387755102040816 2.357142857142857 2.3877551020408165 1.4081632653061225 2.7244897959183674 2.5714285714285716 2.2653061224489797 1.9285714285714286 2.173469387755102 2.0510204081632653 2.5714285714285716 2.7857142857142856 1.7142857142857142 1.989795918367347 2.326530612244898 2.63265306122449 2.693877551020408 1.530612244897959 2.693877551020408 1.8061224489795917 1.8061224489795917 2.4489795918367347 2.0816326530612246 2.63265306122449 1.5 1.836734693877551 2.7244897959183674 2.938775510204082 2.4183673469387754 1.6224489795918366 1.2551020408163265 1.8979591836734695 1.346938775510204 2.63265306122449 1.2551020408163265 1.5 2.142857142857143 1.5 1.4387755102040816 1.8061224489795917 2.4183673469387754 1.2244897959183674
8 1073.0 1.8061224489795917 3.0 1.5612244897959184 1.2244897959183674 1.8673469387755102 1.5612244897959184 2.877551020408163 2.142857142857143 1.4387755102040816 2.357142857142857 2.3877551020408165 1.4081632653061225 2.7244897959183674 2.5714285714285716 2.2653061224489797 1.9285714285714286 2.173469387755102 2.0510204081632653 2.5714285714285716 2.7857142857142856 1.7142857142857142 1.989795918367347 2.326530612244898 2.63265306122449 2.693877551020408 1.530612244897959 2.693877551020408 1.8061224489795917 1.8061224489795917 2.4489795918367347 2.0816326530612246 2.63265306122449 1.5 1.836734693877551 2.7244897959183674 2.938775510204082 2.4183673469387754 1.6224489795918366 1.2551020408163265 1.8979591836734695 1.346938775510204 2.63265306122449 1.2551020408163265 1.5 2.142857142857143 1.5 1.4387755102040816 1.8061224489795917 2.4183673469387754 1.2244897959183674
9 358.5619181425525 1.2040816326530612 2.0 1.0408163265306123 0.8163265306122449 1.2448979591836735 1.0408163265306123 1.9183673469387754 1.4285714285714286 0.9591836734693877 1.5714285714285714 1.5918367346938775 0.9387755102040817 1.816326530612245 1.7142857142857142 1.510204081632653 1.2857142857142858 1.4489795918367347 1.3673469387755102 1.7142857142857142 1.8571428571428572 1.1428571428571428 1.3265306122448979 1.5510204081632653 1.7551020408163265 1.7959183673469388 1.0204081632653061 1.7959183673469388 1.2040816326530612 1.2040816326530612 1.6326530612244898 1.3877551020408163 1.7551020408163265 1.0 1.2244897959183674 1.816326530612245 1.9591836734693877 1.6122448979591837 1.0816326530612246 0.8367346938775511 1.2653061224489797 0.8979591836734694 1.7551020408163265 0.8367346938775511 1.0 1.4285714285714286 1.0 0.9591836734693877 1.2040816326530612 1.6122448979591837 0.8163265306122449
10 256.6329805686432 1.8061224489795917 3.0 1.5612244897959184 1.2244897959183674 1.8673469387755102 1.5612244897959184 2.877551020408163 2.142857142857143 1.4387755102040816 2.357142857142857 2.3877551020408165 1.4081632653061225 2.7244897959183674 2.5714285714285716 2.2653061224489797 1.9285714285714286 2.173469387755102 2.0510204081632653 2.5714285714285716 2.7857142857142856 1.7142857142857142 1.989795918367347 2.326530612244898 2.63265306122449 2.693877551020408 1.530612244897959 2.693877551020408 1.8061224489795917 1.8061224489795917 2.4489795918367347 2.0816326530612246 2.63265306122449 1.5 1.836734693877551 2.7244897959183674 2.938775510204082 2.4183673469387754 1.6224489795918366 1.2551020408163265 1.8979591836734695 1.346938775510204 2.63265306122449 1.2551020408163265 1.5 2.142857142857143 1.5 1.4387755102040816 1.8061224489795917 2.4183673469387754 1.2244897959183674
11 46.38987829562695 1.2040816326530612 2.0 1.0408163265306123 0.8163265306122449 1.2448979591836735 1.0408163265306123 1.9183673469387754 1.4285714285714286 0.9591836734693877 1.5714285714285714 1.5918367346938775 0.9387755102040817 1.816326530612245 1.7142857142857142 1.510204081632653 1.2857142857142858 1.4489795918367347 1.3673469387755102 1.7142857142857142 1.8571428571428572 1.1428571428571428 1.3265306122448979 1.5510204081632653 1.7551020408163265 1.7959183673469388 1.0204081632653061 1.7959183673469388 1.2040816326530612 1.2040816326530612 1.6326530612244898 1.3877551020408163 1.7551020408163265 1.0 1.2244897959183674 1.816326530612245 1.9591836734693877 1.6122448979591837 1.0816326530612246 0.8367346938775511 1.2653061224489797 0.8979591836734694 1.7551020408163265 0.8367346938775511 1.0 1.4285714285714286 1.0 0.9591836734693877 1.2040816326530612 1.6122448979591837 0.8163265306122449
12 131.16234185987955 1.2040816326530612 2.0 1.0408163265306123 0.8163265306122449 1.2448979591836735 1.0408163265306123 1.9183673469387754 1.4285714285714286 0.9591836734693877 1.5714285714285714 1.5918367346938775 0.9387755102040817 1.816326530612245 1.7142857142857142 1.510204081632653 1.2857142857142858 1.4489795918367347 1.3673469387755102 1.7142857142857142 1.8571428571428572 1.1428571428571428 1.3265306122448979 1.5510204081632653 1.7551020408163265 1.7959183673469388 1.0204081632653061 1.7959183673469388 1.2040816326530612 1.2040816326530612 1.6326530612244898 1.3877551020408163 1.7551020408163265 1.0 1.2244897959183674 1.816326530612245 1.9591836734693877 1.6122448979591837 1.0816326530612246 0.8367346938775511 1.2653061224489797 0.8979591836734694 1.7551020408163265 0.8367346938775511 1.0 1.4285714285714286 1.0 0.9591836734693877 1.2040816326530612 1.6122448979591837 0.8163265306122449
13 444.4831936104736 1.8061224489795917 3.0 1.5612244897959184 1.2244897959183674 1.8673469387755102 1.5612244897959184 2.877551020408163 2.142857142857143 1.4387755102040816 2.357142857142857 2.3877551020408165 1.4081632653061225 2.7244897959183674 2.5714285714285716 2.2653061224489797 1.9285714285714286 2.173469387755102 2.0510204081632653 2.5714285714285716 2.7857142857142856 1.7142857142857142 1.989795918367347 2.326530612244898 2.63265306122449 2.693877551020408 1.530612244897959 2.693877551020408 1.8061224489795917 1.8061224489795917 2.4489795918367347 2.0816326530612246 2.63265306122449 1.5 1.836734693877551 2.7244897959183674 2.938775510204082 2.4183673469387754 1.6224489795918366 1.2551020408163265 1.8979591836734695 1.346938775510204 2.63265306122449 1.2551020408163265 1.5 2.142857142857143 1.5 1.4387755102040816 1.8061224489795917 2.4183673469387754 1.2244897959183674
14 172.07812462237325 1.8061224489795917 3.0 1.5612244897959184 1.2244897959183674 1.8673469387755102 1.5612244897959184 2.877551020408163 2.142857142857143 1.4387755102040816 2.357142857142857 2.3877551020408165 1.4081632653061225 2.7244897959183674 2.5714285714285716 2.2653061224489797 1.9285714285714286 2.173469387755102 2.0510204081632653 2.5714285714285716 2.7857142857142856 1.7142857142857142 1.989795918367347 2.326530612244898 2.63265306122449 2.693877551020408 1.530612244897959 2.693877551020408 1.8061224489795917 1.8061224489795917 2.4489795918367347 2.0816326530612246 2.63265306122449 1.5 1.836734693877551 2.7244897959183674 2.938775510204082 2.4183673469387754 1.6224489795918366 1.2551020408163265 1.8979591836734695 1.346938775510204 2.63265306122449 1.2551020408163265 1.5 2.142857142857143 1.5 1.4387755102040816 1.8061224489795917 2.4183673469387754 1.2244897959183674
15 186.05070354801705 1.8061224489795917 3.0 1.5612244897959184 1.2244897959183674 1.8673469387755102 1.5612244897959184 2.877551020408163 2.142857142857143 1.4387755102040816 2.357142857142857 2.3877551020408165 1.4081632653061225 2.7244897959183674 2.5714285714285716 2.2653061224489797 1.9285714285714286 2.173469387755102 2.0510204081632653 2.5714285714285716 2.7857142857142856 1.7142857142857142 1.989795918367347 2.326530612244898 2.63265306122449 2.693877551020408 1.530612244897959 2.693877551020408 1.8061224489795917 1.8061224489795917 2.4489795918367347 2.0816326530612246 2.63265306122449 1.5 1.836734693877551 2.7244897959183674 2.938775510204082 2.4183673469387754 1.6224489795918366 1.2551020408163265 1.8979591836734695 1.346938775510204 2.63265306122449 1.2551020408163265 1.5 2.142857142857143 1.5 1.4387755102040816 1.8061224489795917 2.4183673469387754 1.2244897959183674
16 604.0415127034757 1.8061224489795917 3.0 1.5612244897959184 1.2244897959183674 1.8673469387755102 1.5612244897959184 2.877551020408163 2.142857142857143 1.4387755102040816 2.357142857142857 2.3877551020408165 1.4081632653061225 2.7244897959183674 2.5714285714285716 2.2653061224489797 1.9285714285714286 2.173469387755102 2.0510204081632653 2.5714285714285716 2.7857142857142856 1.7142857142857142 1.989795918367347 2.326530612244898 2.63265306122449 2.693877551020408 1.530612244897959 2.693877551020408 1.8061224489795917 1.8061224489795917 2.4489795918367347 2.0816326530612246 2.63265306122449 1.5 1.836734693877551 2.7244897959183674 2.938775510204082 2.4183673469387754 1.6224489795918366 1.2551020408163265 1.8979591836734695 1.346938775510204 2.63265306122449 1.2551020408163265 1.5 2.142857142857143 1.5 1.4387755102040816 1.8061224489795917 2.4183673469387754 1.2244897959183674
17 237.56310566620044 1.8061224489795917 3.0 1.5612244897959184 1.2244897959183674 1.8673469387755102 1.5612244897959184 2.877551020408163 2.142857142857143 1.4387755102040816 2.357142857142857 2.3877551020408165 1.4081632653061225 2.7244897959183674 2.5714285714285716 2.2653061224489797 1.9285714285714286 2.173469387755102 2.0510204081632653 2.5714285714285716 2.7857142857142856 1.7142857142857142 1.989795918367347 2.326530612244898 2.63265306122449 2.693877551020408 1.530612244897959 2.693877551020408 1.8061224489795917 1.8061224489795917 2.4489795918367347 2.0816326530612246 2.63265306122449 1.5 1.836734693877551 2.7244897959183674 2.938775510204082 2.4183673469387754 1.6224489795918366 1.2551020408163265 1.8979591836734695 1.346938775510204 2.63265306122449 1.2551020408163265 1.5 2.142857142857143 1.5 1.4387755102040816 1.8061224489795917 2.4183673469387754 1.2244897959183674
18 58.43496983608788 1.8061224489795917 3.0 1.5612244897959184 1.2244897959183674 1.8673469387755102 1.5612244897959184 2.877551020408163 2.142857142857143 1.4387755102040816 2.357142857142857 2.3877551020408165 1.4081632653061225 2.7244897959183674 2.5714285714285716 2.2653061224489797 1.9285714285714286 2.173469387755102 2.0510204081632653 2.5714285714285716 2.7857142857142856 1.7142857142857142 1.989795918367347 2.326530612244898 2.63265306122449 2.693877551020408 1.530612244897959 2.693877551020408 1.8061224489795917 1.8061224489795917 2.4489795918367347 2.0816326530612246 2.63265306122449 1.5 1.836734693877551 2.7244897959183674 2.938775510204082 2.4183673469387754 1.6224489795918366 1.2551020408163265 1.8979591836734695 1.346938775510204 2.63265306122449 1.2551020408163265 1.5 2.142857142857143 1.5 1.4387755102040816 1.8061224489795917 2.4183673469387754 1.2244897959183674
19 14.497644937302612 1.2040816326530612 2.0 1.0408163265306123 0.8163265306122449 1.2448979591836735 1.0408163265306123 1.9183673469387754 1.4285714285714286 0.9591836734693877 1.5714285714285714 1.5918367346938775 0.9387755102040817 1.816326530612245 1.7142857142857142 1.510204081632653 1.2857142857142858 1.4489795918367347 1.3673469387755102 1.7142857142857142 1.8571428571428572 1.1428571428571428 1.3265306122448979 1.5510204081632653 1.7551020408163265 1.7959183673469388 1.0204081632653061 1.7959183673469388 1.2040816326530612 1.2040816326530612 1.6326530612244898 1.3877551020408163 1.7551020408163265 1.0 1.2244897959183674 1.816326530612245 1.9591836734693877 1.6122448979591837 1.0816326530612246 0.8367346938775511 1.2653061224489797 0.8979591836734694 1.7551020408163265 0.8367346938775511 1.0 1.4285714285714286 1.0 0.9591836734693877 1.2040816326530612 1.6122448979591837 0.8163265306122449
20 508.8561365796054 1.2040816326530612 2.0 1.0408163265306123 0.8163265306122449 1.2448979591836735 1.0408163265306123 1.9183673469387754 1.4285714285714286 0.9591836734693877 1.5714285714285714 1.5918367346938775 0.9387755102040817 1.816326530612245 1.7142857142857142 1.510204081632653 1.2857142857142858 1.4489795918367347 1.3673469387755102 1.7142857142857142 1.8571428571428572 1.1428571428571428 1.3265306122448979 1.5510204081632653 1.7551020408163265 1.7959183673469388 1.0204081632653061 1.7959183673469388 1.2040816326530612 1.2040816326530612 1.6326530612244898 1.3877551020408163 1.7551020408163265 1.0 1.2244897959183674 1.816326530612245 1.9591836734693877 1.6122448979591837 1.0816326530612246 0.8367346938775511 1.2653061224489797 0.8979591836734694 1.7551020408163265 0.8367346938775511 1.0 1.4285714285714286 1.0 0.9591836734693877 1.2040816326530612 1.6122448979591837 0.8163265306122449
21 246.8548722612017 1.2040816326530612 2.0 1.0408163265306123 0.8163265306122449 1.2448979591836735 1.0408163265306123 1.9183673469387754 1.4285714285714286 0.9591836734693877 1.5714285714285714 1.5918367346938775 0.9387755102040817 1.816326530612245 1.7142857142857142 1.510204081632653 1.2857142857142858 1.4489795918367347 1.3673469387755102 1.7142857142857142 1.8571428571428572 1.1428571428571428 1.3265306122448979 1.5510204081632653 1.7551020408163265 1.7959183673469388 1.0204081632653061 1.7959183673469388 1.2040816326530612 1.2040816326530612 1.6326530612244898 1.3877551020408163 1.7551020408163265 1.0 1.2244897959183674 1.816326530612245 1.9591836734693877 1.6122448979591837 1.0816326530612246 0.8367346938775511 1.2653061224489797 0.8979591836734694 1.7551020408163265 0.8367346938775511 1.0 1.4285714285714286 1.0 0.9591836734693877 1.2040816326530612 1.6122448979591837 0.8163265306122449
22 173.44603314462748 1.8061224489795917 3.0 1.5612244897959184 1.2244897959183674 1.8673469387755102 1.5612244897959184 2.877551020408163 2.142857142857143 1.4387755102040816 2.357142857142857 2.3877551020408165 1.4081632653061225 2.7244897959183674 2.5714285714285716 2.2653061224489797 1.9285714285714286 2.173469387755102 2.0510204081632653 2.5714285714285716 2.7857142857142856 1.7142857142857142 1.989795918367347 2.326530612244898 2.63265306122449 2.693877551020408 1.530612244897959 2.693877551020408 1.8061224489795917 1.8061224489795917 2.4489795918367347 2.0816326530612246 2.63265306122449 1.5 1.836734693877551 2.7244897959183674 2.938775510204082 2.4183673469387754 1.6224489795918366 1.2551020408163265 1.8979591836734695 1.346938775510204 2.63265306122449 1.2551020408163265 1.5 2.142857142857143 1.5 1.4387755102040816 1.8061224489795917 2.4183673469387754 1.2244897959183674
23 127.09571158529023 1.2040816326530612 2.0 1.0408163265306123 0.8163265306122449 1.2448979591836735 1.0408163265306123 1.9183673469387754 1.4285714285714286 0.9591836734693877 1.5714285714285714 1.5918367346938775 0.9387755102040817 1.816326530612245 1.7142857142857142 1.510204081632653 1.2857142857142858 1.4489795918367347 1.3673469387755102 1.7142857142857142 1.8571428571428572 1.1428571428571428 1.3265306122448979 1.5510204081632653 1.7551020408163265 1.7959183673469388 1.0204081632653061 1.7959183673469388 1.2040816326530612 1.2040816326530612 1.6326530612244898 1.3877551020408163 1.7551020408163265 1.0 1.2244897959183674 1.816326530612245 1.9591836734693877 1.6122448979591837 1.0816326530612246 0.8367346938775511 1.2653061224489797 0.8979591836734694 1.7551020408163265 0.8367346938775511 1.0 1.4285714285714286 1.0 0.9591836734693877 1.2040816326530612 1.6122448979591837 0.8163265306122449
24 3.8349371723186856 1.2040816326530612 2.0 1.0408163265306123 0.8163265306122449 1.2448979591836735 1.0408163265306123 1.9183673469387754 1.4285714285714286 0.9591836734693877 1.5714285714285714 1.5918367346938775 0.9387755102040817 1.816326530612245 1.7142857142857142 1.510204081632653 1.2857142857142858 1.4489795918367347 1.3673469387755102 1.7142857142857142 1.8571428571428572 1.1428571428571428 1.3265306122448979 1.5510204081632653 1.7551020408163265 1.7959183673469388 1.0204081632653061 1.7959183673469388 1.2040816326530612 1.2040816326530612 1.6326530612244898 1.3877551020408163 1.7551020408163265 1.0 1.2244897959183674 1.816326530612245 1.9591836734693877 1.6122448979591837 1.0816326530612246 0.8367346938775511 1.2653061224489797 0.8979591836734694 1.7551020408163265 0.8367346938775511 1.0 1.4285714285714286 1.0 0.9591836734693877 1.2040816326530612 1.6122448979591837 0.8163265306122449
25 330.1330691529619 1.2040816326530612 2.0 1.0408163265306123 0.8163265306122449 1.2448979591836735 1.0408163265306123 1.9183673469387754 1.4285714285714286 0.9591836734693877 1.5714285714285714 1.5918367346938775 0.9387755102040817 1.816326530612245 1.7142857142857142 1.510204081632653 1.2857142857142858 1.4489795918367347 1.3673469387755102 1.7142857142857142 1.8571428571428572 1.1428571428571428 1.3265306122448979 1.5510204081632653 1.7551020408163265 1.7959183673469388 1.0204081632653061 1.7959183673469388 1.2040816326530612 1.2040816326530612 1.6326530612244898 1.3877551020408163 1.7551020408163265 1.0 1.2244897959183674 1.816326530612245 1.9591836734693877 1.6122448979591837 1.0816326530612246 0.8367346938775511 1.2653061224489797 0.8979591836734694 1.7551020408163265 0.8367346938775511 1.0 1.4285714285714286 1.0 0.9591836734693877 1.2040816326530612 1.6122448979591837 0.8163265306122449
26 348.7778715592878 1.8061224489795917 3.0 1.5612244897959184 1.2244897959183674 1.8673469387755102 1.5612244897959184 2.877551020408163 2.142857142857143 1.4387755102040816 2.357142857142857 2.3877551020408165 1.4081632653061225 2.7244897959183674 2.5714285714285716 2.2653061224489797 1.9285714285714286 2.173469387755102 2.0510204081632653 2.5714285714285716 2.7857142857142856 1.7142857142857142 1.989795918367347 2.326530612244898 2.63265306122449 2.693877551020408 1.530612244897959 2.693877551020408 1.8061224489795917 1.8061224489795917 2.4489795918367347 2.0816326530612246 2.63265306122449 1.5 1.836734693877551 2.7244897959183674 2.938775510204082 2.4183673469387754 1.6224489795918366 1.2551020408163265 1.8979591836734695 1.346938775510204 2.63265306122449 1.2551020408163265 1.5 2.142857142857143 1.5 1.4387755102040816 1.8061224489795917 2.4183673469387754 1.2244897959183674
27 81.93870508567372 1.8061224489795917 3.0 1.5612244897959184 1.2244897959183674 1.8673469387755102 1.5612244897959184 2.877551020408163 2.142857142857143 1.4387755102040816 2.357142857142857 2.3877551020408165 1.4081632653061225 2.7244897959183674 2.5714285714285716 2.2653061224489797 1.9285714285714286 2.173469387755102 2.0510204081632653 2.5714285714285716 2.7857142857142856 1.7142857142857142 1.989795918367347 2.326530612244898 2.63265306122449 2.693877551020408 1.530612244897959 2.693877551020408 1.8061224489795917 1.8061224489795917 2.4489795918367347 2.0816326530612246 2.63265306122449 1.5 1.836734693877551 2.7244897959183674 2.938775510204082 2.4183673469387754 1.6224489795918366 1.2551020408163265 1.8979591836734695 1.346938775510204 2.63265306122449 1.2551020408163265 1.5 2.142857142857143 1.5 1.4387755102040816 1.8061224489795917 2.4183673469387754 1.2244897959183674
28 105.06891195630111 1.8061224489795917 3.0 1.5612244897959184 1.2244897959183674 1.8673469387755102 1.5612244897959184 2.877551020408163 2.142857142857143 1.4387755102040816 2.357142857142857 2.3877551020408165 1.4081632653061225 2.7244897959183674 2.5714285714285716 2.2653061224489797 1.9285714285714286 2.173469387755102 2.0510204081632653 2.5714285714285716 2.7857142857142856 1.7142857142857142 1.989795918367347 2.326530612244898 2.63265306122449 2.693877551020408 1.530612244897959 2.693877551020408 1.8061224489795917 1.8061224489795917 2.4489795918367347 2.0816326530612246 2.63265306122449 1.5 1.836734693877551 2.7244897959183674 2.938775510204082 2.4183673469387754 1.6224489795918366 1.2551020408163265 1.8979591836734695 1.346938775510204 2.63265306122449 1.2551020408163265 1.5 2.142857142857143 1.5 1.4387755102040816 1.8061224489795917 2.4183673469387754 1.2244897959183674
29 289.8008186962647 1.2040816326530612 2.0 1.0408163265306123 0.8163265306122449 1.2448979591836735 1.0408163265306123 1.9183673469387754 1.4285714285714286 0.9591836734693877 1.5714285714285714 1.5918367346938775 0.9387755102040817 1.816326530612245 1.7142857142857142 1.510204081632653 1.2857142857142858 1.4489795918367347 1.3673469387755102 1.7142857142857142 1.8571428571428572 1.1428571428571428 1.3265306122448979 1.5510204081632653 1.7551020408163265 1.7959183673469388 1.0204081632653061 1.7959183673469388 1.2040816326530612 1.2040816326530612 1.6326530612244898 1.3877551020408163 1.7551020408163265 1.0 1.2244897959183674 1.816326530612245 1.9591836734693877 1.6122448979591837 1.0816326530612246 0.8367346938775511 1.2653061224489797 0.8979591836734694 1.7551020408163265 0.8367346938775511 1.0 1.4285714285714286 1.0 0.9591836734693877 1.2040816326530612 1.6122448979591837 0.8163265306122449
30 221.11726613119615 1.2040816326530612 2.0 1.0408163265306123 0.8163265306122449 1.2448979591836735 1.0408163265306123 1.9183673469387754 1.4285714285714286 0.9591836734693877 1.5714285714285714 1.5918367346938775 0.9387755102040817 1.816326530612245 1.7142857142857142 1.510204081632653 1.2857142857142858 1.4489795918367347 1.3673469387755102 1.7142857142857142 1.8571428571428572 1.1428571428571428 1.3265306122448979 1.5510204081632653 1.7551020408163265 1.7959183673469388 1.0204081632653061 1.7959183673469388 1.2040816326530612 1.2040816326530612 1.6326530612244898 1.3877551020408163 1.7551020408163265 1.0 1.2244897959183674 1.816326530612245 1.9591836734693877 1.6122448979591837 1.0816326530612246 0.8367346938775511 1.2653061224489797 0.8979591836734694 1.7551020408163265 0.8367346938775511 1.0 1.4285714285714286 1.0 0.9591836734693877 1.2040816326530612 1.6122448979591837 0.8163265306122449
31 124.35062827556291 1.2040816326530612 2.0 1.0408163265306123 0.8163265306122449 1.2448979591836735 1.0408163265306123 1.9183673469387754 1.4285714285714286 0.9591836734693877 1.5714285714285714 1.5918367346938775 0.9387755102040817 1.816326530612245 1.7142857142857142 1.510204081632653 1.2857142857142858 1.4489795918367347 1.3673469387755102 1.7142857142857142 1.8571428571428572 1.1428571428571428 1.3265306122448979 1.5510204081632653 1.7551020408163265 1.7959183673469388 1.0204081632653061 1.7959183673469388 1.2040816326530612 1.2040816326530612 1.6326530612244898 1.3877551020408163 1.7551020408163265 1.0 1.2244897959183674 1.816326530612245 1.9591836734693877 1.6122448979591837 1.0816326530612246 0.8367346938775511 1.2653061224489797 0.8979591836734694 1.7551020408163265 0.8367346938775511 1.0 1.4285714285714286 1.0 0.9591836734693877 1.2040816326530612 1.6122448979591837 0.8163265306122449
32 33.68926530347269 1.8061224489795917 3.0 1.5612244897959184 1.2244897959183674 1.8673469387755102 1.5612244897959184 2.877551020408163 2.142857142857143 1.4387755102040816 2.357142857142857 2.3877551020408165 1.4081632653061225 2.7244897959183674 2.5714285714285716 2.2653061224489797 1.9285714285714286 2.173469387755102 2.0510204081632653 2.5714285714285716 2.7857142857142856 1.7142857142857142 1.989795918367347 2.326530612244898 2.63265306122449 2.693877551020408 1.530612244897959 2.693877551020408 1.8061224489795917 1.8061224489795917 2.4489795918367347 2.0816326530612246 2.63265306122449 1.5 1.836734693877551 2.7244897959183674 2.938775510204082 2.4183673469387754 1.6224489795918366 1.2551020408163265 1.8979591836734695 1.346938775510204 2.63265306122449 1.2551020408163265 1.5 2.142857142857143 1.5 1.4387755102040816 1.8061224489795917 2.4183673469387754 1.2244897959183674
33 174.07224637383047 1.2040816326530612 2.0 1.0408163265306123 0.8163265306122449 1.2448979591836735 1.0408163265306123 1.9183673469387754 1.4285714285714286 0.9591836734693877 1.5714285714285714 1.5918367346938775 0.9387755102040817 1.816326530612245 1.7142857142857142 1.510204081632653 1.2857142857142858 1.4489795918367347 1.3673469387755102 1.7142857142857142 1.8571428571428572 1.1428571428571428 1.3265306122448979 1.5510204081632653 1.7551020408163265 1.7959183673469388 1.0204081632653061 1.7959183673469388 1.2040816326530612 1.2040816326530612 1.6326530612244898 1.3877551020408163 1.7551020408163265 1.0 1.2244897959183674 1.816326530612245 1.9591836734693877 1.6122448979591837 1.0816326530612246 0.8367346938775511 1.2653061224489797 0.8979591836734694 1.7551020408163265 0.8367346938775511 1.0 1.4285714285714286 1.0 0.9591836734693877 1.2040816326530612 1.6122448979591837 0.8163265306122449
34 292.98375041409946 1.2040816326530612 2.0 1.0408163265306123 0.8163265306122449 1.2448979591836735 1.0408163265306123 1.9183673469387754 1.4285714285714286 0.9591836734693877 1.5714285714285714 1.5918367346938775 0.9387755102040817 1.816326530612245 1.7142857142857142 1.510204081632653 1.2857142857142858 1.4489795918367347 1.3673469387755102 1.7142857142857142 1.8571428571428572 1.1428571428571428 1.3265306122448979 1.5510204081632653 1.7551020408163265 1.7959183673469388 1.0204081632653061 1.7959183673469388 1.2040816326530612 1.2040816326530612 1.6326530612244898 1.3877551020408163 1.7551020408163265 1.0 1.2244897959183674 1.816326530612245 1.9591836734693877 1.6122448979591837 1.0816326530612246 0.8367346938775511 1.2653061224489797 0.8979591836734694 1.7551020408163265 0.8367346938775511 1.0 1.4285714285714286 1.0 0.9591836734693877 1.2040816326530612 1.6122448979591837 0.8163265306122449
35 234.23555109164283 1.8061224489795917 3.0 1.5612244897959184 1.2244897959183674 1.8673469387755102 1.5612244897959184 2.877551020408163 2.142857142857143 1.4387755102040816 2.357142857142857 2.3877551020408165 1.4081632653061225 2.7244897959183674 2.5714285714285716 2.2653061224489797 1.9285714285714286 2.173469387755102 2.0510204081632653 2.5714285714285716 2.7857142857142856 1.7142857142857142 1.989795918367347 2.326530612244898 2.63265306122449 2.693877551020408 1.530612244897959 2.693877551020408 1.8061224489795917 1.8061224489795917 2.4489795918367347 2.0816326530612246 2.63265306122449 1.5 1.836734693877551 2.7244897959183674 2.938775510204082 2.4183673469387754 1.6224489795918366 1.2551020408163265 1.8979591836734695 1.346938775510204 2.63265306122449 1.2551020408163265 1.5 2.142857142857143 1.5 1.4387755102040816 1.8061224489795917 2.4183673469387754 1.2244897959183674
36 162.38026118881535 1.8061224489795917 3.0 1.5612244897959184 1.2244897959183674 1.8673469387755102 1.5612244897959184 2.877551020408163 2.142857142857143 1.4387755102040816 2.357142857142857 2.3877551020408165 1.4081632653061225 2.7244897959183674 2.5714285714285716 2.2653061224489797 1.9285714285714286 2.173469387755102 2.0510204081632653 2.5714285714285716 2.7857142857142856 1.7142857142857142 1.989795918367347 2.326530612244898 2.63265306122449 2.693877551020408 1.530612244897959 2.693877551020408 1.8061224489795917 1.8061224489795917 2.4489795918367347 2.0816326530612246 2.63265306122449 1.5 1.836734693877551 2.7244897959183674 2.938775510204082 2.4183673469387754 1.6224489795918366 1.2551020408163265 1.8979591836734695 1.346938775510204 2.63265306122449 1.2551020408163265 1.5 2.142857142857143 1.5 1.4387755102040816 1.8061224489795917 2.4183673469387754 1.2244897959183674
37 347.7419482695166 1.8061224489795917 3.0 1.5612244897959184 1.2244897959183674 1.8673469387755102 1.5612244897959184 2.877551020408163 2.142857142857143 1.4387755102040816 2.357142857142857 2.3877551020408165 1.4081632653061225 2.7244897959183674 2.5714285714285716 2.2653061224489797 1.9285714285714286 2.173469387755102 2.0510204081632653 2.5714285714285716 2.7857142857142856 1.7142857142857142 1.989795918367347 2.326530612244898 2.63265306122449 2.693877551020408 1.530612244897959 2.693877551020408 1.8061224489795917 1.8061224489795917 2.4489795918367347 2.0816326530612246 2.63265306122449 1.5 1.836734693877551 2.7244897959183674 2.938775510204082 2.4183673469387754 1.6224489795918366 1.2551020408163265 1.8979591836734695 1.346938775510204 2.63265306122449 1.2551020408163265 1.5 2.142857142857143 1.5 1.4387755102040816 1.8061224489795917 2.4183673469387754 1.2244897959183674
38 254.31708174842285 1.8061224489795917 3.0 1.5612244897959184 1.2244897959183674 1.8673469387755102 1.5612244897959184 2.877551020408163 2.142857142857143 1.4387755102040816 2.357142857142857 2.3877551020408165 1.4081632653061225 2.7244897959183674 2.5714285714285716 2.2653061224489797 1.9285714285714286 2.173469387755102 2.0510204081632653 2.5714285714285716 2.7857142857142856 1.7142857142857142 1.989795918367347 2.326530612244898 2.63265306122449 2.693877551020408 1.530612244897959 2.693877551020408 1.8061224489795917 1.8061224489795917 2.4489795918367347 2.0816326530612246 2.63265306122449 1.5 1.836734693877551 2.7244897959183674 2.938775510204082 2.4183673469387754 1.6224489795918366 1.2551020408163265 1.8979591836734695 1.346938775510204 2.63265306122449 1.2551020408163265 1.5 2.142857142857143 1.5 1.4387755102040816 1.8061224489795917 2.4183673469387754 1.2244897959183674
39 328.1471302557657 1.2040816326530612 2.0 1.0408163265306123 0.8163265306122449 1.2448979591836735 1.0408163265306123 1.9183673469387754 1.4285714285714286 0.9591836734693877 1.5714285714285714 1.5918367346938775 0.9387755102040817 1.816326530612245 1.7142857142857142 1.510204081632653 1.2857142857142858 1.4489795918367347 1.3673469387755102 1.7142857142857142 1.8571428571428572 1.1428571428571428 1.3265306122448979 1.5510204081632653 1.7551020408163265 1.7959183673469388 1.0204081632653061 1.7959183673469388 1.2040816326530612 1.2040816326530612 1.6326530612244898 1.3877551020408163 1.7551020408163265 1.0 1.2244897959183674 1.816326530612245 1.9591836734693877 1.6122448979591837 1.0816326530612246 0.8367346938775511 1.2653061224489797 0.8979591836734694 1.7551020408163265 0.8367346938775511 1.0 1.4285714285714286 1.0 0.9591836734693877 1.2040816326530612 1.6122448979591837 0.8163265306122449
40 144.1886375558645 1.8061224489795917 3.0 1.5612244897959184 1.2244897959183674 1.8673469387755102 1.5612244897959184 2.877551020408163 2.142857142857143 1.4387755102040816 2.357142857142857 2.3877551020408165 1.4081632653061225 2.7244897959183674 2.5714285714285716 2.2653061224489797 1.9285714285714286 2.173469387755102 2.0510204081632653 2.5714285714285716 2.7857142857142856 1.7142857142857142 1.989795918367347 2.326530612244898 2.63265306122449 2.693877551020408 1.530612244897959 2.693877551020408 1.8061224489795917 1.8061224489795917 2.4489795918367347 2.0816326530612246 2.63265306122449 1.5 1.836734693877551 2.7244897959183674 2.938775510204082 2.4183673469387754 1.6224489795918366 1.2551020408163265 1.8979591836734695 1.346938775510204 2.63265306122449 1.2551020408163265 1.5 2.142857142857143 1.5 1.4387755102040816 1.8061224489795917 2.4183673469387754 1.2244897959183674
41 299.6117815408823 1.8061224489795917 3.0 1.5612244897959184 1.2244897959183674 1.8673469387755102 1.5612244897959184 2.877551020408163 2.142857142857143 1.4387755102040816 2.357142857142857 2.3877551020408165 1.4081632653061225 2.7244897959183674 2.5714285714285716 2.2653061224489797 1.9285714285714286 2.173469387755102 2.0510204081632653 2.5714285714285716 2.7857142857142856 1.7142857142857142 1.989795918367347 2.326530612244898 2.63265306122449 2.693877551020408 1.530612244897959 2.693877551020408 1.8061224489795917 1.8061224489795917 2.4489795918367347 2.0816326530612246 2.63265306122449 1.5 1.836734693877551 2.7244897959183674 2.938775510204082 2.4183673469387754 1.6224489795918366 1.2551020408163265 1.8979591836734695 1.346938775510204 2.63265306122449 1.2551020408163265 1.5 2.142857142857143 1.5 1.4387755102040816 1.8061224489795917 2.4183673469387754 1.2244897959183674
42 75.64878498517632 1.2040816326530612 2.0 1.0408163265306123 0.8163265306122449 1.2448979591836735 1.0408163265306123 1.9183673469387754 1.4285714285714286 0.9591836734693877 1.5714285714285714 1.5918367346938775 0.9387755102040817 1.816326530612245 1.7142857142857142 1.510204081632653 1.2857142857142858 1.4489795918367347 1.3673469387755102 1.7142857142857142 1.8571428571428572 1.1428571428571428 1.3265306122448979 1.5510204081632653 1.7551020408163265 1.7959183673469388 1.0204081632653061 1.7959183673469388 1.2040816326530612 1.2040816326530612 1.6326530612244898 1.3877551020408163 1.7551020408163265 1.0 1.2244897959183674 1.816326530612245 1.9591836734693877 1.6122448979591837 1.0816326530612246 0.8367346938775511 1.2653061224489797 0.8979591836734694 1.7551020408163265 0.8367346938775511 1.0 1.4285714285714286 1.0 0.9591836734693877 1.2040816326530612 1.6122448979591837 0.8163265306122449
43 65.75792348517928 1.8061224489795917 3.0 1.5612244897959184 1.2244897959183674 1.8673469387755102 1.5612244897959184 2.877551020408163 2.142857142857143 1.4387755102040816 2.357142857142857 2.3877551020408165 1.4081632653061225 2.7244897959183674 2.5714285714285716 2.2653061224489797 1.9285714285714286 2.173469387755102 2.0510204081632653 2.5714285714285716 2.7857142857142856 1.7142857142857142 1.989795918367347 2.326530612244898 2.63265306122449 2.693877551020408 1.530612244897959 2.693877551020408 1.8061224489795917 1.8061224489795917 2.4489795918367347 2.0816326530612246 2.63265306122449 1.5 1.836734693877551 2.7244897959183674 2.938775510204082 2.4183673469387754 1.6224489795918366 1.2551020408163265 1.8979591836734695 1.346938775510204 2.63265306122449 1.2551020408163265 1.5 2.142857142857143 1.5 1.4387755102040816 1.8061224489795917 2.4183673469387754 1.2244897959183674
44 42.80755604458595 1.8061224489795917 3.0 1.5612244897959184 1.2244897959183674 1.8673469387755102 1.5612244897959184 2.877551020408163 2.142857142857143 1.4387755102040816 2.357142857142857 2.3877551020408165 1.4081632653061225 2.7244897959183674 2.5714285714285716 2.2653061224489797 1.9285714285714286 2.173469387755102 2.0510204081632653 2.5714285714285716 2.7857142857142856 1.7142857142857142 1.989795918367347 2.326530612244898 2.63265306122449 2.693877551020408 1.530612244897959 2.693877551020408 1.8061224489795917 1.8061224489795917 2.4489795918367347 2.0816326530612246 2.63265306122449 1.5 1.836734693877551 2.7244897959183674 2.938775510204082 2.4183673469387754 1.6224489795918366 1.2551020408163265 1.8979591836734695 1.346938775510204 2.63265306122449 1.2551020408163265 1.5 2.142857142857143 1.5 1.4387755102040816 1.8061224489795917 2.4183673469387754 1.2244897959183674
45 346.7774652571463 1.8061224489795917 3.0 1.5612244897959184 1.2244897959183674 1.8673469387755102 1.5612244897959184 2.877551020408163 2.142857142857143 1.4387755102040816 2.357142857142857 2.3877551020408165 1.4081632653061225 2.7244897959183674 2.5714285714285716 2.2653061224489797 1.9285714285714286 2.173469387755102 2.0510204081632653 2.5714285714285716 2.7857142857142856 1.7142857142857142 1.989795918367347 2.326530612244898 2.63265306122449 2.693877551020408 1.530612244897959 2.693877551020408 1.8061224489795917 1.8061224489795917 2.4489795918367347 2.0816326530612246 2.63265306122449 1.5 1.836734693877551 2.7244897959183674 2.938775510204082 2.4183673469387754 1.6224489795918366 1.2551020408163265 1.8979591836734695 1.346938775510204 2.63265306122449 1.2551020408163265 1.5 2.142857142857143 1.5 1.4387755102040816 1.8061224489795917 2.4183673469387754 1.2244897959183674
46 185.3834590346895 1.2040816326530612 2.0 1.0408163265306123 0.8163265306122449 1.2448979591836735 1.0408163265306123 1.9183673469387754 1.4285714285714286 0.9591836734693877 1.5714285714285714 1.5918367346938775 0.9387755102040817 1.816326530612245 1.7142857142857142 1.510204081632653 1.2857142857142858 1.4489795918367347 1.3673469387755102 1.7142857142857142 1.8571428571428572 1.1428571428571428 1.3265306122448979 1.5510204081632653 1.7551020408163265 1.7959183673469388 1.0204081632653061 1.7959183673469388 1.2040816326530612 1.2040816326530612 1.6326530612244898 1.3877551020408163 1.7551020408163265 1.0 1.2244897959183674 1.816326530612245 1.9591836734693877 1.6122448979591837 1.0816326530612246 0.8367346938775511 1.2653061224489797 0.8979591836734694 1.7551020408163265 0.8367346938775511 1.0 1.4285714285714286 1.0 0.9591836734693877 1.2040816326530612 1.6122448979591837 0.8163265306122449
47 287.7502145103392 1.2040816326530612 2.0 1.0408163265306123 0.8163265306122449 1.2448979591836735 1.0408163265306123 1.9183673469387754 1.4285714285714286 0.9591836734693877 1.5714285714285714 1.5918367346938775 0.9387755102040817 1.816326530612245 1.7142857142857142 1.510204081632653 1.2857142857142858 1.4489795918367347 1.3673469387755102 1.7142857142857142 1.8571428571428572 1.1428571428571428 1.3265306122448979 1.5510204081632653 1.7551020408163265 1.7959183673469388 1.0204081632653061 1.7959183673469388 1.2040816326530612 1.2040816326530612 1.6326530612244898 1.3877551020408163 1.7551020408163265 1.0 1.2244897959183674 1.816326530612245 1.9591836734693877 1.6122448979591837 1.0816326530612246 0.8367346938775511 1.2653061224489797 0.8979591836734694 1.7551020408163265 0.8367346938775511 1.0 1.4285714285714286 1.0 0.9591836734693877 1.2040816326530612 1.6122448979591837 0.8163265306122449
48 327.7508648438813 1.8061224489795917 3.0 1.5612244897959184 1.2244897959183674 1.8673469387755102 1.5612244897959184 2.877551020408163 2.142857142857143 1.4387755102040816 2.357142857142857 2.3877551020408165 1.4081632653061225 2.7244897959183674 2.5714285714285716 2.2653061224489797 1.9285714285714286 2.173469387755102 2.0510204081632653 2.5714285714285716 2.7857142857142856 1.7142857142857142 1.989795918367347 2.326530612244898 2.63265306122449 2.693877551020408 1.530612244897959 2.693877551020408 1.8061224489795917 1.8061224489795917 2.4489795918367347 2.0816326530612246 2.63265306122449 1.5 1.836734693877551 2.7244897959183674 2.938775510204082 2.4183673469387754 1.6224489795918366 1.2551020408163265 1.8979591836734695 1.346938775510204 2.63265306122449 1.2551020408163265 1.5 2.142857142857143 1.5 1.4387755102040816 1.8061224489795917 2.4183673469387754 1.2244897959183674
49 57.61924565549484 1.8061224489795917 3.0 1.5612244897959184 1.2244897959183674 1.8673469387755102 1.5612244897959184 2.877551020408163 2.142857142857143 1.4387755102040816 2.357142857142857 2.3877551020408165 1.4081632653061225 2.7244897959183674 2.5714285714285716 2.2653061224489797 1.9285714285714286 2.173469387755102 2.0510204081632653 2.5714285714285716 2.7857142857142856 1.7142857142857142 1.989795918367347 2.326530612244898 2.63265306122449 2.693877551020408 1.530612244897959 2.693877551020408 1.8061224489795917 1.8061224489795917 2.4489795918367347 2.0816326530612246 2.63265306122449 1.5 1.836734693877551 2.7244897959183674 2.938775510204082 2.4183673469387754 1.6224489795918366 1.2551020408163265 1.8979591836734695 1.346938775510204 2.63265306122449 1.2551020408163265 1.5 2.142857142857143 1.5 1.4387755102040816 1.8061224489795917 2.4183673469387754 1.2244897959183674
50 451.1742897834844 1.2040816326530612 2.0 1.0408163265306123 0.8163265306122449 1.2448979591836735 1.0408163265306123 1.9183673469387754 1.4285714285714286 0.9591836734693877 1.5714285714285714 1.5918367346938775 0.9387755102040817 1.816326530612245 1.7142857142857142 1.510204081632653 1.2857142857142858 1.4489795918367347 1.3673469387755102 1.7142857142857142 1.8571428571428572 1.1428571428571428 1.3265306122448979 1.5510204081632653 1.7551020408163265 1.7959183673469388 1.0204081632653061 1.7959183673469388 1.2040816326530612 1.2040816326530612 1.6326530612244898 1.3877551020408163 1.7551020408163265 1.0 1.2244897959183674 1.816326530612245 1.9591836734693877 1.6122448979591837 1.0816326530612246 0.8367346938775511 1.2653061224489797 0.8979591836734694 1.7551020408163265 0.8367346938775511 1.0 1.4285714285714286 1.0 0.9591836734693877 1.2040816326530612 1.6122448979591837 0.8163265306122449
51 226.1145012992201 1.8061224489795917 3.0 1.5612244897959184 1.2244897959183674 1.8673469387755102 1.5612244897959184 2.877551020408163 2.142857142857143 1.4387755102040816 2.357142857142857 2.3877551020408165 1.4081632653061225 2.7244897959183674 2.5714285714285716 2.2653061224489797 1.9285714285714286 2.173469387755102 2.0510204081632653 2.5714285714285716 2.7857142857142856 1.7142857142857142 1.989795918367347 2.326530612244898 2.63265306122449 2.693877551020408 1.530612244897959 2.693877551020408 1.8061224489795917 1.8061224489795917 2.4489795918367347 2.0816326530612246 2.63265306122449 1.5 1.836734693877551 2.7244897959183674 2.938775510204082 2.4183673469387754 1.6224489795918366 1.2551020408163265 1.8979591836734695 1.346938775510204 2.63265306122449 1.2551020408163265 1.5 2.142857142857143 1.5 1.4387755102040816 1.8061224489795917 2.4183673469387754 1.2244897959183674
52 262.30835281105425 1.8061224489795917 3.0 1.5612244897959184 1.2244897959183674 1.8673469387755102 1.5612244897959184 2.877551020408163 2.142857142857143 1.4387755102040816 2.357142857142857 2.3877551020408165 1.4081632653061225 2.7244897959183674 2.5714285714285716 2.2653061224489797 1.9285714285714286 2.173469387755102 2.0510204081632653 2.5714285714285716 2.7857142857142856 1.7142857142857142 1.989795918367347 2.326530612244898 2.63265306122449 2.693877551020408 1.530612244897959 2.693877551020408 1.8061224489795917 1.8061224489795917 2.4489795918367347 2.0816326530612246 2.63265306122449 1.5 1.836734693877551 2.7244897959183674 2.938775510204082 2.4183673469387754 1.6224489795918366 1.2551020408163265 1.8979591836734695 1.346938775510204 2.63265306122449 1.2551020408163265 1.5 2.142857142857143 1.5 1.4387755102040816 1.8061224489795917 2.4183673469387754 1.2244897959183674
53 165.97707005151057 1.8061224489795917 3.0 1.5612244897959184 1.2244897959183674 1.8673469387755102 1.5612244897959184 2.877551020408163 2.142857142857143 1.4387755102040816 2.357142857142857 2.3877551020408165 1.4081632653061225 2.7244897959183674 2.5714285714285716 2.2653061224489797 1.9285714285714286 2.173469387755102 2.0510204081632653 2.5714285714285716 2.7857142857142856 1.7142857142857142 1.989795918367347 2.326530612244898 2.63265306122449 2.693877551020408 1.530612244897959 2.693877551020408 1.8061224489795917 1.8061224489795917 2.4489795918367347 2.0816326530612246 2.63265306122449 1.5 1.836734693877551 2.7244897959183674 2.938775510204082 2.4183673469387754 1.6224489795918366 1.2551020408163265 1.8979591836734695 1.346938775510204 2.63265306122449 1.2551020408163265 1.5 2.142857142857143 1.5 1.4387755102040816 1.8061224489795917 2.4183673469387754 1.2244897959183674
54 141.13263798379293 1.2040816326530612 2.0 1.0408163265306123 0.8163265306122449 1.2448979591836735 1.0408163265306123 1.9183673469387754 1.4285714285714286 0.9591836734693877 1.5714285714285714 1.5918367346938775 0.9387755102040817 1.816326530612245 1.7142857142857142 1.510204081632653 1.2857142857142858 1.4489795918367347 1.3673469387755102 1.7142857142857142 1.8571428571428572 1.1428571428571428 1.3265306122448979 1.5510204081632653 1.7551020408163265 1.7959183673469388 1.0204081632653061 1.7959183673469388 1.2040816326530612 1.2040816326530612 1.6326530612244898 1.3877551020408163 1.7551020408163265 1.0 1.2244897959183674 1.816326530612245 1.9591836734693877 1.6122448979591837 1.0816326530612246 0.8367346938775511 1.2653061224489797 0.8979591836734694 1.7551020408163265 0.8367346938775511 1.0 1.4285714285714286 1.0 0.9591836734693877 1.2040816326530612 1.6122448979591837 0.8163265306122449
55 141.85866172892025 1.2040816326530612 2.0 1.0408163265306123 0.8163265306122449 1.2448979591836735 1.0408163265306123 1.9183673469387754 1.4285714285714286 0.9591836734693877 1.5714285714285714 1.5918367346938775 0.9387755102040817 1.816326530612245 1.7142857142857142 1.510204081632653 1.2857142857142858 1.4489795918367347 1.3673469387755102 1.7142857142857142 1.8571428571428572 1.1428571428571428 1.3265306122448979 1.5510204081632653 1.7551020408163265 1.7959183673469388 1.0204081632653061 1.7959183673469388 1.2040816326530612 1.2040816326530612 1.6326530612244898 1.3877551020408163 1.7551020408163265 1.0 1.2244897959183674 1.816326530612245 1.9591836734693877 1.6122448979591837 1.0816326530612246 0.8367346938775511 1.2653061224489797 0.8979591836734694 1.7551020408163265 0.8367346938775511 1.0 1.4285714285714286 1.0 0.9591836734693877 1.2040816326530612 1.6122448979591837 0.8163265306122449
56 223.80593897393473 1.2040816326530612 2.0 1.0408163265306123 0.8163265306122449 1.2448979591836735 1.0408163265306123 1.9183673469387754 1.4285714285714286 0.9591836734693877 1.5714285714285714 1.5918367346938775 0.9387755102040817 1.816326530612245 1.7142857142857142 1.510204081632653 1.2857142857142858 1.4489795918367347 1.3673469387755102 1.7142857142857142 1.8571428571428572 1.1428571428571428 1.3265306122448979 1.5510204081632653 1.7551020408163265 1.7959183673469388 1.0204081632653061 1.7959183673469388 1.2040816326530612 1.2040816326530612 1.6326530612244898 1.3877551020408163 1.7551020408163265 1.0 1.2244897959183674 1.816326530612245 1.9591836734693877 1.6122448979591837 1.0816326530612246 0.8367346938775511 1.2653061224489797 0.8979591836734694 1.7551020408163265 0.8367346938775511 1.0 1.4285714285714286 1.0 0.9591836734693877 1.2040816326530612 1.6122448979591837 0.8163265306122449
57 696.978281735292 1.8061224489795917 3.0 1.5612244897959184 1.2244897959183674 1.8673469387755102 1.5612244897959184 2.877551020408163 2.142857142857143 1.4387755102040816 2.357142857142857 2.3877551020408165 1.4081632653061225 2.7244897959183674 2.5714285714285716 2.2653061224489797 1.9285714285714286 2.173469387755102 2.0510204081632653 2.5714285714285716 2.7857142857142856 1.7142857142857142 1.989795918367347 2.326530612244898 2.63265306122449 2.693877551020408 1.530612244897959 2.693877551020408 1.8061224489795917 1.8061224489795917 2.4489795918367347 2.0816326530612246 2.63265306122449 1.5 1.836734693877551 2.7244897959183674 2.938775510204082 2.4183673469387754 1.6224489795918366 1.2551020408163265 1.8979591836734695 1.346938775510204 2.63265306122449 1.2551020408163265 1.5 2.142857142857143 1.5 1.4387755102040816 1.8061224489795917 2.4183673469387754 1.2244897959183674
58 75.07242484707521 1.2040816326530612 2.0 1.0408163265306123 0.8163265306122449 1.2448979591836735 1.0408163265306123 1.9183673469387754 1.4285714285714286 0.9591836734693877 1.5714285714285714 1.5918367346938775 0.9387755102040817 1.816326530612245 1.7142857142857142 1.510204081632653 1.2857142857142858 1.4489795918367347 1.3673469387755102 1.7142857142857142 1.8571428571428572 1.1428571428571428 1.3265306122448979 1.5510204081632653 1.7551020408163265 1.7959183673469388 1.0204081632653061 1.7959183673469388 1.2040816326530612 1.2040816326530612 1.6326530612244898 1.3877551020408163 1.7551020408163265 1.0 1.2244897959183674 1.816326530612245 1.9591836734693877 1.6122448979591837 1.0816326530612246 0.8367346938775511 1.2653061224489797 0.8979591836734694 1.7551020408163265 0.8367346938775511 1.0 1.4285714285714286 1.0 0.9591836734693877 1.2040816326530612 1.6122448979591837 0.8163265306122449
59 415.3134621053984 1.8061224489795917 3.0 1.5612244897959184 1.2244897959183674 1.8673469387755102 1.5612244897959184 2.877551020408163 2.142857142857143 1.4387755102040816 2.357142857142857 2.3877551020408165 1.4081632653061225 2.7244897959183674 2.5714285714285716 2.2653061224489797 1.9285714285714286 2.173469387755102 2.0510204081632653 2.5714285714285716 2.7857142857142856 1.7142857142857142 1.989795918367347 2.326530612244898 2.63265306122449 2.693877551020408 1.530612244897959 2.693877551020408 1.8061224489795917 1.8061224489795917 2.4489795918367347 2.0816326530612246 2.63265306122449 1.5 1.836734693877551 2.7244897959183674 2.938775510204082 2.4183673469387754 1.6224489795918366 1.2551020408163265 1.8979591836734695 1.346938775510204 2.63265306122449 1.2551020408163265 1.5 2.142857142857143 1.5 1.4387755102040816 1.8061224489795917 2.4183673469387754 1.2244897959183674
60 233.77643447273545 1.8061224489795917 3.0 1.5612244897959184 1.2244897959183674 1.8673469387755102 1.5612244897959184 2.877551020408163 2.142857142857143 1.4387755102040816 2.357142857142857 2.3877551020408165 1.4081632653061225 2.7244897959183674 2.5714285714285716 2.2653061224489797 1.9285714285714286 2.173469387755102 2.0510204081632653 2.5714285714285716 2.7857142857142856 1.7142857142857142 1.989795918367347 2.326530612244898 2.63265306122449 2.693877551020408 1.530612244897959 2.693877551020408 1.8061224489795917 1.8061224489795917 2.4489795918367347 2.0816326530612246 2.63265306122449 1.5 1.836734693877551 2.7244897959183674 2.938775510204082 2.4183673469387754 1.6224489795918366 1.2551020408163265 1.8979591836734695 1.346938775510204 2.63265306122449 1.2551020408163265 1.5 2.142857142857143 1.5 1.4387755102040816 1.8061224489795917 2.4183673469387754 1.2244897959183674
61 413.68479451454556 1.2040816326530612 2.0 1.0408163265306123 0.8163265306122449 1.2448979591836735 1.0408163265306123 1.9183673469387754 1.4285714285714286 0.9591836734693877 1.5714285714285714 1.5918367346938775 0.9387755102040817 1.816326530612245 1.7142857142857142 1.510204081632653 1.2857142857142858 1.4489795918367347 1.3673469387755102 1.7142857142857142 1.8571428571428572 1.1428571428571428 1.3265306122448979 1.5510204081632653 1.7551020408163265 1.7959183673469388 1.0204081632653061 1.7959183673469388 1.2040816326530612 1.2040816326530612 1.6326530612244898 1.3877551020408163 1.7551020408163265 1.0 1.2244897959183674 1.816326530612245 1.9591836734693877 1.6122448979591837 1.0816326530612246 0.8367346938775511 1.2653061224489797 0.8979591836734694 1.7551020408163265 0.8367346938775511 1.0 1.4285714285714286 1.0 0.9591836734693877 1.2040816326530612 1.6122448979591837 0.8163265306122449
62 209.79332353766736 1.2040816326530612 2.0 1.0408163265306123 0.8163265306122449 1.2448979591836735 1.0408163265306123 1.9183673469387754 1.4285714285714286 0.9591836734693877 1.5714285714285714 1.5918367346938775 0.9387755102040817 1.816326530612245 1.7142857142857142 1.510204081632653 1.2857142857142858 1.4489795918367347 1.3673469387755102 1.7142857142857142 1.8571428571428572 1.1428571428571428 1.3265306122448979 1.5510204081632653 1.7551020408163265 1.7959183673469388 1.0204081632653061 1.7959183673469388 1.2040816326530612 1.2040816326530612 1.6326530612244898 1.3877551020408163 1.7551020408163265 1.0 1.2244897959183674 1.816326530612245 1.9591836734693877 1.6122448979591837 1.0816326530612246 0.8367346938775511 1.2653061224489797 0.8979591836734694 1.7551020408163265 0.8367346938775511 1.0 1.4285714285714286 1.0 0.9591836734693877 1.2040816326530612 1.6122448979591837 0.8163265306122449
63 400.91800818042145 1.2040816326530612 2.0 1.0408163265306123 0.8163265306122449 1.2448979591836735 1.0408163265306123 1.9183673469387754 1.4285714285714286 0.9591836734693877 1.5714285714285714 1.5918367346938775 0.9387755102040817 1.816326530612245 1.7142857142857142 1.510204081632653 1.2857142857142858 1.4489795918367347 1.3673469387755102 1.7142857142857142 1.8571428571428572 1.1428571428571428 1.3265306122448979 1.5510204081632653 1.7551020408163265 1.7959183673469388 1.0204081632653061 1.7959183673469388 1.2040816326530612 1.2040816326530612 1.6326530612244898 1.3877551020408163 1.7551020408163265 1.0 1.2244897959183674 1.816326530612245 1.9591836734693877 1.6122448979591837 1.0816326530612246 0.8367346938775511 1.2653061224489797 0.8979591836734694 1.7551020408163265 0.8367346938775511 1.0 1.4285714285714286 1.0 0.9591836734693877 1.2040816326530612 1.6122448979591837 0.8163265306122449
64 66.44786443315195 1.2040816326530612 2.0 1.0408163265306123 0.8163265306122449 1.2448979591836735 1.0408163265306123 1.9183673469387754 1.4285714285714286 0.9591836734693877 1.5714285714285714 1.5918367346938775 0.9387755102040817 1.816326530612245 1.7142857142857142 1.510204081632653 1.2857142857142858 1.4489795918367347 1.3673469387755102 1.7142857142857142 1.8571428571428572 1.1428571428571428 1.3265306122448979 1.5510204081632653 1.7551020408163265 1.7959183673469388 1.0204081632653061 1.7959183673469388 1.2040816326530612 1.2040816326530612 1.6326530612244898 1.3877551020408163 1.7551020408163265 1.0 1.2244897959183674 1.816326530612245 1.9591836734693877 1.6122448979591837 1.0816326530612246 0.8367346938775511 1.2653061224489797 0.8979591836734694 1.7551020408163265 0.8367346938775511 1.0 1.4285714285714286 1.0 0.9591836734693877 1.2040816326530612 1.6122448979591837 0.8163265306122449
65 175.341214715459 1.2040816326530612 2.0 1.0408163265306123 0.8163265306122449 1.2448979591836735 1.0408163265306123 1.9183673469387754 1.4285714285714286 0.9591836734693877 1.5714285714285714 1.5918367346938775 0.9387755102040817 1.816326530612245 1.7142857142857142 1.510204081632653 1.2857142857142858 1.4489795918367347 1.3673469387755102 1.7142857142857142 1.8571428571428572 1.1428571428571428 1.3265306122448979 1.5510204081632653 1.7551020408163265 1.7959183673469388 1.0204081632653061 1.7959183673469388 1.2040816326530612 1.2040816326530612 1.6326530612244898 1.3877551020408163 1.7551020408163265 1.0 1.2244897959183674 1.816326530612245 1.9591836734693877 1.6122448979591837 1.0816326530612246 0.8367346938775511 1.2653061224489797 0.8979591836734694 1.7551020408163265 0.8367346938775511 1.0 1.4285714285714286 1.0 0.9591836734693877 1.2040816326530612 1.6122448979591837 0.8163265306122449
66 26.745851630050048 1.8061224489795917 3.0 1.5612244897959184 1.2244897959183674 1.8673469387755102 1.5612244897959184 2.877551020408163 2.142857142857143 1.4387755102040816 2.357142857142857 2.3877551020408165 1.4081632653061225 2.7244897959183674 2.5714285714285716 2.2653061224489797 1.9285714285714286 2.173469387755102 2.0510204081632653 2.5714285714285716 2.7857142857142856 1.7142857142857142 1.989795918367347 2.326530612244898 2.63265306122449 2.693877551020408 1.530612244897959 2.693877551020408 1.8061224489795917 1.8061224489795917 2.4489795918367347 2.0816326530612246 2.63265306122449 1.5 1.836734693877551 2.7244897959183674 2.938775510204082 2.4183673469387754 1.6224489795918366 1.2551020408163265 1.8979591836734695 1.346938775510204 2.63265306122449 1.2551020408163265 1.5 2.142857142857143 1.5 1.4387755102040816 1.8061224489795917 2.4183673469387754 1.2244897959183674
67 555.0712679519258 1.2040816326530612 2.0 1.0408163265306123 0.8163265306122449 1.2448979591836735 1.0408163265306123 1.9183673469387754 1.4285714285714286 0.9591836734693877 1.5714285714285714 1.5918367346938775 0.9387755102040817 1.816326530612245 1.7142857142857142 1.510204081632653 1.2857142857142858 1.4489795918367347 1.3673469387755102 1.7142857142857142 1.8571428571428572 1.1428571428571428 1.3265306122448979 1.5510204081632653 1.7551020408163265 1.7959183673469388 1.0204081632653061 1.7959183673469388 1.2040816326530612 1.2040816326530612 1.6326530612244898 1.3877551020408163 1.7551020408163265 1.0 1.2244897959183674 1.816326530612245 1.9591836734693877 1.6122448979591837 1.0816326530612246 0.8367346938775511 1.2653061224489797 0.8979591836734694 1.7551020408163265 0.8367346938775511 1.0 1.4285714285714286 1.0 0.9591836734693877 1.2040816326530612 1.6122448979591837 0.8163265306122449
68 270.04293595206695 1.8061224489795917 3.0 1.5612244897959184 1.2244897959183674 1.8673469387755102 1.5612244897959184 2.877551020408163 2.142857142857143 1.4387755102040816 2.357142857142857 2.3877551020408165 1.4081632653061225 2.7244897959183674 2.5714285714285716 2.2653061224489797 1.9285714285714286 2.173469387755102 2.0510204081632653 2.5714285714285716 2.7857142857142856 1.7142857142857142 1.989795918367347 2.326530612244898 2.63265306122449 2.693877551020408 1.530612244897959 2.693877551020408 1.8061224489795917 1.8061224489795917 2.4489795918367347 2.0816326530612246 2.63265306122449 1.5 1.836734693877551 2.7244897959183674 2.938775510204082 2.4183673469387754 1.6224489795918366 1.2551020408163265 1.8979591836734695 1.346938775510204 2.63265306122449 1.2551020408163265 1.5 2.142857142857143 1.5 1.4387755102040816 1.8061224489795917 2.4183673469387754 1.2244897959183674
69 216.80504021210805 1.8061224489795917 3.0 1.5612244897959184 1.2244897959183674 1.8673469387755102 1.5612244897959184 2.877551020408163 2.142857142857143 1.4387755102040816 2.357142857142857 2.3877551020408165 1.4081632653061225 2.7244897959183674 2.5714285714285716 2.2653061224489797 1.9285714285714286 2.173469387755102 2.0510204081632653 2.5714285714285716 2.7857142857142856 1.7142857142857142 1.989795918367347 2.326530612244898 2.63265306122449 2.693877551020408 1.530612244897959 2.693877551020408 1.8061224489795917 1.8061224489795917 2.4489795918367347 2.0816326530612246 2.63265306122449 1.5 1.836734693877551 2.7244897959183674 2.938775510204082 2.4183673469387754 1.6224489795918366 1.2551020408163265 1.8979591836734695 1.346938775510204 2.63265306122449 1.2551020408163265 1.5 2.142857142857143 1.5 1.4387755102040816 1.8061224489795917 2.4183673469387754 1.2244897959183674
70 114.33171539542974 1.2040816326530612 2.0 1.0408163265306123 0.8163265306122449 1.2448979591836735 1.0408163265306123 1.9183673469387754 1.4285714285714286 0.9591836734693877 1.5714285714285714 1.5918367346938775 0.9387755102040817 1.816326530612245 1.7142857142857142 1.510204081632653 1.2857142857142858 1.4489795918367347 1.3673469387755102 1.7142857142857142 1.8571428571428572 1.1428571428571428 1.3265306122448979 1.5510204081632653 1.7551020408163265 1.7959183673469388 1.0204081632653061 1.7959183673469388 1.2040816326530612 1.2040816326530612 1.6326530612244898 1.3877551020408163 1.7551020408163265 1.0 1.2244897959183674 1.816326530612245 1.9591836734693877 1.6122448979591837 1.0816326530612246 0.8367346938775511 1.2653061224489797 0.8979591836734694 1.7551020408163265 0.8367346938775511 1.0 1.4285714285714286 1.0 0.9591836734693877 1.2040816326530612 1.6122448979591837 0.8163265306122449
71 165.86453716525122 1.8061224489795917 3.0 1.5612244897959184 1.2244897959183674 1.8673469387755102 1.5612244897959184 2.877551020408163 2.142857142857143 1.4387755102040816 2.357142857142857 2.3877551020408165 1.4081632653061225 2.7244897959183674 2.5714285714285716 2.2653061224489797 1.9285714285714286 2.173469387755102 2.0510204081632653 2.5714285714285716 2.7857142857142856 1.7142857142857142 1.989795918367347 2.326530612244898 2.63265306122449 2.693877551020408 1.530612244897959 2.693877551020408 1.8061224489795917 1.8061224489795917 2.4489795918367347 2.0816326530612246 2.63265306122449 1.5 1.836734693877551 2.7244897959183674 2.938775510204082 2.4183673469387754 1.6224489795918366 1.2551020408163265 1.8979591836734695 1.346938775510204 2.63265306122449 1.2551020408163265 1.5 2.142857142857143 1.5 1.4387755102040816 1.8061224489795917 2.4183673469387754 1.2244897959183674
72 108.85487535474579 1.2040816326530612 2.0 1.0408163265306123 0.8163265306122449 1.2448979591836735 1.0408163265306123 1.9183673469387754 1.4285714285714286 0.9591836734693877 1.5714285714285714 1.5918367346938775 0.9387755102040817 1.816326530612245 1.7142857142857142 1.510204081632653 1.2857142857142858 1.4489795918367347 1.3673469387755102 1.7142857142857142 1.8571428571428572 1.1428571428571428 1.3265306122448979 1.5510204081632653 1.7551020408163265 1.7959183673469388 1.0204081632653061 1.7959183673469388 1.2040816326530612 1.2040816326530612 1.6326530612244898 1.3877551020408163 1.7551020408163265 1.0 1.2244897959183674 1.816326530612245 1.9591836734693877 1.6122448979591837 1.0816326530612246 0.8367346938775511 1.2653061224489797 0.8979591836734694 1.7551020408163265 0.8367346938775511 1.0 1.4285714285714286 1.0 0.9591836734693877 1.2040816326530612 1.6122448979591837 0.8163265306122449
73 313.4138553858298 1.8061224489795917 3.0 1.5612244897959184 1.2244897959183674 1.8673469387755102 1.5612244897959184 2.877551020408163 2.142857142857143 1.4387755102040816 2.357142857142857 2.3877551020408165 1.4081632653061225 2.7244897959183674 2.5714285714285716 2.2653061224489797 1.9285714285714286 2.173469387755102 2.0510204081632653 2.5714285714285716 2.7857142857142856 1.7142857142857142 1.989795918367347 2.326530612244898 2.63265306122449 2.693877551020408 1.530612244897959 2.693877551020408 1.8061224489795917 1.8061224489795917 2.4489795918367347 2.0816326530612246 2.63265306122449 1.5 1.836734693877551 2.7244897959183674 2.938775510204082 2.4183673469387754 1.6224489795918366 1.2551020408163265 1.8979591836734695 1.346938775510204 2.63265306122449 1.2551020408163265 1.5 2.142857142857143 1.5 1.4387755102040816 1.8061224489795917 2.4183673469387754 1.2244897959183674
74 352.6911321932313 1.8061224489795917 3.0 1.5612244897959184 1.2244897959183674 1.8673469387755102 1.5612244897959184 2.877551020408163 2.142857142857143 1.4387755102040816 2.357142857142857 2.3877551020408165 1.4081632653061225 2.7244897959183674 2.5714285714285716 2.2653061224489797 1.9285714285714286 2.173469387755102 2.0510204081632653 2.5714285714285716 2.7857142857142856 1.7142857142857142 1.989795918367347 2.326530612244898 2.63265306122449 2.693877551020408 1.530612244897959 2.693877551020408 1.8061224489795917 1.8061224489795917 2.4489795918367347 2.0816326530612246 2.63265306122449 1.5 1.836734693877551 2.7244897959183674 2.938775510204082 2.4183673469387754 1.6224489795918366 1.2551020408163265 1.8979591836734695 1.346938775510204 2.63265306122449 1.2551020408163265 1.5 2.142857142857143 1.5 1.4387755102040816 1.8061224489795917 2.4183673469387754 1.2244897959183674
75 46.74686582734798 1.2040816326530612 2.0 1.0408163265306123 0.8163265306122449 1.2448979591836735 1.0408163265306123 1.9183673469387754 1.4285714285714286 0.9591836734693877 1.5714285714285714 1.5918367346938775 0.9387755102040817 1.816326530612245 1.7142857142857142 1.510204081632653 1.2857142857142858 1.4489795918367347 1.3673469387755102 1.7142857142857142 1.8571428571428572 1.1428571428571428 1.3265306122448979 1.5510204081632653 1.7551020408163265 1.7959183673469388 1.0204081632653061 1.7959183673469388 1.2040816326530612 1.2040816326530612 1.6326530612244898 1.3877551020408163 1.7551020408163265 1.0 1.2244897959183674 1.816326530612245 1.9591836734693877 1.6122448979591837 1.0816326530612246 0.8367346938775511 1.2653061224489797 0.8979591836734694 1.7551020408163265 0.8367346938775511 1.0 1.4285714285714286 1.0 0.9591836734693877 1.2040816326530612 1.6122448979591837 0.8163265306122449
76 217.27344285461407 1.2040816326530612 2.0 1.0408163265306123 0.8163265306122449 1.2448979591836735 1.0408163265306123 1.9183673469387754 1.4285714285714286 0.9591836734693877 1.5714285714285714 1.5918367346938775 0.9387755102040817 1.816326530612245 1.7142857142857142 1.510204081632653 1.2857142857142858 1.4489795918367347 1.3673469387755102 1.7142857142857142 1.8571428571428572 1.1428571428571428 1.3265306122448979 1.5510204081632653 1.7551020408163265 1.7959183673469388 1.0204081632653061 1.7959183673469388 1.2040816326530612 1.2040816326530612 1.6326530612244898 1.3877551020408163 1.7551020408163265 1.0 1.2244897959183674 1.816326530612245 1.9591836734693877 1.6122448979591837 1.0816326530612246 0.8367346938775511 1.2653061224489797 0.8979591836734694 1.7551020408163265 0.8367346938775511 1.0 1.4285714285714286 1.0 0.9591836734693877 1.2040816326530612 1.6122448979591837 0.8163265306122449
77 63.60857404025162 1.2040816326530612 2.0 1.0408163265306123 0.8163265306122449 1.2448979591836735 1.0408163265306123 1.9183673469387754 1.4285714285714286 0.9591836734693877 1.5714285714285714 1.5918367346938775 0.9387755102040817 1.816326530612245 1.7142857142857142 1.510204081632653 1.2857142857142858 1.4489795918367347 1.3673469387755102 1.7142857142857142 1.8571428571428572 1.1428571428571428 1.3265306122448979 1.5510204081632653 1.7551020408163265 1.7959183673469388 1.0204081632653061 1.7959183673469388 1.2040816326530612 1.2040816326530612 1.6326530612244898 1.3877551020408163 1.7551020408163265 1.0 1.2244897959183674 1.816326530612245 1.9591836734693877 1.6122448979591837 1.0816326530612246 0.8367346938775511 1.2653061224489797 0.8979591836734694 1.7551020408163265 0.8367346938775511 1.0 1.4285714285714286 1.0 0.9591836734693877 1.2040816326530612 1.6122448979591837 0.8163265306122449
78 490.43781645337816 1.8061224489795917 3.0 1.5612244897959184 1.2244897959183674 1.8673469387755102 1.5612244897959184 2.877551020408163 2.142857142857143 1.4387755102040816 2.357142857142857 2.3877551020408165 1.4081632653061225 2.7244897959183674 2.5714285714285716 2.2653061224489797 1.9285714285714286 2.173469387755102 2.0510204081632653 2.5714285714285716 2.7857142857142856 1.7142857142857142 1.989795918367347 2.326530612244898 2.63265306122449 2.693877551020408 1.530612244897959 2.693877551020408 1.8061224489795917 1.8061224489795917 2.4489795918367347 2.0816326530612246 2.63265306122449 1.5 1.836734693877551 2.7244897959183674 2.938775510204082 2.4183673469387754 1.6224489795918366 1.2551020408163265 1.8979591836734695 1.346938775510204 2.63265306122449 1.2551020408163265 1.5 2.142857142857143 1.5 1.4387755102040816 1.8061224489795917 2.4183673469387754 1.2244897959183674
79 326.1933532204217 1.2040816326530612 2.0 1.0408163265306123 0.8163265306122449 1.2448979591836735 1.0408163265306123 1.9183673469387754 1.4285714285714286 0.9591836734693877 1.5714285714285714 1.5918367346938775 0.9387755102040817 1.816326530612245 1.7142857142857142 1.510204081632653 1.2857142857142858 1.4489795918367347 1.3673469387755102 1.7142857142857142 1.8571428571428572 1.1428571428571428 1.3265306122448979 1.5510204081632653 1.7551020408163265 1.7959183673469388 1.0204081632653061 1.7959183673469388 1.2040816326530612 1.2040816326530612 1.6326530612244898 1.3877551020408163 1.7551020408163265 1.0 1.2244897959183674 1.816326530612245 1.9591836734693877 1.6122448979591837 1.0816326530612246 0.8367346938775511 1.2653061224489797 0.8979591836734694 1.7551020408163265 0.8367346938775511 1.0 1.4285714285714286 1.0 0.9591836734693877 1.2040816326530612 1.6122448979591837 0.8163265306122449
80 206.5659150624397 1.8061224489795917 3.0 1.5612244897959184 1.2244897959183674 1.8673469387755102 1.5612244897959184 2.877551020408163 2.142857142857143 1.4387755102040816 2.357142857142857 2.3877551020408165 1.4081632653061225 2.7244897959183674 2.5714285714285716 2.2653061224489797 1.9285714285714286 2.173469387755102 2.0510204081632653 2.5714285714285716 2.7857142857142856 1.7142857142857142 1.989795918367347 2.326530612244898 2.63265306122449 2.693877551020408 1.530612244897959 2.693877551020408 1.8061224489795917 1.8061224489795917 2.4489795918367347 2.0816326530612246 2.63265306122449 1.5 1.836734693877551 2.7244897959183674 2.938775510204082 2.4183673469387754 1.6224489795918366 1.2551020408163265 1.8979591836734695 1.346938775510204 2.63265306122449 1.2551020408163265 1.5 2.142857142857143 1.5 1.4387755102040816 1.8061224489795917 2.4183673469387754 1.2244897959183674
81 185.80157166599474 1.2040816326530612 2.0 1.0408163265306123 0.8163265306122449 1.2448979591836735 1.0408163265306123 1.9183673469387754 1.4285714285714286 0.9591836734693877 1.5714285714285714 1.5918367346938775 0.9387755102040817 1.816326530612245 1.7142857142857142 1.510204081632653 1.2857142857142858 1.4489795918367347 1.3673469387755102 1.7142857142857142 1.8571428571428572 1.1428571428571428 1.3265306122448979 1.5510204081632653 1.7551020408163265 1.7959183673469388 1.0204081632653061 1.7959183673469388 1.2040816326530612 1.2040816326530612 1.6326530612244898 1.3877551020408163 1.7551020408163265 1.0 1.2244897959183674 1.816326530612245 1.9591836734693877 1.6122448979591837 1.0816326530612246 0.8367346938775511 1.2653061224489797 0.8979591836734694 1.7551020408163265 0.8367346938775511 1.0 1.4285714285714286 1.0 0.9591836734693877 1.2040816326530612 1.6122448979591837 0.8163265306122449
82 425.7195890368204 1.2040816326530612 2.0 1.0408163265306123 0.8163265306122449 1.2448979591836735 1.0408163265306123 1.9183673469387754 1.4285714285714286 0.9591836734693877 1.5714285714285714 1.5918367346938775 0.9387755102040817 1.816326530612245 1.7142857142857142 1.510204081632653 1.2857142857142858 1.4489795918367347 1.3673469387755102 1.7142857142857142 1.8571428571428572 1.1428571428571428 1.3265306122448979 1.5510204081632653 1.7551020408163265 1.7959183673469388 1.0204081632653061 1.7959183673469388 1.2040816326530612 1.2040816326530612 1.6326530612244898 1.3877551020408163 1.7551020408163265 1.0 1.2244897959183674 1.816326530612245 1.9591836734693877 1.6122448979591837 1.0816326530612246 0.8367346938775511 1.2653061224489797 0.8979591836734694 1.7551020408163265 0.8367346938775511 1.0 1.4285714285714286 1.0 0.9591836734693877 1.2040816326530612 1.6122448979591837 0.8163265306122449
83 113.62692151774687 1.8061224489795917 3.0 1.5612244897959184 1.2244897959183674 1.8673469387755102 1.5612244897959184 2.877551020408163 2.142857142857143 1.4387755102040816 2.357142857142857 2.3877551020408165 1.4081632653061225 2.7244897959183674 2.5714285714285716 2.2653061224489797 1.9285714285714286 2.173469387755102 2.0510204081632653 2.5714285714285716 2.7857142857142856 1.7142857142857142 1.989795918367347 2.326530612244898 2.63265306122449 2.693877551020408 1.530612244897959 2.693877551020408 1.8061224489795917 1.8061224489795917 2.4489795918367347 2.0816326530612246 2.63265306122449 1.5 1.836734693877551 2.7244897959183674 2.938775510204082 2.4183673469387754 1.6224489795918366 1.2551020408163265 1.8979591836734695 1.346938775510204 2.63265306122449 1.2551020408163265 1.5 2.142857142857143 1.5 1.4387755102040816 1.8061224489795917 2.4183673469387754 1.2244897959183674
84 240.70561841166136 1.2040816326530612 2.0 1.0408163265306123 0.8163265306122449 1.2448979591836735 1.0408163265306123 1.9183673469387754 1.4285714285714286 0.9591836734693877 1.5714285714285714 1.5918367346938775 0.9387755102040817 1.816326530612245 1.7142857142857142 1.510204081632653 1.2857142857142858 1.4489795918367347 1.3673469387755102 1.7142857142857142 1.8571428571428572 1.1428571428571428 1.3265306122448979 1.5510204081632653 1.7551020408163265 1.7959183673469388 1.0204081632653061 1.7959183673469388 1.2040816326530612 1.2040816326530612 1.6326530612244898 1.3877551020408163 1.7551020408163265 1.0 1.2244897959183674 1.816326530612245 1.9591836734693877 1.6122448979591837 1.0816326530612246 0.8367346938775511 1.2653061224489797 0.8979591836734694 1.7551020408163265 0.8367346938775511 1.0 1.4285714285714286 1.0 0.9591836734693877 1.2040816326530612 1.6122448979591837 0.8163265306122449
85 271.33028471516815 1.2040816326530612 2.0 1.0408163265306123 0.8163265306122449 1.2448979591836735 1.0408163265306123 1.9183673469387754 1.4285714285714286 0.9591836734693877 1.5714285714285714 1.5918367346938775 0.9387755102040817 1.816326530612245 1.7142857142857142 1.510204081632653 1.2857142857142858 1.4489795918367347 1.3673469387755102 1.7142857142857142 1.8571428571428572 1.1428571428571428 1.3265306122448979 1.5510204081632653 1.7551020408163265 1.7959183673469388 1.0204081632653061 1.7959183673469388 1.2040816326530612 1.2040816326530612 1.6326530612244898 1.3877551020408163 1.7551020408163265 1.0 1.2244897959183674 1.816326530612245 1.9591836734693877 1.6122448979591837 1.0816326530612246 0.8367346938775511 1.2653061224489797 0.8979591836734694 1.7551020408163265 0.8367346938775511 1.0 1.4285714285714286 1.0 0.9591836734693877 1.2040816326530612 1.6122448979591837 0.8163265306122449
86 368.744804216424 1.8061224489795917 3.0 1.5612244897959184 1.2244897959183674 1.8673469387755102 1.5612244897959184 2.877551020408163 2.142857142857143 1.4387755102040816 2.357142857142857 2.3877551020408165 1.4081632653061225 2.7244897959183674 2.5714285714285716 2.2653061224489797 1.9285714285714286 2.173469387755102 2.0510204081632653 2.5714285714285716 2.7857142857142856 1.7142857142857142 1.989795918367347 2.326530612244898 2.63265306122449 2.693877551020408 1.530612244897959 2.693877551020408 1.8061224489795917 1.8061224489795917 2.4489795918367347 2.0816326530612246 2.63265306122449 1.5 1.836734693877551 2.7244897959183674 2.938775510204082 2.4183673469387754 1.6224489795918366 1.2551020408163265 1.8979591836734695 1.346938775510204 2.63265306122449 1.2551020408163265 1.5 2.142857142857143 1.5 1.4387755102040816 1.8061224489795917 2.4183673469387754 1.2244897959183674
87 131.01167233060704 1.8061224489795917 3.0 1.5612244897959184 1.2244897959183674 1.8673469387755102 1.5612244897959184 2.877551020408163 2.142857142857143 1.4387755102040816 2.357142857142857 2.3877551020408165 1.4081632653061225 2.7244897959183674 2.5714285714285716 2.2653061224489797 1.9285714285714286 2.173469387755102 2.0510204081632653 2.5714285714285716 2.7857142857142856 1.7142857142857142 1.989795918367347 2.326530612244898 2.63265306122449 2.693877551020408 1.530612244897959 2.693877551020408 1.8061224489795917 1.8061224489795917 2.4489795918367347 2.0816326530612246 2.63265306122449 1.5 1.836734693877551 2.7244897959183674 2.938775510204082 2.4183673469387754 1.6224489795918366 1.2551020408163265 1.8979591836734695 1.346938775510204 2.63265306122449 1.2551020408163265 1.5 2.142857142857143 1.5 1.4387755102040816 1.8061224489795917 2.4183673469387754 1.2244897959183674
88 192.15586531041615 1.2040816326530612 2.0 1.0408163265306123 0.8163265306122449 1.2448979591836735 1.0408163265306123 1.9183673469387754 1.4285714285714286 0.9591836734693877 1.5714285714285714 1.5918367346938775 0.9387755102040817 1.816326530612245 1.7142857142857142 1.510204081632653 1.2857142857142858 1.4489795918367347 1.3673469387755102 1.7142857142857142 1.8571428571428572 1.1428571428571428 1.3265306122448979 1.5510204081632653 1.7551020408163265 1.7959183673469388 1.0204081632653061 1.7959183673469388 1.2040816326530612 1.2040816326530612 1.6326530612244898 1.3877551020408163 1.7551020408163265 1.0 1.2244897959183674 1.816326530612245 1.9591836734693877 1.6122448979591837 1.0816326530612246 0.8367346938775511 1.2653061224489797 0.8979591836734694 1.7551020408163265 0.8367346938775511 1.0 1.4285714285714286 1.0 0.9591836734693877 1.2040816326530612 1.6122448979591837 0.8163265306122449
89 586.5574696183769 1.2040816326530612 2.0 1.0408163265306123 0.8163265306122449 1.2448979591836735 1.0408163265306123 1.9183673469387754 1.4285714285714286 0.9591836734693877 1.5714285714285714 1.5918367346938775 0.9387755102040817 1.816326530612245 1.7142857142857142 1.510204081632653 1.2857142857142858 1.4489795918367347 1.3673469387755102 1.7142857142857142 1.8571428571428572 1.1428571428571428 1.3265306122448979 1.5510204081632653 1.7551020408163265 1.7959183673469388 1.0204081632653061 1.7959183673469388 1.2040816326530612 1.2040816326530612 1.6326530612244898 1.3877551020408163 1.7551020408163265 1.0 1.2244897959183674 1.816326530612245 1.9591836734693877 1.6122448979591837 1.0816326530612246 0.8367346938775511 1.2653061224489797 0.8979591836734694 1.7551020408163265 0.8367346938775511 1.0 1.4285714285714286 1.0 0.9591836734693877 1.2040816326530612 1.6122448979591837 0.8163265306122449
90 684.7571715643634 1.8061224489795917 3.0 1.5612244897959184 1.2244897959183674 1.8673469387755102 1.5612244897959184 2.877551020408163 2.142857142857143 1.4387755102040816 2.357142857142857 2.3877551020408165 1.4081632653061225 2.7244897959183674 2.5714285714285716 2.2653061224489797 1.9285714285714286 2.173469387755102 2.0510204081632653 2.5714285714285716 2.7857142857142856 1.7142857142857142 1.989795918367347 2.326530612244898 2.63265306122449 2.693877551020408 1.530612244897959 2.693877551020408 1.8061224489795917 1.8061224489795917 2.4489795918367347 2.0816326530612246 2.63265306122449 1.5 1.836734693877551 2.7244897959183674 2.938775510204082 2.4183673469387754 1.6224489795918366 1.2551020408163265 1.8979591836734695 1.346938775510204 2.63265306122449 1.2551020408163265 1.5 2.142857142857143 1.5 1.4387755102040816 1.8061224489795917 2.4183673469387754 1.2244897959183674
91 123.0267921123812 1.8061224489795917 3.0 1.5612244897959184 1.2244897959183674 1.8673469387755102 1.5612244897959184 2.877551020408163 2.142857142857143 1.4387755102040816 2.357142857142857 2.3877551020408165 1.4081632653061225 2.7244897959183674 2.5714285714285716 2.2653061224489797 1.9285714285714286 2.173469387755102 2.0510204081632653 2.5714285714285716 2.7857142857142856 1.7142857142857142 1.989795918367347 2.326530612244898 2.63265306122449 2.693877551020408 1.530612244897959 2.693877551020408 1.8061224489795917 1.8061224489795917 2.4489795918367347 2.0816326530612246 2.63265306122449 1.5 1.836734693877551 2.7244897959183674 2.938775510204082 2.4183673469387754 1.6224489795918366 1.2551020408163265 1.8979591836734695 1.346938775510204 2.63265306122449 1.2551020408163265 1.5 2.142857142857143 1.5 1.4387755102040816 1.8061224489795917 2.4183673469387754 1.2244897959183674
92 110.34542050919075 1.8061224489795917 3.0 1.5612244897959184 1.2244897959183674 1.8673469387755102 1.5612244897959184 2.877551020408163 2.142857142857143 1.4387755102040816 2.357142857142857 2.3877551020408165 1.4081632653061225 2.7244897959183674 2.5714285714285716 2.2653061224489797 1.9285714285714286 2.173469387755102 2.0510204081632653 2.5714285714285716 2.7857142857142856 1.7142857142857142 1.989795918367347 2.326530612244898 2.63265306122449 2.693877551020408 1.530612244897959 2.693877551020408 1.8061224489795917 1.8061224489795917 2.4489795918367347 2.0816326530612246 2.63265306122449 1.5 1.836734693877551 2.7244897959183674 2.938775510204082 2.4183673469387754 1.6224489795918366 1.2551020408163265 1.8979591836734695 1.346938775510204 2.63265306122449 1.2551020408163265 1.5 2.142857142857143 1.5 1.4387755102040816 1.8061224489795917 2.4183673469387754 1.2244897959183674
93 21.268317247749245 1.8061224489795917 3.0 1.5612244897959184 1.2244897959183674 1.8673469387755102 1.5612244897959184 2.877551020408163 2.142857142857143 1.4387755102040816 2.357142857142857 2.3877551020408165 1.4081632653061225 2.7244897959183674 2.5714285714285716 2.2653061224489797 1.9285714285714286 2.173469387755102 2.0510204081632653 2.5714285714285716 2.7857142857142856 1.7142857142857142 1.989795918367347 2.326530612244898 2.63265306122449 2.693877551020408 1.530612244897959 2.693877551020408 1.8061224489795917 1.8061224489795917 2.4489795918367347 2.0816326530612246 2.63265306122449 1.5 1.836734693877551 2.7244897959183674 2.938775510204082 2.4183673469387754 1.6224489795918366 1.2551020408163265 1.8979591836734695 1.346938775510204 2.63265306122449 1.2551020408163265 1.5 2.142857142857143 1.5 1.4387755102040816 1.8061224489795917 2.4183673469387754 1.2244897959183674
94 244.28531424323342 1.8061224489795917 3.0 1.5612244897959184 1.2244897959183674 1.8673469387755102 1.5612244897959184 2.877551020408163 2.142857142857143 1.4387755102040816 2.357142857142857 2.3877551020408165 1.4081632653061225 2.7244897959183674 2.5714285714285716 2.2653061224489797 1.9285714285714286 2.173469387755102 2.0510204081632653 2.5714285714285716 2.7857142857142856 1.7142857142857142 1.989795918367347 2.326530612244898 2.63265306122449 2.693877551020408 1.530612244897959 2.693877551020408 1.8061224489795917 1.8061224489795917 2.4489795918367347 2.0816326530612246 2.63265306122449 1.5 1.836734693877551 2.7244897959183674 2.938775510204082 2.4183673469387754 1.6224489795918366 1.2551020408163265 1.8979591836734695 1.346938775510204 2.63265306122449 1.2551020408163265 1.5 2.142857142857143 1.5 1.4387755102040816 1.8061224489795917 2.4183673469387754 1.2244897959183674
95 2.6286660619651627 1.8061224489795917 3.0 1.5612244897959184 1.2244897959183674 1.8673469387755102 1.5612244897959184 2.877551020408163 2.142857142857143 1.4387755102040816 2.357142857142857 2.3877551020408165 1.4081632653061225 2.7244897959183674 2.5714285714285716 2.2653061224489797 1.9285714285714286 2.173469387755102 2.0510204081632653 2.5714285714285716 2.7857142857142856 1.7142857142857142 1.989795918367347 2.326530612244898 2.63265306122449 2.693877551020408 1.530612244897959 2.693877551020408 1.8061224489795917 1.8061224489795917 2.4489795918367347 2.0816326530612246 2.63265306122449 1.5 1.836734693877551 2.7244897959183674 2.938775510204082 2.4183673469387754 1.6224489795918366 1.2551020408163265 1.8979591836734695 1.346938775510204 2.63265306122449 1.2551020408163265 1.5 2.142857142857143 1.5 1.4387755102040816 1.8061224489795917 2.4183673469387754 1.2244897959183674
96 305.6377037662023 1.8061224489795917 3.0 1.5612244897959184 1.2244897959183674 1.8673469387755102 1.5612244897959184 2.877551020408163 2.142857142857143 1.4387755102040816 2.357142857142857 2.3877551020408165 1.4081632653061225 2.7244897959183674 2.5714285714285716 2.2653061224489797 1.9285714285714286 2.173469387755102 2.0510204081632653 2.5714285714285716 2.7857142857142856 1.7142857142857142 1.989795918367347 2.326530612244898 2.63265306122449 2.693877551020408 1.530612244897959 2.693877551020408 1.8061224489795917 1.8061224489795917 2.4489795918367347 2.0816326530612246 2.63265306122449 1.5 1.836734693877551 2.7244897959183674 2.938775510204082 2.4183673469387754 1.6224489795918366 1.2551020408163265 1.8979591836734695 1.346938775510204 2.63265306122449 1.2551020408163265 1.5 2.142857142857143 1.5 1.4387755102040816 1.8061224489795917 2.4183673469387754 1.2244897959183674
97 96.203819409296 1.8061224489795917 3.0 1.5612244897959184 1.2244897959183674 1.8673469387755102 1.5612244897959184 2.877551020408163 2.142857142857143 1.4387755102040816 2.357142857142857 2.3877551020408165 1.4081632653061225 2.7244897959183674 2.5714285714285716 2.2653061224489797 1.9285714285714286 2.173469387755102 2.0510204081632653 2.5714285714285716 2.7857142857142856 1.7142857142857142 1.989795918367347 2.326530612244898 2.63265306122449 2.693877551020408 1.530612244897959 2.693877551020408 1.8061224489795917 1.8061224489795917 2.4489795918367347 2.0816326530612246 2.63265306122449 1.5 1.836734693877551 2.7244897959183674 2.938775510204082 2.4183673469387754 1.6224489795918366 1.2551020408163265 1.8979591836734695 1.346938775510204 2.63265306122449 1.2551020408163265 1.5 2.142857142857143 1.5 1.4387755102040816 1.8061224489795917 2.4183673469387754 1.2244897959183674
98 479.2245156126599 1.8061224489795917 3.0 1.5612244897959184 1.2244897959183674 1.8673469387755102 1.5612244897959184 2.877551020408163 2.142857142857143 1.4387755102040816 2.357142857142857 2.3877551020408165 1.4081632653061225 2.7244897959183674 2.5714285714285716 2.2653061224489797 1.9285714285714286 2.173469387755102 2.0510204081632653 2.5714285714285716 2.7857142857142856 1.7142857142857142 1.989795918367347 2.326530612244898 2.63265306122449 2.693877551020408 1.530612244897959 2.693877551020408 1.8061224489795917 1.8061224489795917 2.4489795918367347 2.0816326530612246 2.63265306122449 1.5 1.836734693877551 2.7244897959183674 2.938775510204082 2.4183673469387754 1.6224489795918366 1.2551020408163265 1.8979591836734695 1.346938775510204 2.63265306122449 1.2551020408163265 1.5 2.142857142857143 1.5 1.4387755102040816 1.8061224489795917 2.4183673469387754 1.2244897959183674
99 160.2008850419182 1.8061224489795917 3.0 1.5612244897959184 1.2244897959183674 1.8673469387755102 1.5612244897959184 2.877551020408163 2.142857142857143 1.4387755102040816 2.357142857142857 2.3877551020408165 1.4081632653061225 2.7244897959183674 2.5714285714285716 2.2653061224489797 1.9285714285714286 2.173469387755102 2.0510204081632653 2.5714285714285716 2.7857142857142856 1.7142857142857142 1.989795918367347 2.326530612244898 2.63265306122449 2.693877551020408 1.530612244897959 2.693877551020408 1.8061224489795917 1.8061224489795917 2.4489795918367347 2.0816326530612246 2.63265306122449 1.5 1.836734693877551 2.7244897959183674 2.938775510204082 2.4183673469387754 1.6224489795918366 1.2551020408163265 1.8979591836734695 1.346938775510204 2.63265306122449 1.2551020408163265 1.5 2.142857142857143 1.5 1.4387755102040816 1.8061224489795917 2.4183673469387754 1.2244897959183674
