200 10
TREE NETWORK (nID nID Weight):
80 0 50
99 0 51
167 80 47
15 167 43
191 0 43
114 167 38
159 167 37
16 99 33
143 191 57
146 99 39
197 114 43
153 15 33
4 114 35
157 0 51
84 15 44
98 16 47
113 191 51
178 4 51
97 99 49
154 113 42
123 0 49
149 154 51
27 154 48
78 149 57
8 27 56
77 178 48
88 146 55
13 84 47
164 99 52
135 157 38
90 4 44
57 99 39
32 178 44
25 88 47
136 143 39
31 78 33
145 80 36
50 123 30
47 157 57
142 97 46
130 143 37
119 97 59
53 164 30
180 16 49
38 136 30
170 136 44
101 136 47
92 114 41
62 13 51
35 4 32
96 53 47
52 0 50
140 135 42
174 143 52
160 123 55
48 16 43
49 0 30
39 130 36
51 97 53
182 0 37
19 57 50
112 49 40
150 31 31
60 51 55
1 38 45
40 31 53
72 78 36
105 51 50
192 4 47
131 159 40
152 135 34
56 77 32
139 0 38
87 48 49
134 97 35
104 96 59
129 15 38
175 19 54
120 129 43
169 140 37
5 47 57
190 98 43
141 105 44
59 170 37
30 175 56
67 25 46
18 140 45
195 47 49
24 101 59
91 57 43
126 96 30
69 31 51
28 97 30
158 8 32
187 62 45
172 119 35
162 51 42
21 129 54
109 195 59
22 90 55
14 67 59
198 51 31
121 49 43
165 104 48
102 50 59
115 19 57
189 115 36
73 113 39
76 145 43
133 197 34
33 157 56
108 77 39
103 121 52
100 126 39
185 120 33
127 149 55
29 108 49
138 14 43
55 24 31
166 138 34
45 158 56
93 39 59
124 185 35
42 153 53
2 29 32
89 150 39
116 47 41
173 124 35
144 120 30
34 124 48
118 146 42
70 134 49
168 88 44
83 35 32
94 99 52
58 124 33
81 119 41
148 99 36
117 101 39
194 33 47
66 15 59
79 146 35
151 174 58
181 98 56
68 108 30
23 185 37
12 178 51
43 140 39
155 0 52
171 116 32
183 158 49
188 32 44
64 94 44
61 13 59
63 58 42
75 134 41
177 152 58
179 60 42
196 130 57
128 5 36
36 128 32
110 69 46
199 96 49
156 187 34
82 110 49
44 158 38
10 63 53
193 104 39
17 91 46
65 148 48
147 50 45
6 130 37
20 171 54
122 170 40
85 156 49
86 25 49
54 117 54
37 15 48
184 122 54
132 116 35
71 148 55
74 121 54
106 82 45
3 12 47
26 74 32
46 39 57
111 67 45
176 18 32
125 114 54
95 165 36
41 118 45
161 23 30
11 136 39
186 0 46
137 29 30
163 162 30
9 47 32
7 47 41
107 189 37
PROGRAMS ASSIGNED TO NODES (nID pID1 pID2 ...):
0 1 2 3 4 5 6 7 8 9 10
1 2 4 5 6 7 8 9 10
2 4 7 8
3 2 3 4 8 9 10
4 1 6
5 3 4 5 6 7 9
6 2 3 4
7 4
9 5 8
10 1 2 3 5 6 7 8 9 10
11 9 10
13 5 6 9
15 1 3 5 8 10
16 1 2 3 4 5 6 7 8 10
17 4
18 1 3 7 8 9
19 10
20 2 5 6 10
21 2 3 4 9
22 2 3 4 5 6 7 8 9 10
23 1 2 3 5 6 7 8 9 10
24 1 3 5 6 8 10
25 1 2 4 5 6 7 8 9 10
26 6 7 8
27 1 2 3 4 5 6 7 8 9
30 2 5 6 9 10
31 2
32 1 2 3 5 6 7 8 9
34 1 2 3 10
35 1 2 4 5 6 7 9 10
36 1 2 3 4 6 7 9
37 2 3 4 5 7 8 9 10
38 4 5 6 7 9
40 2
42 1
43 1 2 4 5 7
44 1 5 10
45 1 3 4 6 7 8 10
46 1 2 3 4 5 6 7 9 10
47 2 4 5 6
48 2 3 4 5 6 8 9 10
49 3 4
50 2
51 2 3 4 5 6 7 8 9 10
52 2 3 4 5 6 7 8 9 10
53 7
54 3 5 7 9 10
55 2 3 5 6 7 8 9 10
56 6 10
57 2 3 4 5 6 10
58 1 3 9
59 5 6 10
60 3 9 10
61 1 4 5 6
62 3 4 5 7 8 10
63 1 2 3 4 5 6 9 10
64 1 4 7 9 10
65 8
67 2 3 6 7 8 10
68 1 2 3 4 5 6 8 9
69 5
70 1 3 6 7 8 9 10
72 2 3 4 5 7 8 9 10
73 5
74 1 2 4 5 6 9
75 8
76 1 6 8 9
77 1 2 3 4 5 6 7 9 10
78 2 3 4 6 10
79 8 9
80 1 2 3 4 5 7 8 9 10
81 1 5 6 8 10
82 3 9
83 6 8 9 10
84 3 4
85 1 2 4 6 8 9 10
86 1 2 3 5 7 8 9 10
87 1 3 4 5 6 7 8 9
89 2 8 9
90 4 5 6 8
91 2 3 9
92 10
93 1 2 3 4 9
94 1 2 3 4 5 6 8 9 10
95 8 9
96 2 3 4 5 6 7 8 9 10
97 1 3 4 6 7 9 10
98 1 2 3 4 8 9 10
99 2 3 7 8 10
100 1 2 3 4 5 6 7 9 10
101 2 3 7
102 4 6 8
103 2 3 5 6 7 8
104 1 3 4 7 8 10
105 2 3 4 6 9 10
106 1 2 3 5 7 8 10
107 3 6
108 1 2 5 9
109 1 2 3 4 5 6 8 9 10
110 2 3 5 6 8 10
111 1 2 3 4 5 6 7 9 10
112 3 5 9
114 4 5 6 7
115 9
116 7
117 8 10
118 3 4 6 7
119 2 3 4 6 7 9 10
120 7 8
122 1 2 6
123 1 4 5 7 10
124 2 5 7
125 1 2 4 5 7 8 9 10
126 7 9
127 6 10
128 1 5 7 9
129 1 2 4 5 6 7 8 10
130 4 9
131 1 6 7 10
132 1 3 4 5 6 7
133 1 2 3 4 5 6 9 10
135 3 4 5 6 7 9
136 1 5 7 10
137 2 3 4 5 7 9 10
138 2 3 6 7
139 1 2 3 6 7 9 10
140 1 2 4 5
141 6
142 1 2 3 4 6 7 9
143 1 2 5 9 10
144 2 3
145 1 2 3 5 6 7 9
146 3
147 1 2 3 4 6 10
148 2 6
149 1 4 5 8 9
150 2 3 4 5 6 7 8 9 10
151 1 2 4 5 6 8
152 2 3 4 5
153 2 4 5 6 8
154 2 4 6 7 8 9
155 1 3 4 5 7 9 10
156 1 2 5 6 7 8 9
157 1 2 4 5 7 10
158 2 4 5 6 7 9 10
159 1 2 3 4 6 7 8 10
160 3 5 6 7 8 9 10
161 3 4 7
163 1 2 3 6 9
164 1 7 10
165 1 2 3 4 6 7 8 9 10
166 5 7
167 2 3 7 8
168 3 4 6 9
170 10
171 1 2 4 5 6 7 8 9 10
172 6
173 5 6 7 9 10
174 2 4 6 7 10
175 2 3 4 5 6 7 8 9 10
176 2 4 5 6 7 10
177 8
179 1 6 9
181 1 3 4
182 2 5 9 10
183 3 6 8
184 1 2 3 4 5
185 1 2 3 5 7 10
186 1 2 3 4 5 7 8
189 2 5 9
191 2 3 5 7 8 9 10
192 2 3 4 5 6 8 10
193 7
194 1 2 8 10
196 2 5 6 7 8 10
197 3 10
198 1 2 4 5 10
199 2
SIZE OF PROGRAMS (pID SIZE):
1 66.0
2 95.0
3 67.0
4 66.0
5 99.0
6 53.0
7 62.0
8 93.0
9 89.0
10 81.0
COST TO INSTALL SERVERS AND PROGRAMS ON NODES (COST_TO_INSTALL_SERVER COST_TO_INSTALL_pID1 ...):
0 2557.5757575757575 1.3333333333333333 1.9191919191919191 1.3535353535353536 1.3333333333333333 2.0 1.0707070707070707 1.2525252525252526 1.878787878787879 1.797979797979798 1.6363636363636365
1 102.5159275399015 2.0 2.878787878787879 2.0303030303030303 2.0 3.0 1.606060606060606 1.878787878787879 2.8181818181818183 2.696969696969697 2.4545454545454546
2 41.74387391689793 1.3333333333333333 1.9191919191919191 1.3535353535353536 1.3333333333333333 2.0 1.0707070707070707 1.2525252525252526 1.878787878787879 1.797979797979798 1.6363636363636365
3 115.94731834247497 2.0 2.878787878787879 2.0303030303030303 2.0 3.0 1.606060606060606 1.878787878787879 2.8181818181818183 2.696969696969697 2.4545454545454546
4 56.843528911162984 1.3333333333333333 1.9191919191919191 1.3535353535353536 1.3333333333333333 2.0 1.0707070707070707 1.2525252525252526 1.878787878787879 1.797979797979798 1.6363636363636365
5 16.1673120722229 2.0 2.878787878787879 2.0303030303030303 2.0 3.0 1.606060606060606 1.878787878787879 2.8181818181818183 2.696969696969697 2.4545454545454546
6 29.06854122341319 1.3333333333333333 1.9191919191919191 1.3535353535353536 1.3333333333333333 2.0 1.0707070707070707 1.2525252525252526 1.878787878787879 1.797979797979798 1.6363636363636365
7 4.313142967809321 2.0 2.878787878787879 2.0303030303030303 2.0 3.0 1.606060606060606 1.878787878787879 2.8181818181818183 2.696969696969697 2.4545454545454546
8 52.0072668789815 2.0 2.878787878787879 2.0303030303030303 2.0 3.0 1.606060606060606 1.878787878787879 2.8181818181818183 2.696969696969697 2.4545454545454546
9 18.134919361833294 2.0 2.878787878787879 2.0303030303030303 2.0 3.0 1.606060606060606 1.878787878787879 2.8181818181818183 2.696969696969697 2.4545454545454546
10 219.59674998715118 1.3333333333333333 1.9191919191919191 1.3535353535353536 1.3333333333333333 2.0 1.0707070707070707 1.2525252525252526 1.878787878787879 1.797979797979798 1.6363636363636365
11 9.15804233727387 2.0 2.878787878787879 2.0303030303030303 2.0 3.0 1.606060606060606 1.878787878787879 2.8181818181818183 2.696969696969697 2.4545454545454546
12 61.83327762498362 2.0 2.878787878787879 2.0303030303030303 2.0 3.0 1.606060606060606 1.878787878787879 2.8181818181818183 2.696969696969697 2.4545454545454546
13 112.8448303315168 1.3333333333333333 1.9191919191919191 1.3535353535353536 1.3333333333333333 2.0 1.0707070707070707 1.2525252525252526 1.878787878787879 1.797979797979798 1.6363636363636365
14 56.67675996724531 1.3333333333333333 1.9191919191919191 1.3535353535353536 1.3333333333333333 2.0 1.0707070707070707 1.2525252525252526 1.878787878787879 1.797979797979798 1.6363636363636365
15 27.12364562160993 2.0 2.878787878787879 2.0303030303030303 2.0 3.0 1.606060606060606 1.878787878787879 2.8181818181818183 2.696969696969697 2.4545454545454546
16 15.52244744814105 2.0 2.878787878787879 2.0303030303030303 2.0 3.0 1.606060606060606 1.878787878787879 2.8181818181818183 2.696969696969697 2.4545454545454546
17 5.8862623625456685 2.0 2.878787878787879 2.0303030303030303 2.0 3.0 1.606060606060606 1.878787878787879 2.8181818181818183 2.696969696969697 2.4545454545454546
18 89.90204168666135 1.3333333333333333 1.9191919191919191 1.3535353535353536 1.3333333333333333 2.0 1.0707070707070707 1.2525252525252526 1.878787878787879 1.797979797979798 1.6363636363636365
19 50.99693978187905 2.0 2.878787878787879 2.0303030303030303 2.0 3.0 1.606060606060606 1.878787878787879 2.8181818181818183 2.696969696969697 2.4545454545454546
20 29.892903836712733 2.0 2.878787878787879 2.0303030303030303 2.0 3.0 1.606060606060606 1.878787878787879 2.8181818181818183 2.696969696969697 2.4545454545454546
21 32.3915038636579 1.3333333333333333 1.9191919191919191 1.3535353535353536 1.3333333333333333 2.0 1.0707070707070707 1.2525252525252526 1.878787878787879 1.797979797979798 1.6363636363636365
22 89.32247925782546 2.0 2.878787878787879 2.0303030303030303 2.0 3.0 1.606060606060606 1.878787878787879 2.8181818181818183 2.696969696969697 2.4545454545454546
23 201.49668107387072 2.0 2.878787878787879 2.0303030303030303 2.0 3.0 1.606060606060606 1.878787878787879 2.8181818181818183 2.696969696969697 2.4545454545454546
24 119.6173562121893 1.3333333333333333 1.9191919191919191 1.3535353535353536 1.3333333333333333 2.0 1.0707070707070707 1.2525252525252526 1.878787878787879 1.797979797979798 1.6363636363636365
25 66.00701620989985 2.0 2.878787878787879 2.0303030303030303 2.0 3.0 1.606060606060606 1.878787878787879 2.8181818181818183 2.696969696969697 2.4545454545454546
26 32.632299178198764 2.0 2.878787878787879 2.0303030303030303 2.0 3.0 1.606060606060606 1.878787878787879 2.8181818181818183 2.696969696969697 2.4545454545454546
27 94.12346985458412 1.3333333333333333 1.9191919191919191 1.3535353535353536 1.3333333333333333 2.0 1.0707070707070707 1.2525252525252526 1.878787878787879 1.797979797979798 1.6363636363636365
28 921.0 1.3333333333333333 1.9191919191919191 1.3535353535353536 1.3333333333333333 2.0 1.0707070707070707 1.2525252525252526 1.878787878787879 1.797979797979798 1.6363636363636365
29 129.2111544945757 2.0 2.878787878787879 2.0303030303030303 2.0 3.0 1.606060606060606 1.878787878787879 2.8181818181818183 2.696969696969697 2.4545454545454546
30 49.85029684298127 2.0 2.878787878787879 2.0303030303030303 2.0 3.0 1.606060606060606 1.878787878787879 2.8181818181818183 2.696969696969697 2.4545454545454546
31 123.64130569900263 2.0 2.878787878787879 2.0303030303030303 2.0 3.0 1.606060606060606 1.878787878787879 2.8181818181818183 2.696969696969697 2.4545454545454546
32 60.48415780302064 1.3333333333333333 1.9191919191919191 1.3535353535353536 1.3333333333333333 2.0 1.0707070707070707 1.2525252525252526 1.878787878787879 1.797979797979798 1.6363636363636365
33 20.62769347047553 1.3333333333333333 1.9191919191919191 1.3535353535353536 1.3333333333333333 2.0 1.0707070707070707 1.2525252525252526 1.878787878787879 1.797979797979798 1.6363636363636365
34 53.95537709252117 1.3333333333333333 1.9191919191919191 1.3535353535353536 1.3333333333333333 2.0 1.0707070707070707 1.2525252525252526 1.878787878787879 1.797979797979798 1.6363636363636365
35 117.08036758124591 2.0 2.878787878787879 2.0303030303030303 2.0 3.0 1.606060606060606 1.878787878787879 2.8181818181818183 2.696969696969697 2.4545454545454546
36 64.46232558728514 2.0 2.878787878787879 2.0303030303030303 2.0 3.0 1.606060606060606 1.878787878787879 2.8181818181818183 2.696969696969697 2.4545454545454546
37 54.72814336954309 2.0 2.878787878787879 2.0303030303030303 2.0 3.0 1.606060606060606 1.878787878787879 2.8181818181818183 2.696969696969697 2.4545454545454546
38 50.60663577501289 1.3333333333333333 1.9191919191919191 1.3535353535353536 1.3333333333333333 2.0 1.0707070707070707 1.2525252525252526 1.878787878787879 1.797979797979798 1.6363636363636365
39 69.03513284539756 2.0 2.878787878787879 2.0303030303030303 2.0 3.0 1.606060606060606 1.878787878787879 2.8181818181818183 2.696969696969697 2.4545454545454546
40 17.556159885184048 1.3333333333333333 1.9191919191919191 1.3535353535353536 1.3333333333333333 2.0 1.0707070707070707 1.2525252525252526 1.878787878787879 1.797979797979798 1.6363636363636365
41 474.0 1.3333333333333333 1.9191919191919191 1.3535353535353536 1.3333333333333333 2.0 1.0707070707070707 1.2525252525252526 1.878787878787879 1.797979797979798 1.6363636363636365
42 7.427616314081367 1.3333333333333333 1.9191919191919191 1.3535353535353536 1.3333333333333333 2.0 1.0707070707070707 1.2525252525252526 1.878787878787879 1.797979797979798 1.6363636363636365
43 42.558841231745724 2.0 2.878787878787879 2.0303030303030303 2.0 3.0 1.606060606060606 1.878787878787879 2.8181818181818183 2.696969696969697 2.4545454545454546
44 40.69325380138624 1.3333333333333333 1.9191919191919191 1.3535353535353536 1.3333333333333333 2.0 1.0707070707070707 1.2525252525252526 1.878787878787879 1.797979797979798 1.6363636363636365
45 61.00021319815403 2.0 2.878787878787879 2.0303030303030303 2.0 3.0 1.606060606060606 1.878787878787879 2.8181818181818183 2.696969696969697 2.4545454545454546
46 66.11998004416272 2.0 2.878787878787879 2.0303030303030303 2.0 3.0 1.606060606060606 1.878787878787879 2.8181818181818183 2.696969696969697 2.4545454545454546
47 22.075152120692124 1.3333333333333333 1.9191919191919191 1.3535353535353536 1.3333333333333333 2.0 1.0707070707070707 1.2525252525252526 1.878787878787879 1.797979797979798 1.6363636363636365
48 67.8858227700214 2.0 2.878787878787879 2.0303030303030303 2.0 3.0 1.606060606060606 1.878787878787879 2.8181818181818183 2.696969696969697 2.4545454545454546
49 13.414850790648298 2.0 2.878787878787879 2.0303030303030303 2.0 3.0 1.606060606060606 1.878787878787879 2.8181818181818183 2.696969696969697 2.4545454545454546
50 33.321541219896694 2.0 2.878787878787879 2.0303030303030303 2.0 3.0 1.606060606060606 1.878787878787879 2.8181818181818183 2.696969696969697 2.4545454545454546
51 43.88920001992466 2.0 2.878787878787879 2.0303030303030303 2.0 3.0 1.606060606060606 1.878787878787879 2.8181818181818183 2.696969696969697 2.4545454545454546
52 6.972813601408154 2.0 2.878787878787879 2.0303030303030303 2.0 3.0 1.606060606060606 1.878787878787879 2.8181818181818183 2.696969696969697 2.4545454545454546
53 33.65494132366727 2.0 2.878787878787879 2.0303030303030303 2.0 3.0 1.606060606060606 1.878787878787879 2.8181818181818183 2.696969696969697 2.4545454545454546
54 71.1544609225693 2.0 2.878787878787879 2.0303030303030303 2.0 3.0 1.606060606060606 1.878787878787879 2.8181818181818183 2.696969696969697 2.4545454545454546
55 103.99807587925889 2.0 2.878787878787879 2.0303030303030303 2.0 3.0 1.606060606060606 1.878787878787879 2.8181818181818183 2.696969696969697 2.4545454545454546
56 22.60237658748251 1.3333333333333333 1.9191919191919191 1.3535353535353536 1.3333333333333333 2.0 1.0707070707070707 1.2525252525252526 1.878787878787879 1.797979797979798 1.6363636363636365
57 11.532715579506384 2.0 2.878787878787879 2.0303030303030303 2.0 3.0 1.606060606060606 1.878787878787879 2.8181818181818183 2.696969696969697 2.4545454545454546
58 261.6847888349334 1.3333333333333333 1.9191919191919191 1.3535353535353536 1.3333333333333333 2.0 1.0707070707070707 1.2525252525252526 1.878787878787879 1.797979797979798 1.6363636363636365
59 42.537214222906 2.0 2.878787878787879 2.0303030303030303 2.0 3.0 1.606060606060606 1.878787878787879 2.8181818181818183 2.696969696969697 2.4545454545454546
60 31.495801920699478 1.3333333333333333 1.9191919191919191 1.3535353535353536 1.3333333333333333 2.0 1.0707070707070707 1.2525252525252526 1.878787878787879 1.797979797979798 1.6363636363636365
61 29.632023974362546 2.0 2.878787878787879 2.0303030303030303 2.0 3.0 1.606060606060606 1.878787878787879 2.8181818181818183 2.696969696969697 2.4545454545454546
62 68.11785035420073 1.3333333333333333 1.9191919191919191 1.3535353535353536 1.3333333333333333 2.0 1.0707070707070707 1.2525252525252526 1.878787878787879 1.797979797979798 1.6363636363636365
63 124.72379666204239 1.3333333333333333 1.9191919191919191 1.3535353535353536 1.3333333333333333 2.0 1.0707070707070707 1.2525252525252526 1.878787878787879 1.797979797979798 1.6363636363636365
64 21.646486160242823 2.0 2.878787878787879 2.0303030303030303 2.0 3.0 1.606060606060606 1.878787878787879 2.8181818181818183 2.696969696969697 2.4545454545454546
65 4.517270581873117 2.0 2.878787878787879 2.0303030303030303 2.0 3.0 1.606060606060606 1.878787878787879 2.8181818181818183 2.696969696969697 2.4545454545454546
66 166.0 1.3333333333333333 1.9191919191919191 1.3535353535353536 1.3333333333333333 2.0 1.0707070707070707 1.2525252525252526 1.878787878787879 1.797979797979798 1.6363636363636365
67 124.13219360190065 1.3333333333333333 1.9191919191919191 1.3535353535353536 1.3333333333333333 2.0 1.0707070707070707 1.2525252525252526 1.878787878787879 1.797979797979798 1.6363636363636365
68 148.53243967057324 1.3333333333333333 1.9191919191919191 1.3535353535353536 1.3333333333333333 2.0 1.0707070707070707 1.2525252525252526 1.878787878787879 1.797979797979798 1.6363636363636365
69 65.584371001877 2.0 2.878787878787879 2.0303030303030303 2.0 3.0 1.606060606060606 1.878787878787879 2.8181818181818183 2.696969696969697 2.4545454545454546
70 51.92978883918175 1.3333333333333333 1.9191919191919191 1.3535353535353536 1.3333333333333333 2.0 1.0707070707070707 1.2525252525252526 1.878787878787879 1.797979797979798 1.6363636363636365
71 1081.0 1.3333333333333333 1.9191919191919191 1.3535353535353536 1.3333333333333333 2.0 1.0707070707070707 1.2525252525252526 1.878787878787879 1.797979797979798 1.6363636363636365
72 125.73903484079047 1.3333333333333333 1.9191919191919191 1.3535353535353536 1.3333333333333333 2.0 1.0707070707070707 1.2525252525252526 1.878787878787879 1.797979797979798 1.6363636363636365
73 5.641007570743232 2.0 2.878787878787879 2.0303030303030303 2.0 3.0 1.606060606060606 1.878787878787879 2.8181818181818183 2.696969696969697 2.4545454545454546
74 49.57013069596767 2.0 2.878787878787879 2.0303030303030303 2.0 3.0 1.606060606060606 1.878787878787879 2.8181818181818183 2.696969696969697 2.4545454545454546
75 9.633795060528314 2.0 2.878787878787879 2.0303030303030303 2.0 3.0 1.606060606060606 1.878787878787879 2.8181818181818183 2.696969696969697 2.4545454545454546
76 26.459577298394613 1.3333333333333333 1.9191919191919191 1.3535353535353536 1.3333333333333333 2.0 1.0707070707070707 1.2525252525252526 1.878787878787879 1.797979797979798 1.6363636363636365
77 117.76238184676654 1.3333333333333333 1.9191919191919191 1.3535353535353536 1.3333333333333333 2.0 1.0707070707070707 1.2525252525252526 1.878787878787879 1.797979797979798 1.6363636363636365
78 80.10196265870952 1.3333333333333333 1.9191919191919191 1.3535353535353536 1.3333333333333333 2.0 1.0707070707070707 1.2525252525252526 1.878787878787879 1.797979797979798 1.6363636363636365
79 9.149115013625638 1.3333333333333333 1.9191919191919191 1.3535353535353536 1.3333333333333333 2.0 1.0707070707070707 1.2525252525252526 1.878787878787879 1.797979797979798 1.6363636363636365
80 20.33184423925662 1.3333333333333333 1.9191919191919191 1.3535353535353536 1.3333333333333333 2.0 1.0707070707070707 1.2525252525252526 1.878787878787879 1.797979797979798 1.6363636363636365
81 43.87432787754531 2.0 2.878787878787879 2.0303030303030303 2.0 3.0 1.606060606060606 1.878787878787879 2.8181818181818183 2.696969696969697 2.4545454545454546
82 146.9896616095631 1.3333333333333333 1.9191919191919191 1.3535353535353536 1.3333333333333333 2.0 1.0707070707070707 1.2525252525252526 1.878787878787879 1.797979797979798 1.6363636363636365
83 55.88018481558223 1.3333333333333333 1.9191919191919191 1.3535353535353536 1.3333333333333333 2.0 1.0707070707070707 1.2525252525252526 1.878787878787879 1.797979797979798 1.6363636363636365
84 96.27060721685474 1.3333333333333333 1.9191919191919191 1.3535353535353536 1.3333333333333333 2.0 1.0707070707070707 1.2525252525252526 1.878787878787879 1.797979797979798 1.6363636363636365
85 104.19559659584705 1.3333333333333333 1.9191919191919191 1.3535353535353536 1.3333333333333333 2.0 1.0707070707070707 1.2525252525252526 1.878787878787879 1.797979797979798 1.6363636363636365
86 89.8001003596663 2.0 2.878787878787879 2.0303030303030303 2.0 3.0 1.606060606060606 1.878787878787879 2.8181818181818183 2.696969696969697 2.4545454545454546
87 89.16932049064155 1.3333333333333333 1.9191919191919191 1.3535353535353536 1.3333333333333333 2.0 1.0707070707070707 1.2525252525252526 1.878787878787879 1.797979797979798 1.6363636363636365
88 51.55087713787057 1.3333333333333333 1.9191919191919191 1.3535353535353536 1.3333333333333333 2.0 1.0707070707070707 1.2525252525252526 1.878787878787879 1.797979797979798 1.6363636363636365
89 77.43339835265417 2.0 2.878787878787879 2.0303030303030303 2.0 3.0 1.606060606060606 1.878787878787879 2.8181818181818183 2.696969696969697 2.4545454545454546
90 137.7831536266604 2.0 2.878787878787879 2.0303030303030303 2.0 3.0 1.606060606060606 1.878787878787879 2.8181818181818183 2.696969696969697 2.4545454545454546
91 26.911212684523015 2.0 2.878787878787879 2.0303030303030303 2.0 3.0 1.606060606060606 1.878787878787879 2.8181818181818183 2.696969696969697 2.4545454545454546
92 10.886785323024185 1.3333333333333333 1.9191919191919191 1.3535353535353536 1.3333333333333333 2.0 1.0707070707070707 1.2525252525252526 1.878787878787879 1.797979797979798 1.6363636363636365
93 34.87065205326843 1.3333333333333333 1.9191919191919191 1.3535353535353536 1.3333333333333333 2.0 1.0707070707070707 1.2525252525252526 1.878787878787879 1.797979797979798 1.6363636363636365
94 9.669632843272307 2.0 2.878787878787879 2.0303030303030303 2.0 3.0 1.606060606060606 1.878787878787879 2.8181818181818183 2.696969696969697 2.4545454545454546
95 31.69951040408196 2.0 2.878787878787879 2.0303030303030303 2.0 3.0 1.606060606060606 1.878787878787879 2.8181818181818183 2.696969696969697 2.4545454545454546
96 70.35793036648761 2.0 2.878787878787879 2.0303030303030303 2.0 3.0 1.606060606060606 1.878787878787879 2.8181818181818183 2.696969696969697 2.4545454545454546
97 43.0710090552397 1.3333333333333333 1.9191919191919191 1.3535353535353536 1.3333333333333333 2.0 1.0707070707070707 1.2525252525252526 1.878787878787879 1.797979797979798 1.6363636363636365
98 36.6016445129342 1.3333333333333333 1.9191919191919191 1.3535353535353536 1.3333333333333333 2.0 1.0707070707070707 1.2525252525252526 1.878787878787879 1.797979797979798 1.6363636363636365
99 21.563589106807918 2.0 2.878787878787879 2.0303030303030303 2.0 3.0 1.606060606060606 1.878787878787879 2.8181818181818183 2.696969696969697 2.4545454545454546
100 93.5468827170309 1.3333333333333333 1.9191919191919191 1.3535353535353536 1.3333333333333333 2.0 1.0707070707070707 1.2525252525252526 1.878787878787879 1.797979797979798 1.6363636363636365
101 53.962532331555636 1.3333333333333333 1.9191919191919191 1.3535353535353536 1.3333333333333333 2.0 1.0707070707070707 1.2525252525252526 1.878787878787879 1.797979797979798 1.6363636363636365
102 14.530499997745348 2.0 2.878787878787879 2.0303030303030303 2.0 3.0 1.606060606060606 1.878787878787879 2.8181818181818183 2.696969696969697 2.4545454545454546
103 44.41901877053016 1.3333333333333333 1.9191919191919191 1.3535353535353536 1.3333333333333333 2.0 1.0707070707070707 1.2525252525252526 1.878787878787879 1.797979797979798 1.6363636363636365
104 80.81669104903627 1.3333333333333333 1.9191919191919191 1.3535353535353536 1.3333333333333333 2.0 1.0707070707070707 1.2525252525252526 1.878787878787879 1.797979797979798 1.6363636363636365
105 49.944034945554435 1.3333333333333333 1.9191919191919191 1.3535353535353536 1.3333333333333333 2.0 1.0707070707070707 1.2525252525252526 1.878787878787879 1.797979797979798 1.6363636363636365
106 89.60374843390223 2.0 2.878787878787879 2.0303030303030303 2.0 3.0 1.606060606060606 1.878787878787879 2.8181818181818183 2.696969696969697 2.4545454545454546
107 15.570105827038143 2.0 2.878787878787879 2.0303030303030303 2.0 3.0 1.606060606060606 1.878787878787879 2.8181818181818183 2.696969696969697 2.4545454545454546
108 202.39161679281796 2.0 2.878787878787879 2.0303030303030303 2.0 3.0 1.606060606060606 1.878787878787879 2.8181818181818183 2.696969696969697 2.4545454545454546
109 66.99553616152926 1.3333333333333333 1.9191919191919191 1.3535353535353536 1.3333333333333333 2.0 1.0707070707070707 1.2525252525252526 1.878787878787879 1.797979797979798 1.6363636363636365
110 185.47455406025583 2.0 2.878787878787879 2.0303030303030303 2.0 3.0 1.606060606060606 1.878787878787879 2.8181818181818183 2.696969696969697 2.4545454545454546
111 66.45056934806438 1.3333333333333333 1.9191919191919191 1.3535353535353536 1.3333333333333333 2.0 1.0707070707070707 1.2525252525252526 1.878787878787879 1.797979797979798 1.6363636363636365
112 15.505110105227477 2.0 2.878787878787879 2.0303030303030303 2.0 3.0 1.606060606060606 1.878787878787879 2.8181818181818183 2.696969696969697 2.4545454545454546
113 21.91194249189551 2.0 2.878787878787879 2.0303030303030303 2.0 3.0 1.606060606060606 1.878787878787879 2.8181818181818183 2.696969696969697 2.4545454545454546
114 75.1359455801766 1.3333333333333333 1.9191919191919191 1.3535353535353536 1.3333333333333333 2.0 1.0707070707070707 1.2525252525252526 1.878787878787879 1.797979797979798 1.6363636363636365
115 51.00844944920657 1.3333333333333333 1.9191919191919191 1.3535353535353536 1.3333333333333333 2.0 1.0707070707070707 1.2525252525252526 1.878787878787879 1.797979797979798 1.6363636363636365
116 71.66119386001674 1.3333333333333333 1.9191919191919191 1.3535353535353536 1.3333333333333333 2.0 1.0707070707070707 1.2525252525252526 1.878787878787879 1.797979797979798 1.6363636363636365
117 78.20742973957603 1.3333333333333333 1.9191919191919191 1.3535353535353536 1.3333333333333333 2.0 1.0707070707070707 1.2525252525252526 1.878787878787879 1.797979797979798 1.6363636363636365
118 6.876624926941365 2.0 2.878787878787879 2.0303030303030303 2.0 3.0 1.606060606060606 1.878787878787879 2.8181818181818183 2.696969696969697 2.4545454545454546
119 66.79998115223262 2.0 2.878787878787879 2.0303030303030303 2.0 3.0 1.606060606060606 1.878787878787879 2.8181818181818183 2.696969696969697 2.4545454545454546
120 77.08800040559427 1.3333333333333333 1.9191919191919191 1.3535353535353536 1.3333333333333333 2.0 1.0707070707070707 1.2525252525252526 1.878787878787879 1.797979797979798 1.6363636363636365
121 32.29677690522645 1.3333333333333333 1.9191919191919191 1.3535353535353536 1.3333333333333333 2.0 1.0707070707070707 1.2525252525252526 1.878787878787879 1.797979797979798 1.6363636363636365
122 48.50930576156287 2.0 2.878787878787879 2.0303030303030303 2.0 3.0 1.606060606060606 1.878787878787879 2.8181818181818183 2.696969696969697 2.4545454545454546
123 17.694711623343785 2.0 2.878787878787879 2.0303030303030303 2.0 3.0 1.606060606060606 1.878787878787879 2.8181818181818183 2.696969696969697 2.4545454545454546
124 200.76055563961316 1.3333333333333333 1.9191919191919191 1.3535353535353536 1.3333333333333333 2.0 1.0707070707070707 1.2525252525252526 1.878787878787879 1.797979797979798 1.6363636363636365
125 59.05525293216417 2.0 2.878787878787879 2.0303030303030303 2.0 3.0 1.606060606060606 1.878787878787879 2.8181818181818183 2.696969696969697 2.4545454545454546
126 102.70927426847376 2.0 2.878787878787879 2.0303030303030303 2.0 3.0 1.606060606060606 1.878787878787879 2.8181818181818183 2.696969696969697 2.4545454545454546
127 16.38505202794137 2.0 2.878787878787879 2.0303030303030303 2.0 3.0 1.606060606060606 1.878787878787879 2.8181818181818183 2.696969696969697 2.4545454545454546
128 38.91475440103515 1.3333333333333333 1.9191919191919191 1.3535353535353536 1.3333333333333333 2.0 1.0707070707070707 1.2525252525252526 1.878787878787879 1.797979797979798 1.6363636363636365
129 86.26679926735189 2.0 2.878787878787879 2.0303030303030303 2.0 3.0 1.606060606060606 1.878787878787879 2.8181818181818183 2.696969696969697 2.4545454545454546
130 55.18531062859917 1.3333333333333333 1.9191919191919191 1.3535353535353536 1.3333333333333333 2.0 1.0707070707070707 1.2525252525252526 1.878787878787879 1.797979797979798 1.6363636363636365
131 18.392823434957045 2.0 2.878787878787879 2.0303030303030303 2.0 3.0 1.606060606060606 1.878787878787879 2.8181818181818183 2.696969696969697 2.4545454545454546
132 34.01173759165464 1.3333333333333333 1.9191919191919191 1.3535353535353536 1.3333333333333333 2.0 1.0707070707070707 1.2525252525252526 1.878787878787879 1.797979797979798 1.6363636363636365
133 116.67184449036665 1.3333333333333333 1.9191919191919191 1.3535353535353536 1.3333333333333333 2.0 1.0707070707070707 1.2525252525252526 1.878787878787879 1.797979797979798 1.6363636363636365
134 43.1722915828489 2.0 2.878787878787879 2.0303030303030303 2.0 3.0 1.606060606060606 1.878787878787879 2.8181818181818183 2.696969696969697 2.4545454545454546
135 17.975080036755205 2.0 2.878787878787879 2.0303030303030303 2.0 3.0 1.606060606060606 1.878787878787879 2.8181818181818183 2.696969696969697 2.4545454545454546
136 68.68867859559478 1.3333333333333333 1.9191919191919191 1.3535353535353536 1.3333333333333333 2.0 1.0707070707070707 1.2525252525252526 1.878787878787879 1.797979797979798 1.6363636363636365
137 134.6444676903756 1.3333333333333333 1.9191919191919191 1.3535353535353536 1.3333333333333333 2.0 1.0707070707070707 1.2525252525252526 1.878787878787879 1.797979797979798 1.6363636363636365
138 79.23602924973937 1.3333333333333333 1.9191919191919191 1.3535353535353536 1.3333333333333333 2.0 1.0707070707070707 1.2525252525252526 1.878787878787879 1.797979797979798 1.6363636363636365
139 1027.0 2.0 2.878787878787879 2.0303030303030303 2.0 3.0 1.606060606060606 1.878787878787879 2.8181818181818183 2.696969696969697 2.4545454545454546
140 41.74306875219374 1.3333333333333333 1.9191919191919191 1.3535353535353536 1.3333333333333333 2.0 1.0707070707070707 1.2525252525252526 1.878787878787879 1.797979797979798 1.6363636363636365
141 5.284916010244794 2.0 2.878787878787879 2.0303030303030303 2.0 3.0 1.606060606060606 1.878787878787879 2.8181818181818183 2.696969696969697 2.4545454545454546
142 17.257942521851938 1.3333333333333333 1.9191919191919191 1.3535353535353536 1.3333333333333333 2.0 1.0707070707070707 1.2525252525252526 1.878787878787879 1.797979797979798 1.6363636363636365
143 36.84672609207786 1.3333333333333333 1.9191919191919191 1.3535353535353536 1.3333333333333333 2.0 1.0707070707070707 1.2525252525252526 1.878787878787879 1.797979797979798 1.6363636363636365
144 35.17764331139723 1.3333333333333333 1.9191919191919191 1.3535353535353536 1.3333333333333333 2.0 1.0707070707070707 1.2525252525252526 1.878787878787879 1.797979797979798 1.6363636363636365
145 25.302978772433285 1.3333333333333333 1.9191919191919191 1.3535353535353536 1.3333333333333333 2.0 1.0707070707070707 1.2525252525252526 1.878787878787879 1.797979797979798 1.6363636363636365
146 34.61114389683332 1.3333333333333333 1.9191919191919191 1.3535353535353536 1.3333333333333333 2.0 1.0707070707070707 1.2525252525252526 1.878787878787879 1.797979797979798 1.6363636363636365
147 35.95639429279848 2.0 2.878787878787879 2.0303030303030303 2.0 3.0 1.606060606060606 1.878787878787879 2.8181818181818183 2.696969696969697 2.4545454545454546
148 11.172677546758578 1.3333333333333333 1.9191919191919191 1.3535353535353536 1.3333333333333333 2.0 1.0707070707070707 1.2525252525252526 1.878787878787879 1.797979797979798 1.6363636363636365
149 98.260980019714 1.3333333333333333 1.9191919191919191 1.3535353535353536 1.3333333333333333 2.0 1.0707070707070707 1.2525252525252526 1.878787878787879 1.797979797979798 1.6363636363636365
150 124.04943470496633 2.0 2.878787878787879 2.0303030303030303 2.0 3.0 1.606060606060606 1.878787878787879 2.8181818181818183 2.696969696969697 2.4545454545454546
151 54.58824746274512 1.3333333333333333 1.9191919191919191 1.3535353535353536 1.3333333333333333 2.0 1.0707070707070707 1.2525252525252526 1.878787878787879 1.797979797979798 1.6363636363636365
152 24.390884970220547 2.0 2.878787878787879 2.0303030303030303 2.0 3.0 1.606060606060606 1.878787878787879 2.8181818181818183 2.696969696969697 2.4545454545454546
153 68.96624274054464 1.3333333333333333 1.9191919191919191 1.3535353535353536 1.3333333333333333 2.0 1.0707070707070707 1.2525252525252526 1.878787878787879 1.797979797979798 1.6363636363636365
154 54.617886865580985 1.3333333333333333 1.9191919191919191 1.3535353535353536 1.3333333333333333 2.0 1.0707070707070707 1.2525252525252526 1.878787878787879 1.797979797979798 1.6363636363636365
155 0.9367581529346758 2.0 2.878787878787879 2.0303030303030303 2.0 3.0 1.606060606060606 1.878787878787879 2.8181818181818183 2.696969696969697 2.4545454545454546
156 164.58825780402282 2.0 2.878787878787879 2.0303030303030303 2.0 3.0 1.606060606060606 1.878787878787879 2.8181818181818183 2.696969696969697 2.4545454545454546
157 2.011258363550759 1.3333333333333333 1.9191919191919191 1.3535353535353536 1.3333333333333333 2.0 1.0707070707070707 1.2525252525252526 1.878787878787879 1.797979797979798 1.6363636363636365
158 91.19444111381318 2.0 2.878787878787879 2.0303030303030303 2.0 3.0 1.606060606060606 1.878787878787879 2.8181818181818183 2.696969696969697 2.4545454545454546
159 35.26435101084743 2.0 2.878787878787879 2.0303030303030303 2.0 3.0 1.606060606060606 1.878787878787879 2.8181818181818183 2.696969696969697 2.4545454545454546
160 22.116998039598307 1.3333333333333333 1.9191919191919191 1.3535353535353536 1.3333333333333333 2.0 1.0707070707070707 1.2525252525252526 1.878787878787879 1.797979797979798 1.6363636363636365
161 62.75911815861737 2.0 2.878787878787879 2.0303030303030303 2.0 3.0 1.606060606060606 1.878787878787879 2.8181818181818183 2.696969696969697 2.4545454545454546
162 19.57949860936808 2.0 2.878787878787879 2.0303030303030303 2.0 3.0 1.606060606060606 1.878787878787879 2.8181818181818183 2.696969696969697 2.4545454545454546
163 29.487666832379887 2.0 2.878787878787879 2.0303030303030303 2.0 3.0 1.606060606060606 1.878787878787879 2.8181818181818183 2.696969696969697 2.4545454545454546
164 39.36138998277796 1.3333333333333333 1.9191919191919191 1.3535353535353536 1.3333333333333333 2.0 1.0707070707070707 1.2525252525252526 1.878787878787879 1.797979797979798 1.6363636363636365
165 61.598030305459844 2.0 2.878787878787879 2.0303030303030303 2.0 3.0 1.606060606060606 1.878787878787879 2.8181818181818183 2.696969696969697 2.4545454545454546
166 36.72761871653495 2.0 2.878787878787879 2.0303030303030303 2.0 3.0 1.606060606060606 1.878787878787879 2.8181818181818183 2.696969696969697 2.4545454545454546
167 34.790394219358106 1.3333333333333333 1.9191919191919191 1.3535353535353536 1.3333333333333333 2.0 1.0707070707070707 1.2525252525252526 1.878787878787879 1.797979797979798 1.6363636363636365
168 17.17043245092558 2.0 2.878787878787879 2.0303030303030303 2.0 3.0 1.606060606060606 1.878787878787879 2.8181818181818183 2.696969696969697 2.4545454545454546
169 265.0 2.0 2.878787878787879 2.0303030303030303 2.0 3.0 1.606060606060606 1.878787878787879 2.8181818181818183 2.696969696969697 2.4545454545454546
170 55.32485123080604 2.0 2.878787878787879 2.0303030303030303 2.0 3.0 1.606060606060606 1.878787878787879 2.8181818181818183 2.696969696969697 2.4545454545454546
171 72.78975346784956 2.0 2.878787878787879 2.0303030303030303 2.0 3.0 1.606060606060606 1.878787878787879 2.8181818181818183 2.696969696969697 2.4545454545454546
172 5.479555849384046 1.3333333333333333 1.9191919191919191 1.3535353535353536 1.3333333333333333 2.0 1.0707070707070707 1.2525252525252526 1.878787878787879 1.797979797979798 1.6363636363636365
173 67.57059117875818 1.3333333333333333 1.9191919191919191 1.3535353535353536 1.3333333333333333 2.0 1.0707070707070707 1.2525252525252526 1.878787878787879 1.797979797979798 1.6363636363636365
174 41.253024729523986 1.3333333333333333 1.9191919191919191 1.3535353535353536 1.3333333333333333 2.0 1.0707070707070707 1.2525252525252526 1.878787878787879 1.797979797979798 1.6363636363636365
175 51.462454150487545 2.0 2.878787878787879 2.0303030303030303 2.0 3.0 1.606060606060606 1.878787878787879 2.8181818181818183 2.696969696969697 2.4545454545454546
176 57.56461217668933 2.0 2.878787878787879 2.0303030303030303 2.0 3.0 1.606060606060606 1.878787878787879 2.8181818181818183 2.696969696969697 2.4545454545454546
177 10.326480465215035 1.3333333333333333 1.9191919191919191 1.3535353535353536 1.3333333333333333 2.0 1.0707070707070707 1.2525252525252526 1.878787878787879 1.797979797979798 1.6363636363636365
178 117.25797152740968 1.3333333333333333 1.9191919191919191 1.3535353535353536 1.3333333333333333 2.0 1.0707070707070707 1.2525252525252526 1.878787878787879 1.797979797979798 1.6363636363636365
179 32.55118328324844 1.3333333333333333 1.9191919191919191 1.3535353535353536 1.3333333333333333 2.0 1.0707070707070707 1.2525252525252526 1.878787878787879 1.797979797979798 1.6363636363636365
180 662.0 1.3333333333333333 1.9191919191919191 1.3535353535353536 1.3333333333333333 2.0 1.0707070707070707 1.2525252525252526 1.878787878787879 1.797979797979798 1.6363636363636365
181 21.435224920341863 1.3333333333333333 1.9191919191919191 1.3535353535353536 1.3333333333333333 2.0 1.0707070707070707 1.2525252525252526 1.878787878787879 1.797979797979798 1.6363636363636365
182 10.912692396924289 2.0 2.878787878787879 2.0303030303030303 2.0 3.0 1.606060606060606 1.878787878787879 2.8181818181818183 2.696969696969697 2.4545454545454546
183 22.7217932162403 2.0 2.878787878787879 2.0303030303030303 2.0 3.0 1.606060606060606 1.878787878787879 2.8181818181818183 2.696969696969697 2.4545454545454546
184 42.568897227431926 2.0 2.878787878787879 2.0303030303030303 2.0 3.0 1.606060606060606 1.878787878787879 2.8181818181818183 2.696969696969697 2.4545454545454546
185 69.68981750602448 2.0 2.878787878787879 2.0303030303030303 2.0 3.0 1.606060606060606 1.878787878787879 2.8181818181818183 2.696969696969697 2.4545454545454546
186 8.56038699249613 2.0 2.878787878787879 2.0303030303030303 2.0 3.0 1.606060606060606 1.878787878787879 2.8181818181818183 2.696969696969697 2.4545454545454546
187 98.68742330224704 1.3333333333333333 1.9191919191919191 1.3535353535353536 1.3333333333333333 2.0 1.0707070707070707 1.2525252525252526 1.878787878787879 1.797979797979798 1.6363636363636365
188 178.0 2.0 2.878787878787879 2.0303030303030303 2.0 3.0 1.606060606060606 1.878787878787879 2.8181818181818183 2.696969696969697 2.4545454545454546
189 63.372871163578075 1.3333333333333333 1.9191919191919191 1.3535353535353536 1.3333333333333333 2.0 1.0707070707070707 1.2525252525252526 1.878787878787879 1.797979797979798 1.6363636363636365
190 1075.0 2.0 2.878787878787879 2.0303030303030303 2.0 3.0 1.606060606060606 1.878787878787879 2.8181818181818183 2.696969696969697 2.4545454545454546
191 12.48198225804609 2.0 2.878787878787879 2.0303030303030303 2.0 3.0 1.606060606060606 1.878787878787879 2.8181818181818183 2.696969696969697 2.4545454545454546
192 61.78561469258091 1.3333333333333333 1.9191919191919191 1.3535353535353536 1.3333333333333333 2.0 1.0707070707070707 1.2525252525252526 1.878787878787879 1.797979797979798 1.6363636363636365
193 10.347945111655427 2.0 2.878787878787879 2.0303030303030303 2.0 3.0 1.606060606060606 1.878787878787879 2.8181818181818183 2.696969696969697 2.4545454545454546
194 12.860604357140005 1.3333333333333333 1.9191919191919191 1.3535353535353536 1.3333333333333333 2.0 1.0707070707070707 1.2525252525252526 1.878787878787879 1.797979797979798 1.6363636363636365
195 53.437476274358204 2.0 2.878787878787879 2.0303030303030303 2.0 3.0 1.606060606060606 1.878787878787879 2.8181818181818183 2.696969696969697 2.4545454545454546
196 32.1951310309937 1.3333333333333333 1.9191919191919191 1.3535353535353536 1.3333333333333333 2.0 1.0707070707070707 1.2525252525252526 1.878787878787879 1.797979797979798 1.6363636363636365
197 42.11950725510168 1.3333333333333333 1.9191919191919191 1.3535353535353536 1.3333333333333333 2.0 1.0707070707070707 1.2525252525252526 1.878787878787879 1.797979797979798 1.6363636363636365
198 43.660272429899834 1.3333333333333333 1.9191919191919191 1.3535353535353536 1.3333333333333333 2.0 1.0707070707070707 1.2525252525252526 1.878787878787879 1.797979797979798 1.6363636363636365
199 12.82584250035672 2.0 2.878787878787879 2.0303030303030303 2.0 3.0 1.606060606060606 1.878787878787879 2.8181818181818183 2.696969696969697 2.4545454545454546
