60 20
TREE NETWORK (nID nID Weight):
37 0 47
17 0 54
22 37 49
43 37 50
16 22 40
10 37 42
3 22 56
31 17 55
58 10 38
57 58 39
15 16 33
40 10 32
49 17 50
24 0 59
46 24 39
9 57 51
21 10 34
26 40 41
4 22 50
54 9 40
11 21 47
47 54 55
36 46 36
30 58 58
56 36 51
33 16 34
53 43 30
12 30 55
20 58 55
25 33 35
34 21 58
50 4 45
8 4 59
41 4 38
45 16 43
35 20 30
23 10 35
7 22 45
59 20 38
44 12 51
27 10 35
28 24 55
52 15 33
55 34 50
13 25 30
1 56 35
38 56 54
48 47 40
5 44 36
19 52 52
2 33 32
6 38 50
32 25 47
39 43 53
29 56 38
42 4 48
18 28 48
14 4 55
51 39 34
PROGRAMS ASSIGNED TO NODES (nID pID1 pID2 ...):
0 1 2 3 4 5 6 7 8 9 10 11 12 13 14 15 16 17 18 19 20
1 15
2 17 4 5
3 1 17 2 18 3 20 4 9 10 13 14 15
4 1 2 3 4 5 6 9 11 12 13 16 18 19 20
5 16 1 3 19 20 5 8 11 12 13 14 15
6 16 2 5 10 15
7 18 19 4 6 7 8 9 10 11 12 14
9 17 2 3 19 20 6 7 8 9 10 14
10 1 2 3 6 7 8 9 10 11 14 15 17 18 19
11 8 15
13 1 2 3 5 7 8 9 10 11 12 13 14 15 16 17 18 19
14 15
15 2 3 4 7 8 11 13 14 15 16 18 19 20
16 9 14 15
17 1 2 3 4 5 6 7 8 9 10 11 13 14 15 16 17 18 19 20
18 2 3 5 6 7 9 10 11 13 15 16 18 19
19 3 4 5 7 8 10 11 13 14 15 16 17 18 19
20 19 3 4 6 9
21 17 18 19 3 20 4 6 7 9 10 11
22 18
23 1 5 7 8 9 12 13 14 15 16 18 19 20
24 16 2 3 19 7 9 12 14
25 17 2 4 20 5 10 12 13 14 15
26 2 4 8 10 13
28 4 20 6 7 8 9 11 12
29 1 3 4 5 6 7 9 10 12 13 14 15 17 18 20
30 1 2 3 4 5 6 7 9 11 13 14 15 17 18 19 20
31 2 18 19 20 5 6 8 10 12 13 15
32 16 17 1 18 3 20 6 7 11 13 14 15
33 1 2 4 5 6 7 8 9 10 12 13 15 16
34 18 5 8 9
35 16 18 3 4 5 6 9 11 12 14
36 2 3 4 6 7 10 11 12 13 16 17 18 19 20
37 1 2 3 4 5 6 7 8 9 10 11 12 14 15 16 17 18 19
38 17 3 20 4 5 6 7 9 11 14 15
40 1 2 3 5 6 7 8 12 14 15 16 19 20
41 16 19 3 4 6 7 9 10 12 14 15
42 1 18 3 19 4 5 6 8 11 13 15
43 2 20 7 8 10 11
44 9
45 1 2 3 4 5 8 9 12 14 16 18 19 20
46 16 19 20 4 5 6 7 10 14
47 17 1 2 19 4 6 9 10 11 15
48 1 3 4 5 6 7 8 10 11 12 13 15 16 17
49 16 3 4 20 7 8 10 11
50 17 1 2 19 3 20 9 10 11 13
51 16 2 3 4 5 7 8 14
52 1 2 4 5 6 7 9 10 11 13 15 16 17 18 19 20
53 2 3 4 5 6 7 8 10 11 12 13 15 16 20
54 2 3 4 5 6 7 8 9 10 12 13 14 15 17 20
55 17 18 2 19 3 5 10 13 15
56 16 19 3 20 6 7 8 9 10 13 14
57 16 17 1 19 20 4 6 7 9 11 13
58 17 18 3 4 7 8 9 11 12 15
59 16 17 2 19 4 5 7 8 11 12 13 14
SIZE OF PROGRAMS (pID SIZE):
1 91.0
2 53.0
3 94.0
4 42.0
5 40.0
6 98.0
7 82.0
8 93.0
9 71.0
10 63.0
11 91.0
12 83.0
13 72.0
14 62.0
15 99.0
16 62.0
17 53.0
18 69.0
19 44.0
20 94.0
COST TO INSTALL SERVERS AND PROGRAMS ON NODES (COST_TO_INSTALL_SERVER COST_TO_INSTALL_pID1 ...):
0 5412.121212121212 2.757575757575758 1.606060606060606 2.8484848484848486 1.2727272727272727 1.2121212121212122 2.9696969696969697 2.484848484848485 2.8181818181818183 2.1515151515151514 1.9090909090909092 2.757575757575758 2.515151515151515 2.1818181818181817 1.878787878787879 3.0 1.878787878787879 1.606060606060606 2.090909090909091 1.3333333333333333 2.8484848484848486
1 17.708870684844317 1.8383838383838385 1.0707070707070707 1.898989898989899 0.8484848484848485 0.8080808080808081 1.97979797979798 1.6565656565656566 1.878787878787879 1.4343434343434343 1.2727272727272727 1.8383838383838385 1.6767676767676767 1.4545454545454546 1.2525252525252526 2.0 1.2525252525252526 1.0707070707070707 1.393939393939394 0.8888888888888888 1.898989898989899
2 14.891731196097458 2.757575757575758 1.606060606060606 2.8484848484848486 1.2727272727272727 1.2121212121212122 2.9696969696969697 2.484848484848485 2.8181818181818183 2.1515151515151514 1.9090909090909092 2.757575757575758 2.515151515151515 2.1818181818181817 1.878787878787879 3.0 1.878787878787879 1.606060606060606 2.090909090909091 1.3333333333333333 2.8484848484848486
3 50.31328656394852 2.757575757575758 1.606060606060606 2.8484848484848486 1.2727272727272727 1.2121212121212122 2.9696969696969697 2.484848484848485 2.8181818181818183 2.1515151515151514 1.9090909090909092 2.757575757575758 2.515151515151515 2.1818181818181817 1.878787878787879 3.0 1.878787878787879 1.606060606060606 2.090909090909091 1.3333333333333333 2.8484848484848486
4 47.12023153831672 2.757575757575758 1.606060606060606 2.8484848484848486 1.2727272727272727 1.2121212121212122 2.9696969696969697 2.484848484848485 2.8181818181818183 2.1515151515151514 1.9090909090909092 2.757575757575758 2.515151515151515 2.1818181818181817 1.878787878787879 3.0 1.878787878787879 1.606060606060606 2.090909090909091 1.3333333333333333 2.8484848484848486
5 132.87916928663958 1.8383838383838385 1.0707070707070707 1.898989898989899 0.8484848484848485 0.8080808080808081 1.97979797979798 1.6565656565656566 1.878787878787879 1.4343434343434343 1.2727272727272727 1.8383838383838385 1.6767676767676767 1.4545454545454546 1.2525252525252526 2.0 1.2525252525252526 1.0707070707070707 1.393939393939394 0.8888888888888888 1.898989898989899
6 59.58628876323208 1.8383838383838385 1.0707070707070707 1.898989898989899 0.8484848484848485 0.8080808080808081 1.97979797979798 1.6565656565656566 1.878787878787879 1.4343434343434343 1.2727272727272727 1.8383838383838385 1.6767676767676767 1.4545454545454546 1.2525252525252526 2.0 1.2525252525252526 1.0707070707070707 1.393939393939394 0.8888888888888888 1.898989898989899
7 57.745044621157 1.8383838383838385 1.0707070707070707 1.898989898989899 0.8484848484848485 0.8080808080808081 1.97979797979798 1.6565656565656566 1.878787878787879 1.4343434343434343 1.2727272727272727 1.8383838383838385 1.6767676767676767 1.4545454545454546 1.2525252525252526 2.0 1.2525252525252526 1.0707070707070707 1.393939393939394 0.8888888888888888 1.898989898989899
8 996.0 2.757575757575758 1.606060606060606 2.8484848484848486 1.2727272727272727 1.2121212121212122 2.9696969696969697 2.484848484848485 2.8181818181818183 2.1515151515151514 1.9090909090909092 2.757575757575758 2.515151515151515 2.1818181818181817 1.878787878787879 3.0 1.878787878787879 1.606060606060606 2.090909090909091 1.3333333333333333 2.8484848484848486
9 120.33268486345531 2.757575757575758 1.606060606060606 2.8484848484848486 1.2727272727272727 1.2121212121212122 2.9696969696969697 2.484848484848485 2.8181818181818183 2.1515151515151514 1.9090909090909092 2.757575757575758 2.515151515151515 2.1818181818181817 1.878787878787879 3.0 1.878787878787879 1.606060606060606 2.090909090909091 1.3333333333333333 2.8484848484848486
10 61.146572771515494 2.757575757575758 1.606060606060606 2.8484848484848486 1.2727272727272727 1.2121212121212122 2.9696969696969697 2.484848484848485 2.8181818181818183 2.1515151515151514 1.9090909090909092 2.757575757575758 2.515151515151515 2.1818181818181817 1.878787878787879 3.0 1.878787878787879 1.606060606060606 2.090909090909091 1.3333333333333333 2.8484848484848486
11 13.610419446365192 2.757575757575758 1.606060606060606 2.8484848484848486 1.2727272727272727 1.2121212121212122 2.9696969696969697 2.484848484848485 2.8181818181818183 2.1515151515151514 1.9090909090909092 2.757575757575758 2.515151515151515 2.1818181818181817 1.878787878787879 3.0 1.878787878787879 1.606060606060606 2.090909090909091 1.3333333333333333 2.8484848484848486
12 95.7627714569968 2.757575757575758 1.606060606060606 2.8484848484848486 1.2727272727272727 1.2121212121212122 2.9696969696969697 2.484848484848485 2.8181818181818183 2.1515151515151514 1.9090909090909092 2.757575757575758 2.515151515151515 2.1818181818181817 1.878787878787879 3.0 1.878787878787879 1.606060606060606 2.090909090909091 1.3333333333333333 2.8484848484848486
13 172.63687381585387 1.8383838383838385 1.0707070707070707 1.898989898989899 0.8484848484848485 0.8080808080808081 1.97979797979798 1.6565656565656566 1.878787878787879 1.4343434343434343 1.2727272727272727 1.8383838383838385 1.6767676767676767 1.4545454545454546 1.2525252525252526 2.0 1.2525252525252526 1.0707070707070707 1.393939393939394 0.8888888888888888 1.898989898989899
14 7.422229814105851 2.757575757575758 1.606060606060606 2.8484848484848486 1.2727272727272727 1.2121212121212122 2.9696969696969697 2.484848484848485 2.8181818181818183 2.1515151515151514 1.9090909090909092 2.757575757575758 2.515151515151515 2.1818181818181817 1.878787878787879 3.0 1.878787878787879 1.606060606060606 2.090909090909091 1.3333333333333333 2.8484848484848486
15 199.4663859675708 1.8383838383838385 1.0707070707070707 1.898989898989899 0.8484848484848485 0.8080808080808081 1.97979797979798 1.6565656565656566 1.878787878787879 1.4343434343434343 1.2727272727272727 1.8383838383838385 1.6767676767676767 1.4545454545454546 1.2525252525252526 2.0 1.2525252525252526 1.0707070707070707 1.393939393939394 0.8888888888888888 1.898989898989899
16 106.48406665581999 2.757575757575758 1.606060606060606 2.8484848484848486 1.2727272727272727 1.2121212121212122 2.9696969696969697 2.484848484848485 2.8181818181818183 2.1515151515151514 1.9090909090909092 2.757575757575758 2.515151515151515 2.1818181818181817 1.878787878787879 3.0 1.878787878787879 1.606060606060606 2.090909090909091 1.3333333333333333 2.8484848484848486
17 20.369234605815453 1.8383838383838385 1.0707070707070707 1.898989898989899 0.8484848484848485 0.8080808080808081 1.97979797979798 1.6565656565656566 1.878787878787879 1.4343434343434343 1.2727272727272727 1.8383838383838385 1.6767676767676767 1.4545454545454546 1.2525252525252526 2.0 1.2525252525252526 1.0707070707070707 1.393939393939394 0.8888888888888888 1.898989898989899
18 66.22313946828608 1.8383838383838385 1.0707070707070707 1.898989898989899 0.8484848484848485 0.8080808080808081 1.97979797979798 1.6565656565656566 1.878787878787879 1.4343434343434343 1.2727272727272727 1.8383838383838385 1.6767676767676767 1.4545454545454546 1.2525252525252526 2.0 1.2525252525252526 1.0707070707070707 1.393939393939394 0.8888888888888888 1.898989898989899
19 144.13559540688598 2.757575757575758 1.606060606060606 2.8484848484848486 1.2727272727272727 1.2121212121212122 2.9696969696969697 2.484848484848485 2.8181818181818183 2.1515151515151514 1.9090909090909092 2.757575757575758 2.515151515151515 2.1818181818181817 1.878787878787879 3.0 1.878787878787879 1.606060606060606 2.090909090909091 1.3333333333333333 2.8484848484848486
20 69.64549364699886 1.8383838383838385 1.0707070707070707 1.898989898989899 0.8484848484848485 0.8080808080808081 1.97979797979798 1.6565656565656566 1.878787878787879 1.4343434343434343 1.2727272727272727 1.8383838383838385 1.6767676767676767 1.4545454545454546 1.2525252525252526 2.0 1.2525252525252526 1.0707070707070707 1.393939393939394 0.8888888888888888 1.898989898989899
21 111.78400655521803 1.8383838383838385 1.0707070707070707 1.898989898989899 0.8484848484848485 0.8080808080808081 1.97979797979798 1.6565656565656566 1.878787878787879 1.4343434343434343 1.2727272727272727 1.8383838383838385 1.6767676767676767 1.4545454545454546 1.2525252525252526 2.0 1.2525252525252526 1.0707070707070707 1.393939393939394 0.8888888888888888 1.898989898989899
22 27.367951347499496 2.757575757575758 1.606060606060606 2.8484848484848486 1.2727272727272727 1.2121212121212122 2.9696969696969697 2.484848484848485 2.8181818181818183 2.1515151515151514 1.9090909090909092 2.757575757575758 2.515151515151515 2.1818181818181817 1.878787878787879 3.0 1.878787878787879 1.606060606060606 2.090909090909091 1.3333333333333333 2.8484848484848486
23 92.46829764593588 1.8383838383838385 1.0707070707070707 1.898989898989899 0.8484848484848485 0.8080808080808081 1.97979797979798 1.6565656565656566 1.878787878787879 1.4343434343434343 1.2727272727272727 1.8383838383838385 1.6767676767676767 1.4545454545454546 1.2525252525252526 2.0 1.2525252525252526 1.0707070707070707 1.393939393939394 0.8888888888888888 1.898989898989899
24 11.898995940055107 1.8383838383838385 1.0707070707070707 1.898989898989899 0.8484848484848485 0.8080808080808081 1.97979797979798 1.6565656565656566 1.878787878787879 1.4343434343434343 1.2727272727272727 1.8383838383838385 1.6767676767676767 1.4545454545454546 1.2525252525252526 2.0 1.2525252525252526 1.0707070707070707 1.393939393939394 0.8888888888888888 1.898989898989899
25 271.3274955600733 2.757575757575758 1.606060606060606 2.8484848484848486 1.2727272727272727 1.2121212121212122 2.9696969696969697 2.484848484848485 2.8181818181818183 2.1515151515151514 1.9090909090909092 2.757575757575758 2.515151515151515 2.1818181818181817 1.878787878787879 3.0 1.878787878787879 1.606060606060606 2.090909090909091 1.3333333333333333 2.8484848484848486
26 33.26542649235047 2.757575757575758 1.606060606060606 2.8484848484848486 1.2727272727272727 1.2121212121212122 2.9696969696969697 2.484848484848485 2.8181818181818183 2.1515151515151514 1.9090909090909092 2.757575757575758 2.515151515151515 2.1818181818181817 1.878787878787879 3.0 1.878787878787879 1.606060606060606 2.090909090909091 1.3333333333333333 2.8484848484848486
27 783.0 2.757575757575758 1.606060606060606 2.8484848484848486 1.2727272727272727 1.2121212121212122 2.9696969696969697 2.484848484848485 2.8181818181818183 2.1515151515151514 1.9090909090909092 2.757575757575758 2.515151515151515 2.1818181818181817 1.878787878787879 3.0 1.878787878787879 1.606060606060606 2.090909090909091 1.3333333333333333 2.8484848484848486
28 66.86993892849675 1.8383838383838385 1.0707070707070707 1.898989898989899 0.8484848484848485 0.8080808080808081 1.97979797979798 1.6565656565656566 1.878787878787879 1.4343434343434343 1.2727272727272727 1.8383838383838385 1.6767676767676767 1.4545454545454546 1.2525252525252526 2.0 1.2525252525252526 1.0707070707070707 1.393939393939394 0.8888888888888888 1.898989898989899
29 163.69037670686964 1.8383838383838385 1.0707070707070707 1.898989898989899 0.8484848484848485 0.8080808080808081 1.97979797979798 1.6565656565656566 1.878787878787879 1.4343434343434343 1.2727272727272727 1.8383838383838385 1.6767676767676767 1.4545454545454546 1.2525252525252526 2.0 1.2525252525252526 1.0707070707070707 1.393939393939394 0.8888888888888888 1.898989898989899
30 105.20506414498819 2.757575757575758 1.606060606060606 2.8484848484848486 1.2727272727272727 1.2121212121212122 2.9696969696969697 2.484848484848485 2.8181818181818183 2.1515151515151514 1.9090909090909092 2.757575757575758 2.515151515151515 2.1818181818181817 1.878787878787879 3.0 1.878787878787879 1.606060606060606 2.090909090909091 1.3333333333333333 2.8484848484848486
31 39.68120398687345 1.8383838383838385 1.0707070707070707 1.898989898989899 0.8484848484848485 0.8080808080808081 1.97979797979798 1.6565656565656566 1.878787878787879 1.4343434343434343 1.2727272727272727 1.8383838383838385 1.6767676767676767 1.4545454545454546 1.2525252525252526 2.0 1.2525252525252526 1.0707070707070707 1.393939393939394 0.8888888888888888 1.898989898989899
32 116.58670931243492 1.8383838383838385 1.0707070707070707 1.898989898989899 0.8484848484848485 0.8080808080808081 1.97979797979798 1.6565656565656566 1.878787878787879 1.4343434343434343 1.2727272727272727 1.8383838383838385 1.6767676767676767 1.4545454545454546 1.2525252525252526 2.0 1.2525252525252526 1.0707070707070707 1.393939393939394 0.8888888888888888 1.898989898989899
33 112.38376222886966 1.8383838383838385 1.0707070707070707 1.898989898989899 0.8484848484848485 0.8080808080808081 1.97979797979798 1.6565656565656566 1.878787878787879 1.4343434343434343 1.2727272727272727 1.8383838383838385 1.6767676767676767 1.4545454545454546 1.2525252525252526 2.0 1.2525252525252526 1.0707070707070707 1.393939393939394 0.8888888888888888 1.898989898989899
34 51.701665789910294 1.8383838383838385 1.0707070707070707 1.898989898989899 0.8484848484848485 0.8080808080808081 1.97979797979798 1.6565656565656566 1.878787878787879 1.4343434343434343 1.2727272727272727 1.8383838383838385 1.6767676767676767 1.4545454545454546 1.2525252525252526 2.0 1.2525252525252526 1.0707070707070707 1.393939393939394 0.8888888888888888 1.898989898989899
35 96.45639280260573 2.757575757575758 1.606060606060606 2.8484848484848486 1.2727272727272727 1.2121212121212122 2.9696969696969697 2.484848484848485 2.8181818181818183 2.1515151515151514 1.9090909090909092 2.757575757575758 2.515151515151515 2.1818181818181817 1.878787878787879 3.0 1.878787878787879 1.606060606060606 2.090909090909091 1.3333333333333333 2.8484848484848486
36 46.70400853334884 1.8383838383838385 1.0707070707070707 1.898989898989899 0.8484848484848485 0.8080808080808081 1.97979797979798 1.6565656565656566 1.878787878787879 1.4343434343434343 1.2727272727272727 1.8383838383838385 1.6767676767676767 1.4545454545454546 1.2525252525252526 2.0 1.2525252525252526 1.0707070707070707 1.393939393939394 0.8888888888888888 1.898989898989899
37 22.901993052427247 1.8383838383838385 1.0707070707070707 1.898989898989899 0.8484848484848485 0.8080808080808081 1.97979797979798 1.6565656565656566 1.878787878787879 1.4343434343434343 1.2727272727272727 1.8383838383838385 1.6767676767676767 1.4545454545454546 1.2525252525252526 2.0 1.2525252525252526 1.0707070707070707 1.393939393939394 0.8888888888888888 1.898989898989899
38 84.07019162746434 1.8383838383838385 1.0707070707070707 1.898989898989899 0.8484848484848485 0.8080808080808081 1.97979797979798 1.6565656565656566 1.878787878787879 1.4343434343434343 1.2727272727272727 1.8383838383838385 1.6767676767676767 1.4545454545454546 1.2525252525252526 2.0 1.2525252525252526 1.0707070707070707 1.393939393939394 0.8888888888888888 1.898989898989899
39 45.46921006900699 2.757575757575758 1.606060606060606 2.8484848484848486 1.2727272727272727 1.2121212121212122 2.9696969696969697 2.484848484848485 2.8181818181818183 2.1515151515151514 1.9090909090909092 2.757575757575758 2.515151515151515 2.1818181818181817 1.878787878787879 3.0 1.878787878787879 1.606060606060606 2.090909090909091 1.3333333333333333 2.8484848484848486
40 110.62810527189176 2.757575757575758 1.606060606060606 2.8484848484848486 1.2727272727272727 1.2121212121212122 2.9696969696969697 2.484848484848485 2.8181818181818183 2.1515151515151514 1.9090909090909092 2.757575757575758 2.515151515151515 2.1818181818181817 1.878787878787879 3.0 1.878787878787879 1.606060606060606 2.090909090909091 1.3333333333333333 2.8484848484848486
41 35.65480151945314 1.8383838383838385 1.0707070707070707 1.898989898989899 0.8484848484848485 0.8080808080808081 1.97979797979798 1.6565656565656566 1.878787878787879 1.4343434343434343 1.2727272727272727 1.8383838383838385 1.6767676767676767 1.4545454545454546 1.2525252525252526 2.0 1.2525252525252526 1.0707070707070707 1.393939393939394 0.8888888888888888 1.898989898989899
42 31.9628209808127 2.757575757575758 1.606060606060606 2.8484848484848486 1.2727272727272727 1.2121212121212122 2.9696969696969697 2.484848484848485 2.8181818181818183 2.1515151515151514 1.9090909090909092 2.757575757575758 2.515151515151515 2.1818181818181817 1.878787878787879 3.0 1.878787878787879 1.606060606060606 2.090909090909091 1.3333333333333333 2.8484848484848486
43 31.515786189750372 1.8383838383838385 1.0707070707070707 1.898989898989899 0.8484848484848485 0.8080808080808081 1.97979797979798 1.6565656565656566 1.878787878787879 1.4343434343434343 1.2727272727272727 1.8383838383838385 1.6767676767676767 1.4545454545454546 1.2525252525252526 2.0 1.2525252525252526 1.0707070707070707 1.393939393939394 0.8888888888888888 1.898989898989899
44 90.37438660555577 2.757575757575758 1.606060606060606 2.8484848484848486 1.2727272727272727 1.2121212121212122 2.9696969696969697 2.484848484848485 2.8181818181818183 2.1515151515151514 1.9090909090909092 2.757575757575758 2.515151515151515 2.1818181818181817 1.878787878787879 3.0 1.878787878787879 1.606060606060606 2.090909090909091 1.3333333333333333 2.8484848484848486
45 97.48764702907928 1.8383838383838385 1.0707070707070707 1.898989898989899 0.8484848484848485 0.8080808080808081 1.97979797979798 1.6565656565656566 1.878787878787879 1.4343434343434343 1.2727272727272727 1.8383838383838385 1.6767676767676767 1.4545454545454546 1.2525252525252526 2.0 1.2525252525252526 1.0707070707070707 1.393939393939394 0.8888888888888888 1.898989898989899
46 57.18182800292814 2.757575757575758 1.606060606060606 2.8484848484848486 1.2727272727272727 1.2121212121212122 2.9696969696969697 2.484848484848485 2.8181818181818183 2.1515151515151514 1.9090909090909092 2.757575757575758 2.515151515151515 2.1818181818181817 1.878787878787879 3.0 1.878787878787879 1.606060606060606 2.090909090909091 1.3333333333333333 2.8484848484848486
47 229.4391429921586 1.8383838383838385 1.0707070707070707 1.898989898989899 0.8484848484848485 0.8080808080808081 1.97979797979798 1.6565656565656566 1.878787878787879 1.4343434343434343 1.2727272727272727 1.8383838383838385 1.6767676767676767 1.4545454545454546 1.2525252525252526 2.0 1.2525252525252526 1.0707070707070707 1.393939393939394 0.8888888888888888 1.898989898989899
48 324.31958012677177 2.757575757575758 1.606060606060606 2.8484848484848486 1.2727272727272727 1.2121212121212122 2.9696969696969697 2.484848484848485 2.8181818181818183 2.1515151515151514 1.9090909090909092 2.757575757575758 2.515151515151515 2.1818181818181817 1.878787878787879 3.0 1.878787878787879 1.606060606060606 2.090909090909091 1.3333333333333333 2.8484848484848486
49 20.52421707453067 2.757575757575758 1.606060606060606 2.8484848484848486 1.2727272727272727 1.2121212121212122 2.9696969696969697 2.484848484848485 2.8181818181818183 2.1515151515151514 1.9090909090909092 2.757575757575758 2.515151515151515 2.1818181818181817 1.878787878787879 3.0 1.878787878787879 1.606060606060606 2.090909090909091 1.3333333333333333 2.8484848484848486
50 50.13867833277441 1.8383838383838385 1.0707070707070707 1.898989898989899 0.8484848484848485 0.8080808080808081 1.97979797979798 1.6565656565656566 1.878787878787879 1.4343434343434343 1.2727272727272727 1.8383838383838385 1.6767676767676767 1.4545454545454546 1.2525252525252526 2.0 1.2525252525252526 1.0707070707070707 1.393939393939394 0.8888888888888888 1.898989898989899
51 65.8656427083205 1.8383838383838385 1.0707070707070707 1.898989898989899 0.8484848484848485 0.8080808080808081 1.97979797979798 1.6565656565656566 1.878787878787879 1.4343434343434343 1.2727272727272727 1.8383838383838385 1.6767676767676767 1.4545454545454546 1.2525252525252526 2.0 1.2525252525252526 1.0707070707070707 1.393939393939394 0.8888888888888888 1.898989898989899
52 180.1945262601198 1.8383838383838385 1.0707070707070707 1.898989898989899 0.8484848484848485 0.8080808080808081 1.97979797979798 1.6565656565656566 1.878787878787879 1.4343434343434343 1.2727272727272727 1.8383838383838385 1.6767676767676767 1.4545454545454546 1.2525252525252526 2.0 1.2525252525252526 1.0707070707070707 1.393939393939394 0.8888888888888888 1.898989898989899
53 103.97470123674796 1.8383838383838385 1.0707070707070707 1.898989898989899 0.8484848484848485 0.8080808080808081 1.97979797979798 1.6565656565656566 1.878787878787879 1.4343434343434343 1.2727272727272727 1.8383838383838385 1.6767676767676767 1.4545454545454546 1.2525252525252526 2.0 1.2525252525252526 1.0707070707070707 1.393939393939394 0.8888888888888888 1.898989898989899
54 270.66311028869393 1.8383838383838385 1.0707070707070707 1.898989898989899 0.8484848484848485 0.8080808080808081 1.97979797979798 1.6565656565656566 1.878787878787879 1.4343434343434343 1.2727272727272727 1.8383838383838385 1.6767676767676767 1.4545454545454546 1.2525252525252526 2.0 1.2525252525252526 1.0707070707070707 1.393939393939394 0.8888888888888888 1.898989898989899
55 93.05212992169189 1.8383838383838385 1.0707070707070707 1.898989898989899 0.8484848484848485 0.8080808080808081 1.97979797979798 1.6565656565656566 1.878787878787879 1.4343434343434343 1.2727272727272727 1.8383838383838385 1.6767676767676767 1.4545454545454546 1.2525252525252526 2.0 1.2525252525252526 1.0707070707070707 1.393939393939394 0.8888888888888888 1.898989898989899
56 101.91420233663024 1.8383838383838385 1.0707070707070707 1.898989898989899 0.8484848484848485 0.8080808080808081 1.97979797979798 1.6565656565656566 1.878787878787879 1.4343434343434343 1.2727272727272727 1.8383838383838385 1.6767676767676767 1.4545454545454546 1.2525252525252526 2.0 1.2525252525252526 1.0707070707070707 1.393939393939394 0.8888888888888888 1.898989898989899
57 148.84432435631857 2.757575757575758 1.606060606060606 2.8484848484848486 1.2727272727272727 1.2121212121212122 2.9696969696969697 2.484848484848485 2.8181818181818183 2.1515151515151514 1.9090909090909092 2.757575757575758 2.515151515151515 2.1818181818181817 1.878787878787879 3.0 1.878787878787879 1.606060606060606 2.090909090909091 1.3333333333333333 2.8484848484848486
58 144.74236443214454 1.8383838383838385 1.0707070707070707 1.898989898989899 0.8484848484848485 0.8080808080808081 1.97979797979798 1.6565656565656566 1.878787878787879 1.4343434343434343 1.2727272727272727 1.8383838383838385 1.6767676767676767 1.4545454545454546 1.2525252525252526 2.0 1.2525252525252526 1.0707070707070707 1.393939393939394 0.8888888888888888 1.898989898989899
59 135.8765795960768 2.757575757575758 1.606060606060606 2.8484848484848486 1.2727272727272727 1.2121212121212122 2.9696969696969697 2.484848484848485 2.8181818181818183 2.1515151515151514 1.9090909090909092 2.757575757575758 2.515151515151515 2.1818181818181817 1.878787878787879 3.0 1.878787878787879 1.606060606060606 2.090909090909091 1.3333333333333333 2.8484848484848486
