100 20
TREE NETWORK (nID nID Weight):
88 0 35
45 88 56
38 0 53
55 88 30
89 88 54
16 45 58
25 55 31
93 25 46
44 88 56
97 93 52
40 38 30
99 40 50
47 88 57
76 97 37
39 76 35
74 16 37
75 16 38
72 45 33
2 88 49
27 99 54
68 0 48
12 40 52
42 76 55
5 16 49
53 12 52
85 74 41
14 2 56
58 40 57
31 0 51
41 75 30
13 89 41
66 55 41
3 97 58
49 3 48
43 72 58
65 76 36
95 5 47
35 75 45
67 41 44
71 47 52
56 71 43
19 14 47
87 68 49
51 44 38
96 65 51
22 96 44
57 49 59
73 43 49
83 89 49
91 56 43
92 22 39
48 66 49
9 13 43
26 72 45
17 31 43
4 41 59
81 96 38
79 85 38
10 5 50
46 25 49
59 89 50
90 4 31
61 87 57
60 27 42
18 79 37
20 58 38
15 17 58
84 68 49
77 39 30
69 45 56
98 75 37
82 69 57
30 82 32
50 98 51
34 66 40
32 26 56
11 16 43
94 34 42
52 31 51
63 32 40
70 92 52
64 92 31
28 38 34
23 53 55
29 91 56
36 12 40
8 30 38
21 50 31
1 53 46
86 17 33
37 45 46
33 14 50
24 35 38
62 86 34
78 53 37
7 97 50
6 14 47
80 67 57
54 43 32
PROGRAMS ASSIGNED TO NODES (nID pID1 pID2 ...):
0 1 2 3 4 5 6 7 8 9 10 11 12 13 14 15 16 17 18 19 20
1 20 9 11 13 14
2 1 2 4 5 6 8 9 10 11 13 14 15 16 17 18 19 20
3 1 17 2 19 5 6 8 15
4 2 4 5 6 7 9 10 12 13 14 16 17 18 20
5 1 2 3 4 5 6 9 10 11 12 13 14 15 16 17 18 19 20
6 17 13
7 1 2 3 4 5 6 7 8 9 10 11 12 13 15 16 17 18 19
8 2 3 5 7 8 9 10 11 12 13 14 16 17 18 19
9 1 2 3 4 5 7 8 9 10 11 12 13 14 15 16 17 18 19 20
10 1 2 3 4 5 7 8 9 11 13 14 18 19 20
11 1 2 3 4 5 6 7 8 9 11 12 13 14 15 16 17 18 19 20
12 1 18 5 10
13 1 2 3 4 5 6 8 9 10 11 12 13 14 15 17 18 19 20
14 1 2 3 4 5 6 7 8 9 10 11 12 13 15 16 17 18 20
15 1 2 3 4 5 6 7 8 11 12 14 15 16 17 18 19 20
16 16 17 20 6 9 11 12 13 14
17 2 3 4 5 6 8 9 10 11 14 15 17 19 20
18 17 6 10 11 12 13 14
19 16 1 18 2 3 5 8 9 11 12
20 1 3 4 5 6 7 9 10 12 13 16 17 19 20
21 1 17 3 4 6 10 13 14
22 16 1 18 2 3 5 6 11 12 13 14
23 1 2 3 4 5 7 8 9 10 11 12 15 16 17 18 19 20
24 17 3 19 5 9 13 14 15
25 11
26 16 1 2 6 11 12 14
27 17 18 19 8 9 11 12 13 14
28 1 2 3 4 5 6 7 8 9 10 11 12 13 14 15 16 17 18 20
29 16 1 2 20 4 7 10 11 12 13 14 15
30 1 13 14
31 16 1 18 2 4 7 8 9 12 13 14
32 1 2 4 5 6 7 8 9 10 11 12 13 14 15 16 17 18 19 20
33 1 3 4 5 6 7 8 9 10 11 12 13 14 16 17 18 19 20
34 2 5 6 7 8 9 10 11 12 15 16 17 20
35 16 18 2 19 4 7 8 10 11 12 13 15
36 2 4 5 6 7 8 9 10 11 14 15 17 20
37 1 2 3 4 5 6 8 9 10 11 12 13 14 15 16 17 18 19 20
38 16 1 17 2 19 3 20 5 6 7 11 12
40 1 5
41 1 2 3 5 7 8 9 10 11 12 14 15 16 18 19 20
42 2 3 4 5 6 7 8 9 10 11 15 16 17 18 20
43 1 2 3 4 5 6 7 8 9 11 12 13 14 15 17 18 19 20
44 16 20 5 6 9
45 2
46 1 2 3 4 6 8 9 10 11 14 15 16 17 18 19 20
47 1 2 3 5 8 9 10 11 13 14 15 17 18 19
48 1 3 4 5 6 7 9 10 11 12 13 14 15 17 18 20
49 16 17 2 3 4 10 11 12 13 14
50 1 2 3 4 5 6 7 8 10 11 12 13 14 15 16 17 18 20
51 1 2 3 4 5 7 8 9 10 13 14 15 16 20
52 18 2 7 10
53 10 11 15
54 19 3 7
55 1 2 3 4 5 6 7 8 9 10 11 13 16 18 20
56 16 18 5 6 8 9 11 12 14
57 1 17 18 2 19 4 20 7 9 13
58 18 20 5 9 10 12
59 11 14
60 1 2 3 4 5 6 8 10 11 12 13 14 15 16 18 19 20
61 1 3 5 7 10 11 12 13 14 15 16 17 18 19 20
62 16 17 18 2 19 3 20 4 7 12 14
63 1 2 3 4 5 6 7 8 9 10 11 13 14 15 16 17 18 19 20
64 16 20 7 14
65 1 2 3 4 5 6 7 9 10 11 12 13 14 15 16 17 18 19 20
66 1 6 7 11 12
67 20 7 8 10
68 16 2 18 19 6 9 12 13
69 1 2 3 4 5 7 9 10 11 14 15 16 18 19
70 16 17 7 8
71 2 18 20 7 9 13
72 16 2 18 3 19 20 5 6 7 12 13 14
73 4 6 8 9 12 13 15
74 1 2 18 3 4 20 7 10 11 13 14
75 17 6 10 15
76 16 1 19 6 7 8 9 10 11 12
77 1 2 18 7 8 10 11 12 14
78 1 3 4 5 6 8 11 12 13 14 15 16 17
79 1 2 3 4 5 6 7 8 9 11 12 13 14 16 17 18 19 20
80 4 7 9 10 11 13 15
81 2 3 6 7 9 10 11 12 13 15 16 17 18 19
82 1 18 19 4 20 5 9 12 13
83 1 18 19 4 20 8 9 10 11 13
84 20 9 12 13
85 1 2 3 4 5 7 8 9 10 12 13 14 15 17 18 19 20
86 2 3 4 7 8 9 10 12 13 14 15 17 18 20
87 16 1 18 4 20 7 8 9 12 14 15
88 14
89 18
90 17 19 15
91 7 8 9 10 13
92 1 2 3 4 6 7 8 9 10 12 13 14 15 16 17 18 19 20
93 1 2 3 4 5 6 7 8 9 11 13 14 16 17 18 19 20
94 1 2 3 4 5 6 7 8 9 10 11 12 13 15 16 17 18 19 20
95 1 18 2 3 20 7 8 9 12 13 15
96 19 3 20 5 6 7 8 13
97 19 6 8 13 14
98 18 20 5 6 10 12 14
99 16 2 7 11
SIZE OF PROGRAMS (pID SIZE):
1 78.0
2 67.0
3 77.0
4 76.0
5 77.0
6 88.0
7 64.0
8 93.0
9 89.0
10 77.0
11 52.0
12 79.0
13 45.0
14 66.0
15 41.0
16 99.0
17 71.0
18 58.0
19 89.0
20 80.0
COST TO INSTALL SERVERS AND PROGRAMS ON NODES (COST_TO_INSTALL_SERVER COST_TO_INSTALL_pID1 ...):
0 3961.616161616161 1.5757575757575757 1.3535353535353536 1.5555555555555556 1.5353535353535352 1.5555555555555556 1.7777777777777777 1.292929292929293 1.878787878787879 1.797979797979798 1.5555555555555556 1.0505050505050506 1.595959595959596 0.9090909090909091 1.3333333333333333 0.8282828282828283 2.0 1.4343434343434343 1.1717171717171717 1.797979797979798 1.6161616161616161
1 48.072066234620834 2.3636363636363638 2.0303030303030303 2.3333333333333335 2.303030303030303 2.3333333333333335 2.6666666666666665 1.9393939393939394 2.8181818181818183 2.696969696969697 2.3333333333333335 1.5757575757575757 2.393939393939394 1.3636363636363635 2.0 1.2424242424242424 3.0 2.1515151515151514 1.7575757575757576 2.696969696969697 2.4242424242424243
2 56.904469112334965 2.3636363636363638 2.0303030303030303 2.3333333333333335 2.303030303030303 2.3333333333333335 2.6666666666666665 1.9393939393939394 2.8181818181818183 2.696969696969697 2.3333333333333335 1.5757575757575757 2.393939393939394 1.3636363636363635 2.0 1.2424242424242424 3.0 2.1515151515151514 1.7575757575757576 2.696969696969697 2.4242424242424243
3 309.48536243351043 1.5757575757575757 1.3535353535353536 1.5555555555555556 1.5353535353535352 1.5555555555555556 1.7777777777777777 1.292929292929293 1.878787878787879 1.797979797979798 1.5555555555555556 1.0505050505050506 1.595959595959596 0.9090909090909091 1.3333333333333333 0.8282828282828283 2.0 1.4343434343434343 1.1717171717171717 1.797979797979798 1.6161616161616161
4 217.56892171346993 1.5757575757575757 1.3535353535353536 1.5555555555555556 1.5353535353535352 1.5555555555555556 1.7777777777777777 1.292929292929293 1.878787878787879 1.797979797979798 1.5555555555555556 1.0505050505050506 1.595959595959596 0.9090909090909091 1.3333333333333333 0.8282828282828283 2.0 1.4343434343434343 1.1717171717171717 1.797979797979798 1.6161616161616161
5 177.62519808022344 2.3636363636363638 2.0303030303030303 2.3333333333333335 2.303030303030303 2.3333333333333335 2.6666666666666665 1.9393939393939394 2.8181818181818183 2.696969696969697 2.3333333333333335 1.5757575757575757 2.393939393939394 1.3636363636363635 2.0 1.2424242424242424 3.0 2.1515151515151514 1.7575757575757576 2.696969696969697 2.4242424242424243
6 13.711595538839356 1.5757575757575757 1.3535353535353536 1.5555555555555556 1.5353535353535352 1.5555555555555556 1.7777777777777777 1.292929292929293 1.878787878787879 1.797979797979798 1.5555555555555556 1.0505050505050506 1.595959595959596 0.9090909090909091 1.3333333333333333 0.8282828282828283 2.0 1.4343434343434343 1.1717171717171717 1.797979797979798 1.6161616161616161
7 240.21116940629565 1.5757575757575757 1.3535353535353536 1.5555555555555556 1.5353535353535352 1.5555555555555556 1.7777777777777777 1.292929292929293 1.878787878787879 1.797979797979798 1.5555555555555556 1.0505050505050506 1.595959595959596 0.9090909090909091 1.3333333333333333 0.8282828282828283 2.0 1.4343434343434343 1.1717171717171717 1.797979797979798 1.6161616161616161
8 213.07735020354852 2.3636363636363638 2.0303030303030303 2.3333333333333335 2.303030303030303 2.3333333333333335 2.6666666666666665 1.9393939393939394 2.8181818181818183 2.696969696969697 2.3333333333333335 1.5757575757575757 2.393939393939394 1.3636363636363635 2.0 1.2424242424242424 3.0 2.1515151515151514 1.7575757575757576 2.696969696969697 2.4242424242424243
9 205.47162231036623 1.5757575757575757 1.3535353535353536 1.5555555555555556 1.5353535353535352 1.5555555555555556 1.7777777777777777 1.292929292929293 1.878787878787879 1.797979797979798 1.5555555555555556 1.0505050505050506 1.595959595959596 0.9090909090909091 1.3333333333333333 0.8282828282828283 2.0 1.4343434343434343 1.1717171717171717 1.797979797979798 1.6161616161616161
10 134.8284299071053 2.3636363636363638 2.0303030303030303 2.3333333333333335 2.303030303030303 2.3333333333333335 2.6666666666666665 1.9393939393939394 2.8181818181818183 2.696969696969697 2.3333333333333335 1.5757575757575757 2.393939393939394 1.3636363636363635 2.0 1.2424242424242424 3.0 2.1515151515151514 1.7575757575757576 2.696969696969697 2.4242424242424243
11 154.06619927490541 2.3636363636363638 2.0303030303030303 2.3333333333333335 2.303030303030303 2.3333333333333335 2.6666666666666665 1.9393939393939394 2.8181818181818183 2.696969696969697 2.3333333333333335 1.5757575757575757 2.393939393939394 1.3636363636363635 2.0 1.2424242424242424 3.0 2.1515151515151514 1.7575757575757576 2.696969696969697 2.4242424242424243
12 147.81637493586612 1.5757575757575757 1.3535353535353536 1.5555555555555556 1.5353535353535352 1.5555555555555556 1.7777777777777777 1.292929292929293 1.878787878787879 1.797979797979798 1.5555555555555556 1.0505050505050506 1.595959595959596 0.9090909090909091 1.3333333333333333 0.8282828282828283 2.0 1.4343434343434343 1.1717171717171717 1.797979797979798 1.6161616161616161
13 40.095008106287324 2.3636363636363638 2.0303030303030303 2.3333333333333335 2.303030303030303 2.3333333333333335 2.6666666666666665 1.9393939393939394 2.8181818181818183 2.696969696969697 2.3333333333333335 1.5757575757575757 2.393939393939394 1.3636363636363635 2.0 1.2424242424242424 3.0 2.1515151515151514 1.7575757575757576 2.696969696969697 2.4242424242424243
14 108.68015554900549 1.5757575757575757 1.3535353535353536 1.5555555555555556 1.5353535353535352 1.5555555555555556 1.7777777777777777 1.292929292929293 1.878787878787879 1.797979797979798 1.5555555555555556 1.0505050505050506 1.595959595959596 0.9090909090909091 1.3333333333333333 0.8282828282828283 2.0 1.4343434343434343 1.1717171717171717 1.797979797979798 1.6161616161616161
15 68.53621194395667 2.3636363636363638 2.0303030303030303 2.3333333333333335 2.303030303030303 2.3333333333333335 2.6666666666666665 1.9393939393939394 2.8181818181818183 2.696969696969697 2.3333333333333335 1.5757575757575757 2.393939393939394 1.3636363636363635 2.0 1.2424242424242424 3.0 2.1515151515151514 1.7575757575757576 2.696969696969697 2.4242424242424243
16 52.90464323580834 1.5757575757575757 1.3535353535353536 1.5555555555555556 1.5353535353535352 1.5555555555555556 1.7777777777777777 1.292929292929293 1.878787878787879 1.797979797979798 1.5555555555555556 1.0505050505050506 1.595959595959596 0.9090909090909091 1.3333333333333333 0.8282828282828283 2.0 1.4343434343434343 1.1717171717171717 1.797979797979798 1.6161616161616161
17 86.62449326249467 2.3636363636363638 2.0303030303030303 2.3333333333333335 2.303030303030303 2.3333333333333335 2.6666666666666665 1.9393939393939394 2.8181818181818183 2.696969696969697 2.3333333333333335 1.5757575757575757 2.393939393939394 1.3636363636363635 2.0 1.2424242424242424 3.0 2.1515151515151514 1.7575757575757576 2.696969696969697 2.4242424242424243
18 109.76469190066767 2.3636363636363638 2.0303030303030303 2.3333333333333335 2.303030303030303 2.3333333333333335 2.6666666666666665 1.9393939393939394 2.8181818181818183 2.696969696969697 2.3333333333333335 1.5757575757575757 2.393939393939394 1.3636363636363635 2.0 1.2424242424242424 3.0 2.1515151515151514 1.7575757575757576 2.696969696969697 2.4242424242424243
19 53.20633139141844 2.3636363636363638 2.0303030303030303 2.3333333333333335 2.303030303030303 2.3333333333333335 2.6666666666666665 1.9393939393939394 2.8181818181818183 2.696969696969697 2.3333333333333335 1.5757575757575757 2.393939393939394 1.3636363636363635 2.0 1.2424242424242424 3.0 2.1515151515151514 1.7575757575757576 2.696969696969697 2.4242424242424243
20 88.31515424745157 2.3636363636363638 2.0303030303030303 2.3333333333333335 2.303030303030303 2.3333333333333335 2.6666666666666665 1.9393939393939394 2.8181818181818183 2.696969696969697 2.3333333333333335 1.5757575757575757 2.393939393939394 1.3636363636363635 2.0 1.2424242424242424 3.0 2.1515151515151514 1.7575757575757576 2.696969696969697 2.4242424242424243
21 152.67311897447686 2.3636363636363638 2.0303030303030303 2.3333333333333335 2.303030303030303 2.3333333333333335 2.6666666666666665 1.9393939393939394 2.8181818181818183 2.696969696969697 2.3333333333333335 1.5757575757575757 2.393939393939394 1.3636363636363635 2.0 1.2424242424242424 3.0 2.1515151515151514 1.7575757575757576 2.696969696969697 2.4242424242424243
22 480.64272605723136 2.3636363636363638 2.0303030303030303 2.3333333333333335 2.303030303030303 2.3333333333333335 2.6666666666666665 1.9393939393939394 2.8181818181818183 2.696969696969697 2.3333333333333335 1.5757575757575757 2.393939393939394 1.3636363636363635 2.0 1.2424242424242424 3.0 2.1515151515151514 1.7575757575757576 2.696969696969697 2.4242424242424243
23 101.49199547372251 2.3636363636363638 2.0303030303030303 2.3333333333333335 2.303030303030303 2.3333333333333335 2.6666666666666665 1.9393939393939394 2.8181818181818183 2.696969696969697 2.3333333333333335 1.5757575757575757 2.393939393939394 1.3636363636363635 2.0 1.2424242424242424 3.0 2.1515151515151514 1.7575757575757576 2.696969696969697 2.4242424242424243
24 78.18133100670644 1.5757575757575757 1.3535353535353536 1.5555555555555556 1.5353535353535352 1.5555555555555556 1.7777777777777777 1.292929292929293 1.878787878787879 1.797979797979798 1.5555555555555556 1.0505050505050506 1.595959595959596 0.9090909090909091 1.3333333333333333 0.8282828282828283 2.0 1.4343434343434343 1.1717171717171717 1.797979797979798 1.6161616161616161
25 84.10521215502644 2.3636363636363638 2.0303030303030303 2.3333333333333335 2.303030303030303 2.3333333333333335 2.6666666666666665 1.9393939393939394 2.8181818181818183 2.696969696969697 2.3333333333333335 1.5757575757575757 2.393939393939394 1.3636363636363635 2.0 1.2424242424242424 3.0 2.1515151515151514 1.7575757575757576 2.696969696969697 2.4242424242424243
26 121.5325142036171 2.3636363636363638 2.0303030303030303 2.3333333333333335 2.303030303030303 2.3333333333333335 2.6666666666666665 1.9393939393939394 2.8181818181818183 2.696969696969697 2.3333333333333335 1.5757575757575757 2.393939393939394 1.3636363636363635 2.0 1.2424242424242424 3.0 2.1515151515151514 1.7575757575757576 2.696969696969697 2.4242424242424243
27 121.29259719946447 1.5757575757575757 1.3535353535353536 1.5555555555555556 1.5353535353535352 1.5555555555555556 1.7777777777777777 1.292929292929293 1.878787878787879 1.797979797979798 1.5555555555555556 1.0505050505050506 1.595959595959596 0.9090909090909091 1.3333333333333333 0.8282828282828283 2.0 1.4343434343434343 1.1717171717171717 1.797979797979798 1.6161616161616161
28 63.86610132088152 2.3636363636363638 2.0303030303030303 2.3333333333333335 2.303030303030303 2.3333333333333335 2.6666666666666665 1.9393939393939394 2.8181818181818183 2.696969696969697 2.3333333333333335 1.5757575757575757 2.393939393939394 1.3636363636363635 2.0 1.2424242424242424 3.0 2.1515151515151514 1.7575757575757576 2.696969696969697 2.4242424242424243
29 122.54986336152493 2.3636363636363638 2.0303030303030303 2.3333333333333335 2.303030303030303 2.3333333333333335 2.6666666666666665 1.9393939393939394 2.8181818181818183 2.696969696969697 2.3333333333333335 1.5757575757575757 2.393939393939394 1.3636363636363635 2.0 1.2424242424242424 3.0 2.1515151515151514 1.7575757575757576 2.696969696969697 2.4242424242424243
30 124.09595185396633 2.3636363636363638 2.0303030303030303 2.3333333333333335 2.303030303030303 2.3333333333333335 2.6666666666666665 1.9393939393939394 2.8181818181818183 2.696969696969697 2.3333333333333335 1.5757575757575757 2.393939393939394 1.3636363636363635 2.0 1.2424242424242424 3.0 2.1515151515151514 1.7575757575757576 2.696969696969697 2.4242424242424243
31 14.105487704974863 1.5757575757575757 1.3535353535353536 1.5555555555555556 1.5353535353535352 1.5555555555555556 1.7777777777777777 1.292929292929293 1.878787878787879 1.797979797979798 1.5555555555555556 1.0505050505050506 1.595959595959596 0.9090909090909091 1.3333333333333333 0.8282828282828283 2.0 1.4343434343434343 1.1717171717171717 1.797979797979798 1.6161616161616161
32 127.6924866825769 2.3636363636363638 2.0303030303030303 2.3333333333333335 2.303030303030303 2.3333333333333335 2.6666666666666665 1.9393939393939394 2.8181818181818183 2.696969696969697 2.3333333333333335 1.5757575757575757 2.393939393939394 1.3636363636363635 2.0 1.2424242424242424 3.0 2.1515151515151514 1.7575757575757576 2.696969696969697 2.4242424242424243
33 85.58139159075317 1.5757575757575757 1.3535353535353536 1.5555555555555556 1.5353535353535352 1.5555555555555556 1.7777777777777777 1.292929292929293 1.878787878787879 1.797979797979798 1.5555555555555556 1.0505050505050506 1.595959595959596 0.9090909090909091 1.3333333333333333 0.8282828282828283 2.0 1.4343434343434343 1.1717171717171717 1.797979797979798 1.6161616161616161
34 206.94516848930925 2.3636363636363638 2.0303030303030303 2.3333333333333335 2.303030303030303 2.3333333333333335 2.6666666666666665 1.9393939393939394 2.8181818181818183 2.696969696969697 2.3333333333333335 1.5757575757575757 2.393939393939394 1.3636363636363635 2.0 1.2424242424242424 3.0 2.1515151515151514 1.7575757575757576 2.696969696969697 2.4242424242424243
35 191.0090143984732 1.5757575757575757 1.3535353535353536 1.5555555555555556 1.5353535353535352 1.5555555555555556 1.7777777777777777 1.292929292929293 1.878787878787879 1.797979797979798 1.5555555555555556 1.0505050505050506 1.595959595959596 0.9090909090909091 1.3333333333333333 0.8282828282828283 2.0 1.4343434343434343 1.1717171717171717 1.797979797979798 1.6161616161616161
36 93.13401607019658 1.5757575757575757 1.3535353535353536 1.5555555555555556 1.5353535353535352 1.5555555555555556 1.7777777777777777 1.292929292929293 1.878787878787879 1.797979797979798 1.5555555555555556 1.0505050505050506 1.595959595959596 0.9090909090909091 1.3333333333333333 0.8282828282828283 2.0 1.4343434343434343 1.1717171717171717 1.797979797979798 1.6161616161616161
37 104.7317904860538 2.3636363636363638 2.0303030303030303 2.3333333333333335 2.303030303030303 2.3333333333333335 2.6666666666666665 1.9393939393939394 2.8181818181818183 2.696969696969697 2.3333333333333335 1.5757575757575757 2.393939393939394 1.3636363636363635 2.0 1.2424242424242424 3.0 2.1515151515151514 1.7575757575757576 2.696969696969697 2.4242424242424243
38 588.0 2.3636363636363638 2.0303030303030303 2.3333333333333335 2.303030303030303 2.3333333333333335 2.6666666666666665 1.9393939393939394 2.8181818181818183 2.696969696969697 2.3333333333333335 1.5757575757575757 2.393939393939394 1.3636363636363635 2.0 1.2424242424242424 3.0 2.1515151515151514 1.7575757575757576 2.696969696969697 2.4242424242424243
39 135.33362004617098 2.3636363636363638 2.0303030303030303 2.3333333333333335 2.303030303030303 2.3333333333333335 2.6666666666666665 1.9393939393939394 2.8181818181818183 2.696969696969697 2.3333333333333335 1.5757575757575757 2.393939393939394 1.3636363636363635 2.0 1.2424242424242424 3.0 2.1515151515151514 1.7575757575757576 2.696969696969697 2.4242424242424243
40 51.787182215117625 1.5757575757575757 1.3535353535353536 1.5555555555555556 1.5353535353535352 1.5555555555555556 1.7777777777777777 1.292929292929293 1.878787878787879 1.797979797979798 1.5555555555555556 1.0505050505050506 1.595959595959596 0.9090909090909091 1.3333333333333333 0.8282828282828283 2.0 1.4343434343434343 1.1717171717171717 1.797979797979798 1.6161616161616161
41 250.62728524880436 1.5757575757575757 1.3535353535353536 1.5555555555555556 1.5353535353535352 1.5555555555555556 1.7777777777777777 1.292929292929293 1.878787878787879 1.797979797979798 1.5555555555555556 1.0505050505050506 1.595959595959596 0.9090909090909091 1.3333333333333333 0.8282828282828283 2.0 1.4343434343434343 1.1717171717171717 1.797979797979798 1.6161616161616161
42 259.4107267701448 1.5757575757575757 1.3535353535353536 1.5555555555555556 1.5353535353535352 1.5555555555555556 1.7777777777777777 1.292929292929293 1.878787878787879 1.797979797979798 1.5555555555555556 1.0505050505050506 1.595959595959596 0.9090909090909091 1.3333333333333333 0.8282828282828283 2.0 1.4343434343434343 1.1717171717171717 1.797979797979798 1.6161616161616161
43 129.17821621878787 2.3636363636363638 2.0303030303030303 2.3333333333333335 2.303030303030303 2.3333333333333335 2.6666666666666665 1.9393939393939394 2.8181818181818183 2.696969696969697 2.3333333333333335 1.5757575757575757 2.393939393939394 1.3636363636363635 2.0 1.2424242424242424 3.0 2.1515151515151514 1.7575757575757576 2.696969696969697 2.4242424242424243
44 57.23657177541371 2.3636363636363638 2.0303030303030303 2.3333333333333335 2.303030303030303 2.3333333333333335 2.6666666666666665 1.9393939393939394 2.8181818181818183 2.696969696969697 2.3333333333333335 1.5757575757575757 2.393939393939394 1.3636363636363635 2.0 1.2424242424242424 3.0 2.1515151515151514 1.7575757575757576 2.696969696969697 2.4242424242424243
45 66.95689185589126 1.5757575757575757 1.3535353535353536 1.5555555555555556 1.5353535353535352 1.5555555555555556 1.7777777777777777 1.292929292929293 1.878787878787879 1.797979797979798 1.5555555555555556 1.0505050505050506 1.595959595959596 0.9090909090909091 1.3333333333333333 0.8282828282828283 2.0 1.4343434343434343 1.1717171717171717 1.797979797979798 1.6161616161616161
46 200.17168322609243 1.5757575757575757 1.3535353535353536 1.5555555555555556 1.5353535353535352 1.5555555555555556 1.7777777777777777 1.292929292929293 1.878787878787879 1.797979797979798 1.5555555555555556 1.0505050505050506 1.595959595959596 0.9090909090909091 1.3333333333333333 0.8282828282828283 2.0 1.4343434343434343 1.1717171717171717 1.797979797979798 1.6161616161616161
47 73.5801737303654 1.5757575757575757 1.3535353535353536 1.5555555555555556 1.5353535353535352 1.5555555555555556 1.7777777777777777 1.292929292929293 1.878787878787879 1.797979797979798 1.5555555555555556 1.0505050505050506 1.595959595959596 0.9090909090909091 1.3333333333333333 0.8282828282828283 2.0 1.4343434343434343 1.1717171717171717 1.797979797979798 1.6161616161616161
48 96.94070821590316 1.5757575757575757 1.3535353535353536 1.5555555555555556 1.5353535353535352 1.5555555555555556 1.7777777777777777 1.292929292929293 1.878787878787879 1.797979797979798 1.5555555555555556 1.0505050505050506 1.595959595959596 0.9090909090909091 1.3333333333333333 0.8282828282828283 2.0 1.4343434343434343 1.1717171717171717 1.797979797979798 1.6161616161616161
49 174.79331424209698 1.5757575757575757 1.3535353535353536 1.5555555555555556 1.5353535353535352 1.5555555555555556 1.7777777777777777 1.292929292929293 1.878787878787879 1.797979797979798 1.5555555555555556 1.0505050505050506 1.595959595959596 0.9090909090909091 1.3333333333333333 0.8282828282828283 2.0 1.4343434343434343 1.1717171717171717 1.797979797979798 1.6161616161616161
50 167.16008103425025 2.3636363636363638 2.0303030303030303 2.3333333333333335 2.303030303030303 2.3333333333333335 2.6666666666666665 1.9393939393939394 2.8181818181818183 2.696969696969697 2.3333333333333335 1.5757575757575757 2.393939393939394 1.3636363636363635 2.0 1.2424242424242424 3.0 2.1515151515151514 1.7575757575757576 2.696969696969697 2.4242424242424243
51 49.24109206973451 1.5757575757575757 1.3535353535353536 1.5555555555555556 1.5353535353535352 1.5555555555555556 1.7777777777777777 1.292929292929293 1.878787878787879 1.797979797979798 1.5555555555555556 1.0505050505050506 1.595959595959596 0.9090909090909091 1.3333333333333333 0.8282828282828283 2.0 1.4343434343434343 1.1717171717171717 1.797979797979798 1.6161616161616161
52 4.553724498510244 2.3636363636363638 2.0303030303030303 2.3333333333333335 2.303030303030303 2.3333333333333335 2.6666666666666665 1.9393939393939394 2.8181818181818183 2.696969696969697 2.3333333333333335 1.5757575757575757 2.393939393939394 1.3636363636363635 2.0 1.2424242424242424 3.0 2.1515151515151514 1.7575757575757576 2.696969696969697 2.4242424242424243
53 167.86448387787112 2.3636363636363638 2.0303030303030303 2.3333333333333335 2.303030303030303 2.3333333333333335 2.6666666666666665 1.9393939393939394 2.8181818181818183 2.696969696969697 2.3333333333333335 1.5757575757575757 2.393939393939394 1.3636363636363635 2.0 1.2424242424242424 3.0 2.1515151515151514 1.7575757575757576 2.696969696969697 2.4242424242424243
54 24.78564371701091 1.5757575757575757 1.3535353535353536 1.5555555555555556 1.5353535353535352 1.5555555555555556 1.7777777777777777 1.292929292929293 1.878787878787879 1.797979797979798 1.5555555555555556 1.0505050505050506 1.595959595959596 0.9090909090909091 1.3333333333333333 0.8282828282828283 2.0 1.4343434343434343 1.1717171717171717 1.797979797979798 1.6161616161616161
55 59.88418885516168 1.5757575757575757 1.3535353535353536 1.5555555555555556 1.5353535353535352 1.5555555555555556 1.7777777777777777 1.292929292929293 1.878787878787879 1.797979797979798 1.5555555555555556 1.0505050505050506 1.595959595959596 0.9090909090909091 1.3333333333333333 0.8282828282828283 2.0 1.4343434343434343 1.1717171717171717 1.797979797979798 1.6161616161616161
56 82.21798464131706 1.5757575757575757 1.3535353535353536 1.5555555555555556 1.5353535353535352 1.5555555555555556 1.7777777777777777 1.292929292929293 1.878787878787879 1.797979797979798 1.5555555555555556 1.0505050505050506 1.595959595959596 0.9090909090909091 1.3333333333333333 0.8282828282828283 2.0 1.4343434343434343 1.1717171717171717 1.797979797979798 1.6161616161616161
57 102.00020012775548 2.3636363636363638 2.0303030303030303 2.3333333333333335 2.303030303030303 2.3333333333333335 2.6666666666666665 1.9393939393939394 2.8181818181818183 2.696969696969697 2.3333333333333335 1.5757575757575757 2.393939393939394 1.3636363636363635 2.0 1.2424242424242424 3.0 2.1515151515151514 1.7575757575757576 2.696969696969697 2.4242424242424243
58 95.68168676105422 1.5757575757575757 1.3535353535353536 1.5555555555555556 1.5353535353535352 1.5555555555555556 1.7777777777777777 1.292929292929293 1.878787878787879 1.797979797979798 1.5555555555555556 1.0505050505050506 1.595959595959596 0.9090909090909091 1.3333333333333333 0.8282828282828283 2.0 1.4343434343434343 1.1717171717171717 1.797979797979798 1.6161616161616161
59 6.486613788277416 1.5757575757575757 1.3535353535353536 1.5555555555555556 1.5353535353535352 1.5555555555555556 1.7777777777777777 1.292929292929293 1.878787878787879 1.797979797979798 1.5555555555555556 1.0505050505050506 1.595959595959596 0.9090909090909091 1.3333333333333333 0.8282828282828283 2.0 1.4343434343434343 1.1717171717171717 1.797979797979798 1.6161616161616161
60 142.37678877710286 2.3636363636363638 2.0303030303030303 2.3333333333333335 2.303030303030303 2.3333333333333335 2.6666666666666665 1.9393939393939394 2.8181818181818183 2.696969696969697 2.3333333333333335 1.5757575757575757 2.393939393939394 1.3636363636363635 2.0 1.2424242424242424 3.0 2.1515151515151514 1.7575757575757576 2.696969696969697 2.4242424242424243
61 61.05792738684376 2.3636363636363638 2.0303030303030303 2.3333333333333335 2.303030303030303 2.3333333333333335 2.6666666666666665 1.9393939393939394 2.8181818181818183 2.696969696969697 2.3333333333333335 1.5757575757575757 2.393939393939394 1.3636363636363635 2.0 1.2424242424242424 3.0 2.1515151515151514 1.7575757575757576 2.696969696969697 2.4242424242424243
62 95.99633449218872 1.5757575757575757 1.3535353535353536 1.5555555555555556 1.5353535353535352 1.5555555555555556 1.7777777777777777 1.292929292929293 1.878787878787879 1.797979797979798 1.5555555555555556 1.0505050505050506 1.595959595959596 0.9090909090909091 1.3333333333333333 0.8282828282828283 2.0 1.4343434343434343 1.1717171717171717 1.797979797979798 1.6161616161616161
63 273.8701613077027 1.5757575757575757 1.3535353535353536 1.5555555555555556 1.5353535353535352 1.5555555555555556 1.7777777777777777 1.292929292929293 1.878787878787879 1.797979797979798 1.5555555555555556 1.0505050505050506 1.595959595959596 0.9090909090909091 1.3333333333333333 0.8282828282828283 2.0 1.4343434343434343 1.1717171717171717 1.797979797979798 1.6161616161616161
64 107.65293561309747 2.3636363636363638 2.0303030303030303 2.3333333333333335 2.303030303030303 2.3333333333333335 2.6666666666666665 1.9393939393939394 2.8181818181818183 2.696969696969697 2.3333333333333335 1.5757575757575757 2.393939393939394 1.3636363636363635 2.0 1.2424242424242424 3.0 2.1515151515151514 1.7575757575757576 2.696969696969697 2.4242424242424243
65 417.75861754698263 1.5757575757575757 1.3535353535353536 1.5555555555555556 1.5353535353535352 1.5555555555555556 1.7777777777777777 1.292929292929293 1.878787878787879 1.797979797979798 1.5555555555555556 1.0505050505050506 1.595959595959596 0.9090909090909091 1.3333333333333333 0.8282828282828283 2.0 1.4343434343434343 1.1717171717171717 1.797979797979798 1.6161616161616161
66 90.42560991217312 2.3636363636363638 2.0303030303030303 2.3333333333333335 2.303030303030303 2.3333333333333335 2.6666666666666665 1.9393939393939394 2.8181818181818183 2.696969696969697 2.3333333333333335 1.5757575757575757 2.393939393939394 1.3636363636363635 2.0 1.2424242424242424 3.0 2.1515151515151514 1.7575757575757576 2.696969696969697 2.4242424242424243
67 132.75904806342524 2.3636363636363638 2.0303030303030303 2.3333333333333335 2.303030303030303 2.3333333333333335 2.6666666666666665 1.9393939393939394 2.8181818181818183 2.696969696969697 2.3333333333333335 1.5757575757575757 2.393939393939394 1.3636363636363635 2.0 1.2424242424242424 3.0 2.1515151515151514 1.7575757575757576 2.696969696969697 2.4242424242424243
68 2.439311626709948 1.5757575757575757 1.3535353535353536 1.5555555555555556 1.5353535353535352 1.5555555555555556 1.7777777777777777 1.292929292929293 1.878787878787879 1.797979797979798 1.5555555555555556 1.0505050505050506 1.595959595959596 0.9090909090909091 1.3333333333333333 0.8282828282828283 2.0 1.4343434343434343 1.1717171717171717 1.797979797979798 1.6161616161616161
69 126.09424862811457 1.5757575757575757 1.3535353535353536 1.5555555555555556 1.5353535353535352 1.5555555555555556 1.7777777777777777 1.292929292929293 1.878787878787879 1.797979797979798 1.5555555555555556 1.0505050505050506 1.595959595959596 0.9090909090909091 1.3333333333333333 0.8282828282828283 2.0 1.4343434343434343 1.1717171717171717 1.797979797979798 1.6161616161616161
70 149.70955913907346 2.3636363636363638 2.0303030303030303 2.3333333333333335 2.303030303030303 2.3333333333333335 2.6666666666666665 1.9393939393939394 2.8181818181818183 2.696969696969697 2.3333333333333335 1.5757575757575757 2.393939393939394 1.3636363636363635 2.0 1.2424242424242424 3.0 2.1515151515151514 1.7575757575757576 2.696969696969697 2.4242424242424243
71 88.0761261162482 1.5757575757575757 1.3535353535353536 1.5555555555555556 1.5353535353535352 1.5555555555555556 1.7777777777777777 1.292929292929293 1.878787878787879 1.797979797979798 1.5555555555555556 1.0505050505050506 1.595959595959596 0.9090909090909091 1.3333333333333333 0.8282828282828283 2.0 1.4343434343434343 1.1717171717171717 1.797979797979798 1.6161616161616161
72 133.5140809745198 2.3636363636363638 2.0303030303030303 2.3333333333333335 2.303030303030303 2.3333333333333335 2.6666666666666665 1.9393939393939394 2.8181818181818183 2.696969696969697 2.3333333333333335 1.5757575757575757 2.393939393939394 1.3636363636363635 2.0 1.2424242424242424 3.0 2.1515151515151514 1.7575757575757576 2.696969696969697 2.4242424242424243
73 78.8830123467571 1.5757575757575757 1.3535353535353536 1.5555555555555556 1.5353535353535352 1.5555555555555556 1.7777777777777777 1.292929292929293 1.878787878787879 1.797979797979798 1.5555555555555556 1.0505050505050506 1.595959595959596 0.9090909090909091 1.3333333333333333 0.8282828282828283 2.0 1.4343434343434343 1.1717171717171717 1.797979797979798 1.6161616161616161
74 80.72415518670073 1.5757575757575757 1.3535353535353536 1.5555555555555556 1.5353535353535352 1.5555555555555556 1.7777777777777777 1.292929292929293 1.878787878787879 1.797979797979798 1.5555555555555556 1.0505050505050506 1.595959595959596 0.9090909090909091 1.3333333333333333 0.8282828282828283 2.0 1.4343434343434343 1.1717171717171717 1.797979797979798 1.6161616161616161
75 108.56050973111452 2.3636363636363638 2.0303030303030303 2.3333333333333335 2.303030303030303 2.3333333333333335 2.6666666666666665 1.9393939393939394 2.8181818181818183 2.696969696969697 2.3333333333333335 1.5757575757575757 2.393939393939394 1.3636363636363635 2.0 1.2424242424242424 3.0 2.1515151515151514 1.7575757575757576 2.696969696969697 2.4242424242424243
76 315.7170032734574 2.3636363636363638 2.0303030303030303 2.3333333333333335 2.303030303030303 2.3333333333333335 2.6666666666666665 1.9393939393939394 2.8181818181818183 2.696969696969697 2.3333333333333335 1.5757575757575757 2.393939393939394 1.3636363636363635 2.0 1.2424242424242424 3.0 2.1515151515151514 1.7575757575757576 2.696969696969697 2.4242424242424243
77 189.0699650733079 1.5757575757575757 1.3535353535353536 1.5555555555555556 1.5353535353535352 1.5555555555555556 1.7777777777777777 1.292929292929293 1.878787878787879 1.797979797979798 1.5555555555555556 1.0505050505050506 1.595959595959596 0.9090909090909091 1.3333333333333333 0.8282828282828283 2.0 1.4343434343434343 1.1717171717171717 1.797979797979798 1.6161616161616161
78 139.46886279444078 1.5757575757575757 1.3535353535353536 1.5555555555555556 1.5353535353535352 1.5555555555555556 1.7777777777777777 1.292929292929293 1.878787878787879 1.797979797979798 1.5555555555555556 1.0505050505050506 1.595959595959596 0.9090909090909091 1.3333333333333333 0.8282828282828283 2.0 1.4343434343434343 1.1717171717171717 1.797979797979798 1.6161616161616161
79 118.7172354357412 1.5757575757575757 1.3535353535353536 1.5555555555555556 1.5353535353535352 1.5555555555555556 1.7777777777777777 1.292929292929293 1.878787878787879 1.797979797979798 1.5555555555555556 1.0505050505050506 1.595959595959596 0.9090909090909091 1.3333333333333333 0.8282828282828283 2.0 1.4343434343434343 1.1717171717171717 1.797979797979798 1.6161616161616161
80 66.76662451588257 1.5757575757575757 1.3535353535353536 1.5555555555555556 1.5353535353535352 1.5555555555555556 1.7777777777777777 1.292929292929293 1.878787878787879 1.797979797979798 1.5555555555555556 1.0505050505050506 1.595959595959596 0.9090909090909091 1.3333333333333333 0.8282828282828283 2.0 1.4343434343434343 1.1717171717171717 1.797979797979798 1.6161616161616161
81 291.45749563725167 2.3636363636363638 2.0303030303030303 2.3333333333333335 2.303030303030303 2.3333333333333335 2.6666666666666665 1.9393939393939394 2.8181818181818183 2.696969696969697 2.3333333333333335 1.5757575757575757 2.393939393939394 1.3636363636363635 2.0 1.2424242424242424 3.0 2.1515151515151514 1.7575757575757576 2.696969696969697 2.4242424242424243
82 125.0361228911831 2.3636363636363638 2.0303030303030303 2.3333333333333335 2.303030303030303 2.3333333333333335 2.6666666666666665 1.9393939393939394 2.8181818181818183 2.696969696969697 2.3333333333333335 1.5757575757575757 2.393939393939394 1.3636363636363635 2.0 1.2424242424242424 3.0 2.1515151515151514 1.7575757575757576 2.696969696969697 2.4242424242424243
83 40.97478698034275 2.3636363636363638 2.0303030303030303 2.3333333333333335 2.303030303030303 2.3333333333333335 2.6666666666666665 1.9393939393939394 2.8181818181818183 2.696969696969697 2.3333333333333335 1.5757575757575757 2.393939393939394 1.3636363636363635 2.0 1.2424242424242424 3.0 2.1515151515151514 1.7575757575757576 2.696969696969697 2.4242424242424243
84 5.971057630702456 1.5757575757575757 1.3535353535353536 1.5555555555555556 1.5353535353535352 1.5555555555555556 1.7777777777777777 1.292929292929293 1.878787878787879 1.797979797979798 1.5555555555555556 1.0505050505050506 1.595959595959596 0.9090909090909091 1.3333333333333333 0.8282828282828283 2.0 1.4343434343434343 1.1717171717171717 1.797979797979798 1.6161616161616161
85 152.99778957481666 1.5757575757575757 1.3535353535353536 1.5555555555555556 1.5353535353535352 1.5555555555555556 1.7777777777777777 1.292929292929293 1.878787878787879 1.797979797979798 1.5555555555555556 1.0505050505050506 1.595959595959596 0.9090909090909091 1.3333333333333333 0.8282828282828283 2.0 1.4343434343434343 1.1717171717171717 1.797979797979798 1.6161616161616161
86 133.1227581871683 1.5757575757575757 1.3535353535353536 1.5555555555555556 1.5353535353535352 1.5555555555555556 1.7777777777777777 1.292929292929293 1.878787878787879 1.797979797979798 1.5555555555555556 1.0505050505050506 1.595959595959596 0.9090909090909091 1.3333333333333333 0.8282828282828283 2.0 1.4343434343434343 1.1717171717171717 1.797979797979798 1.6161616161616161
87 52.72030492726803 1.5757575757575757 1.3535353535353536 1.5555555555555556 1.5353535353535352 1.5555555555555556 1.7777777777777777 1.292929292929293 1.878787878787879 1.797979797979798 1.5555555555555556 1.0505050505050506 1.595959595959596 0.9090909090909091 1.3333333333333333 0.8282828282828283 2.0 1.4343434343434343 1.1717171717171717 1.797979797979798 1.6161616161616161
88 27.562266174376276 1.5757575757575757 1.3535353535353536 1.5555555555555556 1.5353535353535352 1.5555555555555556 1.7777777777777777 1.292929292929293 1.878787878787879 1.797979797979798 1.5555555555555556 1.0505050505050506 1.595959595959596 0.9090909090909091 1.3333333333333333 0.8282828282828283 2.0 1.4343434343434343 1.1717171717171717 1.797979797979798 1.6161616161616161
89 55.14130579834493 2.3636363636363638 2.0303030303030303 2.3333333333333335 2.303030303030303 2.3333333333333335 2.6666666666666665 1.9393939393939394 2.8181818181818183 2.696969696969697 2.3333333333333335 1.5757575757575757 2.393939393939394 1.3636363636363635 2.0 1.2424242424242424 3.0 2.1515151515151514 1.7575757575757576 2.696969696969697 2.4242424242424243
90 28.294472589364954 2.3636363636363638 2.0303030303030303 2.3333333333333335 2.303030303030303 2.3333333333333335 2.6666666666666665 1.9393939393939394 2.8181818181818183 2.696969696969697 2.3333333333333335 1.5757575757575757 2.393939393939394 1.3636363636363635 2.0 1.2424242424242424 3.0 2.1515151515151514 1.7575757575757576 2.696969696969697 2.4242424242424243
91 98.62570166978543 2.3636363636363638 2.0303030303030303 2.3333333333333335 2.303030303030303 2.3333333333333335 2.6666666666666665 1.9393939393939394 2.8181818181818183 2.696969696969697 2.3333333333333335 1.5757575757575757 2.393939393939394 1.3636363636363635 2.0 1.2424242424242424 3.0 2.1515151515151514 1.7575757575757576 2.696969696969697 2.4242424242424243
92 486.43668509204525 1.5757575757575757 1.3535353535353536 1.5555555555555556 1.5353535353535352 1.5555555555555556 1.7777777777777777 1.292929292929293 1.878787878787879 1.797979797979798 1.5555555555555556 1.0505050505050506 1.595959595959596 0.9090909090909091 1.3333333333333333 0.8282828282828283 2.0 1.4343434343434343 1.1717171717171717 1.797979797979798 1.6161616161616161
93 236.26391264306523 1.5757575757575757 1.3535353535353536 1.5555555555555556 1.5353535353535352 1.5555555555555556 1.7777777777777777 1.292929292929293 1.878787878787879 1.797979797979798 1.5555555555555556 1.0505050505050506 1.595959595959596 0.9090909090909091 1.3333333333333333 0.8282828282828283 2.0 1.4343434343434343 1.1717171717171717 1.797979797979798 1.6161616161616161
94 143.05361287626386 2.3636363636363638 2.0303030303030303 2.3333333333333335 2.303030303030303 2.3333333333333335 2.6666666666666665 1.9393939393939394 2.8181818181818183 2.696969696969697 2.3333333333333335 1.5757575757575757 2.393939393939394 1.3636363636363635 2.0 1.2424242424242424 3.0 2.1515151515151514 1.7575757575757576 2.696969696969697 2.4242424242424243
95 56.23362799015683 2.3636363636363638 2.0303030303030303 2.3333333333333335 2.303030303030303 2.3333333333333335 2.6666666666666665 1.9393939393939394 2.8181818181818183 2.696969696969697 2.3333333333333335 1.5757575757575757 2.393939393939394 1.3636363636363635 2.0 1.2424242424242424 3.0 2.1515151515151514 1.7575757575757576 2.696969696969697 2.4242424242424243
96 222.09061179471223 2.3636363636363638 2.0303030303030303 2.3333333333333335 2.303030303030303 2.3333333333333335 2.6666666666666665 1.9393939393939394 2.8181818181818183 2.696969696969697 2.3333333333333335 1.5757575757575757 2.393939393939394 1.3636363636363635 2.0 1.2424242424242424 3.0 2.1515151515151514 1.7575757575757576 2.696969696969697 2.4242424242424243
97 267.4659212645151 1.5757575757575757 1.3535353535353536 1.5555555555555556 1.5353535353535352 1.5555555555555556 1.7777777777777777 1.292929292929293 1.878787878787879 1.797979797979798 1.5555555555555556 1.0505050505050506 1.595959595959596 0.9090909090909091 1.3333333333333333 0.8282828282828283 2.0 1.4343434343434343 1.1717171717171717 1.797979797979798 1.6161616161616161
98 159.8165382430677 2.3636363636363638 2.0303030303030303 2.3333333333333335 2.303030303030303 2.3333333333333335 2.6666666666666665 1.9393939393939394 2.8181818181818183 2.696969696969697 2.3333333333333335 1.5757575757575757 2.393939393939394 1.3636363636363635 2.0 1.2424242424242424 3.0 2.1515151515151514 1.7575757575757576 2.696969696969697 2.4242424242424243
99 144.56751520712513 1.5757575757575757 1.3535353535353536 1.5555555555555556 1.5353535353535352 1.5555555555555556 1.7777777777777777 1.292929292929293 1.878787878787879 1.797979797979798 1.5555555555555556 1.0505050505050506 1.595959595959596 0.9090909090909091 1.3333333333333333 0.8282828282828283 2.0 1.4343434343434343 1.1717171717171717 1.797979797979798 1.6161616161616161
