50 20
TREE NETWORK (nID nID Weight):
44 0 31
46 0 49
49 0 34
12 0 37
36 12 37
29 46 58
25 49 40
33 0 41
14 25 31
10 49 49
38 14 33
5 12 46
43 38 36
7 36 39
41 10 42
23 41 58
4 41 32
6 36 55
34 29 45
22 33 48
37 6 40
40 34 51
26 41 54
48 49 51
2 36 43
18 38 38
1 0 40
13 46 50
11 13 41
8 12 44
24 2 36
31 41 47
27 33 31
9 27 45
30 18 56
17 12 54
16 14 44
21 23 34
15 13 59
35 40 39
32 7 30
47 31 52
42 6 35
39 2 59
19 42 32
3 31 58
20 12 49
28 7 34
45 48 32
PROGRAMS ASSIGNED TO NODES (nID pID1 pID2 ...):
0 1 2 3 4 5 6 7 8 9 10 11 12 13 14 15 16 17 18 19 20
1 16 3 9
2 16 17 2 3 20 5 9 10 11 12 13 15
3 1 18 3
4 3 4 5 7 11 12 13 14 15 16 17 18 19
5 16 19 7 11 14
7 1 2 3 4 5 6 8 9 10 11 12 13 14 15 16 17 18 19 20
8 16 2 20 5 6 7 10 11 12 14 15
9 1 2 3 5 6 7 8 10 11 12 13 14 15 16 17 18 20
10 16 17 3 15
11 2 3 4 6 8 9 10 11 12 13 15 16 17 18 19
12 16 18 19 20 6 8 10 12 14
13 2 3 4 5 6 7 8 10 14 15 16 17 18 19 20
14 18 4 7 9 15
15 17 1 3 19 5 6 9 12 13 14 15
16 1 2 3 4 6 7 8 10 11 12 13 14 15 19
17 16 18 3 4 5 9 10 11 12 13 14 15
18 1 2 3 4 5 7 8 9 10 11 13 14 15 16 17 18 19 20
19 17 2 4 10 14
20 1 2 3 4 5 10 12 13 14 15 16 19 20
22 1 3 4 5 6 9 10 11 13 14 15 19 20
23 1 17 2 18 3 4 7 9 11 13 14
24 1 2 4 5 6 7 8 11 14 16 17 18 20
25 2 3 4 5 7 8 9 11 12 13 14 15 16 17 18 19 20
26 1 2 3 4 5 6 7 8 9 10 11 12 13 15 17 18 19 20
27 1 2 3 4 5 6 8 9 10 11 13 14 15 16 17 18 19 20
28 1 13 15
29 10
31 1 2 3 4 5 7 8 9 10 12 13 14 15 17 18 19
32 3 5 7 8 9 10 11 12 13 15 16 18 19 20
33 16 9
34 2 3 4 5 6 7 8 9 12 13 16 17 18 19 20
35 2 3 5 6 7 8 11 12 13 14 16 19 20
36 1 19 12
37 3 20 9 14
38 1 11
40 16 1 6 8 15
41 4 5 14
43 17 19 20 6 7 10 11 14
44 17 1 3 6 11 12
45 1 7 8 9 12 13 14
46 16 19 3 6 8 12
47 1 2 3 4 5 8 9 10 11 12 13 14 15 16 17 19 20
48 1 2 3 4 5 6 8 9 11 12 13 14 16 17 18 20
49 1 2 3 4 5 6 7 9 10 11 12 13 14 15 16 17 19
SIZE OF PROGRAMS (pID SIZE):
1 74.0
2 64.0
3 66.0
4 96.0
5 81.0
6 48.0
7 84.0
8 58.0
9 47.0
10 74.0
11 71.0
12 62.0
13 93.0
14 73.0
15 70.0
16 57.0
17 70.0
18 44.0
19 66.0
20 63.0
COST TO INSTALL SERVERS AND PROGRAMS ON NODES (COST_TO_INSTALL_SERVER COST_TO_INSTALL_pID1 ...):
0 3835.4166666666665 1.5416666666666667 1.3333333333333333 1.375 2.0 1.6875 1.0 1.75 1.2083333333333333 0.9791666666666666 1.5416666666666667 1.4791666666666667 1.2916666666666667 1.9375 1.5208333333333333 1.4583333333333333 1.1875 1.4583333333333333 0.9166666666666666 1.375 1.3125
1 5.101353406148584 1.5416666666666667 1.3333333333333333 1.375 2.0 1.6875 1.0 1.75 1.2083333333333333 0.9791666666666666 1.5416666666666667 1.4791666666666667 1.2916666666666667 1.9375 1.5208333333333333 1.4583333333333333 1.1875 1.4583333333333333 0.9166666666666666 1.375 1.3125
2 95.29926269379568 1.5416666666666667 1.3333333333333333 1.375 2.0 1.6875 1.0 1.75 1.2083333333333333 0.9791666666666666 1.5416666666666667 1.4791666666666667 1.2916666666666667 1.9375 1.5208333333333333 1.4583333333333333 1.1875 1.4583333333333333 0.9166666666666666 1.375 1.3125
3 22.822918536454782 2.3125 2.0 2.0625 3.0 2.53125 1.5 2.625 1.8125 1.46875 2.3125 2.21875 1.9375 2.90625 2.28125 2.1875 1.78125 2.1875 1.375 2.0625 1.96875
4 133.40415126390087 2.3125 2.0 2.0625 3.0 2.53125 1.5 2.625 1.8125 1.46875 2.3125 2.21875 1.9375 2.90625 2.28125 2.1875 1.78125 2.1875 1.375 2.0625 1.96875
5 17.403158933297014 1.5416666666666667 1.3333333333333333 1.375 2.0 1.6875 1.0 1.75 1.2083333333333333 0.9791666666666666 1.5416666666666667 1.4791666666666667 1.2916666666666667 1.9375 1.5208333333333333 1.4583333333333333 1.1875 1.4583333333333333 0.9166666666666666 1.375 1.3125
6 33.733972478759156 2.3125 2.0 2.0625 3.0 2.53125 1.5 2.625 1.8125 1.46875 2.3125 2.21875 1.9375 2.90625 2.28125 2.1875 1.78125 2.1875 1.375 2.0625 1.96875
7 155.4596976942231 1.5416666666666667 1.3333333333333333 1.375 2.0 1.6875 1.0 1.75 1.2083333333333333 0.9791666666666666 1.5416666666666667 1.4791666666666667 1.2916666666666667 1.9375 1.5208333333333333 1.4583333333333333 1.1875 1.4583333333333333 0.9166666666666666 1.375 1.3125
8 48.58375004108389 1.5416666666666667 1.3333333333333333 1.375 2.0 1.6875 1.0 1.75 1.2083333333333333 0.9791666666666666 1.5416666666666667 1.4791666666666667 1.2916666666666667 1.9375 1.5208333333333333 1.4583333333333333 1.1875 1.4583333333333333 0.9166666666666666 1.375 1.3125
9 60.65347038249217 2.3125 2.0 2.0625 3.0 2.53125 1.5 2.625 1.8125 1.46875 2.3125 2.21875 1.9375 2.90625 2.28125 2.1875 1.78125 2.1875 1.375 2.0625 1.96875
10 40.37162786775586 2.3125 2.0 2.0625 3.0 2.53125 1.5 2.625 1.8125 1.46875 2.3125 2.21875 1.9375 2.90625 2.28125 2.1875 1.78125 2.1875 1.375 2.0625 1.96875
11 65.53826075485586 1.5416666666666667 1.3333333333333333 1.375 2.0 1.6875 1.0 1.75 1.2083333333333333 0.9791666666666666 1.5416666666666667 1.4791666666666667 1.2916666666666667 1.9375 1.5208333333333333 1.4583333333333333 1.1875 1.4583333333333333 0.9166666666666666 1.375 1.3125
12 36.19048181189166 1.5416666666666667 1.3333333333333333 1.375 2.0 1.6875 1.0 1.75 1.2083333333333333 0.9791666666666666 1.5416666666666667 1.4791666666666667 1.2916666666666667 1.9375 1.5208333333333333 1.4583333333333333 1.1875 1.4583333333333333 0.9166666666666666 1.375 1.3125
13 1.9359259533382769 2.3125 2.0 2.0625 3.0 2.53125 1.5 2.625 1.8125 1.46875 2.3125 2.21875 1.9375 2.90625 2.28125 2.1875 1.78125 2.1875 1.375 2.0625 1.96875
14 104.67845073145193 2.3125 2.0 2.0625 3.0 2.53125 1.5 2.625 1.8125 1.46875 2.3125 2.21875 1.9375 2.90625 2.28125 2.1875 1.78125 2.1875 1.375 2.0625 1.96875
15 22.860684081220086 1.5416666666666667 1.3333333333333333 1.375 2.0 1.6875 1.0 1.75 1.2083333333333333 0.9791666666666666 1.5416666666666667 1.4791666666666667 1.2916666666666667 1.9375 1.5208333333333333 1.4583333333333333 1.1875 1.4583333333333333 0.9166666666666666 1.375 1.3125
16 70.62191205002438 2.3125 2.0 2.0625 3.0 2.53125 1.5 2.625 1.8125 1.46875 2.3125 2.21875 1.9375 2.90625 2.28125 2.1875 1.78125 2.1875 1.375 2.0625 1.96875
17 31.761908346230772 2.3125 2.0 2.0625 3.0 2.53125 1.5 2.625 1.8125 1.46875 2.3125 2.21875 1.9375 2.90625 2.28125 2.1875 1.78125 2.1875 1.375 2.0625 1.96875
18 153.6022050918407 1.5416666666666667 1.3333333333333333 1.375 2.0 1.6875 1.0 1.75 1.2083333333333333 0.9791666666666666 1.5416666666666667 1.4791666666666667 1.2916666666666667 1.9375 1.5208333333333333 1.4583333333333333 1.1875 1.4583333333333333 0.9166666666666666 1.375 1.3125
19 36.21945752935659 2.3125 2.0 2.0625 3.0 2.53125 1.5 2.625 1.8125 1.46875 2.3125 2.21875 1.9375 2.90625 2.28125 2.1875 1.78125 2.1875 1.375 2.0625 1.96875
20 27.698726614821254 2.3125 2.0 2.0625 3.0 2.53125 1.5 2.625 1.8125 1.46875 2.3125 2.21875 1.9375 2.90625 2.28125 2.1875 1.78125 2.1875 1.375 2.0625 1.96875
21 204.0 2.3125 2.0 2.0625 3.0 2.53125 1.5 2.625 1.8125 1.46875 2.3125 2.21875 1.9375 2.90625 2.28125 2.1875 1.78125 2.1875 1.375 2.0625 1.96875
22 39.044457748551665 2.3125 2.0 2.0625 3.0 2.53125 1.5 2.625 1.8125 1.46875 2.3125 2.21875 1.9375 2.90625 2.28125 2.1875 1.78125 2.1875 1.375 2.0625 1.96875
23 88.11086744510132 2.3125 2.0 2.0625 3.0 2.53125 1.5 2.625 1.8125 1.46875 2.3125 2.21875 1.9375 2.90625 2.28125 2.1875 1.78125 2.1875 1.375 2.0625 1.96875
24 123.3650548283116 1.5416666666666667 1.3333333333333333 1.375 2.0 1.6875 1.0 1.75 1.2083333333333333 0.9791666666666666 1.5416666666666667 1.4791666666666667 1.2916666666666667 1.9375 1.5208333333333333 1.4583333333333333 1.1875 1.4583333333333333 0.9166666666666666 1.375 1.3125
25 18.46046814603212 2.3125 2.0 2.0625 3.0 2.53125 1.5 2.625 1.8125 1.46875 2.3125 2.21875 1.9375 2.90625 2.28125 2.1875 1.78125 2.1875 1.375 2.0625 1.96875
26 149.39541575397897 1.5416666666666667 1.3333333333333333 1.375 2.0 1.6875 1.0 1.75 1.2083333333333333 0.9791666666666666 1.5416666666666667 1.4791666666666667 1.2916666666666667 1.9375 1.5208333333333333 1.4583333333333333 1.1875 1.4583333333333333 0.9166666666666666 1.375 1.3125
27 43.880585067617005 1.5416666666666667 1.3333333333333333 1.375 2.0 1.6875 1.0 1.75 1.2083333333333333 0.9791666666666666 1.5416666666666667 1.4791666666666667 1.2916666666666667 1.9375 1.5208333333333333 1.4583333333333333 1.1875 1.4583333333333333 0.9166666666666666 1.375 1.3125
28 18.95032208021 2.3125 2.0 2.0625 3.0 2.53125 1.5 2.625 1.8125 1.46875 2.3125 2.21875 1.9375 2.90625 2.28125 2.1875 1.78125 2.1875 1.375 2.0625 1.96875
29 44.18662692226013 1.5416666666666667 1.3333333333333333 1.375 2.0 1.6875 1.0 1.75 1.2083333333333333 0.9791666666666666 1.5416666666666667 1.4791666666666667 1.2916666666666667 1.9375 1.5208333333333333 1.4583333333333333 1.1875 1.4583333333333333 0.9166666666666666 1.375 1.3125
30 697.0 2.3125 2.0 2.0625 3.0 2.53125 1.5 2.625 1.8125 1.46875 2.3125 2.21875 1.9375 2.90625 2.28125 2.1875 1.78125 2.1875 1.375 2.0625 1.96875
31 91.07458404935811 2.3125 2.0 2.0625 3.0 2.53125 1.5 2.625 1.8125 1.46875 2.3125 2.21875 1.9375 2.90625 2.28125 2.1875 1.78125 2.1875 1.375 2.0625 1.96875
32 50.00040460010534 2.3125 2.0 2.0625 3.0 2.53125 1.5 2.625 1.8125 1.46875 2.3125 2.21875 1.9375 2.90625 2.28125 2.1875 1.78125 2.1875 1.375 2.0625 1.96875
33 643.0 2.3125 2.0 2.0625 3.0 2.53125 1.5 2.625 1.8125 1.46875 2.3125 2.21875 1.9375 2.90625 2.28125 2.1875 1.78125 2.1875 1.375 2.0625 1.96875
34 61.09721350410129 1.5416666666666667 1.3333333333333333 1.375 2.0 1.6875 1.0 1.75 1.2083333333333333 0.9791666666666666 1.5416666666666667 1.4791666666666667 1.2916666666666667 1.9375 1.5208333333333333 1.4583333333333333 1.1875 1.4583333333333333 0.9166666666666666 1.375 1.3125
35 103.5317650314924 1.5416666666666667 1.3333333333333333 1.375 2.0 1.6875 1.0 1.75 1.2083333333333333 0.9791666666666666 1.5416666666666667 1.4791666666666667 1.2916666666666667 1.9375 1.5208333333333333 1.4583333333333333 1.1875 1.4583333333333333 0.9166666666666666 1.375 1.3125
36 77.66579918014675 2.3125 2.0 2.0625 3.0 2.53125 1.5 2.625 1.8125 1.46875 2.3125 2.21875 1.9375 2.90625 2.28125 2.1875 1.78125 2.1875 1.375 2.0625 1.96875
37 16.360790681070313 1.5416666666666667 1.3333333333333333 1.375 2.0 1.6875 1.0 1.75 1.2083333333333333 0.9791666666666666 1.5416666666666667 1.4791666666666667 1.2916666666666667 1.9375 1.5208333333333333 1.4583333333333333 1.1875 1.4583333333333333 0.9166666666666666 1.375 1.3125
38 112.81506008160606 1.5416666666666667 1.3333333333333333 1.375 2.0 1.6875 1.0 1.75 1.2083333333333333 0.9791666666666666 1.5416666666666667 1.4791666666666667 1.2916666666666667 1.9375 1.5208333333333333 1.4583333333333333 1.1875 1.4583333333333333 0.9166666666666666 1.375 1.3125
39 221.0 1.5416666666666667 1.3333333333333333 1.375 2.0 1.6875 1.0 1.75 1.2083333333333333 0.9791666666666666 1.5416666666666667 1.4791666666666667 1.2916666666666667 1.9375 1.5208333333333333 1.4583333333333333 1.1875 1.4583333333333333 0.9166666666666666 1.375 1.3125
40 106.66305884773004 1.5416666666666667 1.3333333333333333 1.375 2.0 1.6875 1.0 1.75 1.2083333333333333 0.9791666666666666 1.5416666666666667 1.4791666666666667 1.2916666666666667 1.9375 1.5208333333333333 1.4583333333333333 1.1875 1.4583333333333333 0.9166666666666666 1.375 1.3125
41 108.1227455222398 1.5416666666666667 1.3333333333333333 1.375 2.0 1.6875 1.0 1.75 1.2083333333333333 0.9791666666666666 1.5416666666666667 1.4791666666666667 1.2916666666666667 1.9375 1.5208333333333333 1.4583333333333333 1.1875 1.4583333333333333 0.9166666666666666 1.375 1.3125
42 49.98379817616597 1.5416666666666667 1.3333333333333333 1.375 2.0 1.6875 1.0 1.75 1.2083333333333333 0.9791666666666666 1.5416666666666667 1.4791666666666667 1.2916666666666667 1.9375 1.5208333333333333 1.4583333333333333 1.1875 1.4583333333333333 0.9166666666666666 1.375 1.3125
43 48.403855953787065 2.3125 2.0 2.0625 3.0 2.53125 1.5 2.625 1.8125 1.46875 2.3125 2.21875 1.9375 2.90625 2.28125 2.1875 1.78125 2.1875 1.375 2.0625 1.96875
44 11.885174419041746 1.5416666666666667 1.3333333333333333 1.375 2.0 1.6875 1.0 1.75 1.2083333333333333 0.9791666666666666 1.5416666666666667 1.4791666666666667 1.2916666666666667 1.9375 1.5208333333333333 1.4583333333333333 1.1875 1.4583333333333333 0.9166666666666666 1.375 1.3125
45 43.22379209097374 1.5416666666666667 1.3333333333333333 1.375 2.0 1.6875 1.0 1.75 1.2083333333333333 0.9791666666666666 1.5416666666666667 1.4791666666666667 1.2916666666666667 1.9375 1.5208333333333333 1.4583333333333333 1.1875 1.4583333333333333 0.9166666666666666 1.375 1.3125
46 40.72277960107123 1.5416666666666667 1.3333333333333333 1.375 2.0 1.6875 1.0 1.75 1.2083333333333333 0.9791666666666666 1.5416666666666667 1.4791666666666667 1.2916666666666667 1.9375 1.5208333333333333 1.4583333333333333 1.1875 1.4583333333333333 0.9166666666666666 1.375 1.3125
47 149.1813187914149 2.3125 2.0 2.0625 3.0 2.53125 1.5 2.625 1.8125 1.46875 2.3125 2.21875 1.9375 2.90625 2.28125 2.1875 1.78125 2.1875 1.375 2.0625 1.96875
48 36.58175066799646 1.5416666666666667 1.3333333333333333 1.375 2.0 1.6875 1.0 1.75 1.2083333333333333 0.9791666666666666 1.5416666666666667 1.4791666666666667 1.2916666666666667 1.9375 1.5208333333333333 1.4583333333333333 1.1875 1.4583333333333333 0.9166666666666666 1.375 1.3125
49 38.36973021897549 1.5416666666666667 1.3333333333333333 1.375 2.0 1.6875 1.0 1.75 1.2083333333333333 0.9791666666666666 1.5416666666666667 1.4791666666666667 1.2916666666666667 1.9375 1.5208333333333333 1.4583333333333333 1.1875 1.4583333333333333 0.9166666666666666 1.375 1.3125
