110 40
TREE NETWORK (nID nID Weight):
45 0 55
8 45 34
55 8 35
88 8 39
66 88 46
26 45 53
31 8 56
59 26 52
106 0 47
25 8 55
91 0 54
94 88 54
87 45 38
38 66 40
109 106 47
2 38 33
9 88 32
18 45 57
75 2 45
65 75 40
92 31 54
78 65 54
81 106 34
102 88 58
108 38 47
97 78 54
14 92 46
58 87 37
70 25 44
20 26 40
104 58 52
10 59 43
39 45 59
47 65 43
83 47 49
24 83 45
63 91 30
99 75 31
21 109 42
89 70 38
76 38 49
32 59 32
64 65 46
23 106 37
37 89 33
41 10 44
86 76 39
101 86 54
46 47 57
54 32 43
82 97 41
90 14 34
105 76 37
27 24 51
107 76 34
16 47 40
35 66 39
67 94 58
80 70 31
6 31 38
103 35 37
71 81 43
48 10 33
98 66 57
43 81 43
30 89 38
100 106 55
62 45 58
36 83 42
11 86 48
74 21 49
95 0 38
53 101 59
44 25 30
17 39 37
69 25 31
60 90 40
13 45 41
56 27 46
50 13 49
51 107 35
68 82 40
49 103 49
7 14 52
52 6 57
85 80 37
96 83 31
84 64 34
77 55 41
57 44 52
93 30 34
79 16 32
40 75 58
5 85 40
33 104 42
73 21 52
12 103 53
28 24 53
4 47 47
22 5 58
61 26 51
29 24 37
19 35 55
42 57 31
15 32 50
34 80 33
1 109 42
3 67 46
72 62 32
PROGRAMS ASSIGNED TO NODES (nID pID1 pID2 ...):
0 1 2 3 4 5 6 7 8 9 10 11 12 13 14 15 16 17 18 19 20 21 22 23 24 25 26 27 28 29 30 31 32 33 34 35 36 37 38 39 40
1 3 8
2 1 3 4 5 6 7 8 9 10 11 13 15 16 20 22 25 28 29 31 32 33 34 35 38 40
3 32 2 3 35 36 5 7 9 17 18 20 23 25 26 27 29 30 31
4 2 3 6 7 8 9 12 13 14 16 19 21 22 23 24 25 26 27 29 33 34 35 36 37 40
5 33 2 34 36 37 5 38 39 40 8 9 11 14 15 16 18 20 24 26 27 28 29 30
6 32 35 40 24
7 1 2 5 6 7 8 9 12 13 14 15 16 17 18 19 20 21 23 25 26 27 28 29 30 31 32 33 35 36 39
8 1 2 3 4 5 6 7 8 9 10 11 12 14 15 16 17 18 19 20 21 22 23 24 25 26 27 28 29 31 32 33 34 35 36 37 39 40
9 2 19 22 6 8 11 28 12 29 14
10 2 3 4 5 7 8 9 11 13 14 15 17 18 19 20 22 23 24 25 27 28 29 30 33 35 36 38 40
11 20 5 12 14 15
12 32 33 35 4 36 6 38 7 39 40 9 10 11 12 14 20 23 25 26 27 29
13 1 2 4 5 6 7 8 9 10 12 13 15 16 17 18 19 20 21 22 23 24 25 26 27 28 30 31 32 34 35 36 37 38 39 40
14 1 33 3 35 36 5 38 6 39 7 8 10 11 14 16 18 19 21 23 24 25 26 30
15 2 4 6 7 9 10 11 12 15 16 17 18 19 21 22 23 24 25 26 27 29 31 32 33 34 35 36 37 38 39 40
16 2 4
17 33 35 36 4 6 8 40 9 10 12 14 15 17 20 23 25 28 29
18 32 1 33 2 34 35 4 37 5 38 7 8 9 10 11 15 16 18 20 21 22 23 26 27
19 1 2 3 5 6 7 8 9 10 11 13 14 15 16 17 18 21 22 23 24 26 27 28 29 30 31 32 33 35 36 39 40
20 1 2 3 4 5 7 8 9 10 12 13 14 15 16 17 18 19 20 21 22 23 24 26 27 28 29 30 32 33 34 35 36 37 38 39 40
21 32 33 1 3 4 5 38 39 11 12 13 15 17 18 19 20 23 24 28 30
22 3 4 5 38 39 7 10 11 13 14 15 22 23 24 25 26 29 30 31
23 3 19 5 39 40 25 9 11 27 28 13
24 32 2 3 4 5 12 13 15 22 24 25 29 31
25 32 34 35 4 36 6 39 9 10 11 15 17 20 21 27 28 31
26 32 1 33 34 2 35 20 9 27 30
27 2 34 36 5 39 8 9 11 17 18 21 23 26 31
28 16 34 19 38 22 9 10 27 12 29 13
29 1 3 20 36 5 21 39 10 26 11
30 2 3 4 6 7 8 11 13 14 16 17 18 20 21 23 26 28 29 30 32 33 34 35 36 37 38 40
31 2 35 36 4 37 5 39 8 40 9 11 13 14 16 20 21 23 25 27 29 30
32 1 2 3 4 5 6 7 8 9 10 13 14 15 16 17 18 19 20 21 23 24 26 27 28 29 31 33 34 35 36 37 38 39
33 32 33 34 3 36 37 7 39 10 13 14 16 19 21 22 23 26 29 30 31
34 2 3 5 6 9 10 11 13 16 17 19 20 21 23 24 25 27 29 30 31 32 33 34 35 36 38
35 1 3 4 5 7 8 10 12 15 16 17 18 21 22 23 24 25 26 27 28 30 31 32 33 36 38 39 40
36 36 5 7 10
37 2 34 20 5 8 40 11 12 15
38 17
39 16 34 19 37 5 23 24 40 26 10 15
40 1 2 3 4 5 6 7 8 9 10 11 12 13 14 15 16 17 18 19 20 21 22 23 24 25 26 27 28 29 31 32 33 34 35 36 37 39
41 1 2 3 4 5 6 7 8 9 13 14 15 16 17 18 19 20 21 22 23 24 25 26 27 28 29 30 33 34 35 36 37 38 39 40
42 34 7
43 1 5 7 8 10 11 12 13 14 15 16 17 18 20 21 22 23 25 26 27 28 29 31 32 33 34 35 36 37 38 39 40
44 1 2 3 4 5 6 7 8 9 10 11 12 13 14 15 16 17 18 19 20 21 22 25 26 27 28 29 30 32 33 35 36 37 38 40
45 1 2 3 5 6 7 8 9 10 11 12 13 14 15 16 17 18 19 21 22 23 24 27 28 29 30 33 34 35 36 37 38 39 40
46 32 4 36 38 7 28
47 2 3 5 6 7 8 9 10 11 12 13 14 16 17 18 19 20 21 22 23 25 26 27 28 30 31 32 33 34 35 36 37 38 39 40
48 32 1 34 35 4 5 38 8 13 14 15 22 25 29 30 31
49 1 2 3 4 5 6 7 8 9 10 11 12 13 14 15 16 17 18 19 20 21 22 23 24 26 27 28 29 30 31 33 34 35 36 37 38 39 40
50 37 6 24 26 11 27 12 28
51 1 33 20 22 40 9 26 27 28 30 15
52 1 3 6 7 8 9 11 13 14 15 16 18 21 22 23 24 25 26 27 28 32 33 34 36 37 38 39 40
53 34 2 3 35 5 37 38 8 9 12 13 18 21 22 23 25
54 11 28 15
55 1 2 4 6 8 9 10 12 13 15 16 17 18 19 20 21 22 23 24 25 30 31 32 33 35 36 37 38 39
56 1 2 3 4 5 6 7 8 9 10 11 12 13 14 15 16 17 18 19 21 23 24 25 26 27 28 29 30 31 32 33 35 36 38 39 40
57 32 1 2 34 3 36 37 7 39 8 40 11 13 18 22 23 24 25 26 28 29 30 31
58 32 1 34 36 38 6 40 9 13 15 24 26 27
59 1 18 36 22 40 27 28 29 31
60 2 3 4 5 6 7 8 9 10 11 12 13 14 16 17 18 19 20 21 22 23 24 25 26 27 28 29 31 32 33 34 35 36 37 38 39 40
61 1 2 3 4 5 6 7 9 10 11 12 13 14 16 18 19 20 22 25 26 27 28 31 32 33 35 36 38 40
62 2
63 1 2 3 4 5 6 7 8 9 10 11 12 13 14 15 16 17 18 19 20 21 22 23 24 25 26 27 28 29 30 31 32 33 34 36 37 38 39 40
64 2 4 5 6 7 8 9 10 13 15 16 17 19 21 25 27 28 30 31 32 33 34 35 36 37 38 39 40
65 32 34 3 11 12 15 16 17 18 20 23 24 28 29 30 31
66 1 34 5 38 39 7 10 12 13 15 17 18 20 24 27 29
67 1 2 3 4 6 7 9 10 12 13 16 17 22 23 24 25 26 27 28 29 30 31 32 33 36 37 38 40
68 33 17 18 4 20 37 21 8 40 9 29 13
69 1 2 3 4 5 6 7 8 9 10 11 12 13 14 15 16 17 18 19 21 22 24 25 26 27 28 29 30 31 32 33 34 35 36 37 38 39 40
70 16 3 19 38 6 7
71 33 35 36 39 7 20 22 24 26 27 28 30 31
72 1 2 3 4 5 6 7 8 9 10 11 12 13 14 15 16 17 18 19 20 21 22 23 24 25 27 28 29 30 31 32 33 34 35 36 37 38 39 40
73 2 3 4 5 6 7 8 9 10 11 12 13 14 15 17 18 20 21 22 23 25 26 27 28 30 31 32 33 34 35 36 37 38 40
74 32 1 34 35 36 38 7 9 12 13 15 18 19 21 24 27 31
75 32 33 34 2 35 4 36 5 38 11 12 13 19 21 22 27 28 29 30
76 3 4 5 6 8 9 10 14 15 16 18 19 20 21 22 26 27 28 29 30 32 35 37 38 39 40
77 32 1 35 4 38 8 13 14 15 19 21 22 24 31
78 18
79 1 2 3 4 5 6 7 8 10 11 12 13 14 15 16 17 19 20 21 23 25 26 27 28 30 31 33 34 35 36 37 38 39 40
80 33 1 36 4 7 8 9 10 12 15 21 22 24 27 28 30 31
81 32 1 2 35 4 5 38 39 7 9 10 11 12 13 16 18 23 25 26 29 31
82 1 37 38 8 24 28
83 2 3 4 5 6 7 8 9 10 11 12 14 15 17 18 19 21 22 23 24 25 26 28 29 30 31 33 34 35 36 38 39
84 1 3 4 5 7 8 9 10 11 12 13 14 15 16 17 18 19 20 21 22 23 24 25 26 27 28 29 30 31 32 33 34 35 37 38 39
85 6 25 14
86 32 1 2 34 35 36 37 7 8 10 11 15 17 18 21 22 24 31
87 1 2 3 4 5 6 7 8 10 11 13 14 15 17 18 19 20 22 23 24 25 26 28 29 30 32 33 34 35 36 37 38 40
88 16 3 20 5 39 8 9 28
89 1 33 34 3 35 36 4 6 40 10 11 13 14 16 17 19 20 22 23 25 28 29 31
90 1 3 4 5 7 9 10 11 12 13 14 15 16 17 18 19 20 21 22 23 25 26 27 28 29 31 32 33 34 35 36 37 38 39 40
91 2 3 4 6 7 8 9 10 11 12 13 15 16 17 19 20 21 22 23 24 25 26 27 28 29 30 31 32 33 34 35 37 38 39 40
92 1 33 3 35 36 4 6 38 39 11 12 14 18 20 21 23 26
93 1 2 5 6 7 8 9 10 11 12 13 14 15 16 18 19 20 21 22 24 25 26 28 29 30 31 32 33 34 35 36 37 38 39 40
94 36 8
95 1 2 3 4 5 6 7 8 9 10 11 12 13 14 15 16 17 18 19 20 21 22 23 24 25 26 27 28 29 30 31 32 33 34 36 37 38 39 40
96 1 2 3 4 5 6 7 8 9 10 11 12 13 14 15 17 18 19 20 21 22 23 24 25 26 27 28 30 32 33 34 35 36 37 38 39
97 1 2 3 4 5 6 7 8 9 10 11 12 13 14 15 16 17 18 19 20 21 22 23 24 25 26 27 28 29 30 31 32 33 34 35 36 37 38 40
98 1 2 3 4 6 7 8 9 10 11 12 13 14 15 16 17 18 19 20 21 22 23 24 25 26 27 28 29 30 31 32 33 34 35 36 37 38 39 40
99 2 35 19 5 6 22 10 27 29 31
100 1 2 3 4 5 6 7 8 9 10 11 12 13 14 15 16 17 18 19 20 21 22 23 24 25 26 28 29 30 31 32 33 34 35 36 37 38 39 40
101 2 4 23 24 10 27 29 30 14
102 16
103 32 33 34 2 3 36 5 37 38 6 7 11 12 13 14 15 17 18 20 21 27 28 31
104 32 1 3 37 6 7 10 13 15 17 21 28 29
105 33 2 35 3 4 5 39 12 19 20 23 26 28 30
106 1 2 4 7 8 10 11 12 13 14 15 17 18 19 20 21 22 23 24 32 33 34 35 36 37 39
107 34 22 13
108 1 2 3 8 9 10 11 15 16 17 18 20 21 22 23 24 25 26 27 28 29 30 32 34 35 38 39 40
109 1 2 5 6 7 8 9 10 11 13 14 15 16 17 18 19 20 21 22 23 26 27 28 30 31 32 33 34 35 36 37 38 39 40
SIZE OF PROGRAMS (pID SIZE):
1 49.0
2 71.0
3 87.0
4 67.0
5 59.0
6 88.0
7 74.0
8 68.0
9 60.0
10 80.0
11 99.0
12 58.0
13 93.0
14 78.0
15 52.0
16 52.0
17 74.0
18 52.0
19 68.0
20 90.0
21 75.0
22 79.0
23 51.0
24 63.0
25 68.0
26 75.0
27 78.0
28 60.0
29 42.0
30 47.0
31 93.0
32 73.0
33 77.0
34 59.0
35 71.0
36 94.0
37 60.0
38 78.0
39 50.0
40 42.0
COST TO INSTALL SERVERS AND PROGRAMS ON NODES (COST_TO_INSTALL_SERVER COST_TO_INSTALL_pID1 ...):
0 9345.454545454544 1.4848484848484849 2.1515151515151514 2.6363636363636362 2.0303030303030303 1.7878787878787878 2.6666666666666665 2.242424242424242 2.0606060606060606 1.8181818181818181 2.4242424242424243 3.0 1.7575757575757576 2.8181818181818183 2.3636363636363638 1.5757575757575757 1.5757575757575757 2.242424242424242 1.5757575757575757 2.0606060606060606 2.727272727272727 2.272727272727273 2.393939393939394 1.5454545454545454 1.9090909090909092 2.0606060606060606 2.272727272727273 2.3636363636363638 1.8181818181818181 1.2727272727272727 1.4242424242424243 2.8181818181818183 2.212121212121212 2.3333333333333335 1.7878787878787878 2.1515151515151514 2.8484848484848486 1.8181818181818181 2.3636363636363638 1.5151515151515151 1.2727272727272727
1 13.892196972955094 1.4848484848484849 2.1515151515151514 2.6363636363636362 2.0303030303030303 1.7878787878787878 2.6666666666666665 2.242424242424242 2.0606060606060606 1.8181818181818181 2.4242424242424243 3.0 1.7575757575757576 2.8181818181818183 2.3636363636363638 1.5757575757575757 1.5757575757575757 2.242424242424242 1.5757575757575757 2.0606060606060606 2.727272727272727 2.272727272727273 2.393939393939394 1.5454545454545454 1.9090909090909092 2.0606060606060606 2.272727272727273 2.3636363636363638 1.8181818181818181 1.2727272727272727 1.4242424242424243 2.8181818181818183 2.212121212121212 2.3333333333333335 1.7878787878787878 2.1515151515151514 2.8484848484848486 1.8181818181818181 2.3636363636363638 1.5151515151515151 1.2727272727272727
2 322.65720896980076 1.4848484848484849 2.1515151515151514 2.6363636363636362 2.0303030303030303 1.7878787878787878 2.6666666666666665 2.242424242424242 2.0606060606060606 1.8181818181818181 2.4242424242424243 3.0 1.7575757575757576 2.8181818181818183 2.3636363636363638 1.5757575757575757 1.5757575757575757 2.242424242424242 1.5757575757575757 2.0606060606060606 2.727272727272727 2.272727272727273 2.393939393939394 1.5454545454545454 1.9090909090909092 2.0606060606060606 2.272727272727273 2.3636363636363638 1.8181818181818181 1.2727272727272727 1.4242424242424243 2.8181818181818183 2.212121212121212 2.3333333333333335 1.7878787878787878 2.1515151515151514 2.8484848484848486 1.8181818181818181 2.3636363636363638 1.5151515151515151 1.2727272727272727
3 219.81100861352763 1.4848484848484849 2.1515151515151514 2.6363636363636362 2.0303030303030303 1.7878787878787878 2.6666666666666665 2.242424242424242 2.0606060606060606 1.8181818181818181 2.4242424242424243 3.0 1.7575757575757576 2.8181818181818183 2.3636363636363638 1.5757575757575757 1.5757575757575757 2.242424242424242 1.5757575757575757 2.0606060606060606 2.727272727272727 2.272727272727273 2.393939393939394 1.5454545454545454 1.9090909090909092 2.0606060606060606 2.272727272727273 2.3636363636363638 1.8181818181818181 1.2727272727272727 1.4242424242424243 2.8181818181818183 2.212121212121212 2.3333333333333335 1.7878787878787878 2.1515151515151514 2.8484848484848486 1.8181818181818181 2.3636363636363638 1.5151515151515151 1.2727272727272727
4 453.3199039396307 0.98989898989899 1.4343434343434343 1.7575757575757576 1.3535353535353536 1.1919191919191918 1.7777777777777777 1.494949494949495 1.3737373737373737 1.2121212121212122 1.6161616161616161 2.0 1.1717171717171717 1.878787878787879 1.5757575757575757 1.0505050505050506 1.0505050505050506 1.494949494949495 1.0505050505050506 1.3737373737373737 1.8181818181818181 1.5151515151515151 1.595959595959596 1.0303030303030303 1.2727272727272727 1.3737373737373737 1.5151515151515151 1.5757575757575757 1.2121212121212122 0.8484848484848485 0.9494949494949495 1.878787878787879 1.4747474747474747 1.5555555555555556 1.1919191919191918 1.4343434343434343 1.898989898989899 1.2121212121212122 1.5757575757575757 1.0101010101010102 0.8484848484848485
5 578.5712068739368 1.4848484848484849 2.1515151515151514 2.6363636363636362 2.0303030303030303 1.7878787878787878 2.6666666666666665 2.242424242424242 2.0606060606060606 1.8181818181818181 2.4242424242424243 3.0 1.7575757575757576 2.8181818181818183 2.3636363636363638 1.5757575757575757 1.5757575757575757 2.242424242424242 1.5757575757575757 2.0606060606060606 2.727272727272727 2.272727272727273 2.393939393939394 1.5454545454545454 1.9090909090909092 2.0606060606060606 2.272727272727273 2.3636363636363638 1.8181818181818181 1.2727272727272727 1.4242424242424243 2.8181818181818183 2.212121212121212 2.3333333333333335 1.7878787878787878 2.1515151515151514 2.8484848484848486 1.8181818181818181 2.3636363636363638 1.5151515151515151 1.2727272727272727
6 142.69864926723324 0.98989898989899 1.4343434343434343 1.7575757575757576 1.3535353535353536 1.1919191919191918 1.7777777777777777 1.494949494949495 1.3737373737373737 1.2121212121212122 1.6161616161616161 2.0 1.1717171717171717 1.878787878787879 1.5757575757575757 1.0505050505050506 1.0505050505050506 1.494949494949495 1.0505050505050506 1.3737373737373737 1.8181818181818181 1.5151515151515151 1.595959595959596 1.0303030303030303 1.2727272727272727 1.3737373737373737 1.5151515151515151 1.5757575757575757 1.2121212121212122 0.8484848484848485 0.9494949494949495 1.878787878787879 1.4747474747474747 1.5555555555555556 1.1919191919191918 1.4343434343434343 1.898989898989899 1.2121212121212122 1.5757575757575757 1.0101010101010102 0.8484848484848485
7 151.2616892115154 1.4848484848484849 2.1515151515151514 2.6363636363636362 2.0303030303030303 1.7878787878787878 2.6666666666666665 2.242424242424242 2.0606060606060606 1.8181818181818181 2.4242424242424243 3.0 1.7575757575757576 2.8181818181818183 2.3636363636363638 1.5757575757575757 1.5757575757575757 2.242424242424242 1.5757575757575757 2.0606060606060606 2.727272727272727 2.272727272727273 2.393939393939394 1.5454545454545454 1.9090909090909092 2.0606060606060606 2.272727272727273 2.3636363636363638 1.8181818181818181 1.2727272727272727 1.4242424242424243 2.8181818181818183 2.212121212121212 2.3333333333333335 1.7878787878787878 2.1515151515151514 2.8484848484848486 1.8181818181818181 2.3636363636363638 1.5151515151515151 1.2727272727272727
8 111.78643921990371 0.98989898989899 1.4343434343434343 1.7575757575757576 1.3535353535353536 1.1919191919191918 1.7777777777777777 1.494949494949495 1.3737373737373737 1.2121212121212122 1.6161616161616161 2.0 1.1717171717171717 1.878787878787879 1.5757575757575757 1.0505050505050506 1.0505050505050506 1.494949494949495 1.0505050505050506 1.3737373737373737 1.8181818181818181 1.5151515151515151 1.595959595959596 1.0303030303030303 1.2727272727272727 1.3737373737373737 1.5151515151515151 1.5757575757575757 1.2121212121212122 0.8484848484848485 0.9494949494949495 1.878787878787879 1.4747474747474747 1.5555555555555556 1.1919191919191918 1.4343434343434343 1.898989898989899 1.2121212121212122 1.5757575757575757 1.0101010101010102 0.8484848484848485
9 90.41618921840325 1.4848484848484849 2.1515151515151514 2.6363636363636362 2.0303030303030303 1.7878787878787878 2.6666666666666665 2.242424242424242 2.0606060606060606 1.8181818181818181 2.4242424242424243 3.0 1.7575757575757576 2.8181818181818183 2.3636363636363638 1.5757575757575757 1.5757575757575757 2.242424242424242 1.5757575757575757 2.0606060606060606 2.727272727272727 2.272727272727273 2.393939393939394 1.5454545454545454 1.9090909090909092 2.0606060606060606 2.272727272727273 2.3636363636363638 1.8181818181818181 1.2727272727272727 1.4242424242424243 2.8181818181818183 2.212121212121212 2.3333333333333335 1.7878787878787878 2.1515151515151514 2.8484848484848486 1.8181818181818181 2.3636363636363638 1.5151515151515151 1.2727272727272727
10 315.5977428089417 0.98989898989899 1.4343434343434343 1.7575757575757576 1.3535353535353536 1.1919191919191918 1.7777777777777777 1.494949494949495 1.3737373737373737 1.2121212121212122 1.6161616161616161 2.0 1.1717171717171717 1.878787878787879 1.5757575757575757 1.0505050505050506 1.0505050505050506 1.494949494949495 1.0505050505050506 1.3737373737373737 1.8181818181818181 1.5151515151515151 1.595959595959596 1.0303030303030303 1.2727272727272727 1.3737373737373737 1.5151515151515151 1.5757575757575757 1.2121212121212122 0.8484848484848485 0.9494949494949495 1.878787878787879 1.4747474747474747 1.5555555555555556 1.1919191919191918 1.4343434343434343 1.898989898989899 1.2121212121212122 1.5757575757575757 1.0101010101010102 0.8484848484848485
11 59.500262432247744 1.4848484848484849 2.1515151515151514 2.6363636363636362 2.0303030303030303 1.7878787878787878 2.6666666666666665 2.242424242424242 2.0606060606060606 1.8181818181818181 2.4242424242424243 3.0 1.7575757575757576 2.8181818181818183 2.3636363636363638 1.5757575757575757 1.5757575757575757 2.242424242424242 1.5757575757575757 2.0606060606060606 2.727272727272727 2.272727272727273 2.393939393939394 1.5454545454545454 1.9090909090909092 2.0606060606060606 2.272727272727273 2.3636363636363638 1.8181818181818181 1.2727272727272727 1.4242424242424243 2.8181818181818183 2.212121212121212 2.3333333333333335 1.7878787878787878 2.1515151515151514 2.8484848484848486 1.8181818181818181 2.3636363636363638 1.5151515151515151 1.2727272727272727
12 416.9864371506967 0.98989898989899 1.4343434343434343 1.7575757575757576 1.3535353535353536 1.1919191919191918 1.7777777777777777 1.494949494949495 1.3737373737373737 1.2121212121212122 1.6161616161616161 2.0 1.1717171717171717 1.878787878787879 1.5757575757575757 1.0505050505050506 1.0505050505050506 1.494949494949495 1.0505050505050506 1.3737373737373737 1.8181818181818181 1.5151515151515151 1.595959595959596 1.0303030303030303 1.2727272727272727 1.3737373737373737 1.5151515151515151 1.5757575757575757 1.2121212121212122 0.8484848484848485 0.9494949494949495 1.878787878787879 1.4747474747474747 1.5555555555555556 1.1919191919191918 1.4343434343434343 1.898989898989899 1.2121212121212122 1.5757575757575757 1.0101010101010102 0.8484848484848485
13 132.67538668375653 0.98989898989899 1.4343434343434343 1.7575757575757576 1.3535353535353536 1.1919191919191918 1.7777777777777777 1.494949494949495 1.3737373737373737 1.2121212121212122 1.6161616161616161 2.0 1.1717171717171717 1.878787878787879 1.5757575757575757 1.0505050505050506 1.0505050505050506 1.494949494949495 1.0505050505050506 1.3737373737373737 1.8181818181818181 1.5151515151515151 1.595959595959596 1.0303030303030303 1.2727272727272727 1.3737373737373737 1.5151515151515151 1.5757575757575757 1.2121212121212122 0.8484848484848485 0.9494949494949495 1.878787878787879 1.4747474747474747 1.5555555555555556 1.1919191919191918 1.4343434343434343 1.898989898989899 1.2121212121212122 1.5757575757575757 1.0101010101010102 0.8484848484848485
14 232.81055391799032 1.4848484848484849 2.1515151515151514 2.6363636363636362 2.0303030303030303 1.7878787878787878 2.6666666666666665 2.242424242424242 2.0606060606060606 1.8181818181818181 2.4242424242424243 3.0 1.7575757575757576 2.8181818181818183 2.3636363636363638 1.5757575757575757 1.5757575757575757 2.242424242424242 1.5757575757575757 2.0606060606060606 2.727272727272727 2.272727272727273 2.393939393939394 1.5454545454545454 1.9090909090909092 2.0606060606060606 2.272727272727273 2.3636363636363638 1.8181818181818181 1.2727272727272727 1.4242424242424243 2.8181818181818183 2.212121212121212 2.3333333333333335 1.7878787878787878 2.1515151515151514 2.8484848484848486 1.8181818181818181 2.3636363636363638 1.5151515151515151 1.2727272727272727
15 234.01846660759097 1.4848484848484849 2.1515151515151514 2.6363636363636362 2.0303030303030303 1.7878787878787878 2.6666666666666665 2.242424242424242 2.0606060606060606 1.8181818181818181 2.4242424242424243 3.0 1.7575757575757576 2.8181818181818183 2.3636363636363638 1.5757575757575757 1.5757575757575757 2.242424242424242 1.5757575757575757 2.0606060606060606 2.727272727272727 2.272727272727273 2.393939393939394 1.5454545454545454 1.9090909090909092 2.0606060606060606 2.272727272727273 2.3636363636363638 1.8181818181818181 1.2727272727272727 1.4242424242424243 2.8181818181818183 2.212121212121212 2.3333333333333335 1.7878787878787878 2.1515151515151514 2.8484848484848486 1.8181818181818181 2.3636363636363638 1.5151515151515151 1.2727272727272727
16 720.9367321722975 1.4848484848484849 2.1515151515151514 2.6363636363636362 2.0303030303030303 1.7878787878787878 2.6666666666666665 2.242424242424242 2.0606060606060606 1.8181818181818181 2.4242424242424243 3.0 1.7575757575757576 2.8181818181818183 2.3636363636363638 1.5757575757575757 1.5757575757575757 2.242424242424242 1.5757575757575757 2.0606060606060606 2.727272727272727 2.272727272727273 2.393939393939394 1.5454545454545454 1.9090909090909092 2.0606060606060606 2.272727272727273 2.3636363636363638 1.8181818181818181 1.2727272727272727 1.4242424242424243 2.8181818181818183 2.212121212121212 2.3333333333333335 1.7878787878787878 2.1515151515151514 2.8484848484848486 1.8181818181818181 2.3636363636363638 1.5151515151515151 1.2727272727272727
17 68.33175905243151 0.98989898989899 1.4343434343434343 1.7575757575757576 1.3535353535353536 1.1919191919191918 1.7777777777777777 1.494949494949495 1.3737373737373737 1.2121212121212122 1.6161616161616161 2.0 1.1717171717171717 1.878787878787879 1.5757575757575757 1.0505050505050506 1.0505050505050506 1.494949494949495 1.0505050505050506 1.3737373737373737 1.8181818181818181 1.5151515151515151 1.595959595959596 1.0303030303030303 1.2727272727272727 1.3737373737373737 1.5151515151515151 1.5757575757575757 1.2121212121212122 0.8484848484848485 0.9494949494949495 1.878787878787879 1.4747474747474747 1.5555555555555556 1.1919191919191918 1.4343434343434343 1.898989898989899 1.2121212121212122 1.5757575757575757 1.0101010101010102 0.8484848484848485
18 58.391867297939996 1.4848484848484849 2.1515151515151514 2.6363636363636362 2.0303030303030303 1.7878787878787878 2.6666666666666665 2.242424242424242 2.0606060606060606 1.8181818181818181 2.4242424242424243 3.0 1.7575757575757576 2.8181818181818183 2.3636363636363638 1.5757575757575757 1.5757575757575757 2.242424242424242 1.5757575757575757 2.0606060606060606 2.727272727272727 2.272727272727273 2.393939393939394 1.5454545454545454 1.9090909090909092 2.0606060606060606 2.272727272727273 2.3636363636363638 1.8181818181818181 1.2727272727272727 1.4242424242424243 2.8181818181818183 2.212121212121212 2.3333333333333335 1.7878787878787878 2.1515151515151514 2.8484848484848486 1.8181818181818181 2.3636363636363638 1.5151515151515151 1.2727272727272727
19 387.3289302933009 0.98989898989899 1.4343434343434343 1.7575757575757576 1.3535353535353536 1.1919191919191918 1.7777777777777777 1.494949494949495 1.3737373737373737 1.2121212121212122 1.6161616161616161 2.0 1.1717171717171717 1.878787878787879 1.5757575757575757 1.0505050505050506 1.0505050505050506 1.494949494949495 1.0505050505050506 1.3737373737373737 1.8181818181818181 1.5151515151515151 1.595959595959596 1.0303030303030303 1.2727272727272727 1.3737373737373737 1.5151515151515151 1.5757575757575757 1.2121212121212122 0.8484848484848485 0.9494949494949495 1.878787878787879 1.4747474747474747 1.5555555555555556 1.1919191919191918 1.4343434343434343 1.898989898989899 1.2121212121212122 1.5757575757575757 1.0101010101010102 0.8484848484848485
20 201.79344821220405 1.4848484848484849 2.1515151515151514 2.6363636363636362 2.0303030303030303 1.7878787878787878 2.6666666666666665 2.242424242424242 2.0606060606060606 1.8181818181818181 2.4242424242424243 3.0 1.7575757575757576 2.8181818181818183 2.3636363636363638 1.5757575757575757 1.5757575757575757 2.242424242424242 1.5757575757575757 2.0606060606060606 2.727272727272727 2.272727272727273 2.393939393939394 1.5454545454545454 1.9090909090909092 2.0606060606060606 2.272727272727273 2.3636363636363638 1.8181818181818181 1.2727272727272727 1.4242424242424243 2.8181818181818183 2.212121212121212 2.3333333333333335 1.7878787878787878 2.1515151515151514 2.8484848484848486 1.8181818181818181 2.3636363636363638 1.5151515151515151 1.2727272727272727
21 205.06320474410737 1.4848484848484849 2.1515151515151514 2.6363636363636362 2.0303030303030303 1.7878787878787878 2.6666666666666665 2.242424242424242 2.0606060606060606 1.8181818181818181 2.4242424242424243 3.0 1.7575757575757576 2.8181818181818183 2.3636363636363638 1.5757575757575757 1.5757575757575757 2.242424242424242 1.5757575757575757 2.0606060606060606 2.727272727272727 2.272727272727273 2.393939393939394 1.5454545454545454 1.9090909090909092 2.0606060606060606 2.272727272727273 2.3636363636363638 1.8181818181818181 1.2727272727272727 1.4242424242424243 2.8181818181818183 2.212121212121212 2.3333333333333335 1.7878787878787878 2.1515151515151514 2.8484848484848486 1.8181818181818181 2.3636363636363638 1.5151515151515151 1.2727272727272727
22 323.85823290500036 0.98989898989899 1.4343434343434343 1.7575757575757576 1.3535353535353536 1.1919191919191918 1.7777777777777777 1.494949494949495 1.3737373737373737 1.2121212121212122 1.6161616161616161 2.0 1.1717171717171717 1.878787878787879 1.5757575757575757 1.0505050505050506 1.0505050505050506 1.494949494949495 1.0505050505050506 1.3737373737373737 1.8181818181818181 1.5151515151515151 1.595959595959596 1.0303030303030303 1.2727272727272727 1.3737373737373737 1.5151515151515151 1.5757575757575757 1.2121212121212122 0.8484848484848485 0.9494949494949495 1.878787878787879 1.4747474747474747 1.5555555555555556 1.1919191919191918 1.4343434343434343 1.898989898989899 1.2121212121212122 1.5757575757575757 1.0101010101010102 0.8484848484848485
23 39.39385190959281 0.98989898989899 1.4343434343434343 1.7575757575757576 1.3535353535353536 1.1919191919191918 1.7777777777777777 1.494949494949495 1.3737373737373737 1.2121212121212122 1.6161616161616161 2.0 1.1717171717171717 1.878787878787879 1.5757575757575757 1.0505050505050506 1.0505050505050506 1.494949494949495 1.0505050505050506 1.3737373737373737 1.8181818181818181 1.5151515151515151 1.595959595959596 1.0303030303030303 1.2727272727272727 1.3737373737373737 1.5151515151515151 1.5757575757575757 1.2121212121212122 0.8484848484848485 0.9494949494949495 1.878787878787879 1.4747474747474747 1.5555555555555556 1.1919191919191918 1.4343434343434343 1.898989898989899 1.2121212121212122 1.5757575757575757 1.0101010101010102 0.8484848484848485
24 867.1983029406931 0.98989898989899 1.4343434343434343 1.7575757575757576 1.3535353535353536 1.1919191919191918 1.7777777777777777 1.494949494949495 1.3737373737373737 1.2121212121212122 1.6161616161616161 2.0 1.1717171717171717 1.878787878787879 1.5757575757575757 1.0505050505050506 1.0505050505050506 1.494949494949495 1.0505050505050506 1.3737373737373737 1.8181818181818181 1.5151515151515151 1.595959595959596 1.0303030303030303 1.2727272727272727 1.3737373737373737 1.5151515151515151 1.5757575757575757 1.2121212121212122 0.8484848484848485 0.9494949494949495 1.878787878787879 1.4747474747474747 1.5555555555555556 1.1919191919191918 1.4343434343434343 1.898989898989899 1.2121212121212122 1.5757575757575757 1.0101010101010102 0.8484848484848485
25 136.3333227816919 0.98989898989899 1.4343434343434343 1.7575757575757576 1.3535353535353536 1.1919191919191918 1.7777777777777777 1.494949494949495 1.3737373737373737 1.2121212121212122 1.6161616161616161 2.0 1.1717171717171717 1.878787878787879 1.5757575757575757 1.0505050505050506 1.0505050505050506 1.494949494949495 1.0505050505050506 1.3737373737373737 1.8181818181818181 1.5151515151515151 1.595959595959596 1.0303030303030303 1.2727272727272727 1.3737373737373737 1.5151515151515151 1.5757575757575757 1.2121212121212122 0.8484848484848485 0.9494949494949495 1.878787878787879 1.4747474747474747 1.5555555555555556 1.1919191919191918 1.4343434343434343 1.898989898989899 1.2121212121212122 1.5757575757575757 1.0101010101010102 0.8484848484848485
26 131.0777965961965 0.98989898989899 1.4343434343434343 1.7575757575757576 1.3535353535353536 1.1919191919191918 1.7777777777777777 1.494949494949495 1.3737373737373737 1.2121212121212122 1.6161616161616161 2.0 1.1717171717171717 1.878787878787879 1.5757575757575757 1.0505050505050506 1.0505050505050506 1.494949494949495 1.0505050505050506 1.3737373737373737 1.8181818181818181 1.5151515151515151 1.595959595959596 1.0303030303030303 1.2727272727272727 1.3737373737373737 1.5151515151515151 1.5757575757575757 1.2121212121212122 0.8484848484848485 0.9494949494949495 1.878787878787879 1.4747474747474747 1.5555555555555556 1.1919191919191918 1.4343434343434343 1.898989898989899 1.2121212121212122 1.5757575757575757 1.0101010101010102 0.8484848484848485
27 493.6029891820636 1.4848484848484849 2.1515151515151514 2.6363636363636362 2.0303030303030303 1.7878787878787878 2.6666666666666665 2.242424242424242 2.0606060606060606 1.8181818181818181 2.4242424242424243 3.0 1.7575757575757576 2.8181818181818183 2.3636363636363638 1.5757575757575757 1.5757575757575757 2.242424242424242 1.5757575757575757 2.0606060606060606 2.727272727272727 2.272727272727273 2.393939393939394 1.5454545454545454 1.9090909090909092 2.0606060606060606 2.272727272727273 2.3636363636363638 1.8181818181818181 1.2727272727272727 1.4242424242424243 2.8181818181818183 2.212121212121212 2.3333333333333335 1.7878787878787878 2.1515151515151514 2.8484848484848486 1.8181818181818181 2.3636363636363638 1.5151515151515151 1.2727272727272727
28 240.77371782763746 0.98989898989899 1.4343434343434343 1.7575757575757576 1.3535353535353536 1.1919191919191918 1.7777777777777777 1.494949494949495 1.3737373737373737 1.2121212121212122 1.6161616161616161 2.0 1.1717171717171717 1.878787878787879 1.5757575757575757 1.0505050505050506 1.0505050505050506 1.494949494949495 1.0505050505050506 1.3737373737373737 1.8181818181818181 1.5151515151515151 1.595959595959596 1.0303030303030303 1.2727272727272727 1.3737373737373737 1.5151515151515151 1.5757575757575757 1.2121212121212122 0.8484848484848485 0.9494949494949495 1.878787878787879 1.4747474747474747 1.5555555555555556 1.1919191919191918 1.4343434343434343 1.898989898989899 1.2121212121212122 1.5757575757575757 1.0101010101010102 0.8484848484848485
29 320.8005143376721 1.4848484848484849 2.1515151515151514 2.6363636363636362 2.0303030303030303 1.7878787878787878 2.6666666666666665 2.242424242424242 2.0606060606060606 1.8181818181818181 2.4242424242424243 3.0 1.7575757575757576 2.8181818181818183 2.3636363636363638 1.5757575757575757 1.5757575757575757 2.242424242424242 1.5757575757575757 2.0606060606060606 2.727272727272727 2.272727272727273 2.393939393939394 1.5454545454545454 1.9090909090909092 2.0606060606060606 2.272727272727273 2.3636363636363638 1.8181818181818181 1.2727272727272727 1.4242424242424243 2.8181818181818183 2.212121212121212 2.3333333333333335 1.7878787878787878 2.1515151515151514 2.8484848484848486 1.8181818181818181 2.3636363636363638 1.5151515151515151 1.2727272727272727
30 260.55929939533826 1.4848484848484849 2.1515151515151514 2.6363636363636362 2.0303030303030303 1.7878787878787878 2.6666666666666665 2.242424242424242 2.0606060606060606 1.8181818181818181 2.4242424242424243 3.0 1.7575757575757576 2.8181818181818183 2.3636363636363638 1.5757575757575757 1.5757575757575757 2.242424242424242 1.5757575757575757 2.0606060606060606 2.727272727272727 2.272727272727273 2.393939393939394 1.5454545454545454 1.9090909090909092 2.0606060606060606 2.272727272727273 2.3636363636363638 1.8181818181818181 1.2727272727272727 1.4242424242424243 2.8181818181818183 2.212121212121212 2.3333333333333335 1.7878787878787878 2.1515151515151514 2.8484848484848486 1.8181818181818181 2.3636363636363638 1.5151515151515151 1.2727272727272727
31 206.7143401856224 0.98989898989899 1.4343434343434343 1.7575757575757576 1.3535353535353536 1.1919191919191918 1.7777777777777777 1.494949494949495 1.3737373737373737 1.2121212121212122 1.6161616161616161 2.0 1.1717171717171717 1.878787878787879 1.5757575757575757 1.0505050505050506 1.0505050505050506 1.494949494949495 1.0505050505050506 1.3737373737373737 1.8181818181818181 1.5151515151515151 1.595959595959596 1.0303030303030303 1.2727272727272727 1.3737373737373737 1.5151515151515151 1.5757575757575757 1.2121212121212122 0.8484848484848485 0.9494949494949495 1.878787878787879 1.4747474747474747 1.5555555555555556 1.1919191919191918 1.4343434343434343 1.898989898989899 1.2121212121212122 1.5757575757575757 1.0101010101010102 0.8484848484848485
32 284.7347644174362 0.98989898989899 1.4343434343434343 1.7575757575757576 1.3535353535353536 1.1919191919191918 1.7777777777777777 1.494949494949495 1.3737373737373737 1.2121212121212122 1.6161616161616161 2.0 1.1717171717171717 1.878787878787879 1.5757575757575757 1.0505050505050506 1.0505050505050506 1.494949494949495 1.0505050505050506 1.3737373737373737 1.8181818181818181 1.5151515151515151 1.595959595959596 1.0303030303030303 1.2727272727272727 1.3737373737373737 1.5151515151515151 1.5757575757575757 1.2121212121212122 0.8484848484848485 0.9494949494949495 1.878787878787879 1.4747474747474747 1.5555555555555556 1.1919191919191918 1.4343434343434343 1.898989898989899 1.2121212121212122 1.5757575757575757 1.0101010101010102 0.8484848484848485
33 226.3743870396095 0.98989898989899 1.4343434343434343 1.7575757575757576 1.3535353535353536 1.1919191919191918 1.7777777777777777 1.494949494949495 1.3737373737373737 1.2121212121212122 1.6161616161616161 2.0 1.1717171717171717 1.878787878787879 1.5757575757575757 1.0505050505050506 1.0505050505050506 1.494949494949495 1.0505050505050506 1.3737373737373737 1.8181818181818181 1.5151515151515151 1.595959595959596 1.0303030303030303 1.2727272727272727 1.3737373737373737 1.5151515151515151 1.5757575757575757 1.2121212121212122 0.8484848484848485 0.9494949494949495 1.878787878787879 1.4747474747474747 1.5555555555555556 1.1919191919191918 1.4343434343434343 1.898989898989899 1.2121212121212122 1.5757575757575757 1.0101010101010102 0.8484848484848485
34 311.4439170236833 0.98989898989899 1.4343434343434343 1.7575757575757576 1.3535353535353536 1.1919191919191918 1.7777777777777777 1.494949494949495 1.3737373737373737 1.2121212121212122 1.6161616161616161 2.0 1.1717171717171717 1.878787878787879 1.5757575757575757 1.0505050505050506 1.0505050505050506 1.494949494949495 1.0505050505050506 1.3737373737373737 1.8181818181818181 1.5151515151515151 1.595959595959596 1.0303030303030303 1.2727272727272727 1.3737373737373737 1.5151515151515151 1.5757575757575757 1.2121212121212122 0.8484848484848485 0.9494949494949495 1.878787878787879 1.4747474747474747 1.5555555555555556 1.1919191919191918 1.4343434343434343 1.898989898989899 1.2121212121212122 1.5757575757575757 1.0101010101010102 0.8484848484848485
35 236.88423651905703 1.4848484848484849 2.1515151515151514 2.6363636363636362 2.0303030303030303 1.7878787878787878 2.6666666666666665 2.242424242424242 2.0606060606060606 1.8181818181818181 2.4242424242424243 3.0 1.7575757575757576 2.8181818181818183 2.3636363636363638 1.5757575757575757 1.5757575757575757 2.242424242424242 1.5757575757575757 2.0606060606060606 2.727272727272727 2.272727272727273 2.393939393939394 1.5454545454545454 1.9090909090909092 2.0606060606060606 2.272727272727273 2.3636363636363638 1.8181818181818181 1.2727272727272727 1.4242424242424243 2.8181818181818183 2.212121212121212 2.3333333333333335 1.7878787878787878 2.1515151515151514 2.8484848484848486 1.8181818181818181 2.3636363636363638 1.5151515151515151 1.2727272727272727
36 122.15066855512649 0.98989898989899 1.4343434343434343 1.7575757575757576 1.3535353535353536 1.1919191919191918 1.7777777777777777 1.494949494949495 1.3737373737373737 1.2121212121212122 1.6161616161616161 2.0 1.1717171717171717 1.878787878787879 1.5757575757575757 1.0505050505050506 1.0505050505050506 1.494949494949495 1.0505050505050506 1.3737373737373737 1.8181818181818181 1.5151515151515151 1.595959595959596 1.0303030303030303 1.2727272727272727 1.3737373737373737 1.5151515151515151 1.5757575757575757 1.2121212121212122 0.8484848484848485 0.9494949494949495 1.878787878787879 1.4747474747474747 1.5555555555555556 1.1919191919191918 1.4343434343434343 1.898989898989899 1.2121212121212122 1.5757575757575757 1.0101010101010102 0.8484848484848485
37 69.82475265301622 0.98989898989899 1.4343434343434343 1.7575757575757576 1.3535353535353536 1.1919191919191918 1.7777777777777777 1.494949494949495 1.3737373737373737 1.2121212121212122 1.6161616161616161 2.0 1.1717171717171717 1.878787878787879 1.5757575757575757 1.0505050505050506 1.0505050505050506 1.494949494949495 1.0505050505050506 1.3737373737373737 1.8181818181818181 1.5151515151515151 1.595959595959596 1.0303030303030303 1.2727272727272727 1.3737373737373737 1.5151515151515151 1.5757575757575757 1.2121212121212122 0.8484848484848485 0.9494949494949495 1.878787878787879 1.4747474747474747 1.5555555555555556 1.1919191919191918 1.4343434343434343 1.898989898989899 1.2121212121212122 1.5757575757575757 1.0101010101010102 0.8484848484848485
38 298.4605032955294 0.98989898989899 1.4343434343434343 1.7575757575757576 1.3535353535353536 1.1919191919191918 1.7777777777777777 1.494949494949495 1.3737373737373737 1.2121212121212122 1.6161616161616161 2.0 1.1717171717171717 1.878787878787879 1.5757575757575757 1.0505050505050506 1.0505050505050506 1.494949494949495 1.0505050505050506 1.3737373737373737 1.8181818181818181 1.5151515151515151 1.595959595959596 1.0303030303030303 1.2727272727272727 1.3737373737373737 1.5151515151515151 1.5757575757575757 1.2121212121212122 0.8484848484848485 0.9494949494949495 1.878787878787879 1.4747474747474747 1.5555555555555556 1.1919191919191918 1.4343434343434343 1.898989898989899 1.2121212121212122 1.5757575757575757 1.0101010101010102 0.8484848484848485
39 69.92791777713622 1.4848484848484849 2.1515151515151514 2.6363636363636362 2.0303030303030303 1.7878787878787878 2.6666666666666665 2.242424242424242 2.0606060606060606 1.8181818181818181 2.4242424242424243 3.0 1.7575757575757576 2.8181818181818183 2.3636363636363638 1.5757575757575757 1.5757575757575757 2.242424242424242 1.5757575757575757 2.0606060606060606 2.727272727272727 2.272727272727273 2.393939393939394 1.5454545454545454 1.9090909090909092 2.0606060606060606 2.272727272727273 2.3636363636363638 1.8181818181818181 1.2727272727272727 1.4242424242424243 2.8181818181818183 2.212121212121212 2.3333333333333335 1.7878787878787878 2.1515151515151514 2.8484848484848486 1.8181818181818181 2.3636363636363638 1.5151515151515151 1.2727272727272727
40 394.4502165057322 0.98989898989899 1.4343434343434343 1.7575757575757576 1.3535353535353536 1.1919191919191918 1.7777777777777777 1.494949494949495 1.3737373737373737 1.2121212121212122 1.6161616161616161 2.0 1.1717171717171717 1.878787878787879 1.5757575757575757 1.0505050505050506 1.0505050505050506 1.494949494949495 1.0505050505050506 1.3737373737373737 1.8181818181818181 1.5151515151515151 1.595959595959596 1.0303030303030303 1.2727272727272727 1.3737373737373737 1.5151515151515151 1.5757575757575757 1.2121212121212122 0.8484848484848485 0.9494949494949495 1.878787878787879 1.4747474747474747 1.5555555555555556 1.1919191919191918 1.4343434343434343 1.898989898989899 1.2121212121212122 1.5757575757575757 1.0101010101010102 0.8484848484848485
41 199.171065565996 1.4848484848484849 2.1515151515151514 2.6363636363636362 2.0303030303030303 1.7878787878787878 2.6666666666666665 2.242424242424242 2.0606060606060606 1.8181818181818181 2.4242424242424243 3.0 1.7575757575757576 2.8181818181818183 2.3636363636363638 1.5757575757575757 1.5757575757575757 2.242424242424242 1.5757575757575757 2.0606060606060606 2.727272727272727 2.272727272727273 2.393939393939394 1.5454545454545454 1.9090909090909092 2.0606060606060606 2.272727272727273 2.3636363636363638 1.8181818181818181 1.2727272727272727 1.4242424242424243 2.8181818181818183 2.212121212121212 2.3333333333333335 1.7878787878787878 2.1515151515151514 2.8484848484848486 1.8181818181818181 2.3636363636363638 1.5151515151515151 1.2727272727272727
42 14.399440014355699 1.4848484848484849 2.1515151515151514 2.6363636363636362 2.0303030303030303 1.7878787878787878 2.6666666666666665 2.242424242424242 2.0606060606060606 1.8181818181818181 2.4242424242424243 3.0 1.7575757575757576 2.8181818181818183 2.3636363636363638 1.5757575757575757 1.5757575757575757 2.242424242424242 1.5757575757575757 2.0606060606060606 2.727272727272727 2.272727272727273 2.393939393939394 1.5454545454545454 1.9090909090909092 2.0606060606060606 2.272727272727273 2.3636363636363638 1.8181818181818181 1.2727272727272727 1.4242424242424243 2.8181818181818183 2.212121212121212 2.3333333333333335 1.7878787878787878 2.1515151515151514 2.8484848484848486 1.8181818181818181 2.3636363636363638 1.5151515151515151 1.2727272727272727
43 229.22731509910471 0.98989898989899 1.4343434343434343 1.7575757575757576 1.3535353535353536 1.1919191919191918 1.7777777777777777 1.494949494949495 1.3737373737373737 1.2121212121212122 1.6161616161616161 2.0 1.1717171717171717 1.878787878787879 1.5757575757575757 1.0505050505050506 1.0505050505050506 1.494949494949495 1.0505050505050506 1.3737373737373737 1.8181818181818181 1.5151515151515151 1.595959595959596 1.0303030303030303 1.2727272727272727 1.3737373737373737 1.5151515151515151 1.5757575757575757 1.2121212121212122 0.8484848484848485 0.9494949494949495 1.878787878787879 1.4747474747474747 1.5555555555555556 1.1919191919191918 1.4343434343434343 1.898989898989899 1.2121212121212122 1.5757575757575757 1.0101010101010102 0.8484848484848485
44 360.5597876943749 1.4848484848484849 2.1515151515151514 2.6363636363636362 2.0303030303030303 1.7878787878787878 2.6666666666666665 2.242424242424242 2.0606060606060606 1.8181818181818181 2.4242424242424243 3.0 1.7575757575757576 2.8181818181818183 2.3636363636363638 1.5757575757575757 1.5757575757575757 2.242424242424242 1.5757575757575757 2.0606060606060606 2.727272727272727 2.272727272727273 2.393939393939394 1.5454545454545454 1.9090909090909092 2.0606060606060606 2.272727272727273 2.3636363636363638 1.8181818181818181 1.2727272727272727 1.4242424242424243 2.8181818181818183 2.212121212121212 2.3333333333333335 1.7878787878787878 2.1515151515151514 2.8484848484848486 1.8181818181818181 2.3636363636363638 1.5151515151515151 1.2727272727272727
45 53.23051972734283 0.98989898989899 1.4343434343434343 1.7575757575757576 1.3535353535353536 1.1919191919191918 1.7777777777777777 1.494949494949495 1.3737373737373737 1.2121212121212122 1.6161616161616161 2.0 1.1717171717171717 1.878787878787879 1.5757575757575757 1.0505050505050506 1.0505050505050506 1.494949494949495 1.0505050505050506 1.3737373737373737 1.8181818181818181 1.5151515151515151 1.595959595959596 1.0303030303030303 1.2727272727272727 1.3737373737373737 1.5151515151515151 1.5757575757575757 1.2121212121212122 0.8484848484848485 0.9494949494949495 1.878787878787879 1.4747474747474747 1.5555555555555556 1.1919191919191918 1.4343434343434343 1.898989898989899 1.2121212121212122 1.5757575757575757 1.0101010101010102 0.8484848484848485
46 168.4005738682532 0.98989898989899 1.4343434343434343 1.7575757575757576 1.3535353535353536 1.1919191919191918 1.7777777777777777 1.494949494949495 1.3737373737373737 1.2121212121212122 1.6161616161616161 2.0 1.1717171717171717 1.878787878787879 1.5757575757575757 1.0505050505050506 1.0505050505050506 1.494949494949495 1.0505050505050506 1.3737373737373737 1.8181818181818181 1.5151515151515151 1.595959595959596 1.0303030303030303 1.2727272727272727 1.3737373737373737 1.5151515151515151 1.5757575757575757 1.2121212121212122 0.8484848484848485 0.9494949494949495 1.878787878787879 1.4747474747474747 1.5555555555555556 1.1919191919191918 1.4343434343434343 1.898989898989899 1.2121212121212122 1.5757575757575757 1.0101010101010102 0.8484848484848485
47 527.8919797169842 0.98989898989899 1.4343434343434343 1.7575757575757576 1.3535353535353536 1.1919191919191918 1.7777777777777777 1.494949494949495 1.3737373737373737 1.2121212121212122 1.6161616161616161 2.0 1.1717171717171717 1.878787878787879 1.5757575757575757 1.0505050505050506 1.0505050505050506 1.494949494949495 1.0505050505050506 1.3737373737373737 1.8181818181818181 1.5151515151515151 1.595959595959596 1.0303030303030303 1.2727272727272727 1.3737373737373737 1.5151515151515151 1.5757575757575757 1.2121212121212122 0.8484848484848485 0.9494949494949495 1.878787878787879 1.4747474747474747 1.5555555555555556 1.1919191919191918 1.4343434343434343 1.898989898989899 1.2121212121212122 1.5757575757575757 1.0101010101010102 0.8484848484848485
48 130.96732234804378 0.98989898989899 1.4343434343434343 1.7575757575757576 1.3535353535353536 1.1919191919191918 1.7777777777777777 1.494949494949495 1.3737373737373737 1.2121212121212122 1.6161616161616161 2.0 1.1717171717171717 1.878787878787879 1.5757575757575757 1.0505050505050506 1.0505050505050506 1.494949494949495 1.0505050505050506 1.3737373737373737 1.8181818181818181 1.5151515151515151 1.595959595959596 1.0303030303030303 1.2727272727272727 1.3737373737373737 1.5151515151515151 1.5757575757575757 1.2121212121212122 0.8484848484848485 0.9494949494949495 1.878787878787879 1.4747474747474747 1.5555555555555556 1.1919191919191918 1.4343434343434343 1.898989898989899 1.2121212121212122 1.5757575757575757 1.0101010101010102 0.8484848484848485
49 533.8299712776817 0.98989898989899 1.4343434343434343 1.7575757575757576 1.3535353535353536 1.1919191919191918 1.7777777777777777 1.494949494949495 1.3737373737373737 1.2121212121212122 1.6161616161616161 2.0 1.1717171717171717 1.878787878787879 1.5757575757575757 1.0505050505050506 1.0505050505050506 1.494949494949495 1.0505050505050506 1.3737373737373737 1.8181818181818181 1.5151515151515151 1.595959595959596 1.0303030303030303 1.2727272727272727 1.3737373737373737 1.5151515151515151 1.5757575757575757 1.2121212121212122 0.8484848484848485 0.9494949494949495 1.878787878787879 1.4747474747474747 1.5555555555555556 1.1919191919191918 1.4343434343434343 1.898989898989899 1.2121212121212122 1.5757575757575757 1.0101010101010102 0.8484848484848485
50 31.048495737323606 1.4848484848484849 2.1515151515151514 2.6363636363636362 2.0303030303030303 1.7878787878787878 2.6666666666666665 2.242424242424242 2.0606060606060606 1.8181818181818181 2.4242424242424243 3.0 1.7575757575757576 2.8181818181818183 2.3636363636363638 1.5757575757575757 1.5757575757575757 2.242424242424242 1.5757575757575757 2.0606060606060606 2.727272727272727 2.272727272727273 2.393939393939394 1.5454545454545454 1.9090909090909092 2.0606060606060606 2.272727272727273 2.3636363636363638 1.8181818181818181 1.2727272727272727 1.4242424242424243 2.8181818181818183 2.212121212121212 2.3333333333333335 1.7878787878787878 2.1515151515151514 2.8484848484848486 1.8181818181818181 2.3636363636363638 1.5151515151515151 1.2727272727272727
51 167.6109247873835 1.4848484848484849 2.1515151515151514 2.6363636363636362 2.0303030303030303 1.7878787878787878 2.6666666666666665 2.242424242424242 2.0606060606060606 1.8181818181818181 2.4242424242424243 3.0 1.7575757575757576 2.8181818181818183 2.3636363636363638 1.5757575757575757 1.5757575757575757 2.242424242424242 1.5757575757575757 2.0606060606060606 2.727272727272727 2.272727272727273 2.393939393939394 1.5454545454545454 1.9090909090909092 2.0606060606060606 2.272727272727273 2.3636363636363638 1.8181818181818181 1.2727272727272727 1.4242424242424243 2.8181818181818183 2.212121212121212 2.3333333333333335 1.7878787878787878 2.1515151515151514 2.8484848484848486 1.8181818181818181 2.3636363636363638 1.5151515151515151 1.2727272727272727
52 127.71321404707112 1.4848484848484849 2.1515151515151514 2.6363636363636362 2.0303030303030303 1.7878787878787878 2.6666666666666665 2.242424242424242 2.0606060606060606 1.8181818181818181 2.4242424242424243 3.0 1.7575757575757576 2.8181818181818183 2.3636363636363638 1.5757575757575757 1.5757575757575757 2.242424242424242 1.5757575757575757 2.0606060606060606 2.727272727272727 2.272727272727273 2.393939393939394 1.5454545454545454 1.9090909090909092 2.0606060606060606 2.272727272727273 2.3636363636363638 1.8181818181818181 1.2727272727272727 1.4242424242424243 2.8181818181818183 2.212121212121212 2.3333333333333335 1.7878787878787878 2.1515151515151514 2.8484848484848486 1.8181818181818181 2.3636363636363638 1.5151515151515151 1.2727272727272727
53 352.269191418303 1.4848484848484849 2.1515151515151514 2.6363636363636362 2.0303030303030303 1.7878787878787878 2.6666666666666665 2.242424242424242 2.0606060606060606 1.8181818181818181 2.4242424242424243 3.0 1.7575757575757576 2.8181818181818183 2.3636363636363638 1.5757575757575757 1.5757575757575757 2.242424242424242 1.5757575757575757 2.0606060606060606 2.727272727272727 2.272727272727273 2.393939393939394 1.5454545454545454 1.9090909090909092 2.0606060606060606 2.272727272727273 2.3636363636363638 1.8181818181818181 1.2727272727272727 1.4242424242424243 2.8181818181818183 2.212121212121212 2.3333333333333335 1.7878787878787878 2.1515151515151514 2.8484848484848486 1.8181818181818181 2.3636363636363638 1.5151515151515151 1.2727272727272727
54 34.6415612675853 0.98989898989899 1.4343434343434343 1.7575757575757576 1.3535353535353536 1.1919191919191918 1.7777777777777777 1.494949494949495 1.3737373737373737 1.2121212121212122 1.6161616161616161 2.0 1.1717171717171717 1.878787878787879 1.5757575757575757 1.0505050505050506 1.0505050505050506 1.494949494949495 1.0505050505050506 1.3737373737373737 1.8181818181818181 1.5151515151515151 1.595959595959596 1.0303030303030303 1.2727272727272727 1.3737373737373737 1.5151515151515151 1.5757575757575757 1.2121212121212122 0.8484848484848485 0.9494949494949495 1.878787878787879 1.4747474747474747 1.5555555555555556 1.1919191919191918 1.4343434343434343 1.898989898989899 1.2121212121212122 1.5757575757575757 1.0101010101010102 0.8484848484848485
55 141.09670291296638 0.98989898989899 1.4343434343434343 1.7575757575757576 1.3535353535353536 1.1919191919191918 1.7777777777777777 1.494949494949495 1.3737373737373737 1.2121212121212122 1.6161616161616161 2.0 1.1717171717171717 1.878787878787879 1.5757575757575757 1.0505050505050506 1.0505050505050506 1.494949494949495 1.0505050505050506 1.3737373737373737 1.8181818181818181 1.5151515151515151 1.595959595959596 1.0303030303030303 1.2727272727272727 1.3737373737373737 1.5151515151515151 1.5757575757575757 1.2121212121212122 0.8484848484848485 0.9494949494949495 1.878787878787879 1.4747474747474747 1.5555555555555556 1.1919191919191918 1.4343434343434343 1.898989898989899 1.2121212121212122 1.5757575757575757 1.0101010101010102 0.8484848484848485
56 584.939505238769 0.98989898989899 1.4343434343434343 1.7575757575757576 1.3535353535353536 1.1919191919191918 1.7777777777777777 1.494949494949495 1.3737373737373737 1.2121212121212122 1.6161616161616161 2.0 1.1717171717171717 1.878787878787879 1.5757575757575757 1.0505050505050506 1.0505050505050506 1.494949494949495 1.0505050505050506 1.3737373737373737 1.8181818181818181 1.5151515151515151 1.595959595959596 1.0303030303030303 1.2727272727272727 1.3737373737373737 1.5151515151515151 1.5757575757575757 1.2121212121212122 0.8484848484848485 0.9494949494949495 1.878787878787879 1.4747474747474747 1.5555555555555556 1.1919191919191918 1.4343434343434343 1.898989898989899 1.2121212121212122 1.5757575757575757 1.0101010101010102 0.8484848484848485
57 207.4834888066706 0.98989898989899 1.4343434343434343 1.7575757575757576 1.3535353535353536 1.1919191919191918 1.7777777777777777 1.494949494949495 1.3737373737373737 1.2121212121212122 1.6161616161616161 2.0 1.1717171717171717 1.878787878787879 1.5757575757575757 1.0505050505050506 1.0505050505050506 1.494949494949495 1.0505050505050506 1.3737373737373737 1.8181818181818181 1.5151515151515151 1.595959595959596 1.0303030303030303 1.2727272727272727 1.3737373737373737 1.5151515151515151 1.5757575757575757 1.2121212121212122 0.8484848484848485 0.9494949494949495 1.878787878787879 1.4747474747474747 1.5555555555555556 1.1919191919191918 1.4343434343434343 1.898989898989899 1.2121212121212122 1.5757575757575757 1.0101010101010102 0.8484848484848485
58 109.89912043527067 1.4848484848484849 2.1515151515151514 2.6363636363636362 2.0303030303030303 1.7878787878787878 2.6666666666666665 2.242424242424242 2.0606060606060606 1.8181818181818181 2.4242424242424243 3.0 1.7575757575757576 2.8181818181818183 2.3636363636363638 1.5757575757575757 1.5757575757575757 2.242424242424242 1.5757575757575757 2.0606060606060606 2.727272727272727 2.272727272727273 2.393939393939394 1.5454545454545454 1.9090909090909092 2.0606060606060606 2.272727272727273 2.3636363636363638 1.8181818181818181 1.2727272727272727 1.4242424242424243 2.8181818181818183 2.212121212121212 2.3333333333333335 1.7878787878787878 2.1515151515151514 2.8484848484848486 1.8181818181818181 2.3636363636363638 1.5151515151515151 1.2727272727272727
59 152.00424167763262 0.98989898989899 1.4343434343434343 1.7575757575757576 1.3535353535353536 1.1919191919191918 1.7777777777777777 1.494949494949495 1.3737373737373737 1.2121212121212122 1.6161616161616161 2.0 1.1717171717171717 1.878787878787879 1.5757575757575757 1.0505050505050506 1.0505050505050506 1.494949494949495 1.0505050505050506 1.3737373737373737 1.8181818181818181 1.5151515151515151 1.595959595959596 1.0303030303030303 1.2727272727272727 1.3737373737373737 1.5151515151515151 1.5757575757575757 1.2121212121212122 0.8484848484848485 0.9494949494949495 1.878787878787879 1.4747474747474747 1.5555555555555556 1.1919191919191918 1.4343434343434343 1.898989898989899 1.2121212121212122 1.5757575757575757 1.0101010101010102 0.8484848484848485
60 303.63735428557123 1.4848484848484849 2.1515151515151514 2.6363636363636362 2.0303030303030303 1.7878787878787878 2.6666666666666665 2.242424242424242 2.0606060606060606 1.8181818181818181 2.4242424242424243 3.0 1.7575757575757576 2.8181818181818183 2.3636363636363638 1.5757575757575757 1.5757575757575757 2.242424242424242 1.5757575757575757 2.0606060606060606 2.727272727272727 2.272727272727273 2.393939393939394 1.5454545454545454 1.9090909090909092 2.0606060606060606 2.272727272727273 2.3636363636363638 1.8181818181818181 1.2727272727272727 1.4242424242424243 2.8181818181818183 2.212121212121212 2.3333333333333335 1.7878787878787878 2.1515151515151514 2.8484848484848486 1.8181818181818181 2.3636363636363638 1.5151515151515151 1.2727272727272727
61 102.04434951639443 1.4848484848484849 2.1515151515151514 2.6363636363636362 2.0303030303030303 1.7878787878787878 2.6666666666666665 2.242424242424242 2.0606060606060606 1.8181818181818181 2.4242424242424243 3.0 1.7575757575757576 2.8181818181818183 2.3636363636363638 1.5757575757575757 1.5757575757575757 2.242424242424242 1.5757575757575757 2.0606060606060606 2.727272727272727 2.272727272727273 2.393939393939394 1.5454545454545454 1.9090909090909092 2.0606060606060606 2.272727272727273 2.3636363636363638 1.8181818181818181 1.2727272727272727 1.4242424242424243 2.8181818181818183 2.212121212121212 2.3333333333333335 1.7878787878787878 2.1515151515151514 2.8484848484848486 1.8181818181818181 2.3636363636363638 1.5151515151515151 1.2727272727272727
62 121.74724221702665 1.4848484848484849 2.1515151515151514 2.6363636363636362 2.0303030303030303 1.7878787878787878 2.6666666666666665 2.242424242424242 2.0606060606060606 1.8181818181818181 2.4242424242424243 3.0 1.7575757575757576 2.8181818181818183 2.3636363636363638 1.5757575757575757 1.5757575757575757 2.242424242424242 1.5757575757575757 2.0606060606060606 2.727272727272727 2.272727272727273 2.393939393939394 1.5454545454545454 1.9090909090909092 2.0606060606060606 2.272727272727273 2.3636363636363638 1.8181818181818181 1.2727272727272727 1.4242424242424243 2.8181818181818183 2.212121212121212 2.3333333333333335 1.7878787878787878 2.1515151515151514 2.8484848484848486 1.8181818181818181 2.3636363636363638 1.5151515151515151 1.2727272727272727
63 215.33806571358625 1.4848484848484849 2.1515151515151514 2.6363636363636362 2.0303030303030303 1.7878787878787878 2.6666666666666665 2.242424242424242 2.0606060606060606 1.8181818181818181 2.4242424242424243 3.0 1.7575757575757576 2.8181818181818183 2.3636363636363638 1.5757575757575757 1.5757575757575757 2.242424242424242 1.5757575757575757 2.0606060606060606 2.727272727272727 2.272727272727273 2.393939393939394 1.5454545454545454 1.9090909090909092 2.0606060606060606 2.272727272727273 2.3636363636363638 1.8181818181818181 1.2727272727272727 1.4242424242424243 2.8181818181818183 2.212121212121212 2.3333333333333335 1.7878787878787878 2.1515151515151514 2.8484848484848486 1.8181818181818181 2.3636363636363638 1.5151515151515151 1.2727272727272727
64 423.51003486228456 0.98989898989899 1.4343434343434343 1.7575757575757576 1.3535353535353536 1.1919191919191918 1.7777777777777777 1.494949494949495 1.3737373737373737 1.2121212121212122 1.6161616161616161 2.0 1.1717171717171717 1.878787878787879 1.5757575757575757 1.0505050505050506 1.0505050505050506 1.494949494949495 1.0505050505050506 1.3737373737373737 1.8181818181818181 1.5151515151515151 1.595959595959596 1.0303030303030303 1.2727272727272727 1.3737373737373737 1.5151515151515151 1.5757575757575757 1.2121212121212122 0.8484848484848485 0.9494949494949495 1.878787878787879 1.4747474747474747 1.5555555555555556 1.1919191919191918 1.4343434343434343 1.898989898989899 1.2121212121212122 1.5757575757575757 1.0101010101010102 0.8484848484848485
65 838.0024467541675 1.4848484848484849 2.1515151515151514 2.6363636363636362 2.0303030303030303 1.7878787878787878 2.6666666666666665 2.242424242424242 2.0606060606060606 1.8181818181818181 2.4242424242424243 3.0 1.7575757575757576 2.8181818181818183 2.3636363636363638 1.5757575757575757 1.5757575757575757 2.242424242424242 1.5757575757575757 2.0606060606060606 2.727272727272727 2.272727272727273 2.393939393939394 1.5454545454545454 1.9090909090909092 2.0606060606060606 2.272727272727273 2.3636363636363638 1.8181818181818181 1.2727272727272727 1.4242424242424243 2.8181818181818183 2.212121212121212 2.3333333333333335 1.7878787878787878 2.1515151515151514 2.8484848484848486 1.8181818181818181 2.3636363636363638 1.5151515151515151 1.2727272727272727
66 293.73648455984943 0.98989898989899 1.4343434343434343 1.7575757575757576 1.3535353535353536 1.1919191919191918 1.7777777777777777 1.494949494949495 1.3737373737373737 1.2121212121212122 1.6161616161616161 2.0 1.1717171717171717 1.878787878787879 1.5757575757575757 1.0505050505050506 1.0505050505050506 1.494949494949495 1.0505050505050506 1.3737373737373737 1.8181818181818181 1.5151515151515151 1.595959595959596 1.0303030303030303 1.2727272727272727 1.3737373737373737 1.5151515151515151 1.5757575757575757 1.2121212121212122 0.8484848484848485 0.9494949494949495 1.878787878787879 1.4747474747474747 1.5555555555555556 1.1919191919191918 1.4343434343434343 1.898989898989899 1.2121212121212122 1.5757575757575757 1.0101010101010102 0.8484848484848485
67 165.6020100824665 1.4848484848484849 2.1515151515151514 2.6363636363636362 2.0303030303030303 1.7878787878787878 2.6666666666666665 2.242424242424242 2.0606060606060606 1.8181818181818181 2.4242424242424243 3.0 1.7575757575757576 2.8181818181818183 2.3636363636363638 1.5757575757575757 1.5757575757575757 2.242424242424242 1.5757575757575757 2.0606060606060606 2.727272727272727 2.272727272727273 2.393939393939394 1.5454545454545454 1.9090909090909092 2.0606060606060606 2.272727272727273 2.3636363636363638 1.8181818181818181 1.2727272727272727 1.4242424242424243 2.8181818181818183 2.212121212121212 2.3333333333333335 1.7878787878787878 2.1515151515151514 2.8484848484848486 1.8181818181818181 2.3636363636363638 1.5151515151515151 1.2727272727272727
68 276.07780036831883 0.98989898989899 1.4343434343434343 1.7575757575757576 1.3535353535353536 1.1919191919191918 1.7777777777777777 1.494949494949495 1.3737373737373737 1.2121212121212122 1.6161616161616161 2.0 1.1717171717171717 1.878787878787879 1.5757575757575757 1.0505050505050506 1.0505050505050506 1.494949494949495 1.0505050505050506 1.3737373737373737 1.8181818181818181 1.5151515151515151 1.595959595959596 1.0303030303030303 1.2727272727272727 1.3737373737373737 1.5151515151515151 1.5757575757575757 1.2121212121212122 0.8484848484848485 0.9494949494949495 1.878787878787879 1.4747474747474747 1.5555555555555556 1.1919191919191918 1.4343434343434343 1.898989898989899 1.2121212121212122 1.5757575757575757 1.0101010101010102 0.8484848484848485
69 379.040397093427 1.4848484848484849 2.1515151515151514 2.6363636363636362 2.0303030303030303 1.7878787878787878 2.6666666666666665 2.242424242424242 2.0606060606060606 1.8181818181818181 2.4242424242424243 3.0 1.7575757575757576 2.8181818181818183 2.3636363636363638 1.5757575757575757 1.5757575757575757 2.242424242424242 1.5757575757575757 2.0606060606060606 2.727272727272727 2.272727272727273 2.393939393939394 1.5454545454545454 1.9090909090909092 2.0606060606060606 2.272727272727273 2.3636363636363638 1.8181818181818181 1.2727272727272727 1.4242424242424243 2.8181818181818183 2.212121212121212 2.3333333333333335 1.7878787878787878 2.1515151515151514 2.8484848484848486 1.8181818181818181 2.3636363636363638 1.5151515151515151 1.2727272727272727
70 318.9327899813976 1.4848484848484849 2.1515151515151514 2.6363636363636362 2.0303030303030303 1.7878787878787878 2.6666666666666665 2.242424242424242 2.0606060606060606 1.8181818181818181 2.4242424242424243 3.0 1.7575757575757576 2.8181818181818183 2.3636363636363638 1.5757575757575757 1.5757575757575757 2.242424242424242 1.5757575757575757 2.0606060606060606 2.727272727272727 2.272727272727273 2.393939393939394 1.5454545454545454 1.9090909090909092 2.0606060606060606 2.272727272727273 2.3636363636363638 1.8181818181818181 1.2727272727272727 1.4242424242424243 2.8181818181818183 2.212121212121212 2.3333333333333335 1.7878787878787878 2.1515151515151514 2.8484848484848486 1.8181818181818181 2.3636363636363638 1.5151515151515151 1.2727272727272727
71 90.45927005510117 0.98989898989899 1.4343434343434343 1.7575757575757576 1.3535353535353536 1.1919191919191918 1.7777777777777777 1.494949494949495 1.3737373737373737 1.2121212121212122 1.6161616161616161 2.0 1.1717171717171717 1.878787878787879 1.5757575757575757 1.0505050505050506 1.0505050505050506 1.494949494949495 1.0505050505050506 1.3737373737373737 1.8181818181818181 1.5151515151515151 1.595959595959596 1.0303030303030303 1.2727272727272727 1.3737373737373737 1.5151515151515151 1.5757575757575757 1.2121212121212122 0.8484848484848485 0.9494949494949495 1.878787878787879 1.4747474747474747 1.5555555555555556 1.1919191919191918 1.4343434343434343 1.898989898989899 1.2121212121212122 1.5757575757575757 1.0101010101010102 0.8484848484848485
72 150.10129187589615 1.4848484848484849 2.1515151515151514 2.6363636363636362 2.0303030303030303 1.7878787878787878 2.6666666666666665 2.242424242424242 2.0606060606060606 1.8181818181818181 2.4242424242424243 3.0 1.7575757575757576 2.8181818181818183 2.3636363636363638 1.5757575757575757 1.5757575757575757 2.242424242424242 1.5757575757575757 2.0606060606060606 2.727272727272727 2.272727272727273 2.393939393939394 1.5454545454545454 1.9090909090909092 2.0606060606060606 2.272727272727273 2.3636363636363638 1.8181818181818181 1.2727272727272727 1.4242424242424243 2.8181818181818183 2.212121212121212 2.3333333333333335 1.7878787878787878 2.1515151515151514 2.8484848484848486 1.8181818181818181 2.3636363636363638 1.5151515151515151 1.2727272727272727
73 147.89920332622359 1.4848484848484849 2.1515151515151514 2.6363636363636362 2.0303030303030303 1.7878787878787878 2.6666666666666665 2.242424242424242 2.0606060606060606 1.8181818181818181 2.4242424242424243 3.0 1.7575757575757576 2.8181818181818183 2.3636363636363638 1.5757575757575757 1.5757575757575757 2.242424242424242 1.5757575757575757 2.0606060606060606 2.727272727272727 2.272727272727273 2.393939393939394 1.5454545454545454 1.9090909090909092 2.0606060606060606 2.272727272727273 2.3636363636363638 1.8181818181818181 1.2727272727272727 1.4242424242424243 2.8181818181818183 2.212121212121212 2.3333333333333335 1.7878787878787878 2.1515151515151514 2.8484848484848486 1.8181818181818181 2.3636363636363638 1.5151515151515151 1.2727272727272727
74 53.02312122315617 1.4848484848484849 2.1515151515151514 2.6363636363636362 2.0303030303030303 1.7878787878787878 2.6666666666666665 2.242424242424242 2.0606060606060606 1.8181818181818181 2.4242424242424243 3.0 1.7575757575757576 2.8181818181818183 2.3636363636363638 1.5757575757575757 1.5757575757575757 2.242424242424242 1.5757575757575757 2.0606060606060606 2.727272727272727 2.272727272727273 2.393939393939394 1.5454545454545454 1.9090909090909092 2.0606060606060606 2.272727272727273 2.3636363636363638 1.8181818181818181 1.2727272727272727 1.4242424242424243 2.8181818181818183 2.212121212121212 2.3333333333333335 1.7878787878787878 2.1515151515151514 2.8484848484848486 1.8181818181818181 2.3636363636363638 1.5151515151515151 1.2727272727272727
75 605.7905803101082 0.98989898989899 1.4343434343434343 1.7575757575757576 1.3535353535353536 1.1919191919191918 1.7777777777777777 1.494949494949495 1.3737373737373737 1.2121212121212122 1.6161616161616161 2.0 1.1717171717171717 1.878787878787879 1.5757575757575757 1.0505050505050506 1.0505050505050506 1.494949494949495 1.0505050505050506 1.3737373737373737 1.8181818181818181 1.5151515151515151 1.595959595959596 1.0303030303030303 1.2727272727272727 1.3737373737373737 1.5151515151515151 1.5757575757575757 1.2121212121212122 0.8484848484848485 0.9494949494949495 1.878787878787879 1.4747474747474747 1.5555555555555556 1.1919191919191918 1.4343434343434343 1.898989898989899 1.2121212121212122 1.5757575757575757 1.0101010101010102 0.8484848484848485
76 397.2847641719959 1.4848484848484849 2.1515151515151514 2.6363636363636362 2.0303030303030303 1.7878787878787878 2.6666666666666665 2.242424242424242 2.0606060606060606 1.8181818181818181 2.4242424242424243 3.0 1.7575757575757576 2.8181818181818183 2.3636363636363638 1.5757575757575757 1.5757575757575757 2.242424242424242 1.5757575757575757 2.0606060606060606 2.727272727272727 2.272727272727273 2.393939393939394 1.5454545454545454 1.9090909090909092 2.0606060606060606 2.272727272727273 2.3636363636363638 1.8181818181818181 1.2727272727272727 1.4242424242424243 2.8181818181818183 2.212121212121212 2.3333333333333335 1.7878787878787878 2.1515151515151514 2.8484848484848486 1.8181818181818181 2.3636363636363638 1.5151515151515151 1.2727272727272727
77 114.62009877916063 1.4848484848484849 2.1515151515151514 2.6363636363636362 2.0303030303030303 1.7878787878787878 2.6666666666666665 2.242424242424242 2.0606060606060606 1.8181818181818181 2.4242424242424243 3.0 1.7575757575757576 2.8181818181818183 2.3636363636363638 1.5757575757575757 1.5757575757575757 2.242424242424242 1.5757575757575757 2.0606060606060606 2.727272727272727 2.272727272727273 2.393939393939394 1.5454545454545454 1.9090909090909092 2.0606060606060606 2.272727272727273 2.3636363636363638 1.8181818181818181 1.2727272727272727 1.4242424242424243 2.8181818181818183 2.212121212121212 2.3333333333333335 1.7878787878787878 2.1515151515151514 2.8484848484848486 1.8181818181818181 2.3636363636363638 1.5151515151515151 1.2727272727272727
78 863.874112219082 0.98989898989899 1.4343434343434343 1.7575757575757576 1.3535353535353536 1.1919191919191918 1.7777777777777777 1.494949494949495 1.3737373737373737 1.2121212121212122 1.6161616161616161 2.0 1.1717171717171717 1.878787878787879 1.5757575757575757 1.0505050505050506 1.0505050505050506 1.494949494949495 1.0505050505050506 1.3737373737373737 1.8181818181818181 1.5151515151515151 1.595959595959596 1.0303030303030303 1.2727272727272727 1.3737373737373737 1.5151515151515151 1.5757575757575757 1.2121212121212122 0.8484848484848485 0.9494949494949495 1.878787878787879 1.4747474747474747 1.5555555555555556 1.1919191919191918 1.4343434343434343 1.898989898989899 1.2121212121212122 1.5757575757575757 1.0101010101010102 0.8484848484848485
79 1048.8095368369752 0.98989898989899 1.4343434343434343 1.7575757575757576 1.3535353535353536 1.1919191919191918 1.7777777777777777 1.494949494949495 1.3737373737373737 1.2121212121212122 1.6161616161616161 2.0 1.1717171717171717 1.878787878787879 1.5757575757575757 1.0505050505050506 1.0505050505050506 1.494949494949495 1.0505050505050506 1.3737373737373737 1.8181818181818181 1.5151515151515151 1.595959595959596 1.0303030303030303 1.2727272727272727 1.3737373737373737 1.5151515151515151 1.5757575757575757 1.2121212121212122 0.8484848484848485 0.9494949494949495 1.878787878787879 1.4747474747474747 1.5555555555555556 1.1919191919191918 1.4343434343434343 1.898989898989899 1.2121212121212122 1.5757575757575757 1.0101010101010102 0.8484848484848485
80 405.6594823171469 1.4848484848484849 2.1515151515151514 2.6363636363636362 2.0303030303030303 1.7878787878787878 2.6666666666666665 2.242424242424242 2.0606060606060606 1.8181818181818181 2.4242424242424243 3.0 1.7575757575757576 2.8181818181818183 2.3636363636363638 1.5757575757575757 1.5757575757575757 2.242424242424242 1.5757575757575757 2.0606060606060606 2.727272727272727 2.272727272727273 2.393939393939394 1.5454545454545454 1.9090909090909092 2.0606060606060606 2.272727272727273 2.3636363636363638 1.8181818181818181 1.2727272727272727 1.4242424242424243 2.8181818181818183 2.212121212121212 2.3333333333333335 1.7878787878787878 2.1515151515151514 2.8484848484848486 1.8181818181818181 2.3636363636363638 1.5151515151515151 1.2727272727272727
81 80.58408403397108 0.98989898989899 1.4343434343434343 1.7575757575757576 1.3535353535353536 1.1919191919191918 1.7777777777777777 1.494949494949495 1.3737373737373737 1.2121212121212122 1.6161616161616161 2.0 1.1717171717171717 1.878787878787879 1.5757575757575757 1.0505050505050506 1.0505050505050506 1.494949494949495 1.0505050505050506 1.3737373737373737 1.8181818181818181 1.5151515151515151 1.595959595959596 1.0303030303030303 1.2727272727272727 1.3737373737373737 1.5151515151515151 1.5757575757575757 1.2121212121212122 0.8484848484848485 0.9494949494949495 1.878787878787879 1.4747474747474747 1.5555555555555556 1.1919191919191918 1.4343434343434343 1.898989898989899 1.2121212121212122 1.5757575757575757 1.0101010101010102 0.8484848484848485
82 439.11468861666833 0.98989898989899 1.4343434343434343 1.7575757575757576 1.3535353535353536 1.1919191919191918 1.7777777777777777 1.494949494949495 1.3737373737373737 1.2121212121212122 1.6161616161616161 2.0 1.1717171717171717 1.878787878787879 1.5757575757575757 1.0505050505050506 1.0505050505050506 1.494949494949495 1.0505050505050506 1.3737373737373737 1.8181818181818181 1.5151515151515151 1.595959595959596 1.0303030303030303 1.2727272727272727 1.3737373737373737 1.5151515151515151 1.5757575757575757 1.2121212121212122 0.8484848484848485 0.9494949494949495 1.878787878787879 1.4747474747474747 1.5555555555555556 1.1919191919191918 1.4343434343434343 1.898989898989899 1.2121212121212122 1.5757575757575757 1.0101010101010102 0.8484848484848485
83 580.4306292377536 1.4848484848484849 2.1515151515151514 2.6363636363636362 2.0303030303030303 1.7878787878787878 2.6666666666666665 2.242424242424242 2.0606060606060606 1.8181818181818181 2.4242424242424243 3.0 1.7575757575757576 2.8181818181818183 2.3636363636363638 1.5757575757575757 1.5757575757575757 2.242424242424242 1.5757575757575757 2.0606060606060606 2.727272727272727 2.272727272727273 2.393939393939394 1.5454545454545454 1.9090909090909092 2.0606060606060606 2.272727272727273 2.3636363636363638 1.8181818181818181 1.2727272727272727 1.4242424242424243 2.8181818181818183 2.212121212121212 2.3333333333333335 1.7878787878787878 2.1515151515151514 2.8484848484848486 1.8181818181818181 2.3636363636363638 1.5151515151515151 1.2727272727272727
84 538.667870499486 0.98989898989899 1.4343434343434343 1.7575757575757576 1.3535353535353536 1.1919191919191918 1.7777777777777777 1.494949494949495 1.3737373737373737 1.2121212121212122 1.6161616161616161 2.0 1.1717171717171717 1.878787878787879 1.5757575757575757 1.0505050505050506 1.0505050505050506 1.494949494949495 1.0505050505050506 1.3737373737373737 1.8181818181818181 1.5151515151515151 1.595959595959596 1.0303030303030303 1.2727272727272727 1.3737373737373737 1.5151515151515151 1.5757575757575757 1.2121212121212122 0.8484848484848485 0.9494949494949495 1.878787878787879 1.4747474747474747 1.5555555555555556 1.1919191919191918 1.4343434343434343 1.898989898989899 1.2121212121212122 1.5757575757575757 1.0101010101010102 0.8484848484848485
85 412.3532398945258 0.98989898989899 1.4343434343434343 1.7575757575757576 1.3535353535353536 1.1919191919191918 1.7777777777777777 1.494949494949495 1.3737373737373737 1.2121212121212122 1.6161616161616161 2.0 1.1717171717171717 1.878787878787879 1.5757575757575757 1.0505050505050506 1.0505050505050506 1.494949494949495 1.0505050505050506 1.3737373737373737 1.8181818181818181 1.5151515151515151 1.595959595959596 1.0303030303030303 1.2727272727272727 1.3737373737373737 1.5151515151515151 1.5757575757575757 1.2121212121212122 0.8484848484848485 0.9494949494949495 1.878787878787879 1.4747474747474747 1.5555555555555556 1.1919191919191918 1.4343434343434343 1.898989898989899 1.2121212121212122 1.5757575757575757 1.0101010101010102 0.8484848484848485
86 528.0736826152646 0.98989898989899 1.4343434343434343 1.7575757575757576 1.3535353535353536 1.1919191919191918 1.7777777777777777 1.494949494949495 1.3737373737373737 1.2121212121212122 1.6161616161616161 2.0 1.1717171717171717 1.878787878787879 1.5757575757575757 1.0505050505050506 1.0505050505050506 1.494949494949495 1.0505050505050506 1.3737373737373737 1.8181818181818181 1.5151515151515151 1.595959595959596 1.0303030303030303 1.2727272727272727 1.3737373737373737 1.5151515151515151 1.5757575757575757 1.2121212121212122 0.8484848484848485 0.9494949494949495 1.878787878787879 1.4747474747474747 1.5555555555555556 1.1919191919191918 1.4343434343434343 1.898989898989899 1.2121212121212122 1.5757575757575757 1.0101010101010102 0.8484848484848485
87 71.73302809284715 1.4848484848484849 2.1515151515151514 2.6363636363636362 2.0303030303030303 1.7878787878787878 2.6666666666666665 2.242424242424242 2.0606060606060606 1.8181818181818181 2.4242424242424243 3.0 1.7575757575757576 2.8181818181818183 2.3636363636363638 1.5757575757575757 1.5757575757575757 2.242424242424242 1.5757575757575757 2.0606060606060606 2.727272727272727 2.272727272727273 2.393939393939394 1.5454545454545454 1.9090909090909092 2.0606060606060606 2.272727272727273 2.3636363636363638 1.8181818181818181 1.2727272727272727 1.4242424242424243 2.8181818181818183 2.212121212121212 2.3333333333333335 1.7878787878787878 2.1515151515151514 2.8484848484848486 1.8181818181818181 2.3636363636363638 1.5151515151515151 1.2727272727272727
88 281.2659246161159 0.98989898989899 1.4343434343434343 1.7575757575757576 1.3535353535353536 1.1919191919191918 1.7777777777777777 1.494949494949495 1.3737373737373737 1.2121212121212122 1.6161616161616161 2.0 1.1717171717171717 1.878787878787879 1.5757575757575757 1.0505050505050506 1.0505050505050506 1.494949494949495 1.0505050505050506 1.3737373737373737 1.8181818181818181 1.5151515151515151 1.595959595959596 1.0303030303030303 1.2727272727272727 1.3737373737373737 1.5151515151515151 1.5757575757575757 1.2121212121212122 0.8484848484848485 0.9494949494949495 1.878787878787879 1.4747474747474747 1.5555555555555556 1.1919191919191918 1.4343434343434343 1.898989898989899 1.2121212121212122 1.5757575757575757 1.0101010101010102 0.8484848484848485
89 454.6658037603406 1.4848484848484849 2.1515151515151514 2.6363636363636362 2.0303030303030303 1.7878787878787878 2.6666666666666665 2.242424242424242 2.0606060606060606 1.8181818181818181 2.4242424242424243 3.0 1.7575757575757576 2.8181818181818183 2.3636363636363638 1.5757575757575757 1.5757575757575757 2.242424242424242 1.5757575757575757 2.0606060606060606 2.727272727272727 2.272727272727273 2.393939393939394 1.5454545454545454 1.9090909090909092 2.0606060606060606 2.272727272727273 2.3636363636363638 1.8181818181818181 1.2727272727272727 1.4242424242424243 2.8181818181818183 2.212121212121212 2.3333333333333335 1.7878787878787878 2.1515151515151514 2.8484848484848486 1.8181818181818181 2.3636363636363638 1.5151515151515151 1.2727272727272727
90 256.14211558139766 0.98989898989899 1.4343434343434343 1.7575757575757576 1.3535353535353536 1.1919191919191918 1.7777777777777777 1.494949494949495 1.3737373737373737 1.2121212121212122 1.6161616161616161 2.0 1.1717171717171717 1.878787878787879 1.5757575757575757 1.0505050505050506 1.0505050505050506 1.494949494949495 1.0505050505050506 1.3737373737373737 1.8181818181818181 1.5151515151515151 1.595959595959596 1.0303030303030303 1.2727272727272727 1.3737373737373737 1.5151515151515151 1.5757575757575757 1.2121212121212122 0.8484848484848485 0.9494949494949495 1.878787878787879 1.4747474747474747 1.5555555555555556 1.1919191919191918 1.4343434343434343 1.898989898989899 1.2121212121212122 1.5757575757575757 1.0101010101010102 0.8484848484848485
91 64.85459097115005 0.98989898989899 1.4343434343434343 1.7575757575757576 1.3535353535353536 1.1919191919191918 1.7777777777777777 1.494949494949495 1.3737373737373737 1.2121212121212122 1.6161616161616161 2.0 1.1717171717171717 1.878787878787879 1.5757575757575757 1.0505050505050506 1.0505050505050506 1.494949494949495 1.0505050505050506 1.3737373737373737 1.8181818181818181 1.5151515151515151 1.595959595959596 1.0303030303030303 1.2727272727272727 1.3737373737373737 1.5151515151515151 1.5757575757575757 1.2121212121212122 0.8484848484848485 0.9494949494949495 1.878787878787879 1.4747474747474747 1.5555555555555556 1.1919191919191918 1.4343434343434343 1.898989898989899 1.2121212121212122 1.5757575757575757 1.0101010101010102 0.8484848484848485
92 135.52901197257808 1.4848484848484849 2.1515151515151514 2.6363636363636362 2.0303030303030303 1.7878787878787878 2.6666666666666665 2.242424242424242 2.0606060606060606 1.8181818181818181 2.4242424242424243 3.0 1.7575757575757576 2.8181818181818183 2.3636363636363638 1.5757575757575757 1.5757575757575757 2.242424242424242 1.5757575757575757 2.0606060606060606 2.727272727272727 2.272727272727273 2.393939393939394 1.5454545454545454 1.9090909090909092 2.0606060606060606 2.272727272727273 2.3636363636363638 1.8181818181818181 1.2727272727272727 1.4242424242424243 2.8181818181818183 2.212121212121212 2.3333333333333335 1.7878787878787878 2.1515151515151514 2.8484848484848486 1.8181818181818181 2.3636363636363638 1.5151515151515151 1.2727272727272727
93 565.3686377310476 1.4848484848484849 2.1515151515151514 2.6363636363636362 2.0303030303030303 1.7878787878787878 2.6666666666666665 2.242424242424242 2.0606060606060606 1.8181818181818181 2.4242424242424243 3.0 1.7575757575757576 2.8181818181818183 2.3636363636363638 1.5757575757575757 1.5757575757575757 2.242424242424242 1.5757575757575757 2.0606060606060606 2.727272727272727 2.272727272727273 2.393939393939394 1.5454545454545454 1.9090909090909092 2.0606060606060606 2.272727272727273 2.3636363636363638 1.8181818181818181 1.2727272727272727 1.4242424242424243 2.8181818181818183 2.212121212121212 2.3333333333333335 1.7878787878787878 2.1515151515151514 2.8484848484848486 1.8181818181818181 2.3636363636363638 1.5151515151515151 1.2727272727272727
94 319.0983092928024 0.98989898989899 1.4343434343434343 1.7575757575757576 1.3535353535353536 1.1919191919191918 1.7777777777777777 1.494949494949495 1.3737373737373737 1.2121212121212122 1.6161616161616161 2.0 1.1717171717171717 1.878787878787879 1.5757575757575757 1.0505050505050506 1.0505050505050506 1.494949494949495 1.0505050505050506 1.3737373737373737 1.8181818181818181 1.5151515151515151 1.595959595959596 1.0303030303030303 1.2727272727272727 1.3737373737373737 1.5151515151515151 1.5757575757575757 1.2121212121212122 0.8484848484848485 0.9494949494949495 1.878787878787879 1.4747474747474747 1.5555555555555556 1.1919191919191918 1.4343434343434343 1.898989898989899 1.2121212121212122 1.5757575757575757 1.0101010101010102 0.8484848484848485
95 81.21235557506725 1.4848484848484849 2.1515151515151514 2.6363636363636362 2.0303030303030303 1.7878787878787878 2.6666666666666665 2.242424242424242 2.0606060606060606 1.8181818181818181 2.4242424242424243 3.0 1.7575757575757576 2.8181818181818183 2.3636363636363638 1.5757575757575757 1.5757575757575757 2.242424242424242 1.5757575757575757 2.0606060606060606 2.727272727272727 2.272727272727273 2.393939393939394 1.5454545454545454 1.9090909090909092 2.0606060606060606 2.272727272727273 2.3636363636363638 1.8181818181818181 1.2727272727272727 1.4242424242424243 2.8181818181818183 2.212121212121212 2.3333333333333335 1.7878787878787878 2.1515151515151514 2.8484848484848486 1.8181818181818181 2.3636363636363638 1.5151515151515151 1.2727272727272727
96 961.0679002557299 0.98989898989899 1.4343434343434343 1.7575757575757576 1.3535353535353536 1.1919191919191918 1.7777777777777777 1.494949494949495 1.3737373737373737 1.2121212121212122 1.6161616161616161 2.0 1.1717171717171717 1.878787878787879 1.5757575757575757 1.0505050505050506 1.0505050505050506 1.494949494949495 1.0505050505050506 1.3737373737373737 1.8181818181818181 1.5151515151515151 1.595959595959596 1.0303030303030303 1.2727272727272727 1.3737373737373737 1.5151515151515151 1.5757575757575757 1.2121212121212122 0.8484848484848485 0.9494949494949495 1.878787878787879 1.4747474747474747 1.5555555555555556 1.1919191919191918 1.4343434343434343 1.898989898989899 1.2121212121212122 1.5757575757575757 1.0101010101010102 0.8484848484848485
97 515.6932081257164 0.98989898989899 1.4343434343434343 1.7575757575757576 1.3535353535353536 1.1919191919191918 1.7777777777777777 1.494949494949495 1.3737373737373737 1.2121212121212122 1.6161616161616161 2.0 1.1717171717171717 1.878787878787879 1.5757575757575757 1.0505050505050506 1.0505050505050506 1.494949494949495 1.0505050505050506 1.3737373737373737 1.8181818181818181 1.5151515151515151 1.595959595959596 1.0303030303030303 1.2727272727272727 1.3737373737373737 1.5151515151515151 1.5757575757575757 1.2121212121212122 0.8484848484848485 0.9494949494949495 1.878787878787879 1.4747474747474747 1.5555555555555556 1.1919191919191918 1.4343434343434343 1.898989898989899 1.2121212121212122 1.5757575757575757 1.0101010101010102 0.8484848484848485
98 380.0976256761505 1.4848484848484849 2.1515151515151514 2.6363636363636362 2.0303030303030303 1.7878787878787878 2.6666666666666665 2.242424242424242 2.0606060606060606 1.8181818181818181 2.4242424242424243 3.0 1.7575757575757576 2.8181818181818183 2.3636363636363638 1.5757575757575757 1.5757575757575757 2.242424242424242 1.5757575757575757 2.0606060606060606 2.727272727272727 2.272727272727273 2.393939393939394 1.5454545454545454 1.9090909090909092 2.0606060606060606 2.272727272727273 2.3636363636363638 1.8181818181818181 1.2727272727272727 1.4242424242424243 2.8181818181818183 2.212121212121212 2.3333333333333335 1.7878787878787878 2.1515151515151514 2.8484848484848486 1.8181818181818181 2.3636363636363638 1.5151515151515151 1.2727272727272727
99 218.4570407315073 0.98989898989899 1.4343434343434343 1.7575757575757576 1.3535353535353536 1.1919191919191918 1.7777777777777777 1.494949494949495 1.3737373737373737 1.2121212121212122 1.6161616161616161 2.0 1.1717171717171717 1.878787878787879 1.5757575757575757 1.0505050505050506 1.0505050505050506 1.494949494949495 1.0505050505050506 1.3737373737373737 1.8181818181818181 1.5151515151515151 1.595959595959596 1.0303030303030303 1.2727272727272727 1.3737373737373737 1.5151515151515151 1.5757575757575757 1.2121212121212122 0.8484848484848485 0.9494949494949495 1.878787878787879 1.4747474747474747 1.5555555555555556 1.1919191919191918 1.4343434343434343 1.898989898989899 1.2121212121212122 1.5757575757575757 1.0101010101010102 0.8484848484848485
100 73.38425098983842 0.98989898989899 1.4343434343434343 1.7575757575757576 1.3535353535353536 1.1919191919191918 1.7777777777777777 1.494949494949495 1.3737373737373737 1.2121212121212122 1.6161616161616161 2.0 1.1717171717171717 1.878787878787879 1.5757575757575757 1.0505050505050506 1.0505050505050506 1.494949494949495 1.0505050505050506 1.3737373737373737 1.8181818181818181 1.5151515151515151 1.595959595959596 1.0303030303030303 1.2727272727272727 1.3737373737373737 1.5151515151515151 1.5757575757575757 1.2121212121212122 0.8484848484848485 0.9494949494949495 1.878787878787879 1.4747474747474747 1.5555555555555556 1.1919191919191918 1.4343434343434343 1.898989898989899 1.2121212121212122 1.5757575757575757 1.0101010101010102 0.8484848484848485
101 288.967964902181 1.4848484848484849 2.1515151515151514 2.6363636363636362 2.0303030303030303 1.7878787878787878 2.6666666666666665 2.242424242424242 2.0606060606060606 1.8181818181818181 2.4242424242424243 3.0 1.7575757575757576 2.8181818181818183 2.3636363636363638 1.5757575757575757 1.5757575757575757 2.242424242424242 1.5757575757575757 2.0606060606060606 2.727272727272727 2.272727272727273 2.393939393939394 1.5454545454545454 1.9090909090909092 2.0606060606060606 2.272727272727273 2.3636363636363638 1.8181818181818181 1.2727272727272727 1.4242424242424243 2.8181818181818183 2.212121212121212 2.3333333333333335 1.7878787878787878 2.1515151515151514 2.8484848484848486 1.8181818181818181 2.3636363636363638 1.5151515151515151 1.2727272727272727
102 3.021139287969959 0.98989898989899 1.4343434343434343 1.7575757575757576 1.3535353535353536 1.1919191919191918 1.7777777777777777 1.494949494949495 1.3737373737373737 1.2121212121212122 1.6161616161616161 2.0 1.1717171717171717 1.878787878787879 1.5757575757575757 1.0505050505050506 1.0505050505050506 1.494949494949495 1.0505050505050506 1.3737373737373737 1.8181818181818181 1.5151515151515151 1.595959595959596 1.0303030303030303 1.2727272727272727 1.3737373737373737 1.5151515151515151 1.5757575757575757 1.2121212121212122 0.8484848484848485 0.9494949494949495 1.878787878787879 1.4747474747474747 1.5555555555555556 1.1919191919191918 1.4343434343434343 1.898989898989899 1.2121212121212122 1.5757575757575757 1.0101010101010102 0.8484848484848485
103 661.0773398713073 0.98989898989899 1.4343434343434343 1.7575757575757576 1.3535353535353536 1.1919191919191918 1.7777777777777777 1.494949494949495 1.3737373737373737 1.2121212121212122 1.6161616161616161 2.0 1.1717171717171717 1.878787878787879 1.5757575757575757 1.0505050505050506 1.0505050505050506 1.494949494949495 1.0505050505050506 1.3737373737373737 1.8181818181818181 1.5151515151515151 1.595959595959596 1.0303030303030303 1.2727272727272727 1.3737373737373737 1.5151515151515151 1.5757575757575757 1.2121212121212122 0.8484848484848485 0.9494949494949495 1.878787878787879 1.4747474747474747 1.5555555555555556 1.1919191919191918 1.4343434343434343 1.898989898989899 1.2121212121212122 1.5757575757575757 1.0101010101010102 0.8484848484848485
104 186.7767472477088 1.4848484848484849 2.1515151515151514 2.6363636363636362 2.0303030303030303 1.7878787878787878 2.6666666666666665 2.242424242424242 2.0606060606060606 1.8181818181818181 2.4242424242424243 3.0 1.7575757575757576 2.8181818181818183 2.3636363636363638 1.5757575757575757 1.5757575757575757 2.242424242424242 1.5757575757575757 2.0606060606060606 2.727272727272727 2.272727272727273 2.393939393939394 1.5454545454545454 1.9090909090909092 2.0606060606060606 2.272727272727273 2.3636363636363638 1.8181818181818181 1.2727272727272727 1.4242424242424243 2.8181818181818183 2.212121212121212 2.3333333333333335 1.7878787878787878 2.1515151515151514 2.8484848484848486 1.8181818181818181 2.3636363636363638 1.5151515151515151 1.2727272727272727
105 149.38646358008734 0.98989898989899 1.4343434343434343 1.7575757575757576 1.3535353535353536 1.1919191919191918 1.7777777777777777 1.494949494949495 1.3737373737373737 1.2121212121212122 1.6161616161616161 2.0 1.1717171717171717 1.878787878787879 1.5757575757575757 1.0505050505050506 1.0505050505050506 1.494949494949495 1.0505050505050506 1.3737373737373737 1.8181818181818181 1.5151515151515151 1.595959595959596 1.0303030303030303 1.2727272727272727 1.3737373737373737 1.5151515151515151 1.5757575757575757 1.2121212121212122 0.8484848484848485 0.9494949494949495 1.878787878787879 1.4747474747474747 1.5555555555555556 1.1919191919191918 1.4343434343434343 1.898989898989899 1.2121212121212122 1.5757575757575757 1.0101010101010102 0.8484848484848485
106 30.21384780784266 0.98989898989899 1.4343434343434343 1.7575757575757576 1.3535353535353536 1.1919191919191918 1.7777777777777777 1.494949494949495 1.3737373737373737 1.2121212121212122 1.6161616161616161 2.0 1.1717171717171717 1.878787878787879 1.5757575757575757 1.0505050505050506 1.0505050505050506 1.494949494949495 1.0505050505050506 1.3737373737373737 1.8181818181818181 1.5151515151515151 1.595959595959596 1.0303030303030303 1.2727272727272727 1.3737373737373737 1.5151515151515151 1.5757575757575757 1.2121212121212122 0.8484848484848485 0.9494949494949495 1.878787878787879 1.4747474747474747 1.5555555555555556 1.1919191919191918 1.4343434343434343 1.898989898989899 1.2121212121212122 1.5757575757575757 1.0101010101010102 0.8484848484848485
107 213.46079394165852 1.4848484848484849 2.1515151515151514 2.6363636363636362 2.0303030303030303 1.7878787878787878 2.6666666666666665 2.242424242424242 2.0606060606060606 1.8181818181818181 2.4242424242424243 3.0 1.7575757575757576 2.8181818181818183 2.3636363636363638 1.5757575757575757 1.5757575757575757 2.242424242424242 1.5757575757575757 2.0606060606060606 2.727272727272727 2.272727272727273 2.393939393939394 1.5454545454545454 1.9090909090909092 2.0606060606060606 2.272727272727273 2.3636363636363638 1.8181818181818181 1.2727272727272727 1.4242424242424243 2.8181818181818183 2.212121212121212 2.3333333333333335 1.7878787878787878 2.1515151515151514 2.8484848484848486 1.8181818181818181 2.3636363636363638 1.5151515151515151 1.2727272727272727
108 179.90442632840018 1.4848484848484849 2.1515151515151514 2.6363636363636362 2.0303030303030303 1.7878787878787878 2.6666666666666665 2.242424242424242 2.0606060606060606 1.8181818181818181 2.4242424242424243 3.0 1.7575757575757576 2.8181818181818183 2.3636363636363638 1.5757575757575757 1.5757575757575757 2.242424242424242 1.5757575757575757 2.0606060606060606 2.727272727272727 2.272727272727273 2.393939393939394 1.5454545454545454 1.9090909090909092 2.0606060606060606 2.272727272727273 2.3636363636363638 1.8181818181818181 1.2727272727272727 1.4242424242424243 2.8181818181818183 2.212121212121212 2.3333333333333335 1.7878787878787878 2.1515151515151514 2.8484848484848486 1.8181818181818181 2.3636363636363638 1.5151515151515151 1.2727272727272727
109 102.56303422618257 0.98989898989899 1.4343434343434343 1.7575757575757576 1.3535353535353536 1.1919191919191918 1.7777777777777777 1.494949494949495 1.3737373737373737 1.2121212121212122 1.6161616161616161 2.0 1.1717171717171717 1.878787878787879 1.5757575757575757 1.0505050505050506 1.0505050505050506 1.494949494949495 1.0505050505050506 1.3737373737373737 1.8181818181818181 1.5151515151515151 1.595959595959596 1.0303030303030303 1.2727272727272727 1.3737373737373737 1.5151515151515151 1.5757575757575757 1.2121212121212122 0.8484848484848485 0.9494949494949495 1.878787878787879 1.4747474747474747 1.5555555555555556 1.1919191919191918 1.4343434343434343 1.898989898989899 1.2121212121212122 1.5757575757575757 1.0101010101010102 0.8484848484848485
