90 10
TREE NETWORK (nID nID Weight):
61 0 44
45 0 48
2 45 37
36 0 49
17 0 44
40 2 39
39 0 40
1 45 30
19 1 58
89 36 53
33 45 47
67 36 40
34 1 30
15 19 30
31 39 51
81 45 49
10 36 38
38 61 52
18 36 50
25 34 48
8 89 31
6 89 35
51 0 32
55 36 40
49 34 59
13 18 49
46 89 30
30 36 44
85 13 32
83 89 57
5 18 50
21 45 53
64 6 37
32 40 58
65 5 55
44 10 33
66 46 38
86 44 56
76 8 36
29 64 33
73 29 35
79 86 32
9 51 49
14 30 40
63 9 35
16 86 54
78 61 47
26 55 36
43 51 35
69 66 41
37 21 35
52 73 52
77 17 52
27 89 45
56 63 46
3 17 33
28 67 54
58 25 40
23 77 58
82 13 56
12 37 43
11 8 40
41 25 43
53 66 37
47 73 31
80 41 45
70 46 32
35 63 45
75 55 41
24 29 36
42 79 59
60 51 50
57 44 33
20 43 37
88 67 56
72 51 32
7 8 36
74 18 35
62 49 31
68 67 30
71 6 58
4 25 53
59 1 34
50 44 47
22 78 34
54 79 39
48 71 55
87 72 40
84 69 51
PROGRAMS ASSIGNED TO NODES (nID pID1 pID2 ...):
0 1 2 3 4 5 6 7 8 9 10
1 1 3 4
2 3 5 9 10
3 1 3 4 6 7 9 10
4 1 4 5 6 7
5 1 2 3 4 5 8
6 1 2 3 6 7 8 9 10
7 1 5 7 8 9 10
8 3 9
9 2 3 4 5 6 7 8 9 10
10 1 2 4 6 7 8 9 10
11 1 2 3 5 6 7 9
12 1 3 4 6 7 9
13 1 5 6 9
14 2 3 5 6 7 10
15 1 2 4 5 6 10
16 1 10
17 1 2 3 4 6 7 8 9 10
18 4 5 6 7 8 9 10
19 4
20 1 2 3 5 6 8 9
21 1 2 3 4 5 6 7 8 9
22 1 2 3 4 5 6 8 9 10
23 8 9
24 6 7 9 10
26 3 6
27 10
28 1 2 3 4 6 7 8 9 10
29 2 3 4 8 9
30 2 3 4 5 6 8 10
31 2 5 6 7 8 9
32 1 3 5 8 9
33 1 3 4 6 7 8 9 10
34 2 4 5 6 10
35 2 3 7 8 10
37 2 4 6
38 8 10
39 2 3 4 5 6 7 10
40 2 5 6 10
41 1 4 6 8 9 10
42 3 6 7
43 3 5 7
44 1 2 7 8 10
45 1 2 4 5 6 7 8 9 10
46 1 3 4 5 6 7 8 9 10
47 1 2 4 7 8
49 9
51 1 2 3 5 6 8 9
52 3
53 3 8
54 1 4 7 8 9 10
55 2 9
56 3 4 6 7 8
57 1 3 4 5 6 7 8 10
58 2 4 5 6 7 8 9 10
59 1 2 3 4 5 6 7 9 10
60 5 7 8
61 2 4 6 7 8 10
62 2 6 7 9
64 5 9 10
65 1 2 3 4 5 6 8 9 10
67 1 3 4 6 7 8 10
68 2 3 4 5 6 7 8 9
69 1 2 5 6 7 10
70 2 3 5 6
71 2 4 5 10
72 1 2 3 4 6 7 9
73 1 2 4 5 6 7 8 9 10
74 1 3 4 6 7 8 9
75 1 2 3 4 5 7 9 10
76 1 3 6
77 1 2 3 4 5 6 7 10
79 2 3 4 7 9 10
80 1 2 3 4 5 6 7 8 9
81 1 2
82 2 3 4 5 6 7 8 9 10
83 1 2 4 6 7 10
84 3 4 6 8 9 10
85 1 2 4 5 6 7 8 9 10
86 1 2 3 4 5 6 7 8 9
87 2 4 5 7 8 9 10
89 4
SIZE OF PROGRAMS (pID SIZE):
1 81.0
2 76.0
3 65.0
4 74.0
5 42.0
6 49.0
7 44.0
8 67.0
9 62.0
10 86.0
COST TO INSTALL SERVERS AND PROGRAMS ON NODES (COST_TO_INSTALL_SERVER COST_TO_INSTALL_pID1 ...):
0 2502.3255813953488 1.8837209302325582 1.7674418604651163 1.5116279069767442 1.7209302325581395 0.9767441860465116 1.1395348837209303 1.0232558139534884 1.558139534883721 1.441860465116279 2.0
1 31.228129462320027 2.8255813953488373 2.6511627906976742 2.2674418604651163 2.5813953488372094 1.4651162790697674 1.7093023255813953 1.5348837209302326 2.3372093023255816 2.1627906976744184 3.0
2 26.579295883610204 1.8837209302325582 1.7674418604651163 1.5116279069767442 1.7209302325581395 0.9767441860465116 1.1395348837209303 1.0232558139534884 1.558139534883721 1.441860465116279 2.0
3 34.27940432397917 2.8255813953488373 2.6511627906976742 2.2674418604651163 2.5813953488372094 1.4651162790697674 1.7093023255813953 1.5348837209302326 2.3372093023255816 2.1627906976744184 3.0
4 52.584435081435394 2.8255813953488373 2.6511627906976742 2.2674418604651163 2.5813953488372094 1.4651162790697674 1.7093023255813953 1.5348837209302326 2.3372093023255816 2.1627906976744184 3.0
5 29.85752845636657 1.8837209302325582 1.7674418604651163 1.5116279069767442 1.7209302325581395 0.9767441860465116 1.1395348837209303 1.0232558139534884 1.558139534883721 1.441860465116279 2.0
6 52.20046021435394 2.8255813953488373 2.6511627906976742 2.2674418604651163 2.5813953488372094 1.4651162790697674 1.7093023255813953 1.5348837209302326 2.3372093023255816 2.1627906976744184 3.0
7 42.199980672287964 1.8837209302325582 1.7674418604651163 1.5116279069767442 1.7209302325581395 0.9767441860465116 1.1395348837209303 1.0232558139534884 1.558139534883721 1.441860465116279 2.0
8 20.685547075639597 1.8837209302325582 1.7674418604651163 1.5116279069767442 1.7209302325581395 0.9767441860465116 1.1395348837209303 1.0232558139534884 1.558139534883721 1.441860465116279 2.0
9 16.266637316478338 1.8837209302325582 1.7674418604651163 1.5116279069767442 1.7209302325581395 0.9767441860465116 1.1395348837209303 1.0232558139534884 1.558139534883721 1.441860465116279 2.0
10 19.705863207029523 2.8255813953488373 2.6511627906976742 2.2674418604651163 2.5813953488372094 1.4651162790697674 1.7093023255813953 1.5348837209302326 2.3372093023255816 2.1627906976744184 3.0
11 66.07670238870396 2.8255813953488373 2.6511627906976742 2.2674418604651163 2.5813953488372094 1.4651162790697674 1.7093023255813953 1.5348837209302326 2.3372093023255816 2.1627906976744184 3.0
12 25.955732562956822 2.8255813953488373 2.6511627906976742 2.2674418604651163 2.5813953488372094 1.4651162790697674 1.7093023255813953 1.5348837209302326 2.3372093023255816 2.1627906976744184 3.0
13 27.635572990588706 1.8837209302325582 1.7674418604651163 1.5116279069767442 1.7209302325581395 0.9767441860465116 1.1395348837209303 1.0232558139534884 1.558139534883721 1.441860465116279 2.0
14 35.81210027130323 1.8837209302325582 1.7674418604651163 1.5116279069767442 1.7209302325581395 0.9767441860465116 1.1395348837209303 1.0232558139534884 1.558139534883721 1.441860465116279 2.0
15 51.142544650012255 1.8837209302325582 1.7674418604651163 1.5116279069767442 1.7209302325581395 0.9767441860465116 1.1395348837209303 1.0232558139534884 1.558139534883721 1.441860465116279 2.0
16 16.820245975031643 2.8255813953488373 2.6511627906976742 2.2674418604651163 2.5813953488372094 1.4651162790697674 1.7093023255813953 1.5348837209302326 2.3372093023255816 2.1627906976744184 3.0
17 5.990381720969875 1.8837209302325582 1.7674418604651163 1.5116279069767442 1.7209302325581395 0.9767441860465116 1.1395348837209303 1.0232558139534884 1.558139534883721 1.441860465116279 2.0
18 15.9692317942167 2.8255813953488373 2.6511627906976742 2.2674418604651163 2.5813953488372094 1.4651162790697674 1.7093023255813953 1.5348837209302326 2.3372093023255816 2.1627906976744184 3.0
19 30.0764081294308 1.8837209302325582 1.7674418604651163 1.5116279069767442 1.7209302325581395 0.9767441860465116 1.1395348837209303 1.0232558139534884 1.558139534883721 1.441860465116279 2.0
20 31.363411346548517 2.8255813953488373 2.6511627906976742 2.2674418604651163 2.5813953488372094 1.4651162790697674 1.7093023255813953 1.5348837209302326 2.3372093023255816 2.1627906976744184 3.0
21 2.76926683756934 2.8255813953488373 2.6511627906976742 2.2674418604651163 2.5813953488372094 1.4651162790697674 1.7093023255813953 1.5348837209302326 2.3372093023255816 2.1627906976744184 3.0
22 31.691605908359634 2.8255813953488373 2.6511627906976742 2.2674418604651163 2.5813953488372094 1.4651162790697674 1.7093023255813953 1.5348837209302326 2.3372093023255816 2.1627906976744184 3.0
23 3.411425623704682 1.8837209302325582 1.7674418604651163 1.5116279069767442 1.7209302325581395 0.9767441860465116 1.1395348837209303 1.0232558139534884 1.558139534883721 1.441860465116279 2.0
24 54.74973167614494 2.8255813953488373 2.6511627906976742 2.2674418604651163 2.5813953488372094 1.4651162790697674 1.7093023255813953 1.5348837209302326 2.3372093023255816 2.1627906976744184 3.0
25 75.6717119613676 1.8837209302325582 1.7674418604651163 1.5116279069767442 1.7209302325581395 0.9767441860465116 1.1395348837209303 1.0232558139534884 1.558139534883721 1.441860465116279 2.0
26 5.543039257835082 1.8837209302325582 1.7674418604651163 1.5116279069767442 1.7209302325581395 0.9767441860465116 1.1395348837209303 1.0232558139534884 1.558139534883721 1.441860465116279 2.0
27 5.654833004580214 2.8255813953488373 2.6511627906976742 2.2674418604651163 2.5813953488372094 1.4651162790697674 1.7093023255813953 1.5348837209302326 2.3372093023255816 2.1627906976744184 3.0
28 38.611896605142526 2.8255813953488373 2.6511627906976742 2.2674418604651163 2.5813953488372094 1.4651162790697674 1.7093023255813953 1.5348837209302326 2.3372093023255816 2.1627906976744184 3.0
29 54.11056942238017 2.8255813953488373 2.6511627906976742 2.2674418604651163 2.5813953488372094 1.4651162790697674 1.7093023255813953 1.5348837209302326 2.3372093023255816 2.1627906976744184 3.0
30 26.174297264079406 2.8255813953488373 2.6511627906976742 2.2674418604651163 2.5813953488372094 1.4651162790697674 1.7093023255813953 1.5348837209302326 2.3372093023255816 2.1627906976744184 3.0
31 17.323421361252777 1.8837209302325582 1.7674418604651163 1.5116279069767442 1.7209302325581395 0.9767441860465116 1.1395348837209303 1.0232558139534884 1.558139534883721 1.441860465116279 2.0
32 29.536229395973436 2.8255813953488373 2.6511627906976742 2.2674418604651163 2.5813953488372094 1.4651162790697674 1.7093023255813953 1.5348837209302326 2.3372093023255816 2.1627906976744184 3.0
33 18.27453072899244 1.8837209302325582 1.7674418604651163 1.5116279069767442 1.7209302325581395 0.9767441860465116 1.1395348837209303 1.0232558139534884 1.558139534883721 1.441860465116279 2.0
34 32.51197445141469 2.8255813953488373 2.6511627906976742 2.2674418604651163 2.5813953488372094 1.4651162790697674 1.7093023255813953 1.5348837209302326 2.3372093023255816 2.1627906976744184 3.0
35 43.05894290133041 1.8837209302325582 1.7674418604651163 1.5116279069767442 1.7209302325581395 0.9767441860465116 1.1395348837209303 1.0232558139534884 1.558139534883721 1.441860465116279 2.0
36 4.577643864697176 2.8255813953488373 2.6511627906976742 2.2674418604651163 2.5813953488372094 1.4651162790697674 1.7093023255813953 1.5348837209302326 2.3372093023255816 2.1627906976744184 3.0
37 36.086498309906446 1.8837209302325582 1.7674418604651163 1.5116279069767442 1.7209302325581395 0.9767441860465116 1.1395348837209303 1.0232558139534884 1.558139534883721 1.441860465116279 2.0
38 8.192464578646971 2.8255813953488373 2.6511627906976742 2.2674418604651163 2.5813953488372094 1.4651162790697674 1.7093023255813953 1.5348837209302326 2.3372093023255816 2.1627906976744184 3.0
39 782.0 1.8837209302325582 1.7674418604651163 1.5116279069767442 1.7209302325581395 0.9767441860465116 1.1395348837209303 1.0232558139534884 1.558139534883721 1.441860465116279 2.0
40 19.33632572181446 2.8255813953488373 2.6511627906976742 2.2674418604651163 2.5813953488372094 1.4651162790697674 1.7093023255813953 1.5348837209302326 2.3372093023255816 2.1627906976744184 3.0
41 56.60531240543501 2.8255813953488373 2.6511627906976742 2.2674418604651163 2.5813953488372094 1.4651162790697674 1.7093023255813953 1.5348837209302326 2.3372093023255816 2.1627906976744184 3.0
42 20.401903964104186 1.8837209302325582 1.7674418604651163 1.5116279069767442 1.7209302325581395 0.9767441860465116 1.1395348837209303 1.0232558139534884 1.558139534883721 1.441860465116279 2.0
43 20.638687085463253 1.8837209302325582 1.7674418604651163 1.5116279069767442 1.7209302325581395 0.9767441860465116 1.1395348837209303 1.0232558139534884 1.558139534883721 1.441860465116279 2.0
44 26.419725258418737 1.8837209302325582 1.7674418604651163 1.5116279069767442 1.7209302325581395 0.9767441860465116 1.1395348837209303 1.0232558139534884 1.558139534883721 1.441860465116279 2.0
45 9.292377540384056 1.8837209302325582 1.7674418604651163 1.5116279069767442 1.7209302325581395 0.9767441860465116 1.1395348837209303 1.0232558139534884 1.558139534883721 1.441860465116279 2.0
46 46.50529165234376 2.8255813953488373 2.6511627906976742 2.2674418604651163 2.5813953488372094 1.4651162790697674 1.7093023255813953 1.5348837209302326 2.3372093023255816 2.1627906976744184 3.0
47 68.17601021054467 2.8255813953488373 2.6511627906976742 2.2674418604651163 2.5813953488372094 1.4651162790697674 1.7093023255813953 1.5348837209302326 2.3372093023255816 2.1627906976744184 3.0
48 547.0 2.8255813953488373 2.6511627906976742 2.2674418604651163 2.5813953488372094 1.4651162790697674 1.7093023255813953 1.5348837209302326 2.3372093023255816 2.1627906976744184 3.0
49 18.17349552202342 1.8837209302325582 1.7674418604651163 1.5116279069767442 1.7209302325581395 0.9767441860465116 1.1395348837209303 1.0232558139534884 1.558139534883721 1.441860465116279 2.0
50 534.0 2.8255813953488373 2.6511627906976742 2.2674418604651163 2.5813953488372094 1.4651162790697674 1.7093023255813953 1.5348837209302326 2.3372093023255816 2.1627906976744184 3.0
51 25.67558381489868 2.8255813953488373 2.6511627906976742 2.2674418604651163 2.5813953488372094 1.4651162790697674 1.7093023255813953 1.5348837209302326 2.3372093023255816 2.1627906976744184 3.0
52 9.574013583224165 1.8837209302325582 1.7674418604651163 1.5116279069767442 1.7209302325581395 0.9767441860465116 1.1395348837209303 1.0232558139534884 1.558139534883721 1.441860465116279 2.0
53 27.526959962179223 2.8255813953488373 2.6511627906976742 2.2674418604651163 2.5813953488372094 1.4651162790697674 1.7093023255813953 1.5348837209302326 2.3372093023255816 2.1627906976744184 3.0
54 75.51482453931216 2.8255813953488373 2.6511627906976742 2.2674418604651163 2.5813953488372094 1.4651162790697674 1.7093023255813953 1.5348837209302326 2.3372093023255816 2.1627906976744184 3.0
55 38.03263895505939 1.8837209302325582 1.7674418604651163 1.5116279069767442 1.7209302325581395 0.9767441860465116 1.1395348837209303 1.0232558139534884 1.558139534883721 1.441860465116279 2.0
56 29.389808865967098 1.8837209302325582 1.7674418604651163 1.5116279069767442 1.7209302325581395 0.9767441860465116 1.1395348837209303 1.0232558139534884 1.558139534883721 1.441860465116279 2.0
57 51.608173659714154 1.8837209302325582 1.7674418604651163 1.5116279069767442 1.7209302325581395 0.9767441860465116 1.1395348837209303 1.0232558139534884 1.558139534883721 1.441860465116279 2.0
58 91.5874265543362 1.8837209302325582 1.7674418604651163 1.5116279069767442 1.7209302325581395 0.9767441860465116 1.1395348837209303 1.0232558139534884 1.558139534883721 1.441860465116279 2.0
59 61.3895613531504 2.8255813953488373 2.6511627906976742 2.2674418604651163 2.5813953488372094 1.4651162790697674 1.7093023255813953 1.5348837209302326 2.3372093023255816 2.1627906976744184 3.0
60 5.558629353030867 2.8255813953488373 2.6511627906976742 2.2674418604651163 2.5813953488372094 1.4651162790697674 1.7093023255813953 1.5348837209302326 2.3372093023255816 2.1627906976744184 3.0
61 2.043619593849254 2.8255813953488373 2.6511627906976742 2.2674418604651163 2.5813953488372094 1.4651162790697674 1.7093023255813953 1.5348837209302326 2.3372093023255816 2.1627906976744184 3.0
62 25.625625690588155 2.8255813953488373 2.6511627906976742 2.2674418604651163 2.5813953488372094 1.4651162790697674 1.7093023255813953 1.5348837209302326 2.3372093023255816 2.1627906976744184 3.0
63 31.2133759839434 1.8837209302325582 1.7674418604651163 1.5116279069767442 1.7209302325581395 0.9767441860465116 1.1395348837209303 1.0232558139534884 1.558139534883721 1.441860465116279 2.0
64 81.56045610954527 1.8837209302325582 1.7674418604651163 1.5116279069767442 1.7209302325581395 0.9767441860465116 1.1395348837209303 1.0232558139534884 1.558139534883721 1.441860465116279 2.0
65 57.6256085731127 1.8837209302325582 1.7674418604651163 1.5116279069767442 1.7209302325581395 0.9767441860465116 1.1395348837209303 1.0232558139534884 1.558139534883721 1.441860465116279 2.0
66 95.4574354250544 1.8837209302325582 1.7674418604651163 1.5116279069767442 1.7209302325581395 0.9767441860465116 1.1395348837209303 1.0232558139534884 1.558139534883721 1.441860465116279 2.0
67 36.87254536741383 1.8837209302325582 1.7674418604651163 1.5116279069767442 1.7209302325581395 0.9767441860465116 1.1395348837209303 1.0232558139534884 1.558139534883721 1.441860465116279 2.0
68 47.67715721148776 2.8255813953488373 2.6511627906976742 2.2674418604651163 2.5813953488372094 1.4651162790697674 1.7093023255813953 1.5348837209302326 2.3372093023255816 2.1627906976744184 3.0
69 79.01299821635641 2.8255813953488373 2.6511627906976742 2.2674418604651163 2.5813953488372094 1.4651162790697674 1.7093023255813953 1.5348837209302326 2.3372093023255816 2.1627906976744184 3.0
70 23.753863526205958 2.8255813953488373 2.6511627906976742 2.2674418604651163 2.5813953488372094 1.4651162790697674 1.7093023255813953 1.5348837209302326 2.3372093023255816 2.1627906976744184 3.0
71 14.800909446545347 2.8255813953488373 2.6511627906976742 2.2674418604651163 2.5813953488372094 1.4651162790697674 1.7093023255813953 1.5348837209302326 2.3372093023255816 2.1627906976744184 3.0
72 48.28017850711873 1.8837209302325582 1.7674418604651163 1.5116279069767442 1.7209302325581395 0.9767441860465116 1.1395348837209303 1.0232558139534884 1.558139534883721 1.441860465116279 2.0
73 85.35895052328223 1.8837209302325582 1.7674418604651163 1.5116279069767442 1.7209302325581395 0.9767441860465116 1.1395348837209303 1.0232558139534884 1.558139534883721 1.441860465116279 2.0
74 25.334847848251044 2.8255813953488373 2.6511627906976742 2.2674418604651163 2.5813953488372094 1.4651162790697674 1.7093023255813953 1.5348837209302326 2.3372093023255816 2.1627906976744184 3.0
75 45.2764216527631 1.8837209302325582 1.7674418604651163 1.5116279069767442 1.7209302325581395 0.9767441860465116 1.1395348837209303 1.0232558139534884 1.558139534883721 1.441860465116279 2.0
76 16.47663053951059 2.8255813953488373 2.6511627906976742 2.2674418604651163 2.5813953488372094 1.4651162790697674 1.7093023255813953 1.5348837209302326 2.3372093023255816 2.1627906976744184 3.0
77 24.175780324767583 2.8255813953488373 2.6511627906976742 2.2674418604651163 2.5813953488372094 1.4651162790697674 1.7093023255813953 1.5348837209302326 2.3372093023255816 2.1627906976744184 3.0
78 29.300336491569304 1.8837209302325582 1.7674418604651163 1.5116279069767442 1.7209302325581395 0.9767441860465116 1.1395348837209303 1.0232558139534884 1.558139534883721 1.441860465116279 2.0
79 65.40201506395375 1.8837209302325582 1.7674418604651163 1.5116279069767442 1.7209302325581395 0.9767441860465116 1.1395348837209303 1.0232558139534884 1.558139534883721 1.441860465116279 2.0
80 103.08782776273675 2.8255813953488373 2.6511627906976742 2.2674418604651163 2.5813953488372094 1.4651162790697674 1.7093023255813953 1.5348837209302326 2.3372093023255816 2.1627906976744184 3.0
81 4.562015226060193 1.8837209302325582 1.7674418604651163 1.5116279069767442 1.7209302325581395 0.9767441860465116 1.1395348837209303 1.0232558139534884 1.558139534883721 1.441860465116279 2.0
82 44.23692617115654 1.8837209302325582 1.7674418604651163 1.5116279069767442 1.7209302325581395 0.9767441860465116 1.1395348837209303 1.0232558139534884 1.558139534883721 1.441860465116279 2.0
83 25.349177710273636 2.8255813953488373 2.6511627906976742 2.2674418604651163 2.5813953488372094 1.4651162790697674 1.7093023255813953 1.5348837209302326 2.3372093023255816 2.1627906976744184 3.0
84 50.60964701618418 1.8837209302325582 1.7674418604651163 1.5116279069767442 1.7209302325581395 0.9767441860465116 1.1395348837209303 1.0232558139534884 1.558139534883721 1.441860465116279 2.0
85 61.15013985947807 2.8255813953488373 2.6511627906976742 2.2674418604651163 2.5813953488372094 1.4651162790697674 1.7093023255813953 1.5348837209302326 2.3372093023255816 2.1627906976744184 3.0
86 63.61147946336339 2.8255813953488373 2.6511627906976742 2.2674418604651163 2.5813953488372094 1.4651162790697674 1.7093023255813953 1.5348837209302326 2.3372093023255816 2.1627906976744184 3.0
87 40.00936677037317 2.8255813953488373 2.6511627906976742 2.2674418604651163 2.5813953488372094 1.4651162790697674 1.7093023255813953 1.5348837209302326 2.3372093023255816 2.1627906976744184 3.0
88 644.0 1.8837209302325582 1.7674418604651163 1.5116279069767442 1.7209302325581395 0.9767441860465116 1.1395348837209303 1.0232558139534884 1.558139534883721 1.441860465116279 2.0
89 24.126801654034615 1.8837209302325582 1.7674418604651163 1.5116279069767442 1.7209302325581395 0.9767441860465116 1.1395348837209303 1.0232558139534884 1.558139534883721 1.441860465116279 2.0
