170 20
TREE NETWORK (nID nID Weight):
124 0 35
111 0 32
167 0 39
38 167 34
30 111 37
70 30 46
159 38 42
41 167 40
27 70 43
99 159 43
19 70 59
91 99 50
162 19 59
58 30 59
16 41 49
66 0 41
109 70 53
36 58 33
49 70 59
69 159 58
102 38 36
54 49 40
39 54 47
71 162 33
120 102 32
95 162 32
6 95 33
147 109 51
135 71 56
4 30 57
55 120 54
72 124 39
62 58 42
20 41 39
151 62 31
114 70 51
112 70 56
85 70 55
168 71 45
50 69 44
98 6 46
9 98 44
103 109 51
59 120 46
131 49 34
75 72 40
138 109 30
40 109 37
7 138 34
52 7 44
121 168 46
129 62 55
126 99 36
74 39 41
149 20 34
123 20 49
26 147 39
81 69 39
100 121 56
108 38 58
105 16 47
113 70 34
166 6 42
150 85 56
68 99 33
44 54 56
145 167 54
11 102 39
32 30 48
136 55 59
119 114 58
148 19 38
144 81 53
29 26 56
165 85 55
92 166 51
127 75 31
122 150 36
152 100 50
116 150 34
141 136 57
31 19 57
14 6 47
73 135 48
139 99 31
64 39 59
34 36 49
158 113 34
104 141 34
12 27 56
21 81 38
154 11 48
133 26 47
48 152 55
125 162 41
2 151 30
47 54 51
8 21 31
160 100 39
142 120 51
137 142 33
45 120 50
57 47 31
87 68 36
156 81 45
84 100 31
5 20 43
140 126 53
93 20 36
25 38 35
157 100 45
43 166 55
163 50 45
107 84 32
46 58 50
23 2 32
164 131 53
17 25 50
161 145 40
56 16 33
97 124 33
82 98 47
77 58 54
88 100 52
169 162 45
110 100 45
90 39 42
89 14 38
24 23 55
61 98 48
143 57 47
13 122 42
22 71 41
134 98 32
10 148 34
65 148 41
33 13 54
128 134 55
35 125 30
67 100 58
1 120 44
76 35 57
118 116 51
132 92 55
94 65 45
15 116 57
96 69 54
78 93 56
115 93 41
101 87 53
117 95 33
155 43 53
63 6 52
86 135 37
79 142 32
53 29 48
146 25 59
51 17 55
83 144 42
42 161 48
80 16 46
153 121 58
106 43 40
60 160 37
130 59 57
28 96 54
37 93 44
18 164 35
3 2 37
PROGRAMS ASSIGNED TO NODES (nID pID1 pID2 ...):
0 1 2 3 4 5 6 7 8 9 10 11 12 13 14 15 16 17 18 19 20
1 2 3 4 5 6 9 10 12 13 14 16 17 18 19 20
2 1 2 3 20 5 6 8 9 10 14 15
3 1 2 3 4 6 7 8 9 10 11 12 13 14 16 17 18 19 20
4 1 2 3 4 5 6 7 8 9 11 12 13 15 16 17 18 19 20
5 16 18 20 10 11
6 1 2 3 4 5 6 7 8 9 10 11 13 14 15 16 17 18 19 20
8 16 1 2 19 5 10 11 12 13
9 1 3 4 5 7 8 9 11 12 15 16 17 18 19 20
10 16 17 1 19 3 9 11 15
11 2 3 4 5 6 7 8 9 10 11 12 13 14 15 16 18 19 20
12 1 2 3 4 5 6 7 10 12 15 16 17 20
13 18 2 4 5 7 12 13 14
14 16 17 1 4 20 5 9 10 11 15
15 1 2 3 4 5 6 8 9 10 11 13 15 16 17 18 19 20
16 1 2 3 4 5 7 10 12 13 15 16 19 20
17 16 1 3 4 9 15
18 1 2 3 4 7 8 9 12 13 14 16 17 18 19 20
19 1 2 3 5 6 7 8 10 11 12 13 14 15 17 18
20 4 12
21 16 18 20 4 8 9 13
22 1 2 3 4 5 6 7 9 10 11 12 13 14 15 18 19 20
23 13
24 16 19 4 5 6 7
25 1 2 3 4 5 6 8 9 10 11 12 13 14 15 16 17 18 19 20
26 2 8 11 13 14
27 1 2 3 4 7 8 9 10 11 12 13 14 15 16 17 18 19 20
28 5 7 8 11 12 13
29 1 2 3 4 6 7 8 9 10 11 12 15 18 20
30 1 18 2 19 4 20 5 7 9 10 15
31 2 3 4 6 10 11 12 13 14 17 18 19 20
32 16 1 17 6 9 11 12 14 15
33 17 19 7 9
34 2 18 10
35 1
36 1 2 3 4 6 9 10 11 12 13 14 15 16 17 18
37 1 2 3 5 7 8 10 11 12 14 15 16 17 18 19 20
38 17 1 18 3 4 20 5 6
39 17 2 3 20 7 8 10 13 14
40 16 18 4 20 6 9 10 12 13 14
41 1 2 3 4 5 6 7 8 11 13 14 17 18 19 20
42 1 2 3 4 5 10 11 12 13 14 16 17 18 20
43 1 2 4 5 7 8 9 10 13 15 17 18 19 20
44 16 17 2 3 4 6 7 9 10 12 14 15
45 1 19 4 6 9 10 14
46 2 20 9 10 11 14 15
47 1 2 4 5 6 7 8 9 10 12 13 15 17 18 19 20
48 17 8 10
49 1 2 18 3 4 20 5 6 11 13 15
51 1 2 4 5 6 8 9 10 11 12 13 15 17 18 19 20
52 7 14
53 17 1 2 18 5 6 7 9 11 14 15
54 16 18 4 20 7 8 9 10 14 15
55 1 2 3 5 6 7 8 10 12 13 14 17 19
57 1 3 4 5 6 7 8 9 10 11 12 13 14 16 17 18 19 20
58 2 3 4 5 7 8 9 11 12 13 14 15 16 17 18 19 20
59 1 2 5 6
60 16 2 19 4 5 6 9
61 1 20 6 12 15
62 2 3 6 7 9 10 13 15
63 1 3 20 5 11 13 14 15
64 17 1 20 11
65 1 18 20 10 12 15
66 2 3 4 5 6 7 8 9 11 12 13 17 19
67 1 2 3 4 5 6 7 8 9 10 11 12 13 14 15 16 18 19 20
68 2 3 20 4 5 8 9 12 14
69 16 3 5 6 11
70 2 3 4 5 6 7 8 9 10 13 14 15 16 17 18 19 20
71 17 1 3 10 11 13
72 1 15
73 1 3 4 5 6 7 8 9 10 11 12 13 14 15 16 17 18 19 20
74 1 2 3 4 5 6 7 8 9 10 11 13 14 15 16 17 19 20
75 1 2 3 4 5 6 7 8 9 10 12 13 14 15 17 18 19
76 16 1 17 4 5 9 15
77 1 20 4 5 8 11 15
78 1 2 3 4 5 6 7 9 10 11 15 17 19
79 4
80 16 4 15
81 12 15
82 1 3 7 8 9 10 11 13 16 17 18 19 20
83 17 20 10 15
84 1 3 4 7 8 10 11 13 16 17 18 19 20
85 1 2 3 4 5 7 8 9 10 11 12 14 16 17 18 19
86 11
87 2 3 6 7 8 9 10 11 12 13 14 15 16 17 18 19 20
88 16 1 2 19 4 8 11
89 8
90 2 3 4 6 9 10 11 12 14 15 16 17 19 20
91 1 17 18 2 4 20 5 6 7 10 11 14
92 16 3
94 1 3 4 6 8 10 11 13 14 15 16 18 19 20
95 2 18 13
96 19 3 20 9 14 15
97 2 5 6 8 9 10 11 12 13 14 15 16 17 18 19
98 3 7
99 17 7 9 13
100 2 3 5 6 7 8 10 11 12 13 14 18 19 20
101 1 2 3 4 5 6 7 8 9 10 11 12 13 14 15 17 18 19 20
102 17 18 9 14
103 18 11
104 16 1 17 18 2 19 7 8 9 12
105 16 17 2 19 6 7 8 10 12 14
106 1 2 4 6 7 9 10 11 12 13 15 17 18 19 20
107 4 7 12 13
109 12
110 1 2 3 4 5 6 7 8 9 10 12 13 14 15 16 17 18 20
111 1 2 4 5 6 7 8 9 11 12 15 16 17 18 19 20
113 1 2 18 3 20 7 13 14
114 1 2 3 4 6 7 8 9 10 11 12 14 15 18 19
115 19 20 14
116 1 18 3 4 5 9 12 13 14
117 3 9 11 12
118 1 17 19 20 8 9 11 12 13
121 5 6
122 1 2 3 5 6 10 11 13 14 15 16 17 19
123 1 2 3 4 5 6 7 8 9 10 11 12 13 14 15 16 17 18 20
124 16 17 1 18 2 19 3 6 9 10 11 12
125 2 3 4 5 6 7 9 10 13 14 15 16 17 18 19 20
126 1 2 3 4 5 6 7 8 9 11 12 13 14 15 16 17 18 19 20
127 1 3 4 5 7 8 9 12 15 16 17 18 20
128 1 2 3 4 6 8 9 11 12 13 14 16 17 19 20
129 1 2 3 5 7 11 12 13 14 15 16 19 20
130 1 17 18 3 19 20 5 6 11 15
131 1 2 3 4 5 6 7 8 11 12 13 14 15 17 20
132 17 1 2 3 19 20 4 5 7 10 13
133 1 2 3 4 5 7 8 9 10 11 12 13 14 15 16 18 19 20
134 18 19 3 14
135 1 2 3 4 6 7 9 10 11 12 13 14 17 18 19 20
136 1 4 5 8 9 10 11 13 14 15 16 17 18 19
138 15
139 18 7 10
140 16 18 3 4 9 10 12 14
141 1 17 3 5 6 7 8 9 14 15
142 16 7
143 17 1 20 4 6 12 14
144 16 18 11
145 17 4 6 15
146 1 2 3 4 6 7 8 9 10 12 13 14 15 16 17 18 19 20
147 1 2 4 5 6 7 10 11 12 13 14 15 16 17 19 20
148 17 18 3 20 5 12
149 1 3 4 20 5 7 9 11 12 13 14
150 1 2 3 6 8 9 11 12 14 16 17 18 19 20
151 1 3 4 5 6 8 9 10 11 13 14 17 18 20
152 1 3 4 5 9 11
153 16 17 2 3 4 5 6 10 11 15
154 1 2 4 5 6 7 8 9 10 11 12 13 14 15 16 17 19 20
155 1 2 3 5 6 7 9 10 11 12 13 14 15 16 18 19
156 1 2 3 4 5 6 7 9 10 11 15 17 18 19
157 1 2 3 4 5 6 9 10 11 12 13 14 15 16 17 18 20
158 17 20
159 1 2 3 4 6 7 8 10 11 12 13 14 15 17 18 19 20
160 1 2 3 4 6 7 8 9 10 11 12 13 14 15 16 17 18 19
161 3 19 20 6 10
162 16 18 2 20 5 9 10 11 13 14 15
163 20 9 10
164 1 2 3 4 6 7 8 9 11 13 16 17 18 19 20
165 1 2 3 4 5 7 8 9 11 13 14 15 16 17 18 19 20
166 16 1 17 18 2 4 20 6 8 10 11 15
167 1 2 4 5 9 10 11 12 14 15 16 19 20
168 18 19 3 7 10 11 15
169 1 2 3 4 5 6 7 8 10 12 13 15 16 19 20
SIZE OF PROGRAMS (pID SIZE):
1 93.0
2 96.0
3 48.0
4 85.0
5 54.0
6 81.0
7 64.0
8 99.0
9 88.0
10 74.0
11 79.0
12 59.0
13 66.0
14 65.0
15 43.0
16 56.0
17 76.0
18 85.0
19 90.0
20 92.0
COST TO INSTALL SERVERS AND PROGRAMS ON NODES (COST_TO_INSTALL_SERVER COST_TO_INSTALL_pID1 ...):
0 5524.242424242425 2.8181818181818183 2.909090909090909 1.4545454545454546 2.5757575757575757 1.6363636363636365 2.4545454545454546 1.9393939393939394 3.0 2.6666666666666665 2.242424242424242 2.393939393939394 1.7878787878787878 2.0 1.9696969696969697 1.303030303030303 1.696969696969697 2.303030303030303 2.5757575757575757 2.727272727272727 2.787878787878788
1 170.41211948945053 2.8181818181818183 2.909090909090909 1.4545454545454546 2.5757575757575757 1.6363636363636365 2.4545454545454546 1.9393939393939394 3.0 2.6666666666666665 2.242424242424242 2.393939393939394 1.7878787878787878 2.0 1.9696969696969697 1.303030303030303 1.696969696969697 2.303030303030303 2.5757575757575757 2.727272727272727 2.787878787878788
2 340.57194736868405 2.8181818181818183 2.909090909090909 1.4545454545454546 2.5757575757575757 1.6363636363636365 2.4545454545454546 1.9393939393939394 3.0 2.6666666666666665 2.242424242424242 2.393939393939394 1.7878787878787878 2.0 1.9696969696969697 1.303030303030303 1.696969696969697 2.303030303030303 2.5757575757575757 2.727272727272727 2.787878787878788
3 414.6269578230127 2.8181818181818183 2.909090909090909 1.4545454545454546 2.5757575757575757 1.6363636363636365 2.4545454545454546 1.9393939393939394 3.0 2.6666666666666665 2.242424242424242 2.393939393939394 1.7878787878787878 2.0 1.9696969696969697 1.303030303030303 1.696969696969697 2.303030303030303 2.5757575757575757 2.727272727272727 2.787878787878788
4 92.43675446172054 2.8181818181818183 2.909090909090909 1.4545454545454546 2.5757575757575757 1.6363636363636365 2.4545454545454546 1.9393939393939394 3.0 2.6666666666666665 2.242424242424242 2.393939393939394 1.7878787878787878 2.0 1.9696969696969697 1.303030303030303 1.696969696969697 2.303030303030303 2.5757575757575757 2.727272727272727 2.787878787878788
5 47.5215379998293 2.8181818181818183 2.909090909090909 1.4545454545454546 2.5757575757575757 1.6363636363636365 2.4545454545454546 1.9393939393939394 3.0 2.6666666666666665 2.242424242424242 2.393939393939394 1.7878787878787878 2.0 1.9696969696969697 1.303030303030303 1.696969696969697 2.303030303030303 2.5757575757575757 2.727272727272727 2.787878787878788
6 407.9359156824739 1.878787878787879 1.9393939393939394 0.9696969696969697 1.7171717171717171 1.0909090909090908 1.6363636363636365 1.292929292929293 2.0 1.7777777777777777 1.494949494949495 1.595959595959596 1.1919191919191918 1.3333333333333333 1.3131313131313131 0.8686868686868687 1.1313131313131313 1.5353535353535352 1.7171717171717171 1.8181818181818181 1.8585858585858586
7 29.262226548580312 2.8181818181818183 2.909090909090909 1.4545454545454546 2.5757575757575757 1.6363636363636365 2.4545454545454546 1.9393939393939394 3.0 2.6666666666666665 2.242424242424242 2.393939393939394 1.7878787878787878 2.0 1.9696969696969697 1.303030303030303 1.696969696969697 2.303030303030303 2.5757575757575757 2.727272727272727 2.787878787878788
8 133.95675288781516 2.8181818181818183 2.909090909090909 1.4545454545454546 2.5757575757575757 1.6363636363636365 2.4545454545454546 1.9393939393939394 3.0 2.6666666666666665 2.242424242424242 2.393939393939394 1.7878787878787878 2.0 1.9696969696969697 1.303030303030303 1.696969696969697 2.303030303030303 2.5757575757575757 2.727272727272727 2.787878787878788
9 267.7628860476197 2.8181818181818183 2.909090909090909 1.4545454545454546 2.5757575757575757 1.6363636363636365 2.4545454545454546 1.9393939393939394 3.0 2.6666666666666665 2.242424242424242 2.393939393939394 1.7878787878787878 2.0 1.9696969696969697 1.303030303030303 1.696969696969697 2.303030303030303 2.5757575757575757 2.727272727272727 2.787878787878788
10 94.00134640175798 1.878787878787879 1.9393939393939394 0.9696969696969697 1.7171717171717171 1.0909090909090908 1.6363636363636365 1.292929292929293 2.0 1.7777777777777777 1.494949494949495 1.595959595959596 1.1919191919191918 1.3333333333333333 1.3131313131313131 0.8686868686868687 1.1313131313131313 1.5353535353535352 1.7171717171717171 1.8181818181818181 1.8585858585858586
11 177.1779738224796 1.878787878787879 1.9393939393939394 0.9696969696969697 1.7171717171717171 1.0909090909090908 1.6363636363636365 1.292929292929293 2.0 1.7777777777777777 1.494949494949495 1.595959595959596 1.1919191919191918 1.3333333333333333 1.3131313131313131 0.8686868686868687 1.1313131313131313 1.5353535353535352 1.7171717171717171 1.8181818181818181 1.8585858585858586
12 169.26414671335056 2.8181818181818183 2.909090909090909 1.4545454545454546 2.5757575757575757 1.6363636363636365 2.4545454545454546 1.9393939393939394 3.0 2.6666666666666665 2.242424242424242 2.393939393939394 1.7878787878787878 2.0 1.9696969696969697 1.303030303030303 1.696969696969697 2.303030303030303 2.5757575757575757 2.727272727272727 2.787878787878788
13 93.84890086276668 2.8181818181818183 2.909090909090909 1.4545454545454546 2.5757575757575757 1.6363636363636365 2.4545454545454546 1.9393939393939394 3.0 2.6666666666666665 2.242424242424242 2.393939393939394 1.7878787878787878 2.0 1.9696969696969697 1.303030303030303 1.696969696969697 2.303030303030303 2.5757575757575757 2.727272727272727 2.787878787878788
14 128.3238744241571 1.878787878787879 1.9393939393939394 0.9696969696969697 1.7171717171717171 1.0909090909090908 1.6363636363636365 1.292929292929293 2.0 1.7777777777777777 1.494949494949495 1.595959595959596 1.1919191919191918 1.3333333333333333 1.3131313131313131 0.8686868686868687 1.1313131313131313 1.5353535353535352 1.7171717171717171 1.8181818181818181 1.8585858585858586
15 274.0942040531303 2.8181818181818183 2.909090909090909 1.4545454545454546 2.5757575757575757 1.6363636363636365 2.4545454545454546 1.9393939393939394 3.0 2.6666666666666665 2.242424242424242 2.393939393939394 1.7878787878787878 2.0 1.9696969696969697 1.303030303030303 1.696969696969697 2.303030303030303 2.5757575757575757 2.727272727272727 2.787878787878788
16 69.53034513902328 1.878787878787879 1.9393939393939394 0.9696969696969697 1.7171717171717171 1.0909090909090908 1.6363636363636365 1.292929292929293 2.0 1.7777777777777777 1.494949494949495 1.595959595959596 1.1919191919191918 1.3333333333333333 1.3131313131313131 0.8686868686868687 1.1313131313131313 1.5353535353535352 1.7171717171717171 1.8181818181818181 1.8585858585858586
17 101.78834564974021 2.8181818181818183 2.909090909090909 1.4545454545454546 2.5757575757575757 1.6363636363636365 2.4545454545454546 1.9393939393939394 3.0 2.6666666666666665 2.242424242424242 2.393939393939394 1.7878787878787878 2.0 1.9696969696969697 1.303030303030303 1.696969696969697 2.303030303030303 2.5757575757575757 2.727272727272727 2.787878787878788
18 208.39070712080508 2.8181818181818183 2.909090909090909 1.4545454545454546 2.5757575757575757 1.6363636363636365 2.4545454545454546 1.9393939393939394 3.0 2.6666666666666665 2.242424242424242 2.393939393939394 1.7878787878787878 2.0 1.9696969696969697 1.303030303030303 1.696969696969697 2.303030303030303 2.5757575757575757 2.727272727272727 2.787878787878788
19 201.5326957746052 1.878787878787879 1.9393939393939394 0.9696969696969697 1.7171717171717171 1.0909090909090908 1.6363636363636365 1.292929292929293 2.0 1.7777777777777777 1.494949494949495 1.595959595959596 1.1919191919191918 1.3333333333333333 1.3131313131313131 0.8686868686868687 1.1313131313131313 1.5353535353535352 1.7171717171717171 1.8181818181818181 1.8585858585858586
20 63.99365140845463 1.878787878787879 1.9393939393939394 0.9696969696969697 1.7171717171717171 1.0909090909090908 1.6363636363636365 1.292929292929293 2.0 1.7777777777777777 1.494949494949495 1.595959595959596 1.1919191919191918 1.3333333333333333 1.3131313131313131 0.8686868686868687 1.1313131313131313 1.5353535353535352 1.7171717171717171 1.8181818181818181 1.8585858585858586
21 135.19534317839285 2.8181818181818183 2.909090909090909 1.4545454545454546 2.5757575757575757 1.6363636363636365 2.4545454545454546 1.9393939393939394 3.0 2.6666666666666665 2.242424242424242 2.393939393939394 1.7878787878787878 2.0 1.9696969696969697 1.303030303030303 1.696969696969697 2.303030303030303 2.5757575757575757 2.727272727272727 2.787878787878788
22 152.29728346604483 2.8181818181818183 2.909090909090909 1.4545454545454546 2.5757575757575757 1.6363636363636365 2.4545454545454546 1.9393939393939394 3.0 2.6666666666666665 2.242424242424242 2.393939393939394 1.7878787878787878 2.0 1.9696969696969697 1.303030303030303 1.696969696969697 2.303030303030303 2.5757575757575757 2.727272727272727 2.787878787878788
23 128.3726993590583 2.8181818181818183 2.909090909090909 1.4545454545454546 2.5757575757575757 1.6363636363636365 2.4545454545454546 1.9393939393939394 3.0 2.6666666666666665 2.242424242424242 2.393939393939394 1.7878787878787878 2.0 1.9696969696969697 1.303030303030303 1.696969696969697 2.303030303030303 2.5757575757575757 2.727272727272727 2.787878787878788
24 138.4991008336468 2.8181818181818183 2.909090909090909 1.4545454545454546 2.5757575757575757 1.6363636363636365 2.4545454545454546 1.9393939393939394 3.0 2.6666666666666665 2.242424242424242 2.393939393939394 1.7878787878787878 2.0 1.9696969696969697 1.303030303030303 1.696969696969697 2.303030303030303 2.5757575757575757 2.727272727272727 2.787878787878788
25 162.9892253048427 2.8181818181818183 2.909090909090909 1.4545454545454546 2.5757575757575757 1.6363636363636365 2.4545454545454546 1.9393939393939394 3.0 2.6666666666666665 2.242424242424242 2.393939393939394 1.7878787878787878 2.0 1.9696969696969697 1.303030303030303 1.696969696969697 2.303030303030303 2.5757575757575757 2.727272727272727 2.787878787878788
26 167.45747043262722 2.8181818181818183 2.909090909090909 1.4545454545454546 2.5757575757575757 1.6363636363636365 2.4545454545454546 1.9393939393939394 3.0 2.6666666666666665 2.242424242424242 2.393939393939394 1.7878787878787878 2.0 1.9696969696969697 1.303030303030303 1.696969696969697 2.303030303030303 2.5757575757575757 2.727272727272727 2.787878787878788
27 101.6239441221568 2.8181818181818183 2.909090909090909 1.4545454545454546 2.5757575757575757 1.6363636363636365 2.4545454545454546 1.9393939393939394 3.0 2.6666666666666665 2.242424242424242 2.393939393939394 1.7878787878787878 2.0 1.9696969696969697 1.303030303030303 1.696969696969697 2.303030303030303 2.5757575757575757 2.727272727272727 2.787878787878788
28 78.05811144902628 2.8181818181818183 2.909090909090909 1.4545454545454546 2.5757575757575757 1.6363636363636365 2.4545454545454546 1.9393939393939394 3.0 2.6666666666666665 2.242424242424242 2.393939393939394 1.7878787878787878 2.0 1.9696969696969697 1.303030303030303 1.696969696969697 2.303030303030303 2.5757575757575757 2.727272727272727 2.787878787878788
29 346.65872745580197 1.878787878787879 1.9393939393939394 0.9696969696969697 1.7171717171717171 1.0909090909090908 1.6363636363636365 1.292929292929293 2.0 1.7777777777777777 1.494949494949495 1.595959595959596 1.1919191919191918 1.3333333333333333 1.3131313131313131 0.8686868686868687 1.1313131313131313 1.5353535353535352 1.7171717171717171 1.8181818181818181 1.8585858585858586
30 85.69335591888768 1.878787878787879 1.9393939393939394 0.9696969696969697 1.7171717171717171 1.0909090909090908 1.6363636363636365 1.292929292929293 2.0 1.7777777777777777 1.494949494949495 1.595959595959596 1.1919191919191918 1.3333333333333333 1.3131313131313131 0.8686868686868687 1.1313131313131313 1.5353535353535352 1.7171717171717171 1.8181818181818181 1.8585858585858586
31 155.75062888876846 2.8181818181818183 2.909090909090909 1.4545454545454546 2.5757575757575757 1.6363636363636365 2.4545454545454546 1.9393939393939394 3.0 2.6666666666666665 2.242424242424242 2.393939393939394 1.7878787878787878 2.0 1.9696969696969697 1.303030303030303 1.696969696969697 2.303030303030303 2.5757575757575757 2.727272727272727 2.787878787878788
32 54.573326257274765 1.878787878787879 1.9393939393939394 0.9696969696969697 1.7171717171717171 1.0909090909090908 1.6363636363636365 1.292929292929293 2.0 1.7777777777777777 1.494949494949495 1.595959595959596 1.1919191919191918 1.3333333333333333 1.3131313131313131 0.8686868686868687 1.1313131313131313 1.5353535353535352 1.7171717171717171 1.8181818181818181 1.8585858585858586
33 53.91402430998618 1.878787878787879 1.9393939393939394 0.9696969696969697 1.7171717171717171 1.0909090909090908 1.6363636363636365 1.292929292929293 2.0 1.7777777777777777 1.494949494949495 1.595959595959596 1.1919191919191918 1.3333333333333333 1.3131313131313131 0.8686868686868687 1.1313131313131313 1.5353535353535352 1.7171717171717171 1.8181818181818181 1.8585858585858586
34 44.46940165136318 1.878787878787879 1.9393939393939394 0.9696969696969697 1.7171717171717171 1.0909090909090908 1.6363636363636365 1.292929292929293 2.0 1.7777777777777777 1.494949494949495 1.595959595959596 1.1919191919191918 1.3333333333333333 1.3131313131313131 0.8686868686868687 1.1313131313131313 1.5353535353535352 1.7171717171717171 1.8181818181818181 1.8585858585858586
35 65.23241364949533 1.878787878787879 1.9393939393939394 0.9696969696969697 1.7171717171717171 1.0909090909090908 1.6363636363636365 1.292929292929293 2.0 1.7777777777777777 1.494949494949495 1.595959595959596 1.1919191919191918 1.3333333333333333 1.3131313131313131 0.8686868686868687 1.1313131313131313 1.5353535353535352 1.7171717171717171 1.8181818181818181 1.8585858585858586
36 114.91518033804597 1.878787878787879 1.9393939393939394 0.9696969696969697 1.7171717171717171 1.0909090909090908 1.6363636363636365 1.292929292929293 2.0 1.7777777777777777 1.494949494949495 1.595959595959596 1.1919191919191918 1.3333333333333333 1.3131313131313131 0.8686868686868687 1.1313131313131313 1.5353535353535352 1.7171717171717171 1.8181818181818181 1.8585858585858586
37 200.04539020043654 2.8181818181818183 2.909090909090909 1.4545454545454546 2.5757575757575757 1.6363636363636365 2.4545454545454546 1.9393939393939394 3.0 2.6666666666666665 2.242424242424242 2.393939393939394 1.7878787878787878 2.0 1.9696969696969697 1.303030303030303 1.696969696969697 2.303030303030303 2.5757575757575757 2.727272727272727 2.787878787878788
38 69.29481510351559 2.8181818181818183 2.909090909090909 1.4545454545454546 2.5757575757575757 1.6363636363636365 2.4545454545454546 1.9393939393939394 3.0 2.6666666666666665 2.242424242424242 2.393939393939394 1.7878787878787878 2.0 1.9696969696969697 1.303030303030303 1.696969696969697 2.303030303030303 2.5757575757575757 2.727272727272727 2.787878787878788
39 304.56857645660165 2.8181818181818183 2.909090909090909 1.4545454545454546 2.5757575757575757 1.6363636363636365 2.4545454545454546 1.9393939393939394 3.0 2.6666666666666665 2.242424242424242 2.393939393939394 1.7878787878787878 2.0 1.9696969696969697 1.303030303030303 1.696969696969697 2.303030303030303 2.5757575757575757 2.727272727272727 2.787878787878788
40 102.97275776971591 2.8181818181818183 2.909090909090909 1.4545454545454546 2.5757575757575757 1.6363636363636365 2.4545454545454546 1.9393939393939394 3.0 2.6666666666666665 2.242424242424242 2.393939393939394 1.7878787878787878 2.0 1.9696969696969697 1.303030303030303 1.696969696969697 2.303030303030303 2.5757575757575757 2.727272727272727 2.787878787878788
41 99.57842326978218 1.878787878787879 1.9393939393939394 0.9696969696969697 1.7171717171717171 1.0909090909090908 1.6363636363636365 1.292929292929293 2.0 1.7777777777777777 1.494949494949495 1.595959595959596 1.1919191919191918 1.3333333333333333 1.3131313131313131 0.8686868686868687 1.1313131313131313 1.5353535353535352 1.7171717171717171 1.8181818181818181 1.8585858585858586
42 120.50513839913668 2.8181818181818183 2.909090909090909 1.4545454545454546 2.5757575757575757 1.6363636363636365 2.4545454545454546 1.9393939393939394 3.0 2.6666666666666665 2.242424242424242 2.393939393939394 1.7878787878787878 2.0 1.9696969696969697 1.303030303030303 1.696969696969697 2.303030303030303 2.5757575757575757 2.727272727272727 2.787878787878788
43 408.964471031965 1.878787878787879 1.9393939393939394 0.9696969696969697 1.7171717171717171 1.0909090909090908 1.6363636363636365 1.292929292929293 2.0 1.7777777777777777 1.494949494949495 1.595959595959596 1.1919191919191918 1.3333333333333333 1.3131313131313131 0.8686868686868687 1.1313131313131313 1.5353535353535352 1.7171717171717171 1.8181818181818181 1.8585858585858586
44 151.56529649518944 1.878787878787879 1.9393939393939394 0.9696969696969697 1.7171717171717171 1.0909090909090908 1.6363636363636365 1.292929292929293 2.0 1.7777777777777777 1.494949494949495 1.595959595959596 1.1919191919191918 1.3333333333333333 1.3131313131313131 0.8686868686868687 1.1313131313131313 1.5353535353535352 1.7171717171717171 1.8181818181818181 1.8585858585858586
45 123.07677448118618 2.8181818181818183 2.909090909090909 1.4545454545454546 2.5757575757575757 1.6363636363636365 2.4545454545454546 1.9393939393939394 3.0 2.6666666666666665 2.242424242424242 2.393939393939394 1.7878787878787878 2.0 1.9696969696969697 1.303030303030303 1.696969696969697 2.303030303030303 2.5757575757575757 2.727272727272727 2.787878787878788
46 66.16180441651399 2.8181818181818183 2.909090909090909 1.4545454545454546 2.5757575757575757 1.6363636363636365 2.4545454545454546 1.9393939393939394 3.0 2.6666666666666665 2.242424242424242 2.393939393939394 1.7878787878787878 2.0 1.9696969696969697 1.303030303030303 1.696969696969697 2.303030303030303 2.5757575757575757 2.727272727272727 2.787878787878788
47 151.58143388170595 2.8181818181818183 2.909090909090909 1.4545454545454546 2.5757575757575757 1.6363636363636365 2.4545454545454546 1.9393939393939394 3.0 2.6666666666666665 2.242424242424242 2.393939393939394 1.7878787878787878 2.0 1.9696969696969697 1.303030303030303 1.696969696969697 2.303030303030303 2.5757575757575757 2.727272727272727 2.787878787878788
48 75.55929294874113 2.8181818181818183 2.909090909090909 1.4545454545454546 2.5757575757575757 1.6363636363636365 2.4545454545454546 1.9393939393939394 3.0 2.6666666666666665 2.242424242424242 2.393939393939394 1.7878787878787878 2.0 1.9696969696969697 1.303030303030303 1.696969696969697 2.303030303030303 2.5757575757575757 2.727272727272727 2.787878787878788
49 134.17403955306963 1.878787878787879 1.9393939393939394 0.9696969696969697 1.7171717171717171 1.0909090909090908 1.6363636363636365 1.292929292929293 2.0 1.7777777777777777 1.494949494949495 1.595959595959596 1.1919191919191918 1.3333333333333333 1.3131313131313131 0.8686868686868687 1.1313131313131313 1.5353535353535352 1.7171717171717171 1.8181818181818181 1.8585858585858586
50 27.781218250410507 1.878787878787879 1.9393939393939394 0.9696969696969697 1.7171717171717171 1.0909090909090908 1.6363636363636365 1.292929292929293 2.0 1.7777777777777777 1.494949494949495 1.595959595959596 1.1919191919191918 1.3333333333333333 1.3131313131313131 0.8686868686868687 1.1313131313131313 1.5353535353535352 1.7171717171717171 1.8181818181818181 1.8585858585858586
51 115.89630888460806 1.878787878787879 1.9393939393939394 0.9696969696969697 1.7171717171717171 1.0909090909090908 1.6363636363636365 1.292929292929293 2.0 1.7777777777777777 1.494949494949495 1.595959595959596 1.1919191919191918 1.3333333333333333 1.3131313131313131 0.8686868686868687 1.1313131313131313 1.5353535353535352 1.7171717171717171 1.8181818181818181 1.8585858585858586
52 19.156105374375823 2.8181818181818183 2.909090909090909 1.4545454545454546 2.5757575757575757 1.6363636363636365 2.4545454545454546 1.9393939393939394 3.0 2.6666666666666665 2.242424242424242 2.393939393939394 1.7878787878787878 2.0 1.9696969696969697 1.303030303030303 1.696969696969697 2.303030303030303 2.5757575757575757 2.727272727272727 2.787878787878788
53 127.5601086536184 2.8181818181818183 2.909090909090909 1.4545454545454546 2.5757575757575757 1.6363636363636365 2.4545454545454546 1.9393939393939394 3.0 2.6666666666666665 2.242424242424242 2.393939393939394 1.7878787878787878 2.0 1.9696969696969697 1.303030303030303 1.696969696969697 2.303030303030303 2.5757575757575757 2.727272727272727 2.787878787878788
54 127.55613688122389 2.8181818181818183 2.909090909090909 1.4545454545454546 2.5757575757575757 1.6363636363636365 2.4545454545454546 1.9393939393939394 3.0 2.6666666666666665 2.242424242424242 2.393939393939394 1.7878787878787878 2.0 1.9696969696969697 1.303030303030303 1.696969696969697 2.303030303030303 2.5757575757575757 2.727272727272727 2.787878787878788
55 264.4166718836834 1.878787878787879 1.9393939393939394 0.9696969696969697 1.7171717171717171 1.0909090909090908 1.6363636363636365 1.292929292929293 2.0 1.7777777777777777 1.494949494949495 1.595959595959596 1.1919191919191918 1.3333333333333333 1.3131313131313131 0.8686868686868687 1.1313131313131313 1.5353535353535352 1.7171717171717171 1.8181818181818181 1.8585858585858586
56 850.0 2.8181818181818183 2.909090909090909 1.4545454545454546 2.5757575757575757 1.6363636363636365 2.4545454545454546 1.9393939393939394 3.0 2.6666666666666665 2.242424242424242 2.393939393939394 1.7878787878787878 2.0 1.9696969696969697 1.303030303030303 1.696969696969697 2.303030303030303 2.5757575757575757 2.727272727272727 2.787878787878788
57 197.04922268945816 1.878787878787879 1.9393939393939394 0.9696969696969697 1.7171717171717171 1.0909090909090908 1.6363636363636365 1.292929292929293 2.0 1.7777777777777777 1.494949494949495 1.595959595959596 1.1919191919191918 1.3333333333333333 1.3131313131313131 0.8686868686868687 1.1313131313131313 1.5353535353535352 1.7171717171717171 1.8181818181818181 1.8585858585858586
58 80.23256385759736 2.8181818181818183 2.909090909090909 1.4545454545454546 2.5757575757575757 1.6363636363636365 2.4545454545454546 1.9393939393939394 3.0 2.6666666666666665 2.242424242424242 2.393939393939394 1.7878787878787878 2.0 1.9696969696969697 1.303030303030303 1.696969696969697 2.303030303030303 2.5757575757575757 2.727272727272727 2.787878787878788
59 79.27953477890328 2.8181818181818183 2.909090909090909 1.4545454545454546 2.5757575757575757 1.6363636363636365 2.4545454545454546 1.9393939393939394 3.0 2.6666666666666665 2.242424242424242 2.393939393939394 1.7878787878787878 2.0 1.9696969696969697 1.303030303030303 1.696969696969697 2.303030303030303 2.5757575757575757 2.727272727272727 2.787878787878788
60 216.92736734691417 2.8181818181818183 2.909090909090909 1.4545454545454546 2.5757575757575757 1.6363636363636365 2.4545454545454546 1.9393939393939394 3.0 2.6666666666666665 2.242424242424242 2.393939393939394 1.7878787878787878 2.0 1.9696969696969697 1.303030303030303 1.696969696969697 2.303030303030303 2.5757575757575757 2.727272727272727 2.787878787878788
61 105.78255665458475 2.8181818181818183 2.909090909090909 1.4545454545454546 2.5757575757575757 1.6363636363636365 2.4545454545454546 1.9393939393939394 3.0 2.6666666666666665 2.242424242424242 2.393939393939394 1.7878787878787878 2.0 1.9696969696969697 1.303030303030303 1.696969696969697 2.303030303030303 2.5757575757575757 2.727272727272727 2.787878787878788
62 117.4023445538457 1.878787878787879 1.9393939393939394 0.9696969696969697 1.7171717171717171 1.0909090909090908 1.6363636363636365 1.292929292929293 2.0 1.7777777777777777 1.494949494949495 1.595959595959596 1.1919191919191918 1.3333333333333333 1.3131313131313131 0.8686868686868687 1.1313131313131313 1.5353535353535352 1.7171717171717171 1.8181818181818181 1.8585858585858586
63 78.12578651176878 1.878787878787879 1.9393939393939394 0.9696969696969697 1.7171717171717171 1.0909090909090908 1.6363636363636365 1.292929292929293 2.0 1.7777777777777777 1.494949494949495 1.595959595959596 1.1919191919191918 1.3333333333333333 1.3131313131313131 0.8686868686868687 1.1313131313131313 1.5353535353535352 1.7171717171717171 1.8181818181818181 1.8585858585858586
64 75.74566436307792 1.878787878787879 1.9393939393939394 0.9696969696969697 1.7171717171717171 1.0909090909090908 1.6363636363636365 1.292929292929293 2.0 1.7777777777777777 1.494949494949495 1.595959595959596 1.1919191919191918 1.3333333333333333 1.3131313131313131 0.8686868686868687 1.1313131313131313 1.5353535353535352 1.7171717171717171 1.8181818181818181 1.8585858585858586
65 263.0930993392084 1.878787878787879 1.9393939393939394 0.9696969696969697 1.7171717171717171 1.0909090909090908 1.6363636363636365 1.292929292929293 2.0 1.7777777777777777 1.494949494949495 1.595959595959596 1.1919191919191918 1.3333333333333333 1.3131313131313131 0.8686868686868687 1.1313131313131313 1.5353535353535352 1.7171717171717171 1.8181818181818181 1.8585858585858586
66 11.66695965067412 2.8181818181818183 2.909090909090909 1.4545454545454546 2.5757575757575757 1.6363636363636365 2.4545454545454546 1.9393939393939394 3.0 2.6666666666666665 2.242424242424242 2.393939393939394 1.7878787878787878 2.0 1.9696969696969697 1.303030303030303 1.696969696969697 2.303030303030303 2.5757575757575757 2.727272727272727 2.787878787878788
67 279.87766930792105 2.8181818181818183 2.909090909090909 1.4545454545454546 2.5757575757575757 1.6363636363636365 2.4545454545454546 1.9393939393939394 3.0 2.6666666666666665 2.242424242424242 2.393939393939394 1.7878787878787878 2.0 1.9696969696969697 1.303030303030303 1.696969696969697 2.303030303030303 2.5757575757575757 2.727272727272727 2.787878787878788
68 155.4119308118437 2.8181818181818183 2.909090909090909 1.4545454545454546 2.5757575757575757 1.6363636363636365 2.4545454545454546 1.9393939393939394 3.0 2.6666666666666665 2.242424242424242 2.393939393939394 1.7878787878787878 2.0 1.9696969696969697 1.303030303030303 1.696969696969697 2.303030303030303 2.5757575757575757 2.727272727272727 2.787878787878788
69 204.89728779811705 2.8181818181818183 2.909090909090909 1.4545454545454546 2.5757575757575757 1.6363636363636365 2.4545454545454546 1.9393939393939394 3.0 2.6666666666666665 2.242424242424242 2.393939393939394 1.7878787878787878 2.0 1.9696969696969697 1.303030303030303 1.696969696969697 2.303030303030303 2.5757575757575757 2.727272727272727 2.787878787878788
70 123.16947873070418 1.878787878787879 1.9393939393939394 0.9696969696969697 1.7171717171717171 1.0909090909090908 1.6363636363636365 1.292929292929293 2.0 1.7777777777777777 1.494949494949495 1.595959595959596 1.1919191919191918 1.3333333333333333 1.3131313131313131 0.8686868686868687 1.1313131313131313 1.5353535353535352 1.7171717171717171 1.8181818181818181 1.8585858585858586
71 242.29559441685237 1.878787878787879 1.9393939393939394 0.9696969696969697 1.7171717171717171 1.0909090909090908 1.6363636363636365 1.292929292929293 2.0 1.7777777777777777 1.494949494949495 1.595959595959596 1.1919191919191918 1.3333333333333333 1.3131313131313131 0.8686868686868687 1.1313131313131313 1.5353535353535352 1.7171717171717171 1.8181818181818181 1.8585858585858586
72 85.56184562399078 1.878787878787879 1.9393939393939394 0.9696969696969697 1.7171717171717171 1.0909090909090908 1.6363636363636365 1.292929292929293 2.0 1.7777777777777777 1.494949494949495 1.595959595959596 1.1919191919191918 1.3333333333333333 1.3131313131313131 0.8686868686868687 1.1313131313131313 1.5353535353535352 1.7171717171717171 1.8181818181818181 1.8585858585858586
73 217.1518633763321 2.8181818181818183 2.909090909090909 1.4545454545454546 2.5757575757575757 1.6363636363636365 2.4545454545454546 1.9393939393939394 3.0 2.6666666666666665 2.242424242424242 2.393939393939394 1.7878787878787878 2.0 1.9696969696969697 1.303030303030303 1.696969696969697 2.303030303030303 2.5757575757575757 2.727272727272727 2.787878787878788
74 296.1670695516741 2.8181818181818183 2.909090909090909 1.4545454545454546 2.5757575757575757 1.6363636363636365 2.4545454545454546 1.9393939393939394 3.0 2.6666666666666665 2.242424242424242 2.393939393939394 1.7878787878787878 2.0 1.9696969696969697 1.303030303030303 1.696969696969697 2.303030303030303 2.5757575757575757 2.727272727272727 2.787878787878788
75 107.1109237067804 2.8181818181818183 2.909090909090909 1.4545454545454546 2.5757575757575757 1.6363636363636365 2.4545454545454546 1.9393939393939394 3.0 2.6666666666666665 2.242424242424242 2.393939393939394 1.7878787878787878 2.0 1.9696969696969697 1.303030303030303 1.696969696969697 2.303030303030303 2.5757575757575757 2.727272727272727 2.787878787878788
76 143.05252967192152 2.8181818181818183 2.909090909090909 1.4545454545454546 2.5757575757575757 1.6363636363636365 2.4545454545454546 1.9393939393939394 3.0 2.6666666666666665 2.242424242424242 2.393939393939394 1.7878787878787878 2.0 1.9696969696969697 1.303030303030303 1.696969696969697 2.303030303030303 2.5757575757575757 2.727272727272727 2.787878787878788
77 40.90170742824371 1.878787878787879 1.9393939393939394 0.9696969696969697 1.7171717171717171 1.0909090909090908 1.6363636363636365 1.292929292929293 2.0 1.7777777777777777 1.494949494949495 1.595959595959596 1.1919191919191918 1.3333333333333333 1.3131313131313131 0.8686868686868687 1.1313131313131313 1.5353535353535352 1.7171717171717171 1.8181818181818181 1.8585858585858586
78 104.9107660805484 2.8181818181818183 2.909090909090909 1.4545454545454546 2.5757575757575757 1.6363636363636365 2.4545454545454546 1.9393939393939394 3.0 2.6666666666666665 2.242424242424242 2.393939393939394 1.7878787878787878 2.0 1.9696969696969697 1.303030303030303 1.696969696969697 2.303030303030303 2.5757575757575757 2.727272727272727 2.787878787878788
79 16.50764332129083 1.878787878787879 1.9393939393939394 0.9696969696969697 1.7171717171717171 1.0909090909090908 1.6363636363636365 1.292929292929293 2.0 1.7777777777777777 1.494949494949495 1.595959595959596 1.1919191919191918 1.3333333333333333 1.3131313131313131 0.8686868686868687 1.1313131313131313 1.5353535353535352 1.7171717171717171 1.8181818181818181 1.8585858585858586
80 22.232267190891392 2.8181818181818183 2.909090909090909 1.4545454545454546 2.5757575757575757 1.6363636363636365 2.4545454545454546 1.9393939393939394 3.0 2.6666666666666665 2.242424242424242 2.393939393939394 1.7878787878787878 2.0 1.9696969696969697 1.303030303030303 1.696969696969697 2.303030303030303 2.5757575757575757 2.727272727272727 2.787878787878788
81 148.60270242345678 1.878787878787879 1.9393939393939394 0.9696969696969697 1.7171717171717171 1.0909090909090908 1.6363636363636365 1.292929292929293 2.0 1.7777777777777777 1.494949494949495 1.595959595959596 1.1919191919191918 1.3333333333333333 1.3131313131313131 0.8686868686868687 1.1313131313131313 1.5353535353535352 1.7171717171717171 1.8181818181818181 1.8585858585858586
82 300.36157747059167 1.878787878787879 1.9393939393939394 0.9696969696969697 1.7171717171717171 1.0909090909090908 1.6363636363636365 1.292929292929293 2.0 1.7777777777777777 1.494949494949495 1.595959595959596 1.1919191919191918 1.3333333333333333 1.3131313131313131 0.8686868686868687 1.1313131313131313 1.5353535353535352 1.7171717171717171 1.8181818181818181 1.8585858585858586
83 31.013151986635613 2.8181818181818183 2.909090909090909 1.4545454545454546 2.5757575757575757 1.6363636363636365 2.4545454545454546 1.9393939393939394 3.0 2.6666666666666665 2.242424242424242 2.393939393939394 1.7878787878787878 2.0 1.9696969696969697 1.303030303030303 1.696969696969697 2.303030303030303 2.5757575757575757 2.727272727272727 2.787878787878788
84 282.38060399188737 2.8181818181818183 2.909090909090909 1.4545454545454546 2.5757575757575757 1.6363636363636365 2.4545454545454546 1.9393939393939394 3.0 2.6666666666666665 2.242424242424242 2.393939393939394 1.7878787878787878 2.0 1.9696969696969697 1.303030303030303 1.696969696969697 2.303030303030303 2.5757575757575757 2.727272727272727 2.787878787878788
85 84.47214860559876 2.8181818181818183 2.909090909090909 1.4545454545454546 2.5757575757575757 1.6363636363636365 2.4545454545454546 1.9393939393939394 3.0 2.6666666666666665 2.242424242424242 2.393939393939394 1.7878787878787878 2.0 1.9696969696969697 1.303030303030303 1.696969696969697 2.303030303030303 2.5757575757575757 2.727272727272727 2.787878787878788
86 21.369770611074642 2.8181818181818183 2.909090909090909 1.4545454545454546 2.5757575757575757 1.6363636363636365 2.4545454545454546 1.9393939393939394 3.0 2.6666666666666665 2.242424242424242 2.393939393939394 1.7878787878787878 2.0 1.9696969696969697 1.303030303030303 1.696969696969697 2.303030303030303 2.5757575757575757 2.727272727272727 2.787878787878788
87 360.4322592678208 2.8181818181818183 2.909090909090909 1.4545454545454546 2.5757575757575757 1.6363636363636365 2.4545454545454546 1.9393939393939394 3.0 2.6666666666666665 2.242424242424242 2.393939393939394 1.7878787878787878 2.0 1.9696969696969697 1.303030303030303 1.696969696969697 2.303030303030303 2.5757575757575757 2.727272727272727 2.787878787878788
88 206.90898477028097 1.878787878787879 1.9393939393939394 0.9696969696969697 1.7171717171717171 1.0909090909090908 1.6363636363636365 1.292929292929293 2.0 1.7777777777777777 1.494949494949495 1.595959595959596 1.1919191919191918 1.3333333333333333 1.3131313131313131 0.8686868686868687 1.1313131313131313 1.5353535353535352 1.7171717171717171 1.8181818181818181 1.8585858585858586
89 14.88533951973812 1.878787878787879 1.9393939393939394 0.9696969696969697 1.7171717171717171 1.0909090909090908 1.6363636363636365 1.292929292929293 2.0 1.7777777777777777 1.494949494949495 1.595959595959596 1.1919191919191918 1.3333333333333333 1.3131313131313131 0.8686868686868687 1.1313131313131313 1.5353535353535352 1.7171717171717171 1.8181818181818181 1.8585858585858586
90 170.73362400972175 1.878787878787879 1.9393939393939394 0.9696969696969697 1.7171717171717171 1.0909090909090908 1.6363636363636365 1.292929292929293 2.0 1.7777777777777777 1.494949494949495 1.595959595959596 1.1919191919191918 1.3333333333333333 1.3131313131313131 0.8686868686868687 1.1313131313131313 1.5353535353535352 1.7171717171717171 1.8181818181818181 1.8585858585858586
91 88.02211706946716 2.8181818181818183 2.909090909090909 1.4545454545454546 2.5757575757575757 1.6363636363636365 2.4545454545454546 1.9393939393939394 3.0 2.6666666666666665 2.242424242424242 2.393939393939394 1.7878787878787878 2.0 1.9696969696969697 1.303030303030303 1.696969696969697 2.303030303030303 2.5757575757575757 2.727272727272727 2.787878787878788
92 215.92377066909276 1.878787878787879 1.9393939393939394 0.9696969696969697 1.7171717171717171 1.0909090909090908 1.6363636363636365 1.292929292929293 2.0 1.7777777777777777 1.494949494949495 1.595959595959596 1.1919191919191918 1.3333333333333333 1.3131313131313131 0.8686868686868687 1.1313131313131313 1.5353535353535352 1.7171717171717171 1.8181818181818181 1.8585858585858586
93 219.9968488303782 2.8181818181818183 2.909090909090909 1.4545454545454546 2.5757575757575757 1.6363636363636365 2.4545454545454546 1.9393939393939394 3.0 2.6666666666666665 2.242424242424242 2.393939393939394 1.7878787878787878 2.0 1.9696969696969697 1.303030303030303 1.696969696969697 2.303030303030303 2.5757575757575757 2.727272727272727 2.787878787878788
94 293.7041904112889 1.878787878787879 1.9393939393939394 0.9696969696969697 1.7171717171717171 1.0909090909090908 1.6363636363636365 1.292929292929293 2.0 1.7777777777777777 1.494949494949495 1.595959595959596 1.1919191919191918 1.3333333333333333 1.3131313131313131 0.8686868686868687 1.1313131313131313 1.5353535353535352 1.7171717171717171 1.8181818181818181 1.8585858585858586
95 332.5112476772531 1.878787878787879 1.9393939393939394 0.9696969696969697 1.7171717171717171 1.0909090909090908 1.6363636363636365 1.292929292929293 2.0 1.7777777777777777 1.494949494949495 1.595959595959596 1.1919191919191918 1.3333333333333333 1.3131313131313131 0.8686868686868687 1.1313131313131313 1.5353535353535352 1.7171717171717171 1.8181818181818181 1.8585858585858586
96 149.46830602691884 2.8181818181818183 2.909090909090909 1.4545454545454546 2.5757575757575757 1.6363636363636365 2.4545454545454546 1.9393939393939394 3.0 2.6666666666666665 2.242424242424242 2.393939393939394 1.7878787878787878 2.0 1.9696969696969697 1.303030303030303 1.696969696969697 2.303030303030303 2.5757575757575757 2.727272727272727 2.787878787878788
97 100.74903756515903 1.878787878787879 1.9393939393939394 0.9696969696969697 1.7171717171717171 1.0909090909090908 1.6363636363636365 1.292929292929293 2.0 1.7777777777777777 1.494949494949495 1.595959595959596 1.1919191919191918 1.3333333333333333 1.3131313131313131 0.8686868686868687 1.1313131313131313 1.5353535353535352 1.7171717171717171 1.8181818181818181 1.8585858585858586
98 355.8212564764859 2.8181818181818183 2.909090909090909 1.4545454545454546 2.5757575757575757 1.6363636363636365 2.4545454545454546 1.9393939393939394 3.0 2.6666666666666665 2.242424242424242 2.393939393939394 1.7878787878787878 2.0 1.9696969696969697 1.303030303030303 1.696969696969697 2.303030303030303 2.5757575757575757 2.727272727272727 2.787878787878788
99 152.89742846510248 1.878787878787879 1.9393939393939394 0.9696969696969697 1.7171717171717171 1.0909090909090908 1.6363636363636365 1.292929292929293 2.0 1.7777777777777777 1.494949494949495 1.595959595959596 1.1919191919191918 1.3333333333333333 1.3131313131313131 0.8686868686868687 1.1313131313131313 1.5353535353535352 1.7171717171717171 1.8181818181818181 1.8585858585858586
100 246.95364544631673 1.878787878787879 1.9393939393939394 0.9696969696969697 1.7171717171717171 1.0909090909090908 1.6363636363636365 1.292929292929293 2.0 1.7777777777777777 1.494949494949495 1.595959595959596 1.1919191919191918 1.3333333333333333 1.3131313131313131 0.8686868686868687 1.1313131313131313 1.5353535353535352 1.7171717171717171 1.8181818181818181 1.8585858585858586
101 259.19950231570846 2.8181818181818183 2.909090909090909 1.4545454545454546 2.5757575757575757 1.6363636363636365 2.4545454545454546 1.9393939393939394 3.0 2.6666666666666665 2.242424242424242 2.393939393939394 1.7878787878787878 2.0 1.9696969696969697 1.303030303030303 1.696969696969697 2.303030303030303 2.5757575757575757 2.727272727272727 2.787878787878788
102 105.37227042161197 1.878787878787879 1.9393939393939394 0.9696969696969697 1.7171717171717171 1.0909090909090908 1.6363636363636365 1.292929292929293 2.0 1.7777777777777777 1.494949494949495 1.595959595959596 1.1919191919191918 1.3333333333333333 1.3131313131313131 0.8686868686868687 1.1313131313131313 1.5353535353535352 1.7171717171717171 1.8181818181818181 1.8585858585858586
103 18.935320085910586 1.878787878787879 1.9393939393939394 0.9696969696969697 1.7171717171717171 1.0909090909090908 1.6363636363636365 1.292929292929293 2.0 1.7777777777777777 1.494949494949495 1.595959595959596 1.1919191919191918 1.3333333333333333 1.3131313131313131 0.8686868686868687 1.1313131313131313 1.5353535353535352 1.7171717171717171 1.8181818181818181 1.8585858585858586
104 147.50433106254727 1.878787878787879 1.9393939393939394 0.9696969696969697 1.7171717171717171 1.0909090909090908 1.6363636363636365 1.292929292929293 2.0 1.7777777777777777 1.494949494949495 1.595959595959596 1.1919191919191918 1.3333333333333333 1.3131313131313131 0.8686868686868687 1.1313131313131313 1.5353535353535352 1.7171717171717171 1.8181818181818181 1.8585858585858586
105 84.88229847608537 1.878787878787879 1.9393939393939394 0.9696969696969697 1.7171717171717171 1.0909090909090908 1.6363636363636365 1.292929292929293 2.0 1.7777777777777777 1.494949494949495 1.595959595959596 1.1919191919191918 1.3333333333333333 1.3131313131313131 0.8686868686868687 1.1313131313131313 1.5353535353535352 1.7171717171717171 1.8181818181818181 1.8585858585858586
106 359.4340872086782 2.8181818181818183 2.909090909090909 1.4545454545454546 2.5757575757575757 1.6363636363636365 2.4545454545454546 1.9393939393939394 3.0 2.6666666666666665 2.242424242424242 2.393939393939394 1.7878787878787878 2.0 1.9696969696969697 1.303030303030303 1.696969696969697 2.303030303030303 2.5757575757575757 2.727272727272727 2.787878787878788
107 66.95976143400263 1.878787878787879 1.9393939393939394 0.9696969696969697 1.7171717171717171 1.0909090909090908 1.6363636363636365 1.292929292929293 2.0 1.7777777777777777 1.494949494949495 1.595959595959596 1.1919191919191918 1.3333333333333333 1.3131313131313131 0.8686868686868687 1.1313131313131313 1.5353535353535352 1.7171717171717171 1.8181818181818181 1.8585858585858586
108 762.0 2.8181818181818183 2.909090909090909 1.4545454545454546 2.5757575757575757 1.6363636363636365 2.4545454545454546 1.9393939393939394 3.0 2.6666666666666665 2.242424242424242 2.393939393939394 1.7878787878787878 2.0 1.9696969696969697 1.303030303030303 1.696969696969697 2.303030303030303 2.5757575757575757 2.727272727272727 2.787878787878788
109 171.4899113096519 1.878787878787879 1.9393939393939394 0.9696969696969697 1.7171717171717171 1.0909090909090908 1.6363636363636365 1.292929292929293 2.0 1.7777777777777777 1.494949494949495 1.595959595959596 1.1919191919191918 1.3333333333333333 1.3131313131313131 0.8686868686868687 1.1313131313131313 1.5353535353535352 1.7171717171717171 1.8181818181818181 1.8585858585858586
110 354.76370575397766 2.8181818181818183 2.909090909090909 1.4545454545454546 2.5757575757575757 1.6363636363636365 2.4545454545454546 1.9393939393939394 3.0 2.6666666666666665 2.242424242424242 2.393939393939394 1.7878787878787878 2.0 1.9696969696969697 1.303030303030303 1.696969696969697 2.303030303030303 2.5757575757575757 2.727272727272727 2.787878787878788
111 15.97144705549093 2.8181818181818183 2.909090909090909 1.4545454545454546 2.5757575757575757 1.6363636363636365 2.4545454545454546 1.9393939393939394 3.0 2.6666666666666665 2.242424242424242 2.393939393939394 1.7878787878787878 2.0 1.9696969696969697 1.303030303030303 1.696969696969697 2.303030303030303 2.5757575757575757 2.727272727272727 2.787878787878788
112 443.0 2.8181818181818183 2.909090909090909 1.4545454545454546 2.5757575757575757 1.6363636363636365 2.4545454545454546 1.9393939393939394 3.0 2.6666666666666665 2.242424242424242 2.393939393939394 1.7878787878787878 2.0 1.9696969696969697 1.303030303030303 1.696969696969697 2.303030303030303 2.5757575757575757 2.727272727272727 2.787878787878788
113 92.72408192817367 2.8181818181818183 2.909090909090909 1.4545454545454546 2.5757575757575757 1.6363636363636365 2.4545454545454546 1.9393939393939394 3.0 2.6666666666666665 2.242424242424242 2.393939393939394 1.7878787878787878 2.0 1.9696969696969697 1.303030303030303 1.696969696969697 2.303030303030303 2.5757575757575757 2.727272727272727 2.787878787878788
114 124.56572718779287 1.878787878787879 1.9393939393939394 0.9696969696969697 1.7171717171717171 1.0909090909090908 1.6363636363636365 1.292929292929293 2.0 1.7777777777777777 1.494949494949495 1.595959595959596 1.1919191919191918 1.3333333333333333 1.3131313131313131 0.8686868686868687 1.1313131313131313 1.5353535353535352 1.7171717171717171 1.8181818181818181 1.8585858585858586
115 45.47002072764538 2.8181818181818183 2.909090909090909 1.4545454545454546 2.5757575757575757 1.6363636363636365 2.4545454545454546 1.9393939393939394 3.0 2.6666666666666665 2.242424242424242 2.393939393939394 1.7878787878787878 2.0 1.9696969696969697 1.303030303030303 1.696969696969697 2.303030303030303 2.5757575757575757 2.727272727272727 2.787878787878788
116 186.02176559654612 1.878787878787879 1.9393939393939394 0.9696969696969697 1.7171717171717171 1.0909090909090908 1.6363636363636365 1.292929292929293 2.0 1.7777777777777777 1.494949494949495 1.595959595959596 1.1919191919191918 1.3333333333333333 1.3131313131313131 0.8686868686868687 1.1313131313131313 1.5353535353535352 1.7171717171717171 1.8181818181818181 1.8585858585858586
117 36.2886901993156 1.878787878787879 1.9393939393939394 0.9696969696969697 1.7171717171717171 1.0909090909090908 1.6363636363636365 1.292929292929293 2.0 1.7777777777777777 1.494949494949495 1.595959595959596 1.1919191919191918 1.3333333333333333 1.3131313131313131 0.8686868686868687 1.1313131313131313 1.5353535353535352 1.7171717171717171 1.8181818181818181 1.8585858585858586
118 85.60098118090977 1.878787878787879 1.9393939393939394 0.9696969696969697 1.7171717171717171 1.0909090909090908 1.6363636363636365 1.292929292929293 2.0 1.7777777777777777 1.494949494949495 1.595959595959596 1.1919191919191918 1.3333333333333333 1.3131313131313131 0.8686868686868687 1.1313131313131313 1.5353535353535352 1.7171717171717171 1.8181818181818181 1.8585858585858586
119 257.0 2.8181818181818183 2.909090909090909 1.4545454545454546 2.5757575757575757 1.6363636363636365 2.4545454545454546 1.9393939393939394 3.0 2.6666666666666665 2.242424242424242 2.393939393939394 1.7878787878787878 2.0 1.9696969696969697 1.303030303030303 1.696969696969697 2.303030303030303 2.5757575757575757 2.727272727272727 2.787878787878788
120 235.88121721397516 2.8181818181818183 2.909090909090909 1.4545454545454546 2.5757575757575757 1.6363636363636365 2.4545454545454546 1.9393939393939394 3.0 2.6666666666666665 2.242424242424242 2.393939393939394 1.7878787878787878 2.0 1.9696969696969697 1.303030303030303 1.696969696969697 2.303030303030303 2.5757575757575757 2.727272727272727 2.787878787878788
121 270.1030269290806 2.8181818181818183 2.909090909090909 1.4545454545454546 2.5757575757575757 1.6363636363636365 2.4545454545454546 1.9393939393939394 3.0 2.6666666666666665 2.242424242424242 2.393939393939394 1.7878787878787878 2.0 1.9696969696969697 1.303030303030303 1.696969696969697 2.303030303030303 2.5757575757575757 2.727272727272727 2.787878787878788
122 143.15748680252844 2.8181818181818183 2.909090909090909 1.4545454545454546 2.5757575757575757 1.6363636363636365 2.4545454545454546 1.9393939393939394 3.0 2.6666666666666665 2.242424242424242 2.393939393939394 1.7878787878787878 2.0 1.9696969696969697 1.303030303030303 1.696969696969697 2.303030303030303 2.5757575757575757 2.727272727272727 2.787878787878788
123 103.08259641152412 1.878787878787879 1.9393939393939394 0.9696969696969697 1.7171717171717171 1.0909090909090908 1.6363636363636365 1.292929292929293 2.0 1.7777777777777777 1.494949494949495 1.595959595959596 1.1919191919191918 1.3333333333333333 1.3131313131313131 0.8686868686868687 1.1313131313131313 1.5353535353535352 1.7171717171717171 1.8181818181818181 1.8585858585858586
124 316.0 2.8181818181818183 2.909090909090909 1.4545454545454546 2.5757575757575757 1.6363636363636365 2.4545454545454546 1.9393939393939394 3.0 2.6666666666666665 2.242424242424242 2.393939393939394 1.7878787878787878 2.0 1.9696969696969697 1.303030303030303 1.696969696969697 2.303030303030303 2.5757575757575757 2.727272727272727 2.787878787878788
125 171.7447980611434 1.878787878787879 1.9393939393939394 0.9696969696969697 1.7171717171717171 1.0909090909090908 1.6363636363636365 1.292929292929293 2.0 1.7777777777777777 1.494949494949495 1.595959595959596 1.1919191919191918 1.3333333333333333 1.3131313131313131 0.8686868686868687 1.1313131313131313 1.5353535353535352 1.7171717171717171 1.8181818181818181 1.8585858585858586
126 257.0029550201851 2.8181818181818183 2.909090909090909 1.4545454545454546 2.5757575757575757 1.6363636363636365 2.4545454545454546 1.9393939393939394 3.0 2.6666666666666665 2.242424242424242 2.393939393939394 1.7878787878787878 2.0 1.9696969696969697 1.303030303030303 1.696969696969697 2.303030303030303 2.5757575757575757 2.727272727272727 2.787878787878788
127 118.72304371386973 2.8181818181818183 2.909090909090909 1.4545454545454546 2.5757575757575757 1.6363636363636365 2.4545454545454546 1.9393939393939394 3.0 2.6666666666666665 2.242424242424242 2.393939393939394 1.7878787878787878 2.0 1.9696969696969697 1.303030303030303 1.696969696969697 2.303030303030303 2.5757575757575757 2.727272727272727 2.787878787878788
128 457.4412832094689 1.878787878787879 1.9393939393939394 0.9696969696969697 1.7171717171717171 1.0909090909090908 1.6363636363636365 1.292929292929293 2.0 1.7777777777777777 1.494949494949495 1.595959595959596 1.1919191919191918 1.3333333333333333 1.3131313131313131 0.8686868686868687 1.1313131313131313 1.5353535353535352 1.7171717171717171 1.8181818181818181 1.8585858585858586
129 139.18960052994964 1.878787878787879 1.9393939393939394 0.9696969696969697 1.7171717171717171 1.0909090909090908 1.6363636363636365 1.292929292929293 2.0 1.7777777777777777 1.494949494949495 1.595959595959596 1.1919191919191918 1.3333333333333333 1.3131313131313131 0.8686868686868687 1.1313131313131313 1.5353535353535352 1.7171717171717171 1.8181818181818181 1.8585858585858586
130 73.40637415540803 2.8181818181818183 2.909090909090909 1.4545454545454546 2.5757575757575757 1.6363636363636365 2.4545454545454546 1.9393939393939394 3.0 2.6666666666666665 2.242424242424242 2.393939393939394 1.7878787878787878 2.0 1.9696969696969697 1.303030303030303 1.696969696969697 2.303030303030303 2.5757575757575757 2.727272727272727 2.787878787878788
131 177.75223494834754 1.878787878787879 1.9393939393939394 0.9696969696969697 1.7171717171717171 1.0909090909090908 1.6363636363636365 1.292929292929293 2.0 1.7777777777777777 1.494949494949495 1.595959595959596 1.1919191919191918 1.3333333333333333 1.3131313131313131 0.8686868686868687 1.1313131313131313 1.5353535353535352 1.7171717171717171 1.8181818181818181 1.8585858585858586
132 209.1549796898189 1.878787878787879 1.9393939393939394 0.9696969696969697 1.7171717171717171 1.0909090909090908 1.6363636363636365 1.292929292929293 2.0 1.7777777777777777 1.494949494949495 1.595959595959596 1.1919191919191918 1.3333333333333333 1.3131313131313131 0.8686868686868687 1.1313131313131313 1.5353535353535352 1.7171717171717171 1.8181818181818181 1.8585858585858586
133 299.34824183442765 2.8181818181818183 2.909090909090909 1.4545454545454546 2.5757575757575757 1.6363636363636365 2.4545454545454546 1.9393939393939394 3.0 2.6666666666666665 2.242424242424242 2.393939393939394 1.7878787878787878 2.0 1.9696969696969697 1.303030303030303 1.696969696969697 2.303030303030303 2.5757575757575757 2.727272727272727 2.787878787878788
134 450.5758910325898 2.8181818181818183 2.909090909090909 1.4545454545454546 2.5757575757575757 1.6363636363636365 2.4545454545454546 1.9393939393939394 3.0 2.6666666666666665 2.242424242424242 2.393939393939394 1.7878787878787878 2.0 1.9696969696969697 1.303030303030303 1.696969696969697 2.303030303030303 2.5757575757575757 2.727272727272727 2.787878787878788
135 337.3587819346536 2.8181818181818183 2.909090909090909 1.4545454545454546 2.5757575757575757 1.6363636363636365 2.4545454545454546 1.9393939393939394 3.0 2.6666666666666665 2.242424242424242 2.393939393939394 1.7878787878787878 2.0 1.9696969696969697 1.303030303030303 1.696969696969697 2.303030303030303 2.5757575757575757 2.727272727272727 2.787878787878788
136 280.3554136840412 2.8181818181818183 2.909090909090909 1.4545454545454546 2.5757575757575757 1.6363636363636365 2.4545454545454546 1.9393939393939394 3.0 2.6666666666666665 2.242424242424242 2.393939393939394 1.7878787878787878 2.0 1.9696969696969697 1.303030303030303 1.696969696969697 2.303030303030303 2.5757575757575757 2.727272727272727 2.787878787878788
137 858.0 2.8181818181818183 2.909090909090909 1.4545454545454546 2.5757575757575757 1.6363636363636365 2.4545454545454546 1.9393939393939394 3.0 2.6666666666666665 2.242424242424242 2.393939393939394 1.7878787878787878 2.0 1.9696969696969697 1.303030303030303 1.696969696969697 2.303030303030303 2.5757575757575757 2.727272727272727 2.787878787878788
138 26.844548808662257 1.878787878787879 1.9393939393939394 0.9696969696969697 1.7171717171717171 1.0909090909090908 1.6363636363636365 1.292929292929293 2.0 1.7777777777777777 1.494949494949495 1.595959595959596 1.1919191919191918 1.3333333333333333 1.3131313131313131 0.8686868686868687 1.1313131313131313 1.5353535353535352 1.7171717171717171 1.8181818181818181 1.8585858585858586
139 33.75390496975949 2.8181818181818183 2.909090909090909 1.4545454545454546 2.5757575757575757 1.6363636363636365 2.4545454545454546 1.9393939393939394 3.0 2.6666666666666665 2.242424242424242 2.393939393939394 1.7878787878787878 2.0 1.9696969696969697 1.303030303030303 1.696969696969697 2.303030303030303 2.5757575757575757 2.727272727272727 2.787878787878788
140 92.49824320918911 2.8181818181818183 2.909090909090909 1.4545454545454546 2.5757575757575757 1.6363636363636365 2.4545454545454546 1.9393939393939394 3.0 2.6666666666666665 2.242424242424242 2.393939393939394 1.7878787878787878 2.0 1.9696969696969697 1.303030303030303 1.696969696969697 2.303030303030303 2.5757575757575757 2.727272727272727 2.787878787878788
141 172.80179115692033 2.8181818181818183 2.909090909090909 1.4545454545454546 2.5757575757575757 1.6363636363636365 2.4545454545454546 1.9393939393939394 3.0 2.6666666666666665 2.242424242424242 2.393939393939394 1.7878787878787878 2.0 1.9696969696969697 1.303030303030303 1.696969696969697 2.303030303030303 2.5757575757575757 2.727272727272727 2.787878787878788
142 26.186912236652883 2.8181818181818183 2.909090909090909 1.4545454545454546 2.5757575757575757 1.6363636363636365 2.4545454545454546 1.9393939393939394 3.0 2.6666666666666665 2.242424242424242 2.393939393939394 1.7878787878787878 2.0 1.9696969696969697 1.303030303030303 1.696969696969697 2.303030303030303 2.5757575757575757 2.727272727272727 2.787878787878788
143 77.29609412967471 1.878787878787879 1.9393939393939394 0.9696969696969697 1.7171717171717171 1.0909090909090908 1.6363636363636365 1.292929292929293 2.0 1.7777777777777777 1.494949494949495 1.595959595959596 1.1919191919191918 1.3333333333333333 1.3131313131313131 0.8686868686868687 1.1313131313131313 1.5353535353535352 1.7171717171717171 1.8181818181818181 1.8585858585858586
144 57.90582937419208 1.878787878787879 1.9393939393939394 0.9696969696969697 1.7171717171717171 1.0909090909090908 1.6363636363636365 1.292929292929293 2.0 1.7777777777777777 1.494949494949495 1.595959595959596 1.1919191919191918 1.3333333333333333 1.3131313131313131 0.8686868686868687 1.1313131313131313 1.5353535353535352 1.7171717171717171 1.8181818181818181 1.8585858585858586
145 41.29507465627593 1.878787878787879 1.9393939393939394 0.9696969696969697 1.7171717171717171 1.0909090909090908 1.6363636363636365 1.292929292929293 2.0 1.7777777777777777 1.494949494949495 1.595959595959596 1.1919191919191918 1.3333333333333333 1.3131313131313131 0.8686868686868687 1.1313131313131313 1.5353535353535352 1.7171717171717171 1.8181818181818181 1.8585858585858586
146 116.69181879652173 2.8181818181818183 2.909090909090909 1.4545454545454546 2.5757575757575757 1.6363636363636365 2.4545454545454546 1.9393939393939394 3.0 2.6666666666666665 2.242424242424242 2.393939393939394 1.7878787878787878 2.0 1.9696969696969697 1.303030303030303 1.696969696969697 2.303030303030303 2.5757575757575757 2.727272727272727 2.787878787878788
147 273.302743264171 1.878787878787879 1.9393939393939394 0.9696969696969697 1.7171717171717171 1.0909090909090908 1.6363636363636365 1.292929292929293 2.0 1.7777777777777777 1.494949494949495 1.595959595959596 1.1919191919191918 1.3333333333333333 1.3131313131313131 0.8686868686868687 1.1313131313131313 1.5353535353535352 1.7171717171717171 1.8181818181818181 1.8585858585858586
148 151.11043701154398 1.878787878787879 1.9393939393939394 0.9696969696969697 1.7171717171717171 1.0909090909090908 1.6363636363636365 1.292929292929293 2.0 1.7777777777777777 1.494949494949495 1.595959595959596 1.1919191919191918 1.3333333333333333 1.3131313131313131 0.8686868686868687 1.1313131313131313 1.5353535353535352 1.7171717171717171 1.8181818181818181 1.8585858585858586
149 56.21575236169547 2.8181818181818183 2.909090909090909 1.4545454545454546 2.5757575757575757 1.6363636363636365 2.4545454545454546 1.9393939393939394 3.0 2.6666666666666665 2.242424242424242 2.393939393939394 1.7878787878787878 2.0 1.9696969696969697 1.303030303030303 1.696969696969697 2.303030303030303 2.5757575757575757 2.727272727272727 2.787878787878788
150 226.24642813585942 2.8181818181818183 2.909090909090909 1.4545454545454546 2.5757575757575757 1.6363636363636365 2.4545454545454546 1.9393939393939394 3.0 2.6666666666666665 2.242424242424242 2.393939393939394 1.7878787878787878 2.0 1.9696969696969697 1.303030303030303 1.696969696969697 2.303030303030303 2.5757575757575757 2.727272727272727 2.787878787878788
151 208.2004877540643 1.878787878787879 1.9393939393939394 0.9696969696969697 1.7171717171717171 1.0909090909090908 1.6363636363636365 1.292929292929293 2.0 1.7777777777777777 1.494949494949495 1.595959595959596 1.1919191919191918 1.3333333333333333 1.3131313131313131 0.8686868686868687 1.1313131313131313 1.5353535353535352 1.7171717171717171 1.8181818181818181 1.8585858585858586
152 105.97225490944304 2.8181818181818183 2.909090909090909 1.4545454545454546 2.5757575757575757 1.6363636363636365 2.4545454545454546 1.9393939393939394 3.0 2.6666666666666665 2.242424242424242 2.393939393939394 1.7878787878787878 2.0 1.9696969696969697 1.303030303030303 1.696969696969697 2.303030303030303 2.5757575757575757 2.727272727272727 2.787878787878788
153 227.3261755888601 2.8181818181818183 2.909090909090909 1.4545454545454546 2.5757575757575757 1.6363636363636365 2.4545454545454546 1.9393939393939394 3.0 2.6666666666666665 2.242424242424242 2.393939393939394 1.7878787878787878 2.0 1.9696969696969697 1.303030303030303 1.696969696969697 2.303030303030303 2.5757575757575757 2.727272727272727 2.787878787878788
154 265.40657111406597 1.878787878787879 1.9393939393939394 0.9696969696969697 1.7171717171717171 1.0909090909090908 1.6363636363636365 1.292929292929293 2.0 1.7777777777777777 1.494949494949495 1.595959595959596 1.1919191919191918 1.3333333333333333 1.3131313131313131 0.8686868686868687 1.1313131313131313 1.5353535353535352 1.7171717171717171 1.8181818181818181 1.8585858585858586
155 388.285554817774 1.878787878787879 1.9393939393939394 0.9696969696969697 1.7171717171717171 1.0909090909090908 1.6363636363636365 1.292929292929293 2.0 1.7777777777777777 1.494949494949495 1.595959595959596 1.1919191919191918 1.3333333333333333 1.3131313131313131 0.8686868686868687 1.1313131313131313 1.5353535353535352 1.7171717171717171 1.8181818181818181 1.8585858585858586
156 106.99777301797836 1.878787878787879 1.9393939393939394 0.9696969696969697 1.7171717171717171 1.0909090909090908 1.6363636363636365 1.292929292929293 2.0 1.7777777777777777 1.494949494949495 1.595959595959596 1.1919191919191918 1.3333333333333333 1.3131313131313131 0.8686868686868687 1.1313131313131313 1.5353535353535352 1.7171717171717171 1.8181818181818181 1.8585858585858586
157 194.01794019876857 2.8181818181818183 2.909090909090909 1.4545454545454546 2.5757575757575757 1.6363636363636365 2.4545454545454546 1.9393939393939394 3.0 2.6666666666666665 2.242424242424242 2.393939393939394 1.7878787878787878 2.0 1.9696969696969697 1.303030303030303 1.696969696969697 2.303030303030303 2.5757575757575757 2.727272727272727 2.787878787878788
158 16.72379457217554 2.8181818181818183 2.909090909090909 1.4545454545454546 2.5757575757575757 1.6363636363636365 2.4545454545454546 1.9393939393939394 3.0 2.6666666666666665 2.242424242424242 2.393939393939394 1.7878787878787878 2.0 1.9696969696969697 1.303030303030303 1.696969696969697 2.303030303030303 2.5757575757575757 2.727272727272727 2.787878787878788
159 92.22079349421149 1.878787878787879 1.9393939393939394 0.9696969696969697 1.7171717171717171 1.0909090909090908 1.6363636363636365 1.292929292929293 2.0 1.7777777777777777 1.494949494949495 1.595959595959596 1.1919191919191918 1.3333333333333333 1.3131313131313131 0.8686868686868687 1.1313131313131313 1.5353535353535352 1.7171717171717171 1.8181818181818181 1.8585858585858586
160 431.40035827547774 2.8181818181818183 2.909090909090909 1.4545454545454546 2.5757575757575757 1.6363636363636365 2.4545454545454546 1.9393939393939394 3.0 2.6666666666666665 2.242424242424242 2.393939393939394 1.7878787878787878 2.0 1.9696969696969697 1.303030303030303 1.696969696969697 2.303030303030303 2.5757575757575757 2.727272727272727 2.787878787878788
161 115.14265768555165 1.878787878787879 1.9393939393939394 0.9696969696969697 1.7171717171717171 1.0909090909090908 1.6363636363636365 1.292929292929293 2.0 1.7777777777777777 1.494949494949495 1.595959595959596 1.1919191919191918 1.3333333333333333 1.3131313131313131 0.8686868686868687 1.1313131313131313 1.5353535353535352 1.7171717171717171 1.8181818181818181 1.8585858585858586
162 190.44980244767527 1.878787878787879 1.9393939393939394 0.9696969696969697 1.7171717171717171 1.0909090909090908 1.6363636363636365 1.292929292929293 2.0 1.7777777777777777 1.494949494949495 1.595959595959596 1.1919191919191918 1.3333333333333333 1.3131313131313131 0.8686868686868687 1.1313131313131313 1.5353535353535352 1.7171717171717171 1.8181818181818181 1.8585858585858586
163 41.85040044379618 2.8181818181818183 2.909090909090909 1.4545454545454546 2.5757575757575757 1.6363636363636365 2.4545454545454546 1.9393939393939394 3.0 2.6666666666666665 2.242424242424242 2.393939393939394 1.7878787878787878 2.0 1.9696969696969697 1.303030303030303 1.696969696969697 2.303030303030303 2.5757575757575757 2.727272727272727 2.787878787878788
164 258.2758321977367 1.878787878787879 1.9393939393939394 0.9696969696969697 1.7171717171717171 1.0909090909090908 1.6363636363636365 1.292929292929293 2.0 1.7777777777777777 1.494949494949495 1.595959595959596 1.1919191919191918 1.3333333333333333 1.3131313131313131 0.8686868686868687 1.1313131313131313 1.5353535353535352 1.7171717171717171 1.8181818181818181 1.8585858585858586
165 112.71003332918943 2.8181818181818183 2.909090909090909 1.4545454545454546 2.5757575757575757 1.6363636363636365 2.4545454545454546 1.9393939393939394 3.0 2.6666666666666665 2.242424242424242 2.393939393939394 1.7878787878787878 2.0 1.9696969696969697 1.303030303030303 1.696969696969697 2.303030303030303 2.5757575757575757 2.727272727272727 2.787878787878788
166 468.2318387221467 2.8181818181818183 2.909090909090909 1.4545454545454546 2.5757575757575757 1.6363636363636365 2.4545454545454546 1.9393939393939394 3.0 2.6666666666666665 2.242424242424242 2.393939393939394 1.7878787878787878 2.0 1.9696969696969697 1.303030303030303 1.696969696969697 2.303030303030303 2.5757575757575757 2.727272727272727 2.787878787878788
167 53.43654071906634 2.8181818181818183 2.909090909090909 1.4545454545454546 2.5757575757575757 1.6363636363636365 2.4545454545454546 1.9393939393939394 3.0 2.6666666666666665 2.242424242424242 2.393939393939394 1.7878787878787878 2.0 1.9696969696969697 1.303030303030303 1.696969696969697 2.303030303030303 2.5757575757575757 2.727272727272727 2.787878787878788
168 205.19664049566717 2.8181818181818183 2.909090909090909 1.4545454545454546 2.5757575757575757 1.6363636363636365 2.4545454545454546 1.9393939393939394 3.0 2.6666666666666665 2.242424242424242 2.393939393939394 1.7878787878787878 2.0 1.9696969696969697 1.303030303030303 1.696969696969697 2.303030303030303 2.5757575757575757 2.727272727272727 2.787878787878788
169 96.6889712085922 1.878787878787879 1.9393939393939394 0.9696969696969697 1.7171717171717171 1.0909090909090908 1.6363636363636365 1.292929292929293 2.0 1.7777777777777777 1.494949494949495 1.595959595959596 1.1919191919191918 1.3333333333333333 1.3131313131313131 0.8686868686868687 1.1313131313131313 1.5353535353535352 1.7171717171717171 1.8181818181818181 1.8585858585858586
