100 40
TREE NETWORK (nID nID Weight):
45 0 56
78 0 54
18 45 52
12 45 41
33 12 56
80 0 41
67 80 46
74 0 40
6 18 58
89 78 38
53 12 30
20 67 44
39 80 44
69 18 54
3 45 46
49 6 58
23 20 35
71 23 47
95 89 59
62 69 34
88 69 45
9 3 42
61 49 52
2 62 39
30 9 40
90 30 43
72 33 57
77 62 46
96 12 51
60 53 35
50 9 58
35 45 54
81 74 43
83 69 44
55 23 35
76 88 31
24 80 38
94 20 31
4 94 42
87 50 37
70 23 37
40 60 40
22 3 49
73 62 38
59 40 55
85 70 41
13 61 31
7 96 48
5 39 37
93 85 32
47 4 37
26 89 43
48 88 35
86 45 57
98 81 30
58 96 41
99 5 42
66 35 58
79 35 57
46 90 48
65 71 55
43 70 41
15 9 30
29 83 40
14 70 33
92 93 38
8 79 44
36 62 40
41 71 37
57 48 39
1 60 41
75 18 33
25 46 39
63 14 49
52 89 54
11 92 42
34 39 34
38 57 46
56 60 37
51 61 33
64 75 38
31 76 30
84 88 51
97 18 49
44 66 46
32 50 50
21 84 40
27 1 44
54 84 37
19 69 32
10 70 30
17 52 31
91 70 57
68 98 45
82 83 57
42 7 58
37 33 58
16 42 53
28 74 40
PROGRAMS ASSIGNED TO NODES (nID pID1 pID2 ...):
0 1 2 3 4 5 6 7 8 9 10 11 12 13 14 15 16 17 18 19 20 21 22 23 24 25 26 27 28 29 30 31 32 33 34 35 36 37 38 39 40
1 1 2 3 4 5 6 7 8 9 10 11 12 13 14 15 17 18 19 20 21 22 23 24 25 26 27 28 29 30 31 32 33 34 35 36 37 38 39 40
2 32 1 3 20 5 6 7 9 25 26 27
3 4 38 8 10 12 17 18 19 20 21 22 23 25 26
4 21
5 17 2 35 20 7 10 11 12 29 15
6 32 1 35 4 38 40 15 16 17 18 22 23 24 29 31
7 1 2 3 5 6 7 8 10 13 14 15 17 19 20 21 22 23 24 25 27 28 29 31 32 33 35 36 37 38 40
8 33 34 36 37 6 39 40 8 12 14 15 16 17 18 20 21 22 23 24 27 31
9 33 1 18 10 13 15
10 32 16 2
11 32 33 1 34 3 35 4 37 38 39 8 13 16 20 21 22 23 25 28 31
12 1 2 3 4 5 6 7 9 10 11 12 13 14 15 16 17 18 19 20 22 23 24 27 28 29 30 31 32 34 36 38 39 40
13 33 2 3 35 4 36 37 5 38 39 8 40 9 11 17 18 19 20 21 22 29
14 33 2 34 35 36 38 40 11 13 14 15 17 19 20 21 22 23 26 29
15 16 17 20 37 21 6 22 9 31
16 2 3 36 39 7 23 24 12
17 32 2 4 39 8 24 25 11 28
18 32 17 4 23 24 28
19 1 2 3 4 7 8 9 11 12 13 14 15 16 17 22 23 25 26 28 29 30 31 32 33 36 39 40
20 3 4 5 6 8 9 10 11 13 14 16 17 18 19 20 22 23 24 25 26 27 28 29 30 31 32 33 34 35 36 38 39 40
21 2 3 5 6 7 9 10 11 12 13 14 15 16 17 18 19 22 24 25 26 28 31 32 33 36 37 39 40
22 1 2 3 4 5 7 8 10 12 14 17 18 19 21 23 24 25 27 28 29 30 31 33 34 35 36 37 38 39 40
23 16 18 23 7 28 12 29
24 33 2 34 35 36 4 11 13 14 15 19 27 28 29
25 1 2 3 4 5 6 7 8 9 10 11 12 13 14 15 16 17 18 19 20 21 22 23 24 25 26 27 28 29 30 31 32 34 35 36 37 38 39 40
26 34 27
27 16 32 17 2 21 6 7 9 10 27 11
28 37 40 25
29 1 3 4 5 7 8 10 11 12 13 14 15 16 17 18 19 20 21 25 27 28 31 35 36 37 39
30 2 3 5 6 7 8 9 10 11 14 15 16 18 19 20 21 23 24 25 26 27 28 30 31 32 33 34 35 36 38 40
31 2 35 3 4 5 7 9 16 17 18 21 22 25 30
32 1 2 3 4 5 6 7 8 9 10 11 12 13 14 15 16 17 18 19 20 21 22 23 24 25 26 27 28 29 30 31 32 33 34 35 36 37 38 40
33 1 2 35 4 36 38 6 40 11 13 17 18 19 20 22 23 25 28 29 31
34 32 2 37 38 40 9 13 15 16 20 21 24 30
35 1 2 3 4 5 6 7 8 9 10 11 12 13 14 15 16 17 18 19 21 22 23 24 25 26 27 28 29 30 31 32 33 34 35 36 37 38 39 40
36 1 4 5 7 8 9 10 13 14 17 18 19 20 24 26 27 28 30 31 32 33 34 35 39 40
38 2 3 4 8 9 10 11 13 14 15 17 18 19 20 22 24 25 26 27 28 29 31 32 33 34 35 36 37 38 39 40
39 16 18 19 35 22 39 28 29
40 21 22 27 29
41 3 19 4 6
42 16 34 30
43 28
44 1 2 3 4 5 6 7 8 9 10 11 12 13 14 15 16 17 18 19 20 21 22 23 24 25 26 27 28 29 30 31 32 33 34 35 36 38 39 40
45 34 21 37 40 26
46 39
47 1 2 4 5 6 7 8 9 10 12 13 14 15 16 17 18 19 20 21 22 23 24 25 27 28 29 30 31 32 33 34 35 36 37 38 39
48 22
49 32 33 3 35 8 9 13 15 17 19 20 27 28
50 2 5 7 8 9 11 12 13 15 16 17 18 20 21 22 23 24 25 26 29 30 31 35 37 38
51 1 34 3 37 5 6 39 8 40 13 14 15 19 20 21 22 23 25 27 28
52 2 35 36 38 7 23
53 33 17 34 36 8
54 33 2 36 4 37 6 38 7 9 10 11 13 14 16 17 18 19 20 21 23 25 26 27 30
55 32 34 3 36 4 5 7 8 10 11 14 15 22 23 24 25 27 30 31
56 32 1 33 19 20 37 11 12
57 10 15
58 2 18 20 6 8 10 26 13
59 32 33 1 3 36 37 5 38 6 11 13 14 16 19 22 23 24 25 26 29 30
60 1 36 38 7 8 11 12 30 14 31
61 1 2 4 5 7 11 12 13 14 16 19 20 22 24 25 26 28 29 30 31 32 33 35 36 37 40
62 2 3 4 6 7 8 9 10 12 13 14 16 17 20 21 23 24 25 26 27 28 29 30 31 32 33 34 35 36 37 38 39 40
63 1 2 4 5 6 7 8 9 10 11 12 13 14 15 16 17 18 19 20 21 22 23 24 25 26 27 28 29 30 31 32 33 34 35 36 37 38 39 40
64 33 18 36 5 10 31
65 1 4 5 6 7 8 9 11 12 13 14 16 17 18 21 23 24 25 27 29 30 31 32 33 34 35 36 37 38 39
66 34 3 21 6 23 8 24 40 30 15
67 32 2 20 4 38 22 26 27 28 13 31
68 33 34 2 35 3 36 5 37 6 39 40 8 10 12 14 16 17 20 23 26 28 29 30 31
69 32 34 2 3 4 6 38 7 40 9 10 11 14 16 17 20 23 25 26 29 30 31
70 1 2 3 5 7 10 11 12 13 14 16 17 18 19 21 22 23 24 25 28 29 30 31 33 34 35 36 37 38 40
71 34 35 4 37 5 11 12 13 19 24 25 26 28 30
72 2 3 4 5 6 8 9 11 12 13 14 15 16 17 18 20 21 24 27 29 30 31 33 34 35 36 37 38 39
73 1 34 35 37 6 38 7 39 40 8 10 16 19 20 21 22 24 26 27 28 30
74 21 7
75 1 2 3 4 5 6 7 8 9 10 11 12 13 15 16 17 18 19 20 21 22 23 24 25 26 27 28 30 31 32 33 34 35 36 37 38 39 40
76 1 3 4 5 6 7 8 9 10 11 12 13 14 15 17 18 20 21 22 23 24 25 26 27 28 29 30 31 32 33 34 35 36 37 38 39 40
77 32 33 34 18 36 37 22 26 28 13 14 31
78 33 17 39 9 10
79 1 5 6 7 8 9 11 12 13 14 15 17 18 19 20 21 22 25 26 28 29 31 32 34 35 39
80 1 2 3 4 5 6 7 8 10 13 15 16 17 18 19 20 21 22 23 24 26 27 29 30 31 33 35 36 38 39 40
81 32 1 33 34 2 3 37 6 7 40 8 9 12 14 15 20 22 26 27 29 31
82 1 2 3 4 5 6 7 8 9 10 11 12 13 15 16 17 18 19 20 23 24 25 26 27 28 29 31 32 34 35 36 37 38 39 40
83 1 2 3 4 5 7 8 9 10 11 12 14 15 16 17 18 19 20 24 25 27 28 29 31 32 33 34 35 36 37 38 39 40
84 1 33 34 3 36 4 37 6 39 9 11 12 14 15 16 19 20 21 23 24 25 28 29
85 32 2 36 37 8 40 9 12 14 18 21 26 27 30
86 1 2 3 4 5 8 9 10 11 12 13 14 15 16 17 19 20 21 22 23 25 26 27 28 29 31 32 33 34 35 36 39 40
87 2 3 4 5 6 7 8 9 10 11 12 14 15 16 17 18 19 20 21 23 24 25 26 27 28 29 30 31 32 33 34 35 37 38 40
88 21 37 7 26
89 1 2 3 4 5 6 7 8 9 10 11 12 13 14 15 16 18 19 20 21 22 23 24 25 26 27 28 29 30 31 32 33 34 35 36 37 38 39 40
90 1 2 3 4 5 6 9 10 12 13 14 15 16 18 20 21 23 24 25 26 27 28 29 30 31 32 36 37 38 39
91 33 34 3 37 38 6 39 40 10 11 12 13 14 15 16 17 19 22 26 29 30 31
92 1 2 3 4 5 6 7 8 9 10 11 12 13 14 15 16 17 18 19 20 21 22 23 24 25 26 27 28 29 30 31 32 33 34 35 37 38 39
93 34 6
94 1 4 5 6 8 9 10 11 12 14 15 17 18 19 20 21 22 23 26 27 28 30 31 32 33 34 37 38 39 40
95 16 17 4 6 11 28 30
96 33 2 34 35 36 37 11 13 17 20 24 28 29
97 1 2 3 5 6 7 8 9 10 11 12 13 14 15 16 18 19 20 21 22 23 24 25 26 27 28 29 30 31 32 33 34 35 36 37 38 39 40
98 2 4 5 6 9 10 12 13 17 21 23 24 25 26 27 28 29 30 31 32 33 34 36 37 40
99 1 2 3 4 5 6 7 8 9 10 11 12 13 14 15 16 17 18 19 20 21 22 23 24 25 26 27 28 29 30 32 33 34 35 36 37 38 39 40
SIZE OF PROGRAMS (pID SIZE):
1 60.0
2 44.0
3 40.0
4 99.0
5 60.0
6 74.0
7 85.0
8 51.0
9 43.0
10 47.0
11 79.0
12 74.0
13 83.0
14 51.0
15 91.0
16 84.0
17 97.0
18 68.0
19 68.0
20 86.0
21 92.0
22 77.0
23 52.0
24 93.0
25 84.0
26 70.0
27 44.0
28 94.0
29 46.0
30 89.0
31 94.0
32 77.0
33 76.0
34 55.0
35 44.0
36 96.0
37 47.0
38 85.0
39 62.0
40 76.0
COST TO INSTALL SERVERS AND PROGRAMS ON NODES (COST_TO_INSTALL_SERVER COST_TO_INSTALL_pID1 ...):
0 6731.313131313129 1.2121212121212122 0.8888888888888888 0.8080808080808081 2.0 1.2121212121212122 1.494949494949495 1.7171717171717171 1.0303030303030303 0.8686868686868687 0.9494949494949495 1.595959595959596 1.494949494949495 1.6767676767676767 1.0303030303030303 1.8383838383838385 1.696969696969697 1.9595959595959596 1.3737373737373737 1.3737373737373737 1.7373737373737375 1.8585858585858586 1.5555555555555556 1.0505050505050506 1.878787878787879 1.696969696969697 1.4141414141414141 0.8888888888888888 1.898989898989899 0.9292929292929293 1.797979797979798 1.898989898989899 1.5555555555555556 1.5353535353535352 1.1111111111111112 0.8888888888888888 1.9393939393939394 0.9494949494949495 1.7171717171717171 1.2525252525252526 1.5353535353535352
1 513.0950409197785 1.8181818181818181 1.3333333333333333 1.2121212121212122 3.0 1.8181818181818181 2.242424242424242 2.5757575757575757 1.5454545454545454 1.303030303030303 1.4242424242424243 2.393939393939394 2.242424242424242 2.515151515151515 1.5454545454545454 2.757575757575758 2.5454545454545454 2.9393939393939394 2.0606060606060606 2.0606060606060606 2.606060606060606 2.787878787878788 2.3333333333333335 1.5757575757575757 2.8181818181818183 2.5454545454545454 2.121212121212121 1.3333333333333333 2.8484848484848486 1.393939393939394 2.696969696969697 2.8484848484848486 2.3333333333333335 2.303030303030303 1.6666666666666667 1.3333333333333333 2.909090909090909 1.4242424242424243 2.5757575757575757 1.878787878787879 2.303030303030303
2 119.76709667867962 1.8181818181818181 1.3333333333333333 1.2121212121212122 3.0 1.8181818181818181 2.242424242424242 2.5757575757575757 1.5454545454545454 1.303030303030303 1.4242424242424243 2.393939393939394 2.242424242424242 2.515151515151515 1.5454545454545454 2.757575757575758 2.5454545454545454 2.9393939393939394 2.0606060606060606 2.0606060606060606 2.606060606060606 2.787878787878788 2.3333333333333335 1.5757575757575757 2.8181818181818183 2.5454545454545454 2.121212121212121 1.3333333333333333 2.8484848484848486 1.393939393939394 2.696969696969697 2.8484848484848486 2.3333333333333335 2.303030303030303 1.6666666666666667 1.3333333333333333 2.909090909090909 1.4242424242424243 2.5757575757575757 1.878787878787879 2.303030303030303
3 71.17506688488646 1.2121212121212122 0.8888888888888888 0.8080808080808081 2.0 1.2121212121212122 1.494949494949495 1.7171717171717171 1.0303030303030303 0.8686868686868687 0.9494949494949495 1.595959595959596 1.494949494949495 1.6767676767676767 1.0303030303030303 1.8383838383838385 1.696969696969697 1.9595959595959596 1.3737373737373737 1.3737373737373737 1.7373737373737375 1.8585858585858586 1.5555555555555556 1.0505050505050506 1.878787878787879 1.696969696969697 1.4141414141414141 0.8888888888888888 1.898989898989899 0.9292929292929293 1.797979797979798 1.898989898989899 1.5555555555555556 1.5353535353535352 1.1111111111111112 0.8888888888888888 1.9393939393939394 0.9494949494949495 1.7171717171717171 1.2525252525252526 1.5353535353535352
4 193.98116974258053 1.2121212121212122 0.8888888888888888 0.8080808080808081 2.0 1.2121212121212122 1.494949494949495 1.7171717171717171 1.0303030303030303 0.8686868686868687 0.9494949494949495 1.595959595959596 1.494949494949495 1.6767676767676767 1.0303030303030303 1.8383838383838385 1.696969696969697 1.9595959595959596 1.3737373737373737 1.3737373737373737 1.7373737373737375 1.8585858585858586 1.5555555555555556 1.0505050505050506 1.878787878787879 1.696969696969697 1.4141414141414141 0.8888888888888888 1.898989898989899 0.9292929292929293 1.797979797979798 1.898989898989899 1.5555555555555556 1.5353535353535352 1.1111111111111112 0.8888888888888888 1.9393939393939394 0.9494949494949495 1.7171717171717171 1.2525252525252526 1.5353535353535352
5 234.54388713587866 1.8181818181818181 1.3333333333333333 1.2121212121212122 3.0 1.8181818181818181 2.242424242424242 2.5757575757575757 1.5454545454545454 1.303030303030303 1.4242424242424243 2.393939393939394 2.242424242424242 2.515151515151515 1.5454545454545454 2.757575757575758 2.5454545454545454 2.9393939393939394 2.0606060606060606 2.0606060606060606 2.606060606060606 2.787878787878788 2.3333333333333335 1.5757575757575757 2.8181818181818183 2.5454545454545454 2.121212121212121 1.3333333333333333 2.8484848484848486 1.393939393939394 2.696969696969697 2.8484848484848486 2.3333333333333335 2.303030303030303 1.6666666666666667 1.3333333333333333 2.909090909090909 1.4242424242424243 2.5757575757575757 1.878787878787879 2.303030303030303
6 165.55155687895513 1.2121212121212122 0.8888888888888888 0.8080808080808081 2.0 1.2121212121212122 1.494949494949495 1.7171717171717171 1.0303030303030303 0.8686868686868687 0.9494949494949495 1.595959595959596 1.494949494949495 1.6767676767676767 1.0303030303030303 1.8383838383838385 1.696969696969697 1.9595959595959596 1.3737373737373737 1.3737373737373737 1.7373737373737375 1.8585858585858586 1.5555555555555556 1.0505050505050506 1.878787878787879 1.696969696969697 1.4141414141414141 0.8888888888888888 1.898989898989899 0.9292929292929293 1.797979797979798 1.898989898989899 1.5555555555555556 1.5353535353535352 1.1111111111111112 0.8888888888888888 1.9393939393939394 0.9494949494949495 1.7171717171717171 1.2525252525252526 1.5353535353535352
7 141.03601212587876 1.8181818181818181 1.3333333333333333 1.2121212121212122 3.0 1.8181818181818181 2.242424242424242 2.5757575757575757 1.5454545454545454 1.303030303030303 1.4242424242424243 2.393939393939394 2.242424242424242 2.515151515151515 1.5454545454545454 2.757575757575758 2.5454545454545454 2.9393939393939394 2.0606060606060606 2.0606060606060606 2.606060606060606 2.787878787878788 2.3333333333333335 1.5757575757575757 2.8181818181818183 2.5454545454545454 2.121212121212121 1.3333333333333333 2.8484848484848486 1.393939393939394 2.696969696969697 2.8484848484848486 2.3333333333333335 2.303030303030303 1.6666666666666667 1.3333333333333333 2.909090909090909 1.4242424242424243 2.5757575757575757 1.878787878787879 2.303030303030303
8 158.7379885870838 1.2121212121212122 0.8888888888888888 0.8080808080808081 2.0 1.2121212121212122 1.494949494949495 1.7171717171717171 1.0303030303030303 0.8686868686868687 0.9494949494949495 1.595959595959596 1.494949494949495 1.6767676767676767 1.0303030303030303 1.8383838383838385 1.696969696969697 1.9595959595959596 1.3737373737373737 1.3737373737373737 1.7373737373737375 1.8585858585858586 1.5555555555555556 1.0505050505050506 1.878787878787879 1.696969696969697 1.4141414141414141 0.8888888888888888 1.898989898989899 0.9292929292929293 1.797979797979798 1.898989898989899 1.5555555555555556 1.5353535353535352 1.1111111111111112 0.8888888888888888 1.9393939393939394 0.9494949494949495 1.7171717171717171 1.2525252525252526 1.5353535353535352
9 128.181668633262 1.8181818181818181 1.3333333333333333 1.2121212121212122 3.0 1.8181818181818181 2.242424242424242 2.5757575757575757 1.5454545454545454 1.303030303030303 1.4242424242424243 2.393939393939394 2.242424242424242 2.515151515151515 1.5454545454545454 2.757575757575758 2.5454545454545454 2.9393939393939394 2.0606060606060606 2.0606060606060606 2.606060606060606 2.787878787878788 2.3333333333333335 1.5757575757575757 2.8181818181818183 2.5454545454545454 2.121212121212121 1.3333333333333333 2.8484848484848486 1.393939393939394 2.696969696969697 2.8484848484848486 2.3333333333333335 2.303030303030303 1.6666666666666667 1.3333333333333333 2.909090909090909 1.4242424242424243 2.5757575757575757 1.878787878787879 2.303030303030303
10 30.270267576456618 1.2121212121212122 0.8888888888888888 0.8080808080808081 2.0 1.2121212121212122 1.494949494949495 1.7171717171717171 1.0303030303030303 0.8686868686868687 0.9494949494949495 1.595959595959596 1.494949494949495 1.6767676767676767 1.0303030303030303 1.8383838383838385 1.696969696969697 1.9595959595959596 1.3737373737373737 1.3737373737373737 1.7373737373737375 1.8585858585858586 1.5555555555555556 1.0505050505050506 1.878787878787879 1.696969696969697 1.4141414141414141 0.8888888888888888 1.898989898989899 0.9292929292929293 1.797979797979798 1.898989898989899 1.5555555555555556 1.5353535353535352 1.1111111111111112 0.8888888888888888 1.9393939393939394 0.9494949494949495 1.7171717171717171 1.2525252525252526 1.5353535353535352
11 455.1837412206671 1.8181818181818181 1.3333333333333333 1.2121212121212122 3.0 1.8181818181818181 2.242424242424242 2.5757575757575757 1.5454545454545454 1.303030303030303 1.4242424242424243 2.393939393939394 2.242424242424242 2.515151515151515 1.5454545454545454 2.757575757575758 2.5454545454545454 2.9393939393939394 2.0606060606060606 2.0606060606060606 2.606060606060606 2.787878787878788 2.3333333333333335 1.5757575757575757 2.8181818181818183 2.5454545454545454 2.121212121212121 1.3333333333333333 2.8484848484848486 1.393939393939394 2.696969696969697 2.8484848484848486 2.3333333333333335 2.303030303030303 1.6666666666666667 1.3333333333333333 2.909090909090909 1.4242424242424243 2.5757575757575757 1.878787878787879 2.303030303030303
12 169.4294125292898 1.2121212121212122 0.8888888888888888 0.8080808080808081 2.0 1.2121212121212122 1.494949494949495 1.7171717171717171 1.0303030303030303 0.8686868686868687 0.9494949494949495 1.595959595959596 1.494949494949495 1.6767676767676767 1.0303030303030303 1.8383838383838385 1.696969696969697 1.9595959595959596 1.3737373737373737 1.3737373737373737 1.7373737373737375 1.8585858585858586 1.5555555555555556 1.0505050505050506 1.878787878787879 1.696969696969697 1.4141414141414141 0.8888888888888888 1.898989898989899 0.9292929292929293 1.797979797979798 1.898989898989899 1.5555555555555556 1.5353535353535352 1.1111111111111112 0.8888888888888888 1.9393939393939394 0.9494949494949495 1.7171717171717171 1.2525252525252526 1.5353535353535352
13 214.1571381850518 1.2121212121212122 0.8888888888888888 0.8080808080808081 2.0 1.2121212121212122 1.494949494949495 1.7171717171717171 1.0303030303030303 0.8686868686868687 0.9494949494949495 1.595959595959596 1.494949494949495 1.6767676767676767 1.0303030303030303 1.8383838383838385 1.696969696969697 1.9595959595959596 1.3737373737373737 1.3737373737373737 1.7373737373737375 1.8585858585858586 1.5555555555555556 1.0505050505050506 1.878787878787879 1.696969696969697 1.4141414141414141 0.8888888888888888 1.898989898989899 0.9292929292929293 1.797979797979798 1.898989898989899 1.5555555555555556 1.5353535353535352 1.1111111111111112 0.8888888888888888 1.9393939393939394 0.9494949494949495 1.7171717171717171 1.2525252525252526 1.5353535353535352
14 461.8500829479166 1.8181818181818181 1.3333333333333333 1.2121212121212122 3.0 1.8181818181818181 2.242424242424242 2.5757575757575757 1.5454545454545454 1.303030303030303 1.4242424242424243 2.393939393939394 2.242424242424242 2.515151515151515 1.5454545454545454 2.757575757575758 2.5454545454545454 2.9393939393939394 2.0606060606060606 2.0606060606060606 2.606060606060606 2.787878787878788 2.3333333333333335 1.5757575757575757 2.8181818181818183 2.5454545454545454 2.121212121212121 1.3333333333333333 2.8484848484848486 1.393939393939394 2.696969696969697 2.8484848484848486 2.3333333333333335 2.303030303030303 1.6666666666666667 1.3333333333333333 2.909090909090909 1.4242424242424243 2.5757575757575757 1.878787878787879 2.303030303030303
15 78.99895183962191 1.8181818181818181 1.3333333333333333 1.2121212121212122 3.0 1.8181818181818181 2.242424242424242 2.5757575757575757 1.5454545454545454 1.303030303030303 1.4242424242424243 2.393939393939394 2.242424242424242 2.515151515151515 1.5454545454545454 2.757575757575758 2.5454545454545454 2.9393939393939394 2.0606060606060606 2.0606060606060606 2.606060606060606 2.787878787878788 2.3333333333333335 1.5757575757575757 2.8181818181818183 2.5454545454545454 2.121212121212121 1.3333333333333333 2.8484848484848486 1.393939393939394 2.696969696969697 2.8484848484848486 2.3333333333333335 2.303030303030303 1.6666666666666667 1.3333333333333333 2.909090909090909 1.4242424242424243 2.5757575757575757 1.878787878787879 2.303030303030303
16 77.27868606697643 1.2121212121212122 0.8888888888888888 0.8080808080808081 2.0 1.2121212121212122 1.494949494949495 1.7171717171717171 1.0303030303030303 0.8686868686868687 0.9494949494949495 1.595959595959596 1.494949494949495 1.6767676767676767 1.0303030303030303 1.8383838383838385 1.696969696969697 1.9595959595959596 1.3737373737373737 1.3737373737373737 1.7373737373737375 1.8585858585858586 1.5555555555555556 1.0505050505050506 1.878787878787879 1.696969696969697 1.4141414141414141 0.8888888888888888 1.898989898989899 0.9292929292929293 1.797979797979798 1.898989898989899 1.5555555555555556 1.5353535353535352 1.1111111111111112 0.8888888888888888 1.9393939393939394 0.9494949494949495 1.7171717171717171 1.2525252525252526 1.5353535353535352
17 95.26642886328597 1.8181818181818181 1.3333333333333333 1.2121212121212122 3.0 1.8181818181818181 2.242424242424242 2.5757575757575757 1.5454545454545454 1.303030303030303 1.4242424242424243 2.393939393939394 2.242424242424242 2.515151515151515 1.5454545454545454 2.757575757575758 2.5454545454545454 2.9393939393939394 2.0606060606060606 2.0606060606060606 2.606060606060606 2.787878787878788 2.3333333333333335 1.5757575757575757 2.8181818181818183 2.5454545454545454 2.121212121212121 1.3333333333333333 2.8484848484848486 1.393939393939394 2.696969696969697 2.8484848484848486 2.3333333333333335 2.303030303030303 1.6666666666666667 1.3333333333333333 2.909090909090909 1.4242424242424243 2.5757575757575757 1.878787878787879 2.303030303030303
18 47.49916695616078 1.8181818181818181 1.3333333333333333 1.2121212121212122 3.0 1.8181818181818181 2.242424242424242 2.5757575757575757 1.5454545454545454 1.303030303030303 1.4242424242424243 2.393939393939394 2.242424242424242 2.515151515151515 1.5454545454545454 2.757575757575758 2.5454545454545454 2.9393939393939394 2.0606060606060606 2.0606060606060606 2.606060606060606 2.787878787878788 2.3333333333333335 1.5757575757575757 2.8181818181818183 2.5454545454545454 2.121212121212121 1.3333333333333333 2.8484848484848486 1.393939393939394 2.696969696969697 2.8484848484848486 2.3333333333333335 2.303030303030303 1.6666666666666667 1.3333333333333333 2.909090909090909 1.4242424242424243 2.5757575757575757 1.878787878787879 2.303030303030303
19 137.8082825181027 1.8181818181818181 1.3333333333333333 1.2121212121212122 3.0 1.8181818181818181 2.242424242424242 2.5757575757575757 1.5454545454545454 1.303030303030303 1.4242424242424243 2.393939393939394 2.242424242424242 2.515151515151515 1.5454545454545454 2.757575757575758 2.5454545454545454 2.9393939393939394 2.0606060606060606 2.0606060606060606 2.606060606060606 2.787878787878788 2.3333333333333335 1.5757575757575757 2.8181818181818183 2.5454545454545454 2.121212121212121 1.3333333333333333 2.8484848484848486 1.393939393939394 2.696969696969697 2.8484848484848486 2.3333333333333335 2.303030303030303 1.6666666666666667 1.3333333333333333 2.909090909090909 1.4242424242424243 2.5757575757575757 1.878787878787879 2.303030303030303
20 153.61404692713117 1.2121212121212122 0.8888888888888888 0.8080808080808081 2.0 1.2121212121212122 1.494949494949495 1.7171717171717171 1.0303030303030303 0.8686868686868687 0.9494949494949495 1.595959595959596 1.494949494949495 1.6767676767676767 1.0303030303030303 1.8383838383838385 1.696969696969697 1.9595959595959596 1.3737373737373737 1.3737373737373737 1.7373737373737375 1.8585858585858586 1.5555555555555556 1.0505050505050506 1.878787878787879 1.696969696969697 1.4141414141414141 0.8888888888888888 1.898989898989899 0.9292929292929293 1.797979797979798 1.898989898989899 1.5555555555555556 1.5353535353535352 1.1111111111111112 0.8888888888888888 1.9393939393939394 0.9494949494949495 1.7171717171717171 1.2525252525252526 1.5353535353535352
21 272.26552125753307 1.2121212121212122 0.8888888888888888 0.8080808080808081 2.0 1.2121212121212122 1.494949494949495 1.7171717171717171 1.0303030303030303 0.8686868686868687 0.9494949494949495 1.595959595959596 1.494949494949495 1.6767676767676767 1.0303030303030303 1.8383838383838385 1.696969696969697 1.9595959595959596 1.3737373737373737 1.3737373737373737 1.7373737373737375 1.8585858585858586 1.5555555555555556 1.0505050505050506 1.878787878787879 1.696969696969697 1.4141414141414141 0.8888888888888888 1.898989898989899 0.9292929292929293 1.797979797979798 1.898989898989899 1.5555555555555556 1.5353535353535352 1.1111111111111112 0.8888888888888888 1.9393939393939394 0.9494949494949495 1.7171717171717171 1.2525252525252526 1.5353535353535352
22 109.61422551215907 1.2121212121212122 0.8888888888888888 0.8080808080808081 2.0 1.2121212121212122 1.494949494949495 1.7171717171717171 1.0303030303030303 0.8686868686868687 0.9494949494949495 1.595959595959596 1.494949494949495 1.6767676767676767 1.0303030303030303 1.8383838383838385 1.696969696969697 1.9595959595959596 1.3737373737373737 1.3737373737373737 1.7373737373737375 1.8585858585858586 1.5555555555555556 1.0505050505050506 1.878787878787879 1.696969696969697 1.4141414141414141 0.8888888888888888 1.898989898989899 0.9292929292929293 1.797979797979798 1.898989898989899 1.5555555555555556 1.5353535353535352 1.1111111111111112 0.8888888888888888 1.9393939393939394 0.9494949494949495 1.7171717171717171 1.2525252525252526 1.5353535353535352
23 211.02793460369713 1.8181818181818181 1.3333333333333333 1.2121212121212122 3.0 1.8181818181818181 2.242424242424242 2.5757575757575757 1.5454545454545454 1.303030303030303 1.4242424242424243 2.393939393939394 2.242424242424242 2.515151515151515 1.5454545454545454 2.757575757575758 2.5454545454545454 2.9393939393939394 2.0606060606060606 2.0606060606060606 2.606060606060606 2.787878787878788 2.3333333333333335 1.5757575757575757 2.8181818181818183 2.5454545454545454 2.121212121212121 1.3333333333333333 2.8484848484848486 1.393939393939394 2.696969696969697 2.8484848484848486 2.3333333333333335 2.303030303030303 1.6666666666666667 1.3333333333333333 2.909090909090909 1.4242424242424243 2.5757575757575757 1.878787878787879 2.303030303030303
24 73.17664733226817 1.8181818181818181 1.3333333333333333 1.2121212121212122 3.0 1.8181818181818181 2.242424242424242 2.5757575757575757 1.5454545454545454 1.303030303030303 1.4242424242424243 2.393939393939394 2.242424242424242 2.515151515151515 1.5454545454545454 2.757575757575758 2.5454545454545454 2.9393939393939394 2.0606060606060606 2.0606060606060606 2.606060606060606 2.787878787878788 2.3333333333333335 1.5757575757575757 2.8181818181818183 2.5454545454545454 2.121212121212121 1.3333333333333333 2.8484848484848486 1.393939393939394 2.696969696969697 2.8484848484848486 2.3333333333333335 2.303030303030303 1.6666666666666667 1.3333333333333333 2.909090909090909 1.4242424242424243 2.5757575757575757 1.878787878787879 2.303030303030303
25 539.531655253388 1.8181818181818181 1.3333333333333333 1.2121212121212122 3.0 1.8181818181818181 2.242424242424242 2.5757575757575757 1.5454545454545454 1.303030303030303 1.4242424242424243 2.393939393939394 2.242424242424242 2.515151515151515 1.5454545454545454 2.757575757575758 2.5454545454545454 2.9393939393939394 2.0606060606060606 2.0606060606060606 2.606060606060606 2.787878787878788 2.3333333333333335 1.5757575757575757 2.8181818181818183 2.5454545454545454 2.121212121212121 1.3333333333333333 2.8484848484848486 1.393939393939394 2.696969696969697 2.8484848484848486 2.3333333333333335 2.303030303030303 1.6666666666666667 1.3333333333333333 2.909090909090909 1.4242424242424243 2.5757575757575757 1.878787878787879 2.303030303030303
26 4.812534361854387 1.2121212121212122 0.8888888888888888 0.8080808080808081 2.0 1.2121212121212122 1.494949494949495 1.7171717171717171 1.0303030303030303 0.8686868686868687 0.9494949494949495 1.595959595959596 1.494949494949495 1.6767676767676767 1.0303030303030303 1.8383838383838385 1.696969696969697 1.9595959595959596 1.3737373737373737 1.3737373737373737 1.7373737373737375 1.8585858585858586 1.5555555555555556 1.0505050505050506 1.878787878787879 1.696969696969697 1.4141414141414141 0.8888888888888888 1.898989898989899 0.9292929292929293 1.797979797979798 1.898989898989899 1.5555555555555556 1.5353535353535352 1.1111111111111112 0.8888888888888888 1.9393939393939394 0.9494949494949495 1.7171717171717171 1.2525252525252526 1.5353535353535352
27 158.65169236643916 1.2121212121212122 0.8888888888888888 0.8080808080808081 2.0 1.2121212121212122 1.494949494949495 1.7171717171717171 1.0303030303030303 0.8686868686868687 0.9494949494949495 1.595959595959596 1.494949494949495 1.6767676767676767 1.0303030303030303 1.8383838383838385 1.696969696969697 1.9595959595959596 1.3737373737373737 1.3737373737373737 1.7373737373737375 1.8585858585858586 1.5555555555555556 1.0505050505050506 1.878787878787879 1.696969696969697 1.4141414141414141 0.8888888888888888 1.898989898989899 0.9292929292929293 1.797979797979798 1.898989898989899 1.5555555555555556 1.5353535353535352 1.1111111111111112 0.8888888888888888 1.9393939393939394 0.9494949494949495 1.7171717171717171 1.2525252525252526 1.5353535353535352
28 9.192278556431015 1.2121212121212122 0.8888888888888888 0.8080808080808081 2.0 1.2121212121212122 1.494949494949495 1.7171717171717171 1.0303030303030303 0.8686868686868687 0.9494949494949495 1.595959595959596 1.494949494949495 1.6767676767676767 1.0303030303030303 1.8383838383838385 1.696969696969697 1.9595959595959596 1.3737373737373737 1.3737373737373737 1.7373737373737375 1.8585858585858586 1.5555555555555556 1.0505050505050506 1.878787878787879 1.696969696969697 1.4141414141414141 0.8888888888888888 1.898989898989899 0.9292929292929293 1.797979797979798 1.898989898989899 1.5555555555555556 1.5353535353535352 1.1111111111111112 0.8888888888888888 1.9393939393939394 0.9494949494949495 1.7171717171717171 1.2525252525252526 1.5353535353535352
29 275.269460506378 1.2121212121212122 0.8888888888888888 0.8080808080808081 2.0 1.2121212121212122 1.494949494949495 1.7171717171717171 1.0303030303030303 0.8686868686868687 0.9494949494949495 1.595959595959596 1.494949494949495 1.6767676767676767 1.0303030303030303 1.8383838383838385 1.696969696969697 1.9595959595959596 1.3737373737373737 1.3737373737373737 1.7373737373737375 1.8585858585858586 1.5555555555555556 1.0505050505050506 1.878787878787879 1.696969696969697 1.4141414141414141 0.8888888888888888 1.898989898989899 0.9292929292929293 1.797979797979798 1.898989898989899 1.5555555555555556 1.5353535353535352 1.1111111111111112 0.8888888888888888 1.9393939393939394 0.9494949494949495 1.7171717171717171 1.2525252525252526 1.5353535353535352
30 174.66157194616576 1.8181818181818181 1.3333333333333333 1.2121212121212122 3.0 1.8181818181818181 2.242424242424242 2.5757575757575757 1.5454545454545454 1.303030303030303 1.4242424242424243 2.393939393939394 2.242424242424242 2.515151515151515 1.5454545454545454 2.757575757575758 2.5454545454545454 2.9393939393939394 2.0606060606060606 2.0606060606060606 2.606060606060606 2.787878787878788 2.3333333333333335 1.5757575757575757 2.8181818181818183 2.5454545454545454 2.121212121212121 1.3333333333333333 2.8484848484848486 1.393939393939394 2.696969696969697 2.8484848484848486 2.3333333333333335 2.303030303030303 1.6666666666666667 1.3333333333333333 2.909090909090909 1.4242424242424243 2.5757575757575757 1.878787878787879 2.303030303030303
31 100.37256359453595 1.2121212121212122 0.8888888888888888 0.8080808080808081 2.0 1.2121212121212122 1.494949494949495 1.7171717171717171 1.0303030303030303 0.8686868686868687 0.9494949494949495 1.595959595959596 1.494949494949495 1.6767676767676767 1.0303030303030303 1.8383838383838385 1.696969696969697 1.9595959595959596 1.3737373737373737 1.3737373737373737 1.7373737373737375 1.8585858585858586 1.5555555555555556 1.0505050505050506 1.878787878787879 1.696969696969697 1.4141414141414141 0.8888888888888888 1.898989898989899 0.9292929292929293 1.797979797979798 1.898989898989899 1.5555555555555556 1.5353535353535352 1.1111111111111112 0.8888888888888888 1.9393939393939394 0.9494949494949495 1.7171717171717171 1.2525252525252526 1.5353535353535352
32 204.8920399068026 1.8181818181818181 1.3333333333333333 1.2121212121212122 3.0 1.8181818181818181 2.242424242424242 2.5757575757575757 1.5454545454545454 1.303030303030303 1.4242424242424243 2.393939393939394 2.242424242424242 2.515151515151515 1.5454545454545454 2.757575757575758 2.5454545454545454 2.9393939393939394 2.0606060606060606 2.0606060606060606 2.606060606060606 2.787878787878788 2.3333333333333335 1.5757575757575757 2.8181818181818183 2.5454545454545454 2.121212121212121 1.3333333333333333 2.8484848484848486 1.393939393939394 2.696969696969697 2.8484848484848486 2.3333333333333335 2.303030303030303 1.6666666666666667 1.3333333333333333 2.909090909090909 1.4242424242424243 2.5757575757575757 1.878787878787879 2.303030303030303
33 117.37860712842493 1.8181818181818181 1.3333333333333333 1.2121212121212122 3.0 1.8181818181818181 2.242424242424242 2.5757575757575757 1.5454545454545454 1.303030303030303 1.4242424242424243 2.393939393939394 2.242424242424242 2.515151515151515 1.5454545454545454 2.757575757575758 2.5454545454545454 2.9393939393939394 2.0606060606060606 2.0606060606060606 2.606060606060606 2.787878787878788 2.3333333333333335 1.5757575757575757 2.8181818181818183 2.5454545454545454 2.121212121212121 1.3333333333333333 2.8484848484848486 1.393939393939394 2.696969696969697 2.8484848484848486 2.3333333333333335 2.303030303030303 1.6666666666666667 1.3333333333333333 2.909090909090909 1.4242424242424243 2.5757575757575757 1.878787878787879 2.303030303030303
34 111.50947604011866 1.8181818181818181 1.3333333333333333 1.2121212121212122 3.0 1.8181818181818181 2.242424242424242 2.5757575757575757 1.5454545454545454 1.303030303030303 1.4242424242424243 2.393939393939394 2.242424242424242 2.515151515151515 1.5454545454545454 2.757575757575758 2.5454545454545454 2.9393939393939394 2.0606060606060606 2.0606060606060606 2.606060606060606 2.787878787878788 2.3333333333333335 1.5757575757575757 2.8181818181818183 2.5454545454545454 2.121212121212121 1.3333333333333333 2.8484848484848486 1.393939393939394 2.696969696969697 2.8484848484848486 2.3333333333333335 2.303030303030303 1.6666666666666667 1.3333333333333333 2.909090909090909 1.4242424242424243 2.5757575757575757 1.878787878787879 2.303030303030303
35 141.30907424176965 1.2121212121212122 0.8888888888888888 0.8080808080808081 2.0 1.2121212121212122 1.494949494949495 1.7171717171717171 1.0303030303030303 0.8686868686868687 0.9494949494949495 1.595959595959596 1.494949494949495 1.6767676767676767 1.0303030303030303 1.8383838383838385 1.696969696969697 1.9595959595959596 1.3737373737373737 1.3737373737373737 1.7373737373737375 1.8585858585858586 1.5555555555555556 1.0505050505050506 1.878787878787879 1.696969696969697 1.4141414141414141 0.8888888888888888 1.898989898989899 0.9292929292929293 1.797979797979798 1.898989898989899 1.5555555555555556 1.5353535353535352 1.1111111111111112 0.8888888888888888 1.9393939393939394 0.9494949494949495 1.7171717171717171 1.2525252525252526 1.5353535353535352
36 263.3582862585394 1.8181818181818181 1.3333333333333333 1.2121212121212122 3.0 1.8181818181818181 2.242424242424242 2.5757575757575757 1.5454545454545454 1.303030303030303 1.4242424242424243 2.393939393939394 2.242424242424242 2.515151515151515 1.5454545454545454 2.757575757575758 2.5454545454545454 2.9393939393939394 2.0606060606060606 2.0606060606060606 2.606060606060606 2.787878787878788 2.3333333333333335 1.5757575757575757 2.8181818181818183 2.5454545454545454 2.121212121212121 1.3333333333333333 2.8484848484848486 1.393939393939394 2.696969696969697 2.8484848484848486 2.3333333333333335 2.303030303030303 1.6666666666666667 1.3333333333333333 2.909090909090909 1.4242424242424243 2.5757575757575757 1.878787878787879 2.303030303030303
37 769.0 1.8181818181818181 1.3333333333333333 1.2121212121212122 3.0 1.8181818181818181 2.242424242424242 2.5757575757575757 1.5454545454545454 1.303030303030303 1.4242424242424243 2.393939393939394 2.242424242424242 2.515151515151515 1.5454545454545454 2.757575757575758 2.5454545454545454 2.9393939393939394 2.0606060606060606 2.0606060606060606 2.606060606060606 2.787878787878788 2.3333333333333335 1.5757575757575757 2.8181818181818183 2.5454545454545454 2.121212121212121 1.3333333333333333 2.8484848484848486 1.393939393939394 2.696969696969697 2.8484848484848486 2.3333333333333335 2.303030303030303 1.6666666666666667 1.3333333333333333 2.909090909090909 1.4242424242424243 2.5757575757575757 1.878787878787879 2.303030303030303
38 427.1746647403648 1.8181818181818181 1.3333333333333333 1.2121212121212122 3.0 1.8181818181818181 2.242424242424242 2.5757575757575757 1.5454545454545454 1.303030303030303 1.4242424242424243 2.393939393939394 2.242424242424242 2.515151515151515 1.5454545454545454 2.757575757575758 2.5454545454545454 2.9393939393939394 2.0606060606060606 2.0606060606060606 2.606060606060606 2.787878787878788 2.3333333333333335 1.5757575757575757 2.8181818181818183 2.5454545454545454 2.121212121212121 1.3333333333333333 2.8484848484848486 1.393939393939394 2.696969696969697 2.8484848484848486 2.3333333333333335 2.303030303030303 1.6666666666666667 1.3333333333333333 2.909090909090909 1.4242424242424243 2.5757575757575757 1.878787878787879 2.303030303030303
39 38.40664986944275 1.2121212121212122 0.8888888888888888 0.8080808080808081 2.0 1.2121212121212122 1.494949494949495 1.7171717171717171 1.0303030303030303 0.8686868686868687 0.9494949494949495 1.595959595959596 1.494949494949495 1.6767676767676767 1.0303030303030303 1.8383838383838385 1.696969696969697 1.9595959595959596 1.3737373737373737 1.3737373737373737 1.7373737373737375 1.8585858585858586 1.5555555555555556 1.0505050505050506 1.878787878787879 1.696969696969697 1.4141414141414141 0.8888888888888888 1.898989898989899 0.9292929292929293 1.797979797979798 1.898989898989899 1.5555555555555556 1.5353535353535352 1.1111111111111112 0.8888888888888888 1.9393939393939394 0.9494949494949495 1.7171717171717171 1.2525252525252526 1.5353535353535352
40 252.0136743806747 1.8181818181818181 1.3333333333333333 1.2121212121212122 3.0 1.8181818181818181 2.242424242424242 2.5757575757575757 1.5454545454545454 1.303030303030303 1.4242424242424243 2.393939393939394 2.242424242424242 2.515151515151515 1.5454545454545454 2.757575757575758 2.5454545454545454 2.9393939393939394 2.0606060606060606 2.0606060606060606 2.606060606060606 2.787878787878788 2.3333333333333335 1.5757575757575757 2.8181818181818183 2.5454545454545454 2.121212121212121 1.3333333333333333 2.8484848484848486 1.393939393939394 2.696969696969697 2.8484848484848486 2.3333333333333335 2.303030303030303 1.6666666666666667 1.3333333333333333 2.909090909090909 1.4242424242424243 2.5757575757575757 1.878787878787879 2.303030303030303
41 39.94747921678099 1.8181818181818181 1.3333333333333333 1.2121212121212122 3.0 1.8181818181818181 2.242424242424242 2.5757575757575757 1.5454545454545454 1.303030303030303 1.4242424242424243 2.393939393939394 2.242424242424242 2.515151515151515 1.5454545454545454 2.757575757575758 2.5454545454545454 2.9393939393939394 2.0606060606060606 2.0606060606060606 2.606060606060606 2.787878787878788 2.3333333333333335 1.5757575757575757 2.8181818181818183 2.5454545454545454 2.121212121212121 1.3333333333333333 2.8484848484848486 1.393939393939394 2.696969696969697 2.8484848484848486 2.3333333333333335 2.303030303030303 1.6666666666666667 1.3333333333333333 2.909090909090909 1.4242424242424243 2.5757575757575757 1.878787878787879 2.303030303030303
42 65.3693556661131 1.8181818181818181 1.3333333333333333 1.2121212121212122 3.0 1.8181818181818181 2.242424242424242 2.5757575757575757 1.5454545454545454 1.303030303030303 1.4242424242424243 2.393939393939394 2.242424242424242 2.515151515151515 1.5454545454545454 2.757575757575758 2.5454545454545454 2.9393939393939394 2.0606060606060606 2.0606060606060606 2.606060606060606 2.787878787878788 2.3333333333333335 1.5757575757575757 2.8181818181818183 2.5454545454545454 2.121212121212121 1.3333333333333333 2.8484848484848486 1.393939393939394 2.696969696969697 2.8484848484848486 2.3333333333333335 2.303030303030303 1.6666666666666667 1.3333333333333333 2.909090909090909 1.4242424242424243 2.5757575757575757 1.878787878787879 2.303030303030303
43 14.537927816924237 1.8181818181818181 1.3333333333333333 1.2121212121212122 3.0 1.8181818181818181 2.242424242424242 2.5757575757575757 1.5454545454545454 1.303030303030303 1.4242424242424243 2.393939393939394 2.242424242424242 2.515151515151515 1.5454545454545454 2.757575757575758 2.5454545454545454 2.9393939393939394 2.0606060606060606 2.0606060606060606 2.606060606060606 2.787878787878788 2.3333333333333335 1.5757575757575757 2.8181818181818183 2.5454545454545454 2.121212121212121 1.3333333333333333 2.8484848484848486 1.393939393939394 2.696969696969697 2.8484848484848486 2.3333333333333335 2.303030303030303 1.6666666666666667 1.3333333333333333 2.909090909090909 1.4242424242424243 2.5757575757575757 1.878787878787879 2.303030303030303
44 280.73702087913694 1.8181818181818181 1.3333333333333333 1.2121212121212122 3.0 1.8181818181818181 2.242424242424242 2.5757575757575757 1.5454545454545454 1.303030303030303 1.4242424242424243 2.393939393939394 2.242424242424242 2.515151515151515 1.5454545454545454 2.757575757575758 2.5454545454545454 2.9393939393939394 2.0606060606060606 2.0606060606060606 2.606060606060606 2.787878787878788 2.3333333333333335 1.5757575757575757 2.8181818181818183 2.5454545454545454 2.121212121212121 1.3333333333333333 2.8484848484848486 1.393939393939394 2.696969696969697 2.8484848484848486 2.3333333333333335 2.303030303030303 1.6666666666666667 1.3333333333333333 2.909090909090909 1.4242424242424243 2.5757575757575757 1.878787878787879 2.303030303030303
45 18.56904502957211 1.2121212121212122 0.8888888888888888 0.8080808080808081 2.0 1.2121212121212122 1.494949494949495 1.7171717171717171 1.0303030303030303 0.8686868686868687 0.9494949494949495 1.595959595959596 1.494949494949495 1.6767676767676767 1.0303030303030303 1.8383838383838385 1.696969696969697 1.9595959595959596 1.3737373737373737 1.3737373737373737 1.7373737373737375 1.8585858585858586 1.5555555555555556 1.0505050505050506 1.878787878787879 1.696969696969697 1.4141414141414141 0.8888888888888888 1.898989898989899 0.9292929292929293 1.797979797979798 1.898989898989899 1.5555555555555556 1.5353535353535352 1.1111111111111112 0.8888888888888888 1.9393939393939394 0.9494949494949495 1.7171717171717171 1.2525252525252526 1.5353535353535352
46 199.3452456484147 1.8181818181818181 1.3333333333333333 1.2121212121212122 3.0 1.8181818181818181 2.242424242424242 2.5757575757575757 1.5454545454545454 1.303030303030303 1.4242424242424243 2.393939393939394 2.242424242424242 2.515151515151515 1.5454545454545454 2.757575757575758 2.5454545454545454 2.9393939393939394 2.0606060606060606 2.0606060606060606 2.606060606060606 2.787878787878788 2.3333333333333335 1.5757575757575757 2.8181818181818183 2.5454545454545454 2.121212121212121 1.3333333333333333 2.8484848484848486 1.393939393939394 2.696969696969697 2.8484848484848486 2.3333333333333335 2.303030303030303 1.6666666666666667 1.3333333333333333 2.909090909090909 1.4242424242424243 2.5757575757575757 1.878787878787879 2.303030303030303
47 489.1206623799274 1.2121212121212122 0.8888888888888888 0.8080808080808081 2.0 1.2121212121212122 1.494949494949495 1.7171717171717171 1.0303030303030303 0.8686868686868687 0.9494949494949495 1.595959595959596 1.494949494949495 1.6767676767676767 1.0303030303030303 1.8383838383838385 1.696969696969697 1.9595959595959596 1.3737373737373737 1.3737373737373737 1.7373737373737375 1.8585858585858586 1.5555555555555556 1.0505050505050506 1.878787878787879 1.696969696969697 1.4141414141414141 0.8888888888888888 1.898989898989899 0.9292929292929293 1.797979797979798 1.898989898989899 1.5555555555555556 1.5353535353535352 1.1111111111111112 0.8888888888888888 1.9393939393939394 0.9494949494949495 1.7171717171717171 1.2525252525252526 1.5353535353535352
48 212.23044562705618 1.8181818181818181 1.3333333333333333 1.2121212121212122 3.0 1.8181818181818181 2.242424242424242 2.5757575757575757 1.5454545454545454 1.303030303030303 1.4242424242424243 2.393939393939394 2.242424242424242 2.515151515151515 1.5454545454545454 2.757575757575758 2.5454545454545454 2.9393939393939394 2.0606060606060606 2.0606060606060606 2.606060606060606 2.787878787878788 2.3333333333333335 1.5757575757575757 2.8181818181818183 2.5454545454545454 2.121212121212121 1.3333333333333333 2.8484848484848486 1.393939393939394 2.696969696969697 2.8484848484848486 2.3333333333333335 2.303030303030303 1.6666666666666667 1.3333333333333333 2.909090909090909 1.4242424242424243 2.5757575757575757 1.878787878787879 2.303030303030303
49 154.22970697476458 1.8181818181818181 1.3333333333333333 1.2121212121212122 3.0 1.8181818181818181 2.242424242424242 2.5757575757575757 1.5454545454545454 1.303030303030303 1.4242424242424243 2.393939393939394 2.242424242424242 2.515151515151515 1.5454545454545454 2.757575757575758 2.5454545454545454 2.9393939393939394 2.0606060606060606 2.0606060606060606 2.606060606060606 2.787878787878788 2.3333333333333335 1.5757575757575757 2.8181818181818183 2.5454545454545454 2.121212121212121 1.3333333333333333 2.8484848484848486 1.393939393939394 2.696969696969697 2.8484848484848486 2.3333333333333335 2.303030303030303 1.6666666666666667 1.3333333333333333 2.909090909090909 1.4242424242424243 2.5757575757575757 1.878787878787879 2.303030303030303
50 176.18187125073513 1.8181818181818181 1.3333333333333333 1.2121212121212122 3.0 1.8181818181818181 2.242424242424242 2.5757575757575757 1.5454545454545454 1.303030303030303 1.4242424242424243 2.393939393939394 2.242424242424242 2.515151515151515 1.5454545454545454 2.757575757575758 2.5454545454545454 2.9393939393939394 2.0606060606060606 2.0606060606060606 2.606060606060606 2.787878787878788 2.3333333333333335 1.5757575757575757 2.8181818181818183 2.5454545454545454 2.121212121212121 1.3333333333333333 2.8484848484848486 1.393939393939394 2.696969696969697 2.8484848484848486 2.3333333333333335 2.303030303030303 1.6666666666666667 1.3333333333333333 2.909090909090909 1.4242424242424243 2.5757575757575757 1.878787878787879 2.303030303030303
51 206.00420587557133 1.8181818181818181 1.3333333333333333 1.2121212121212122 3.0 1.8181818181818181 2.242424242424242 2.5757575757575757 1.5454545454545454 1.303030303030303 1.4242424242424243 2.393939393939394 2.242424242424242 2.515151515151515 1.5454545454545454 2.757575757575758 2.5454545454545454 2.9393939393939394 2.0606060606060606 2.0606060606060606 2.606060606060606 2.787878787878788 2.3333333333333335 1.5757575757575757 2.8181818181818183 2.5454545454545454 2.121212121212121 1.3333333333333333 2.8484848484848486 1.393939393939394 2.696969696969697 2.8484848484848486 2.3333333333333335 2.303030303030303 1.6666666666666667 1.3333333333333333 2.909090909090909 1.4242424242424243 2.5757575757575757 1.878787878787879 2.303030303030303
52 47.901258141644156 1.2121212121212122 0.8888888888888888 0.8080808080808081 2.0 1.2121212121212122 1.494949494949495 1.7171717171717171 1.0303030303030303 0.8686868686868687 0.9494949494949495 1.595959595959596 1.494949494949495 1.6767676767676767 1.0303030303030303 1.8383838383838385 1.696969696969697 1.9595959595959596 1.3737373737373737 1.3737373737373737 1.7373737373737375 1.8585858585858586 1.5555555555555556 1.0505050505050506 1.878787878787879 1.696969696969697 1.4141414141414141 0.8888888888888888 1.898989898989899 0.9292929292929293 1.797979797979798 1.898989898989899 1.5555555555555556 1.5353535353535352 1.1111111111111112 0.8888888888888888 1.9393939393939394 0.9494949494949495 1.7171717171717171 1.2525252525252526 1.5353535353535352
53 142.74220172987248 1.2121212121212122 0.8888888888888888 0.8080808080808081 2.0 1.2121212121212122 1.494949494949495 1.7171717171717171 1.0303030303030303 0.8686868686868687 0.9494949494949495 1.595959595959596 1.494949494949495 1.6767676767676767 1.0303030303030303 1.8383838383838385 1.696969696969697 1.9595959595959596 1.3737373737373737 1.3737373737373737 1.7373737373737375 1.8585858585858586 1.5555555555555556 1.0505050505050506 1.878787878787879 1.696969696969697 1.4141414141414141 0.8888888888888888 1.898989898989899 0.9292929292929293 1.797979797979798 1.898989898989899 1.5555555555555556 1.5353535353535352 1.1111111111111112 0.8888888888888888 1.9393939393939394 0.9494949494949495 1.7171717171717171 1.2525252525252526 1.5353535353535352
54 195.94048628525508 1.2121212121212122 0.8888888888888888 0.8080808080808081 2.0 1.2121212121212122 1.494949494949495 1.7171717171717171 1.0303030303030303 0.8686868686868687 0.9494949494949495 1.595959595959596 1.494949494949495 1.6767676767676767 1.0303030303030303 1.8383838383838385 1.696969696969697 1.9595959595959596 1.3737373737373737 1.3737373737373737 1.7373737373737375 1.8585858585858586 1.5555555555555556 1.0505050505050506 1.878787878787879 1.696969696969697 1.4141414141414141 0.8888888888888888 1.898989898989899 0.9292929292929293 1.797979797979798 1.898989898989899 1.5555555555555556 1.5353535353535352 1.1111111111111112 0.8888888888888888 1.9393939393939394 0.9494949494949495 1.7171717171717171 1.2525252525252526 1.5353535353535352
55 152.76529668493023 1.2121212121212122 0.8888888888888888 0.8080808080808081 2.0 1.2121212121212122 1.494949494949495 1.7171717171717171 1.0303030303030303 0.8686868686868687 0.9494949494949495 1.595959595959596 1.494949494949495 1.6767676767676767 1.0303030303030303 1.8383838383838385 1.696969696969697 1.9595959595959596 1.3737373737373737 1.3737373737373737 1.7373737373737375 1.8585858585858586 1.5555555555555556 1.0505050505050506 1.878787878787879 1.696969696969697 1.4141414141414141 0.8888888888888888 1.898989898989899 0.9292929292929293 1.797979797979798 1.898989898989899 1.5555555555555556 1.5353535353535352 1.1111111111111112 0.8888888888888888 1.9393939393939394 0.9494949494949495 1.7171717171717171 1.2525252525252526 1.5353535353535352
56 99.3855452971043 1.2121212121212122 0.8888888888888888 0.8080808080808081 2.0 1.2121212121212122 1.494949494949495 1.7171717171717171 1.0303030303030303 0.8686868686868687 0.9494949494949495 1.595959595959596 1.494949494949495 1.6767676767676767 1.0303030303030303 1.8383838383838385 1.696969696969697 1.9595959595959596 1.3737373737373737 1.3737373737373737 1.7373737373737375 1.8585858585858586 1.5555555555555556 1.0505050505050506 1.878787878787879 1.696969696969697 1.4141414141414141 0.8888888888888888 1.898989898989899 0.9292929292929293 1.797979797979798 1.898989898989899 1.5555555555555556 1.5353535353535352 1.1111111111111112 0.8888888888888888 1.9393939393939394 0.9494949494949495 1.7171717171717171 1.2525252525252526 1.5353535353535352
57 334.38193879196245 1.8181818181818181 1.3333333333333333 1.2121212121212122 3.0 1.8181818181818181 2.242424242424242 2.5757575757575757 1.5454545454545454 1.303030303030303 1.4242424242424243 2.393939393939394 2.242424242424242 2.515151515151515 1.5454545454545454 2.757575757575758 2.5454545454545454 2.9393939393939394 2.0606060606060606 2.0606060606060606 2.606060606060606 2.787878787878788 2.3333333333333335 1.5757575757575757 2.8181818181818183 2.5454545454545454 2.121212121212121 1.3333333333333333 2.8484848484848486 1.393939393939394 2.696969696969697 2.8484848484848486 2.3333333333333335 2.303030303030303 1.6666666666666667 1.3333333333333333 2.909090909090909 1.4242424242424243 2.5757575757575757 1.878787878787879 2.303030303030303
58 48.66932877526663 1.2121212121212122 0.8888888888888888 0.8080808080808081 2.0 1.2121212121212122 1.494949494949495 1.7171717171717171 1.0303030303030303 0.8686868686868687 0.9494949494949495 1.595959595959596 1.494949494949495 1.6767676767676767 1.0303030303030303 1.8383838383838385 1.696969696969697 1.9595959595959596 1.3737373737373737 1.3737373737373737 1.7373737373737375 1.8585858585858586 1.5555555555555556 1.0505050505050506 1.878787878787879 1.696969696969697 1.4141414141414141 0.8888888888888888 1.898989898989899 0.9292929292929293 1.797979797979798 1.898989898989899 1.5555555555555556 1.5353535353535352 1.1111111111111112 0.8888888888888888 1.9393939393939394 0.9494949494949495 1.7171717171717171 1.2525252525252526 1.5353535353535352
59 328.1811382479357 1.8181818181818181 1.3333333333333333 1.2121212121212122 3.0 1.8181818181818181 2.242424242424242 2.5757575757575757 1.5454545454545454 1.303030303030303 1.4242424242424243 2.393939393939394 2.242424242424242 2.515151515151515 1.5454545454545454 2.757575757575758 2.5454545454545454 2.9393939393939394 2.0606060606060606 2.0606060606060606 2.606060606060606 2.787878787878788 2.3333333333333335 1.5757575757575757 2.8181818181818183 2.5454545454545454 2.121212121212121 1.3333333333333333 2.8484848484848486 1.393939393939394 2.696969696969697 2.8484848484848486 2.3333333333333335 2.303030303030303 1.6666666666666667 1.3333333333333333 2.909090909090909 1.4242424242424243 2.5757575757575757 1.878787878787879 2.303030303030303
60 420.2540367870699 1.8181818181818181 1.3333333333333333 1.2121212121212122 3.0 1.8181818181818181 2.242424242424242 2.5757575757575757 1.5454545454545454 1.303030303030303 1.4242424242424243 2.393939393939394 2.242424242424242 2.515151515151515 1.5454545454545454 2.757575757575758 2.5454545454545454 2.9393939393939394 2.0606060606060606 2.0606060606060606 2.606060606060606 2.787878787878788 2.3333333333333335 1.5757575757575757 2.8181818181818183 2.5454545454545454 2.121212121212121 1.3333333333333333 2.8484848484848486 1.393939393939394 2.696969696969697 2.8484848484848486 2.3333333333333335 2.303030303030303 1.6666666666666667 1.3333333333333333 2.909090909090909 1.4242424242424243 2.5757575757575757 1.878787878787879 2.303030303030303
61 256.387030934133 1.2121212121212122 0.8888888888888888 0.8080808080808081 2.0 1.2121212121212122 1.494949494949495 1.7171717171717171 1.0303030303030303 0.8686868686868687 0.9494949494949495 1.595959595959596 1.494949494949495 1.6767676767676767 1.0303030303030303 1.8383838383838385 1.696969696969697 1.9595959595959596 1.3737373737373737 1.3737373737373737 1.7373737373737375 1.8585858585858586 1.5555555555555556 1.0505050505050506 1.878787878787879 1.696969696969697 1.4141414141414141 0.8888888888888888 1.898989898989899 0.9292929292929293 1.797979797979798 1.898989898989899 1.5555555555555556 1.5353535353535352 1.1111111111111112 0.8888888888888888 1.9393939393939394 0.9494949494949495 1.7171717171717171 1.2525252525252526 1.5353535353535352
62 295.25196511805404 1.2121212121212122 0.8888888888888888 0.8080808080808081 2.0 1.2121212121212122 1.494949494949495 1.7171717171717171 1.0303030303030303 0.8686868686868687 0.9494949494949495 1.595959595959596 1.494949494949495 1.6767676767676767 1.0303030303030303 1.8383838383838385 1.696969696969697 1.9595959595959596 1.3737373737373737 1.3737373737373737 1.7373737373737375 1.8585858585858586 1.5555555555555556 1.0505050505050506 1.878787878787879 1.696969696969697 1.4141414141414141 0.8888888888888888 1.898989898989899 0.9292929292929293 1.797979797979798 1.898989898989899 1.5555555555555556 1.5353535353535352 1.1111111111111112 0.8888888888888888 1.9393939393939394 0.9494949494949495 1.7171717171717171 1.2525252525252526 1.5353535353535352
63 425.3897353864978 1.8181818181818181 1.3333333333333333 1.2121212121212122 3.0 1.8181818181818181 2.242424242424242 2.5757575757575757 1.5454545454545454 1.303030303030303 1.4242424242424243 2.393939393939394 2.242424242424242 2.515151515151515 1.5454545454545454 2.757575757575758 2.5454545454545454 2.9393939393939394 2.0606060606060606 2.0606060606060606 2.606060606060606 2.787878787878788 2.3333333333333335 1.5757575757575757 2.8181818181818183 2.5454545454545454 2.121212121212121 1.3333333333333333 2.8484848484848486 1.393939393939394 2.696969696969697 2.8484848484848486 2.3333333333333335 2.303030303030303 1.6666666666666667 1.3333333333333333 2.909090909090909 1.4242424242424243 2.5757575757575757 1.878787878787879 2.303030303030303
64 58.308770191630124 1.8181818181818181 1.3333333333333333 1.2121212121212122 3.0 1.8181818181818181 2.242424242424242 2.5757575757575757 1.5454545454545454 1.303030303030303 1.4242424242424243 2.393939393939394 2.242424242424242 2.515151515151515 1.5454545454545454 2.757575757575758 2.5454545454545454 2.9393939393939394 2.0606060606060606 2.0606060606060606 2.606060606060606 2.787878787878788 2.3333333333333335 1.5757575757575757 2.8181818181818183 2.5454545454545454 2.121212121212121 1.3333333333333333 2.8484848484848486 1.393939393939394 2.696969696969697 2.8484848484848486 2.3333333333333335 2.303030303030303 1.6666666666666667 1.3333333333333333 2.909090909090909 1.4242424242424243 2.5757575757575757 1.878787878787879 2.303030303030303
65 484.613246686773 1.2121212121212122 0.8888888888888888 0.8080808080808081 2.0 1.2121212121212122 1.494949494949495 1.7171717171717171 1.0303030303030303 0.8686868686868687 0.9494949494949495 1.595959595959596 1.494949494949495 1.6767676767676767 1.0303030303030303 1.8383838383838385 1.696969696969697 1.9595959595959596 1.3737373737373737 1.3737373737373737 1.7373737373737375 1.8585858585858586 1.5555555555555556 1.0505050505050506 1.878787878787879 1.696969696969697 1.4141414141414141 0.8888888888888888 1.898989898989899 0.9292929292929293 1.797979797979798 1.898989898989899 1.5555555555555556 1.5353535353535352 1.1111111111111112 0.8888888888888888 1.9393939393939394 0.9494949494949495 1.7171717171717171 1.2525252525252526 1.5353535353535352
66 92.26522913468752 1.2121212121212122 0.8888888888888888 0.8080808080808081 2.0 1.2121212121212122 1.494949494949495 1.7171717171717171 1.0303030303030303 0.8686868686868687 0.9494949494949495 1.595959595959596 1.494949494949495 1.6767676767676767 1.0303030303030303 1.8383838383838385 1.696969696969697 1.9595959595959596 1.3737373737373737 1.3737373737373737 1.7373737373737375 1.8585858585858586 1.5555555555555556 1.0505050505050506 1.878787878787879 1.696969696969697 1.4141414141414141 0.8888888888888888 1.898989898989899 0.9292929292929293 1.797979797979798 1.898989898989899 1.5555555555555556 1.5353535353535352 1.1111111111111112 0.8888888888888888 1.9393939393939394 0.9494949494949495 1.7171717171717171 1.2525252525252526 1.5353535353535352
67 119.8324225053641 1.2121212121212122 0.8888888888888888 0.8080808080808081 2.0 1.2121212121212122 1.494949494949495 1.7171717171717171 1.0303030303030303 0.8686868686868687 0.9494949494949495 1.595959595959596 1.494949494949495 1.6767676767676767 1.0303030303030303 1.8383838383838385 1.696969696969697 1.9595959595959596 1.3737373737373737 1.3737373737373737 1.7373737373737375 1.8585858585858586 1.5555555555555556 1.0505050505050506 1.878787878787879 1.696969696969697 1.4141414141414141 0.8888888888888888 1.898989898989899 0.9292929292929293 1.797979797979798 1.898989898989899 1.5555555555555556 1.5353535353535352 1.1111111111111112 0.8888888888888888 1.9393939393939394 0.9494949494949495 1.7171717171717171 1.2525252525252526 1.5353535353535352
68 171.21146150595555 1.8181818181818181 1.3333333333333333 1.2121212121212122 3.0 1.8181818181818181 2.242424242424242 2.5757575757575757 1.5454545454545454 1.303030303030303 1.4242424242424243 2.393939393939394 2.242424242424242 2.515151515151515 1.5454545454545454 2.757575757575758 2.5454545454545454 2.9393939393939394 2.0606060606060606 2.0606060606060606 2.606060606060606 2.787878787878788 2.3333333333333335 1.5757575757575757 2.8181818181818183 2.5454545454545454 2.121212121212121 1.3333333333333333 2.8484848484848486 1.393939393939394 2.696969696969697 2.8484848484848486 2.3333333333333335 2.303030303030303 1.6666666666666667 1.3333333333333333 2.909090909090909 1.4242424242424243 2.5757575757575757 1.878787878787879 2.303030303030303
69 119.74162828003817 1.2121212121212122 0.8888888888888888 0.8080808080808081 2.0 1.2121212121212122 1.494949494949495 1.7171717171717171 1.0303030303030303 0.8686868686868687 0.9494949494949495 1.595959595959596 1.494949494949495 1.6767676767676767 1.0303030303030303 1.8383838383838385 1.696969696969697 1.9595959595959596 1.3737373737373737 1.3737373737373737 1.7373737373737375 1.8585858585858586 1.5555555555555556 1.0505050505050506 1.878787878787879 1.696969696969697 1.4141414141414141 0.8888888888888888 1.898989898989899 0.9292929292929293 1.797979797979798 1.898989898989899 1.5555555555555556 1.5353535353535352 1.1111111111111112 0.8888888888888888 1.9393939393939394 0.9494949494949495 1.7171717171717171 1.2525252525252526 1.5353535353535352
70 349.71716296000756 1.8181818181818181 1.3333333333333333 1.2121212121212122 3.0 1.8181818181818181 2.242424242424242 2.5757575757575757 1.5454545454545454 1.303030303030303 1.4242424242424243 2.393939393939394 2.242424242424242 2.515151515151515 1.5454545454545454 2.757575757575758 2.5454545454545454 2.9393939393939394 2.0606060606060606 2.0606060606060606 2.606060606060606 2.787878787878788 2.3333333333333335 1.5757575757575757 2.8181818181818183 2.5454545454545454 2.121212121212121 1.3333333333333333 2.8484848484848486 1.393939393939394 2.696969696969697 2.8484848484848486 2.3333333333333335 2.303030303030303 1.6666666666666667 1.3333333333333333 2.909090909090909 1.4242424242424243 2.5757575757575757 1.878787878787879 2.303030303030303
71 391.1100055543478 1.8181818181818181 1.3333333333333333 1.2121212121212122 3.0 1.8181818181818181 2.242424242424242 2.5757575757575757 1.5454545454545454 1.303030303030303 1.4242424242424243 2.393939393939394 2.242424242424242 2.515151515151515 1.5454545454545454 2.757575757575758 2.5454545454545454 2.9393939393939394 2.0606060606060606 2.0606060606060606 2.606060606060606 2.787878787878788 2.3333333333333335 1.5757575757575757 2.8181818181818183 2.5454545454545454 2.121212121212121 1.3333333333333333 2.8484848484848486 1.393939393939394 2.696969696969697 2.8484848484848486 2.3333333333333335 2.303030303030303 1.6666666666666667 1.3333333333333333 2.909090909090909 1.4242424242424243 2.5757575757575757 1.878787878787879 2.303030303030303
72 124.61882255420544 1.8181818181818181 1.3333333333333333 1.2121212121212122 3.0 1.8181818181818181 2.242424242424242 2.5757575757575757 1.5454545454545454 1.303030303030303 1.4242424242424243 2.393939393939394 2.242424242424242 2.515151515151515 1.5454545454545454 2.757575757575758 2.5454545454545454 2.9393939393939394 2.0606060606060606 2.0606060606060606 2.606060606060606 2.787878787878788 2.3333333333333335 1.5757575757575757 2.8181818181818183 2.5454545454545454 2.121212121212121 1.3333333333333333 2.8484848484848486 1.393939393939394 2.696969696969697 2.8484848484848486 2.3333333333333335 2.303030303030303 1.6666666666666667 1.3333333333333333 2.909090909090909 1.4242424242424243 2.5757575757575757 1.878787878787879 2.303030303030303
73 247.89331750249187 1.8181818181818181 1.3333333333333333 1.2121212121212122 3.0 1.8181818181818181 2.242424242424242 2.5757575757575757 1.5454545454545454 1.303030303030303 1.4242424242424243 2.393939393939394 2.242424242424242 2.515151515151515 1.5454545454545454 2.757575757575758 2.5454545454545454 2.9393939393939394 2.0606060606060606 2.0606060606060606 2.606060606060606 2.787878787878788 2.3333333333333335 1.5757575757575757 2.8181818181818183 2.5454545454545454 2.121212121212121 1.3333333333333333 2.8484848484848486 1.393939393939394 2.696969696969697 2.8484848484848486 2.3333333333333335 2.303030303030303 1.6666666666666667 1.3333333333333333 2.909090909090909 1.4242424242424243 2.5757575757575757 1.878787878787879 2.303030303030303
74 25.203094128878597 1.2121212121212122 0.8888888888888888 0.8080808080808081 2.0 1.2121212121212122 1.494949494949495 1.7171717171717171 1.0303030303030303 0.8686868686868687 0.9494949494949495 1.595959595959596 1.494949494949495 1.6767676767676767 1.0303030303030303 1.8383838383838385 1.696969696969697 1.9595959595959596 1.3737373737373737 1.3737373737373737 1.7373737373737375 1.8585858585858586 1.5555555555555556 1.0505050505050506 1.878787878787879 1.696969696969697 1.4141414141414141 0.8888888888888888 1.898989898989899 0.9292929292929293 1.797979797979798 1.898989898989899 1.5555555555555556 1.5353535353535352 1.1111111111111112 0.8888888888888888 1.9393939393939394 0.9494949494949495 1.7171717171717171 1.2525252525252526 1.5353535353535352
75 288.1116388019989 1.2121212121212122 0.8888888888888888 0.8080808080808081 2.0 1.2121212121212122 1.494949494949495 1.7171717171717171 1.0303030303030303 0.8686868686868687 0.9494949494949495 1.595959595959596 1.494949494949495 1.6767676767676767 1.0303030303030303 1.8383838383838385 1.696969696969697 1.9595959595959596 1.3737373737373737 1.3737373737373737 1.7373737373737375 1.8585858585858586 1.5555555555555556 1.0505050505050506 1.878787878787879 1.696969696969697 1.4141414141414141 0.8888888888888888 1.898989898989899 0.9292929292929293 1.797979797979798 1.898989898989899 1.5555555555555556 1.5353535353535352 1.1111111111111112 0.8888888888888888 1.9393939393939394 0.9494949494949495 1.7171717171717171 1.2525252525252526 1.5353535353535352
76 205.63246782755257 1.8181818181818181 1.3333333333333333 1.2121212121212122 3.0 1.8181818181818181 2.242424242424242 2.5757575757575757 1.5454545454545454 1.303030303030303 1.4242424242424243 2.393939393939394 2.242424242424242 2.515151515151515 1.5454545454545454 2.757575757575758 2.5454545454545454 2.9393939393939394 2.0606060606060606 2.0606060606060606 2.606060606060606 2.787878787878788 2.3333333333333335 1.5757575757575757 2.8181818181818183 2.5454545454545454 2.121212121212121 1.3333333333333333 2.8484848484848486 1.393939393939394 2.696969696969697 2.8484848484848486 2.3333333333333335 2.303030303030303 1.6666666666666667 1.3333333333333333 2.909090909090909 1.4242424242424243 2.5757575757575757 1.878787878787879 2.303030303030303
77 138.37550244999585 1.8181818181818181 1.3333333333333333 1.2121212121212122 3.0 1.8181818181818181 2.242424242424242 2.5757575757575757 1.5454545454545454 1.303030303030303 1.4242424242424243 2.393939393939394 2.242424242424242 2.515151515151515 1.5454545454545454 2.757575757575758 2.5454545454545454 2.9393939393939394 2.0606060606060606 2.0606060606060606 2.606060606060606 2.787878787878788 2.3333333333333335 1.5757575757575757 2.8181818181818183 2.5454545454545454 2.121212121212121 1.3333333333333333 2.8484848484848486 1.393939393939394 2.696969696969697 2.8484848484848486 2.3333333333333335 2.303030303030303 1.6666666666666667 1.3333333333333333 2.909090909090909 1.4242424242424243 2.5757575757575757 1.878787878787879 2.303030303030303
78 51.760245608376096 1.2121212121212122 0.8888888888888888 0.8080808080808081 2.0 1.2121212121212122 1.494949494949495 1.7171717171717171 1.0303030303030303 0.8686868686868687 0.9494949494949495 1.595959595959596 1.494949494949495 1.6767676767676767 1.0303030303030303 1.8383838383838385 1.696969696969697 1.9595959595959596 1.3737373737373737 1.3737373737373737 1.7373737373737375 1.8585858585858586 1.5555555555555556 1.0505050505050506 1.878787878787879 1.696969696969697 1.4141414141414141 0.8888888888888888 1.898989898989899 0.9292929292929293 1.797979797979798 1.898989898989899 1.5555555555555556 1.5353535353535352 1.1111111111111112 0.8888888888888888 1.9393939393939394 0.9494949494949495 1.7171717171717171 1.2525252525252526 1.5353535353535352
79 64.10425300531313 1.8181818181818181 1.3333333333333333 1.2121212121212122 3.0 1.8181818181818181 2.242424242424242 2.5757575757575757 1.5454545454545454 1.303030303030303 1.4242424242424243 2.393939393939394 2.242424242424242 2.515151515151515 1.5454545454545454 2.757575757575758 2.5454545454545454 2.9393939393939394 2.0606060606060606 2.0606060606060606 2.606060606060606 2.787878787878788 2.3333333333333335 1.5757575757575757 2.8181818181818183 2.5454545454545454 2.121212121212121 1.3333333333333333 2.8484848484848486 1.393939393939394 2.696969696969697 2.8484848484848486 2.3333333333333335 2.303030303030303 1.6666666666666667 1.3333333333333333 2.909090909090909 1.4242424242424243 2.5757575757575757 1.878787878787879 2.303030303030303
80 89.05020830040662 1.8181818181818181 1.3333333333333333 1.2121212121212122 3.0 1.8181818181818181 2.242424242424242 2.5757575757575757 1.5454545454545454 1.303030303030303 1.4242424242424243 2.393939393939394 2.242424242424242 2.515151515151515 1.5454545454545454 2.757575757575758 2.5454545454545454 2.9393939393939394 2.0606060606060606 2.0606060606060606 2.606060606060606 2.787878787878788 2.3333333333333335 1.5757575757575757 2.8181818181818183 2.5454545454545454 2.121212121212121 1.3333333333333333 2.8484848484848486 1.393939393939394 2.696969696969697 2.8484848484848486 2.3333333333333335 2.303030303030303 1.6666666666666667 1.3333333333333333 2.909090909090909 1.4242424242424243 2.5757575757575757 1.878787878787879 2.303030303030303
81 141.34360992534596 1.2121212121212122 0.8888888888888888 0.8080808080808081 2.0 1.2121212121212122 1.494949494949495 1.7171717171717171 1.0303030303030303 0.8686868686868687 0.9494949494949495 1.595959595959596 1.494949494949495 1.6767676767676767 1.0303030303030303 1.8383838383838385 1.696969696969697 1.9595959595959596 1.3737373737373737 1.3737373737373737 1.7373737373737375 1.8585858585858586 1.5555555555555556 1.0505050505050506 1.878787878787879 1.696969696969697 1.4141414141414141 0.8888888888888888 1.898989898989899 0.9292929292929293 1.797979797979798 1.898989898989899 1.5555555555555556 1.5353535353535352 1.1111111111111112 0.8888888888888888 1.9393939393939394 0.9494949494949495 1.7171717171717171 1.2525252525252526 1.5353535353535352
82 197.61803758557306 1.2121212121212122 0.8888888888888888 0.8080808080808081 2.0 1.2121212121212122 1.494949494949495 1.7171717171717171 1.0303030303030303 0.8686868686868687 0.9494949494949495 1.595959595959596 1.494949494949495 1.6767676767676767 1.0303030303030303 1.8383838383838385 1.696969696969697 1.9595959595959596 1.3737373737373737 1.3737373737373737 1.7373737373737375 1.8585858585858586 1.5555555555555556 1.0505050505050506 1.878787878787879 1.696969696969697 1.4141414141414141 0.8888888888888888 1.898989898989899 0.9292929292929293 1.797979797979798 1.898989898989899 1.5555555555555556 1.5353535353535352 1.1111111111111112 0.8888888888888888 1.9393939393939394 0.9494949494949495 1.7171717171717171 1.2525252525252526 1.5353535353535352
83 146.71474482974114 1.8181818181818181 1.3333333333333333 1.2121212121212122 3.0 1.8181818181818181 2.242424242424242 2.5757575757575757 1.5454545454545454 1.303030303030303 1.4242424242424243 2.393939393939394 2.242424242424242 2.515151515151515 1.5454545454545454 2.757575757575758 2.5454545454545454 2.9393939393939394 2.0606060606060606 2.0606060606060606 2.606060606060606 2.787878787878788 2.3333333333333335 1.5757575757575757 2.8181818181818183 2.5454545454545454 2.121212121212121 1.3333333333333333 2.8484848484848486 1.393939393939394 2.696969696969697 2.8484848484848486 2.3333333333333335 2.303030303030303 1.6666666666666667 1.3333333333333333 2.909090909090909 1.4242424242424243 2.5757575757575757 1.878787878787879 2.303030303030303
84 204.20224032937915 1.8181818181818181 1.3333333333333333 1.2121212121212122 3.0 1.8181818181818181 2.242424242424242 2.5757575757575757 1.5454545454545454 1.303030303030303 1.4242424242424243 2.393939393939394 2.242424242424242 2.515151515151515 1.5454545454545454 2.757575757575758 2.5454545454545454 2.9393939393939394 2.0606060606060606 2.0606060606060606 2.606060606060606 2.787878787878788 2.3333333333333335 1.5757575757575757 2.8181818181818183 2.5454545454545454 2.121212121212121 1.3333333333333333 2.8484848484848486 1.393939393939394 2.696969696969697 2.8484848484848486 2.3333333333333335 2.303030303030303 1.6666666666666667 1.3333333333333333 2.909090909090909 1.4242424242424243 2.5757575757575757 1.878787878787879 2.303030303030303
85 262.40938019037014 1.8181818181818181 1.3333333333333333 1.2121212121212122 3.0 1.8181818181818181 2.242424242424242 2.5757575757575757 1.5454545454545454 1.303030303030303 1.4242424242424243 2.393939393939394 2.242424242424242 2.515151515151515 1.5454545454545454 2.757575757575758 2.5454545454545454 2.9393939393939394 2.0606060606060606 2.0606060606060606 2.606060606060606 2.787878787878788 2.3333333333333335 1.5757575757575757 2.8181818181818183 2.5454545454545454 2.121212121212121 1.3333333333333333 2.8484848484848486 1.393939393939394 2.696969696969697 2.8484848484848486 2.3333333333333335 2.303030303030303 1.6666666666666667 1.3333333333333333 2.909090909090909 1.4242424242424243 2.5757575757575757 1.878787878787879 2.303030303030303
86 44.14996799165962 1.8181818181818181 1.3333333333333333 1.2121212121212122 3.0 1.8181818181818181 2.242424242424242 2.5757575757575757 1.5454545454545454 1.303030303030303 1.4242424242424243 2.393939393939394 2.242424242424242 2.515151515151515 1.5454545454545454 2.757575757575758 2.5454545454545454 2.9393939393939394 2.0606060606060606 2.0606060606060606 2.606060606060606 2.787878787878788 2.3333333333333335 1.5757575757575757 2.8181818181818183 2.5454545454545454 2.121212121212121 1.3333333333333333 2.8484848484848486 1.393939393939394 2.696969696969697 2.8484848484848486 2.3333333333333335 2.303030303030303 1.6666666666666667 1.3333333333333333 2.909090909090909 1.4242424242424243 2.5757575757575757 1.878787878787879 2.303030303030303
87 189.1476698176745 1.2121212121212122 0.8888888888888888 0.8080808080808081 2.0 1.2121212121212122 1.494949494949495 1.7171717171717171 1.0303030303030303 0.8686868686868687 0.9494949494949495 1.595959595959596 1.494949494949495 1.6767676767676767 1.0303030303030303 1.8383838383838385 1.696969696969697 1.9595959595959596 1.3737373737373737 1.3737373737373737 1.7373737373737375 1.8585858585858586 1.5555555555555556 1.0505050505050506 1.878787878787879 1.696969696969697 1.4141414141414141 0.8888888888888888 1.898989898989899 0.9292929292929293 1.797979797979798 1.898989898989899 1.5555555555555556 1.5353535353535352 1.1111111111111112 0.8888888888888888 1.9393939393939394 0.9494949494949495 1.7171717171717171 1.2525252525252526 1.5353535353535352
88 132.36716685323947 1.2121212121212122 0.8888888888888888 0.8080808080808081 2.0 1.2121212121212122 1.494949494949495 1.7171717171717171 1.0303030303030303 0.8686868686868687 0.9494949494949495 1.595959595959596 1.494949494949495 1.6767676767676767 1.0303030303030303 1.8383838383838385 1.696969696969697 1.9595959595959596 1.3737373737373737 1.3737373737373737 1.7373737373737375 1.8585858585858586 1.5555555555555556 1.0505050505050506 1.878787878787879 1.696969696969697 1.4141414141414141 0.8888888888888888 1.898989898989899 0.9292929292929293 1.797979797979798 1.898989898989899 1.5555555555555556 1.5353535353535352 1.1111111111111112 0.8888888888888888 1.9393939393939394 0.9494949494949495 1.7171717171717171 1.2525252525252526 1.5353535353535352
89 83.71196249388362 1.2121212121212122 0.8888888888888888 0.8080808080808081 2.0 1.2121212121212122 1.494949494949495 1.7171717171717171 1.0303030303030303 0.8686868686868687 0.9494949494949495 1.595959595959596 1.494949494949495 1.6767676767676767 1.0303030303030303 1.8383838383838385 1.696969696969697 1.9595959595959596 1.3737373737373737 1.3737373737373737 1.7373737373737375 1.8585858585858586 1.5555555555555556 1.0505050505050506 1.878787878787879 1.696969696969697 1.4141414141414141 0.8888888888888888 1.898989898989899 0.9292929292929293 1.797979797979798 1.898989898989899 1.5555555555555556 1.5353535353535352 1.1111111111111112 0.8888888888888888 1.9393939393939394 0.9494949494949495 1.7171717171717171 1.2525252525252526 1.5353535353535352
90 340.96561065450555 1.2121212121212122 0.8888888888888888 0.8080808080808081 2.0 1.2121212121212122 1.494949494949495 1.7171717171717171 1.0303030303030303 0.8686868686868687 0.9494949494949495 1.595959595959596 1.494949494949495 1.6767676767676767 1.0303030303030303 1.8383838383838385 1.696969696969697 1.9595959595959596 1.3737373737373737 1.3737373737373737 1.7373737373737375 1.8585858585858586 1.5555555555555556 1.0505050505050506 1.878787878787879 1.696969696969697 1.4141414141414141 0.8888888888888888 1.898989898989899 0.9292929292929293 1.797979797979798 1.898989898989899 1.5555555555555556 1.5353535353535352 1.1111111111111112 0.8888888888888888 1.9393939393939394 0.9494949494949495 1.7171717171717171 1.2525252525252526 1.5353535353535352
91 354.20397543090013 1.2121212121212122 0.8888888888888888 0.8080808080808081 2.0 1.2121212121212122 1.494949494949495 1.7171717171717171 1.0303030303030303 0.8686868686868687 0.9494949494949495 1.595959595959596 1.494949494949495 1.6767676767676767 1.0303030303030303 1.8383838383838385 1.696969696969697 1.9595959595959596 1.3737373737373737 1.3737373737373737 1.7373737373737375 1.8585858585858586 1.5555555555555556 1.0505050505050506 1.878787878787879 1.696969696969697 1.4141414141414141 0.8888888888888888 1.898989898989899 0.9292929292929293 1.797979797979798 1.898989898989899 1.5555555555555556 1.5353535353535352 1.1111111111111112 0.8888888888888888 1.9393939393939394 0.9494949494949495 1.7171717171717171 1.2525252525252526 1.5353535353535352
92 632.2805020450791 1.8181818181818181 1.3333333333333333 1.2121212121212122 3.0 1.8181818181818181 2.242424242424242 2.5757575757575757 1.5454545454545454 1.303030303030303 1.4242424242424243 2.393939393939394 2.242424242424242 2.515151515151515 1.5454545454545454 2.757575757575758 2.5454545454545454 2.9393939393939394 2.0606060606060606 2.0606060606060606 2.606060606060606 2.787878787878788 2.3333333333333335 1.5757575757575757 2.8181818181818183 2.5454545454545454 2.121212121212121 1.3333333333333333 2.8484848484848486 1.393939393939394 2.696969696969697 2.8484848484848486 2.3333333333333335 2.303030303030303 1.6666666666666667 1.3333333333333333 2.909090909090909 1.4242424242424243 2.5757575757575757 1.878787878787879 2.303030303030303
93 642.8743515727538 1.2121212121212122 0.8888888888888888 0.8080808080808081 2.0 1.2121212121212122 1.494949494949495 1.7171717171717171 1.0303030303030303 0.8686868686868687 0.9494949494949495 1.595959595959596 1.494949494949495 1.6767676767676767 1.0303030303030303 1.8383838383838385 1.696969696969697 1.9595959595959596 1.3737373737373737 1.3737373737373737 1.7373737373737375 1.8585858585858586 1.5555555555555556 1.0505050505050506 1.878787878787879 1.696969696969697 1.4141414141414141 0.8888888888888888 1.898989898989899 0.9292929292929293 1.797979797979798 1.898989898989899 1.5555555555555556 1.5353535353535352 1.1111111111111112 0.8888888888888888 1.9393939393939394 0.9494949494949495 1.7171717171717171 1.2525252525252526 1.5353535353535352
94 348.5023717226973 1.8181818181818181 1.3333333333333333 1.2121212121212122 3.0 1.8181818181818181 2.242424242424242 2.5757575757575757 1.5454545454545454 1.303030303030303 1.4242424242424243 2.393939393939394 2.242424242424242 2.515151515151515 1.5454545454545454 2.757575757575758 2.5454545454545454 2.9393939393939394 2.0606060606060606 2.0606060606060606 2.606060606060606 2.787878787878788 2.3333333333333335 1.5757575757575757 2.8181818181818183 2.5454545454545454 2.121212121212121 1.3333333333333333 2.8484848484848486 1.393939393939394 2.696969696969697 2.8484848484848486 2.3333333333333335 2.303030303030303 1.6666666666666667 1.3333333333333333 2.909090909090909 1.4242424242424243 2.5757575757575757 1.878787878787879 2.303030303030303
95 38.51023339433734 1.2121212121212122 0.8888888888888888 0.8080808080808081 2.0 1.2121212121212122 1.494949494949495 1.7171717171717171 1.0303030303030303 0.8686868686868687 0.9494949494949495 1.595959595959596 1.494949494949495 1.6767676767676767 1.0303030303030303 1.8383838383838385 1.696969696969697 1.9595959595959596 1.3737373737373737 1.3737373737373737 1.7373737373737375 1.8585858585858586 1.5555555555555556 1.0505050505050506 1.878787878787879 1.696969696969697 1.4141414141414141 0.8888888888888888 1.898989898989899 0.9292929292929293 1.797979797979798 1.898989898989899 1.5555555555555556 1.5353535353535352 1.1111111111111112 0.8888888888888888 1.9393939393939394 0.9494949494949495 1.7171717171717171 1.2525252525252526 1.5353535353535352
96 97.72104861921325 1.2121212121212122 0.8888888888888888 0.8080808080808081 2.0 1.2121212121212122 1.494949494949495 1.7171717171717171 1.0303030303030303 0.8686868686868687 0.9494949494949495 1.595959595959596 1.494949494949495 1.6767676767676767 1.0303030303030303 1.8383838383838385 1.696969696969697 1.9595959595959596 1.3737373737373737 1.3737373737373737 1.7373737373737375 1.8585858585858586 1.5555555555555556 1.0505050505050506 1.878787878787879 1.696969696969697 1.4141414141414141 0.8888888888888888 1.898989898989899 0.9292929292929293 1.797979797979798 1.898989898989899 1.5555555555555556 1.5353535353535352 1.1111111111111112 0.8888888888888888 1.9393939393939394 0.9494949494949495 1.7171717171717171 1.2525252525252526 1.5353535353535352
97 170.75491327375443 1.2121212121212122 0.8888888888888888 0.8080808080808081 2.0 1.2121212121212122 1.494949494949495 1.7171717171717171 1.0303030303030303 0.8686868686868687 0.9494949494949495 1.595959595959596 1.494949494949495 1.6767676767676767 1.0303030303030303 1.8383838383838385 1.696969696969697 1.9595959595959596 1.3737373737373737 1.3737373737373737 1.7373737373737375 1.8585858585858586 1.5555555555555556 1.0505050505050506 1.878787878787879 1.696969696969697 1.4141414141414141 0.8888888888888888 1.898989898989899 0.9292929292929293 1.797979797979798 1.898989898989899 1.5555555555555556 1.5353535353535352 1.1111111111111112 0.8888888888888888 1.9393939393939394 0.9494949494949495 1.7171717171717171 1.2525252525252526 1.5353535353535352
98 249.94612054141646 1.2121212121212122 0.8888888888888888 0.8080808080808081 2.0 1.2121212121212122 1.494949494949495 1.7171717171717171 1.0303030303030303 0.8686868686868687 0.9494949494949495 1.595959595959596 1.494949494949495 1.6767676767676767 1.0303030303030303 1.8383838383838385 1.696969696969697 1.9595959595959596 1.3737373737373737 1.3737373737373737 1.7373737373737375 1.8585858585858586 1.5555555555555556 1.0505050505050506 1.878787878787879 1.696969696969697 1.4141414141414141 0.8888888888888888 1.898989898989899 0.9292929292929293 1.797979797979798 1.898989898989899 1.5555555555555556 1.5353535353535352 1.1111111111111112 0.8888888888888888 1.9393939393939394 0.9494949494949495 1.7171717171717171 1.2525252525252526 1.5353535353535352
99 257.6473238077649 1.8181818181818181 1.3333333333333333 1.2121212121212122 3.0 1.8181818181818181 2.242424242424242 2.5757575757575757 1.5454545454545454 1.303030303030303 1.4242424242424243 2.393939393939394 2.242424242424242 2.515151515151515 1.5454545454545454 2.757575757575758 2.5454545454545454 2.9393939393939394 2.0606060606060606 2.0606060606060606 2.606060606060606 2.787878787878788 2.3333333333333335 1.5757575757575757 2.8181818181818183 2.5454545454545454 2.121212121212121 1.3333333333333333 2.8484848484848486 1.393939393939394 2.696969696969697 2.8484848484848486 2.3333333333333335 2.303030303030303 1.6666666666666667 1.3333333333333333 2.909090909090909 1.4242424242424243 2.5757575757575757 1.878787878787879 2.303030303030303
