60 10
TREE NETWORK (nID nID Weight):
16 0 50
6 0 54
1 16 33
40 1 33
5 0 46
35 1 40
24 16 32
22 24 45
12 16 53
56 22 52
11 35 45
23 11 36
48 24 40
25 1 55
9 5 40
34 22 58
27 9 33
14 22 43
8 56 38
21 48 39
13 16 56
39 16 54
43 39 42
37 34 45
31 23 49
20 27 43
41 20 39
30 9 54
47 14 46
44 1 45
36 23 58
50 44 55
57 25 57
2 9 31
33 8 34
59 47 52
17 31 58
38 24 39
29 2 51
49 37 46
54 8 33
18 12 47
51 49 43
52 27 49
58 2 53
4 30 58
7 48 48
42 23 34
19 54 50
53 44 55
46 34 42
32 23 53
15 44 31
3 19 40
55 17 50
10 31 35
28 8 39
26 16 39
45 54 53
PROGRAMS ASSIGNED TO NODES (nID pID1 pID2 ...):
0 1 2 3 4 5 6 7 8 9 10
1 2 4 5 6 7 10
3 2
4 3 10
5 1 2 3 4 6 7 8 9 10
6 6 10
7 1 2 3 4 5 7 8 9 10
8 3 5 6 7
9 1 3 4 6 7
10 1 9
11 5 7 8 9
12 1 6
13 1 2 4 6 8 9
14 1 2 3 4 8 9 10
15 7
17 2 3 5 6 7 8 10
18 5 6 7
19 3 4 5 7 8 9
20 5 6
22 4 5 6 8 9 10
23 2 3 5 8 10
24 3 9 10
25 3 4 5 6 9
26 1 3 5 8 9
27 4 6 9 10
28 3 4 5 7 8 9 10
29 3
30 1 2 7 10
31 1 2 3 5 6 7 8 9
32 1 2 3 8 9 10
33 3 4 7 9 10
34 4 5 6 7 9 10
35 1 2 4 5 6 7 8 10
36 5 10
37 2 3 4 5 6 8 10
38 1 2 4 5 8
40 1 2 3 4 6 7 8 9 10
41 1 2
42 1 2 3 4 5 7 9 10
43 1 2 3 4 6 8 9 10
44 1
45 1 2 3 4 5 7 8 9 10
46 9
48 3 5 6 7
49 4 5 6 10
50 2 10
51 4 5 6 8 9 10
52 1 2 4 6 7 9
53 2 3 5 7 9
54 6
55 1 6 7 8 9
56 1 3 4 6 9 10
57 1 2 4 6 7 8 9 10
59 1 4 6 8
SIZE OF PROGRAMS (pID SIZE):
1 86.0
2 63.0
3 51.0
4 80.0
5 87.0
6 93.0
7 77.0
8 84.0
9 96.0
10 42.0
COST TO INSTALL SERVERS AND PROGRAMS ON NODES (COST_TO_INSTALL_SERVER COST_TO_INSTALL_pID1 ...):
0 2581.25 1.7916666666666667 1.3125 1.0625 1.6666666666666667 1.8125 1.9375 1.6041666666666667 1.75 2.0 0.875
1 47.93315487490808 1.7916666666666667 1.3125 1.0625 1.6666666666666667 1.8125 1.9375 1.6041666666666667 1.75 2.0 0.875
2 3.955945103274738 1.7916666666666667 1.3125 1.0625 1.6666666666666667 1.8125 1.9375 1.6041666666666667 1.75 2.0 0.875
3 13.392376945758441 1.7916666666666667 1.3125 1.0625 1.6666666666666667 1.8125 1.9375 1.6041666666666667 1.75 2.0 0.875
4 11.228447551707735 2.6875 1.96875 1.59375 2.5 2.71875 2.90625 2.40625 2.625 3.0 1.3125
5 14.110199235511356 1.7916666666666667 1.3125 1.0625 1.6666666666666667 1.8125 1.9375 1.6041666666666667 1.75 2.0 0.875
6 0.18665188220648332 2.6875 1.96875 1.59375 2.5 2.71875 2.90625 2.40625 2.625 3.0 1.3125
7 52.03582512298982 2.6875 1.96875 1.59375 2.5 2.71875 2.90625 2.40625 2.625 3.0 1.3125
8 90.15015496981144 1.7916666666666667 1.3125 1.0625 1.6666666666666667 1.8125 1.9375 1.6041666666666667 1.75 2.0 0.875
9 45.99856455092083 2.6875 1.96875 1.59375 2.5 2.71875 2.90625 2.40625 2.625 3.0 1.3125
10 27.10853033977627 1.7916666666666667 1.3125 1.0625 1.6666666666666667 1.8125 1.9375 1.6041666666666667 1.75 2.0 0.875
11 54.74951928180376 2.6875 1.96875 1.59375 2.5 2.71875 2.90625 2.40625 2.625 3.0 1.3125
12 6.872280264519919 1.7916666666666667 1.3125 1.0625 1.6666666666666667 1.8125 1.9375 1.6041666666666667 1.75 2.0 0.875
13 17.584594492179058 2.6875 1.96875 1.59375 2.5 2.71875 2.90625 2.40625 2.625 3.0 1.3125
14 66.03371378479005 2.6875 1.96875 1.59375 2.5 2.71875 2.90625 2.40625 2.625 3.0 1.3125
15 5.207540301582157 1.7916666666666667 1.3125 1.0625 1.6666666666666667 1.8125 1.9375 1.6041666666666667 1.75 2.0 0.875
16 17.56695767525155 1.7916666666666667 1.3125 1.0625 1.6666666666666667 1.8125 1.9375 1.6041666666666667 1.75 2.0 0.875
17 76.17454989553885 2.6875 1.96875 1.59375 2.5 2.71875 2.90625 2.40625 2.625 3.0 1.3125
18 10.726151255697589 2.6875 1.96875 1.59375 2.5 2.71875 2.90625 2.40625 2.625 3.0 1.3125
19 140.8393194458845 2.6875 1.96875 1.59375 2.5 2.71875 2.90625 2.40625 2.625 3.0 1.3125
20 16.564438067735196 2.6875 1.96875 1.59375 2.5 2.71875 2.90625 2.40625 2.625 3.0 1.3125
21 537.0 1.7916666666666667 1.3125 1.0625 1.6666666666666667 1.8125 1.9375 1.6041666666666667 1.75 2.0 0.875
22 57.005720666793124 1.7916666666666667 1.3125 1.0625 1.6666666666666667 1.8125 1.9375 1.6041666666666667 1.75 2.0 0.875
23 95.4456407296739 2.6875 1.96875 1.59375 2.5 2.71875 2.90625 2.40625 2.625 3.0 1.3125
24 32.62973702944993 1.7916666666666667 1.3125 1.0625 1.6666666666666667 1.8125 1.9375 1.6041666666666667 1.75 2.0 0.875
25 78.07032082553997 1.7916666666666667 1.3125 1.0625 1.6666666666666667 1.8125 1.9375 1.6041666666666667 1.75 2.0 0.875
26 14.005781495659491 2.6875 1.96875 1.59375 2.5 2.71875 2.90625 2.40625 2.625 3.0 1.3125
27 35.21666501973974 2.6875 1.96875 1.59375 2.5 2.71875 2.90625 2.40625 2.625 3.0 1.3125
28 40.91974328616441 2.6875 1.96875 1.59375 2.5 2.71875 2.90625 2.40625 2.625 3.0 1.3125
29 6.4671041222429 2.6875 1.96875 1.59375 2.5 2.71875 2.90625 2.40625 2.625 3.0 1.3125
30 16.855696344975673 1.7916666666666667 1.3125 1.0625 1.6666666666666667 1.8125 1.9375 1.6041666666666667 1.75 2.0 0.875
31 142.50369468228666 1.7916666666666667 1.3125 1.0625 1.6666666666666667 1.8125 1.9375 1.6041666666666667 1.75 2.0 0.875
32 53.84370981759849 2.6875 1.96875 1.59375 2.5 2.71875 2.90625 2.40625 2.625 3.0 1.3125
33 78.32125514509859 2.6875 1.96875 1.59375 2.5 2.71875 2.90625 2.40625 2.625 3.0 1.3125
34 47.48517234235506 1.7916666666666667 1.3125 1.0625 1.6666666666666667 1.8125 1.9375 1.6041666666666667 1.75 2.0 0.875
35 51.672166393821044 1.7916666666666667 1.3125 1.0625 1.6666666666666667 1.8125 1.9375 1.6041666666666667 1.75 2.0 0.875
36 23.20732739553766 1.7916666666666667 1.3125 1.0625 1.6666666666666667 1.8125 1.9375 1.6041666666666667 1.75 2.0 0.875
37 104.44749350883626 2.6875 1.96875 1.59375 2.5 2.71875 2.90625 2.40625 2.625 3.0 1.3125
38 40.62464008053537 2.6875 1.96875 1.59375 2.5 2.71875 2.90625 2.40625 2.625 3.0 1.3125
39 13.120469748152813 1.7916666666666667 1.3125 1.0625 1.6666666666666667 1.8125 1.9375 1.6041666666666667 1.75 2.0 0.875
40 77.72083855478357 2.6875 1.96875 1.59375 2.5 2.71875 2.90625 2.40625 2.625 3.0 1.3125
41 22.491214856690764 2.6875 1.96875 1.59375 2.5 2.71875 2.90625 2.40625 2.625 3.0 1.3125
42 83.4780803590954 2.6875 1.96875 1.59375 2.5 2.71875 2.90625 2.40625 2.625 3.0 1.3125
43 50.790503722576126 1.7916666666666667 1.3125 1.0625 1.6666666666666667 1.8125 1.9375 1.6041666666666667 1.75 2.0 0.875
44 38.17532731894089 2.6875 1.96875 1.59375 2.5 2.71875 2.90625 2.40625 2.625 3.0 1.3125
45 145.73955902985085 2.6875 1.96875 1.59375 2.5 2.71875 2.90625 2.40625 2.625 3.0 1.3125
46 11.197221834751309 1.7916666666666667 1.3125 1.0625 1.6666666666666667 1.8125 1.9375 1.6041666666666667 1.75 2.0 0.875
47 48.832601948407046 2.6875 1.96875 1.59375 2.5 2.71875 2.90625 2.40625 2.625 3.0 1.3125
48 84.96442590834828 1.7916666666666667 1.3125 1.0625 1.6666666666666667 1.8125 1.9375 1.6041666666666667 1.75 2.0 0.875
49 94.15161685157247 1.7916666666666667 1.3125 1.0625 1.6666666666666667 1.8125 1.9375 1.6041666666666667 1.75 2.0 0.875
50 8.804544499505786 1.7916666666666667 1.3125 1.0625 1.6666666666666667 1.8125 1.9375 1.6041666666666667 1.75 2.0 0.875
51 96.21172839172502 2.6875 1.96875 1.59375 2.5 2.71875 2.90625 2.40625 2.625 3.0 1.3125
52 68.21803051954096 1.7916666666666667 1.3125 1.0625 1.6666666666666667 1.8125 1.9375 1.6041666666666667 1.75 2.0 0.875
53 29.077871870873096 2.6875 1.96875 1.59375 2.5 2.71875 2.90625 2.40625 2.625 3.0 1.3125
54 111.10161397102642 1.7916666666666667 1.3125 1.0625 1.6666666666666667 1.8125 1.9375 1.6041666666666667 1.75 2.0 0.875
55 76.31988329989633 2.6875 1.96875 1.59375 2.5 2.71875 2.90625 2.40625 2.625 3.0 1.3125
56 114.61224091969491 2.6875 1.96875 1.59375 2.5 2.71875 2.90625 2.40625 2.625 3.0 1.3125
57 59.587484613081564 1.7916666666666667 1.3125 1.0625 1.6666666666666667 1.8125 1.9375 1.6041666666666667 1.75 2.0 0.875
58 390.0 1.7916666666666667 1.3125 1.0625 1.6666666666666667 1.8125 1.9375 1.6041666666666667 1.75 2.0 0.875
59 79.53912410754819 1.7916666666666667 1.3125 1.0625 1.6666666666666667 1.8125 1.9375 1.6041666666666667 1.75 2.0 0.875
