70 10
TREE NETWORK (nID nID Weight):
4 0 47
31 0 36
34 4 35
9 34 46
13 34 52
14 34 57
45 31 35
1 13 45
29 45 57
12 0 56
43 45 43
30 34 42
49 43 49
37 0 37
53 45 40
24 14 47
38 30 47
59 14 57
21 34 36
27 53 59
63 43 47
44 63 38
51 0 44
7 43 51
39 51 50
64 51 47
66 12 58
20 45 54
19 13 54
22 29 45
41 12 52
65 24 45
55 43 58
36 34 49
42 19 54
17 9 46
8 17 45
56 55 36
69 37 53
47 17 57
33 36 54
26 42 38
40 1 59
18 43 46
68 65 57
58 24 44
62 0 43
2 66 49
25 40 57
61 63 32
54 17 59
10 66 50
48 62 39
28 22 46
16 42 38
50 22 54
11 18 31
52 59 45
23 68 56
57 34 59
60 54 41
32 63 59
3 40 59
15 43 30
5 14 43
6 48 33
67 49 50
46 56 41
35 48 52
PROGRAMS ASSIGNED TO NODES (nID pID1 pID2 ...):
0 1 2 3 4 5 6 7 8 9 10
1 1 2 4 7 9 10
2 1 2 3 4 5 6 7 9
3 2 4 8 9
5 3 4 5 6 7 9 10
6 5 6
7 2 4 10
8 10
9 6
11 1 2 3 4 5 6 7 8 10
12 1 7 8 9 10
13 2 4 6 7 8 10
14 2 6 9
15 2 8
16 1 3 5 6
17 2 3 4 5 6 7 8 9 10
18 1 2 3 5 6 8 9 10
21 2 4
22 3 4 5 7 8 10
23 1 3 10
24 1 4 7 8 9 10
25 1 4 5 6 8
26 4
27 1 2 3 4 5 8 9 10
28 2 4 5 8
29 6
32 1 2 3 4 5 7 8 10
33 3 6
34 2 8
35 3 4 5 10
36 3 4 5 8 10
37 1 2 3 4 6 7 8 9 10
38 1 2 3 5 6 7 8 9 10
39 1 2 3 5 6 8 9 10
40 9
42 2 8
43 1 2 6 7 8 9 10
44 1 2 3 5 6 8 10
45 3
46 1 3 4 5 6 8 9 10
47 1 3
49 1 2 5 6 8
50 1 2 4 5 7 8 10
52 1 3 6
53 1 2 3 4 5 6 7 8
54 1 2 3 4 5 7 9
55 1 2 3 4 5 6 7 8
56 1 3 4 5 6 7 8 9 10
57 1 3 4 5 6 7 8 9
58 1 2 3 4 8 9
59 1 4 5 8 9
60 2 3 4 5 6 7 8
61 1 3
62 1 2 3 5 7 8 9
63 1 2 3 4 5 8 10
65 1 9 10
66 9 10
67 1 2 4 5 6 7 8 9 10
68 2 3 4 7 9 10
69 1 3 4 5 7 8 9 10
SIZE OF PROGRAMS (pID SIZE):
1 91.0
2 59.0
3 59.0
4 86.0
5 88.0
6 86.0
7 57.0
8 70.0
9 79.0
10 70.0
COST TO INSTALL SERVERS AND PROGRAMS ON NODES (COST_TO_INSTALL_SERVER COST_TO_INSTALL_pID1 ...):
0 3456.0439560439563 3.0 1.945054945054945 1.945054945054945 2.8351648351648353 2.901098901098901 2.8351648351648353 1.879120879120879 2.3076923076923075 2.6043956043956045 2.3076923076923075
1 94.01950600705503 3.0 1.945054945054945 1.945054945054945 2.8351648351648353 2.901098901098901 2.8351648351648353 1.879120879120879 2.3076923076923075 2.6043956043956045 2.3076923076923075
2 21.979613756463994 3.0 1.945054945054945 1.945054945054945 2.8351648351648353 2.901098901098901 2.8351648351648353 1.879120879120879 2.3076923076923075 2.6043956043956045 2.3076923076923075
3 61.73072404703964 3.0 1.945054945054945 1.945054945054945 2.8351648351648353 2.901098901098901 2.8351648351648353 1.879120879120879 2.3076923076923075 2.6043956043956045 2.3076923076923075
4 15.683473689943714 3.0 1.945054945054945 1.945054945054945 2.8351648351648353 2.901098901098901 2.8351648351648353 1.879120879120879 2.3076923076923075 2.6043956043956045 2.3076923076923075
5 56.35331070347804 2.0 1.2967032967032968 1.2967032967032968 1.89010989010989 1.934065934065934 1.89010989010989 1.2527472527472527 1.5384615384615385 1.7362637362637363 1.5384615384615385
6 13.877406797088465 2.0 1.2967032967032968 1.2967032967032968 1.89010989010989 1.934065934065934 1.89010989010989 1.2527472527472527 1.5384615384615385 1.7362637362637363 1.5384615384615385
7 14.528675546128508 3.0 1.945054945054945 1.945054945054945 2.8351648351648353 2.901098901098901 2.8351648351648353 1.879120879120879 2.3076923076923075 2.6043956043956045 2.3076923076923075
8 6.277841903355549 3.0 1.945054945054945 1.945054945054945 2.8351648351648353 2.901098901098901 2.8351648351648353 1.879120879120879 2.3076923076923075 2.6043956043956045 2.3076923076923075
9 37.05742205246939 3.0 1.945054945054945 1.945054945054945 2.8351648351648353 2.901098901098901 2.8351648351648353 1.879120879120879 2.3076923076923075 2.6043956043956045 2.3076923076923075
10 817.0 2.0 1.2967032967032968 1.2967032967032968 1.89010989010989 1.934065934065934 1.89010989010989 1.2527472527472527 1.5384615384615385 1.7362637362637363 1.5384615384615385
11 104.85050822582062 2.0 1.2967032967032968 1.2967032967032968 1.89010989010989 1.934065934065934 1.89010989010989 1.2527472527472527 1.5384615384615385 1.7362637362637363 1.5384615384615385
12 6.620886076326416 3.0 1.945054945054945 1.945054945054945 2.8351648351648353 2.901098901098901 2.8351648351648353 1.879120879120879 2.3076923076923075 2.6043956043956045 2.3076923076923075
13 47.777053411606744 3.0 1.945054945054945 1.945054945054945 2.8351648351648353 2.901098901098901 2.8351648351648353 1.879120879120879 2.3076923076923075 2.6043956043956045 2.3076923076923075
14 49.80486632592419 2.0 1.2967032967032968 1.2967032967032968 1.89010989010989 1.934065934065934 1.89010989010989 1.2527472527472527 1.5384615384615385 1.7362637362637363 1.5384615384615385
15 12.503921434905468 2.0 1.2967032967032968 1.2967032967032968 1.89010989010989 1.934065934065934 1.89010989010989 1.2527472527472527 1.5384615384615385 1.7362637362637363 1.5384615384615385
16 58.89229861847366 3.0 1.945054945054945 1.945054945054945 2.8351648351648353 2.901098901098901 2.8351648351648353 1.879120879120879 2.3076923076923075 2.6043956043956045 2.3076923076923075
17 117.27665258559895 2.0 1.2967032967032968 1.2967032967032968 1.89010989010989 1.934065934065934 1.89010989010989 1.2527472527472527 1.5384615384615385 1.7362637362637363 1.5384615384615385
18 70.66349048723166 3.0 1.945054945054945 1.945054945054945 2.8351648351648353 2.901098901098901 2.8351648351648353 1.879120879120879 2.3076923076923075 2.6043956043956045 2.3076923076923075
19 24.51301465866633 2.0 1.2967032967032968 1.2967032967032968 1.89010989010989 1.934065934065934 1.89010989010989 1.2527472527472527 1.5384615384615385 1.7362637362637363 1.5384615384615385
20 529.0 2.0 1.2967032967032968 1.2967032967032968 1.89010989010989 1.934065934065934 1.89010989010989 1.2527472527472527 1.5384615384615385 1.7362637362637363 1.5384615384615385
21 13.213378624388298 3.0 1.945054945054945 1.945054945054945 2.8351648351648353 2.901098901098901 2.8351648351648353 1.879120879120879 2.3076923076923075 2.6043956043956045 2.3076923076923075
22 68.79278610303483 3.0 1.945054945054945 1.945054945054945 2.8351648351648353 2.901098901098901 2.8351648351648353 1.879120879120879 2.3076923076923075 2.6043956043956045 2.3076923076923075
23 29.105485992481746 3.0 1.945054945054945 1.945054945054945 2.8351648351648353 2.901098901098901 2.8351648351648353 1.879120879120879 2.3076923076923075 2.6043956043956045 2.3076923076923075
24 49.94814863941056 2.0 1.2967032967032968 1.2967032967032968 1.89010989010989 1.934065934065934 1.89010989010989 1.2527472527472527 1.5384615384615385 1.7362637362637363 1.5384615384615385
25 63.611563155135514 2.0 1.2967032967032968 1.2967032967032968 1.89010989010989 1.934065934065934 1.89010989010989 1.2527472527472527 1.5384615384615385 1.7362637362637363 1.5384615384615385
26 13.300371572118078 3.0 1.945054945054945 1.945054945054945 2.8351648351648353 2.901098901098901 2.8351648351648353 1.879120879120879 2.3076923076923075 2.6043956043956045 2.3076923076923075
27 58.69940529985689 3.0 1.945054945054945 1.945054945054945 2.8351648351648353 2.901098901098901 2.8351648351648353 1.879120879120879 2.3076923076923075 2.6043956043956045 2.3076923076923075
28 42.574857524237295 2.0 1.2967032967032968 1.2967032967032968 1.89010989010989 1.934065934065934 1.89010989010989 1.2527472527472527 1.5384615384615385 1.7362637362637363 1.5384615384615385
29 40.956643932466456 3.0 1.945054945054945 1.945054945054945 2.8351648351648353 2.901098901098901 2.8351648351648353 1.879120879120879 2.3076923076923075 2.6043956043956045 2.3076923076923075
30 56.01540508611834 2.0 1.2967032967032968 1.2967032967032968 1.89010989010989 1.934065934065934 1.89010989010989 1.2527472527472527 1.5384615384615385 1.7362637362637363 1.5384615384615385
31 10.815136102872017 3.0 1.945054945054945 1.945054945054945 2.8351648351648353 2.901098901098901 2.8351648351648353 1.879120879120879 2.3076923076923075 2.6043956043956045 2.3076923076923075
32 73.18073950256742 2.0 1.2967032967032968 1.2967032967032968 1.89010989010989 1.934065934065934 1.89010989010989 1.2527472527472527 1.5384615384615385 1.7362637362637363 1.5384615384615385
33 12.945612694190059 2.0 1.2967032967032968 1.2967032967032968 1.89010989010989 1.934065934065934 1.89010989010989 1.2527472527472527 1.5384615384615385 1.7362637362637363 1.5384615384615385
34 34.55369703435686 2.0 1.2967032967032968 1.2967032967032968 1.89010989010989 1.934065934065934 1.89010989010989 1.2527472527472527 1.5384615384615385 1.7362637362637363 1.5384615384615385
35 18.71211727571453 3.0 1.945054945054945 1.945054945054945 2.8351648351648353 2.901098901098901 2.8351648351648353 1.879120879120879 2.3076923076923075 2.6043956043956045 2.3076923076923075
36 46.6512282492327 2.0 1.2967032967032968 1.2967032967032968 1.89010989010989 1.934065934065934 1.89010989010989 1.2527472527472527 1.5384615384615385 1.7362637362637363 1.5384615384615385
37 17.37645696482141 3.0 1.945054945054945 1.945054945054945 2.8351648351648353 2.901098901098901 2.8351648351648353 1.879120879120879 2.3076923076923075 2.6043956043956045 2.3076923076923075
38 57.15991703669164 3.0 1.945054945054945 1.945054945054945 2.8351648351648353 2.901098901098901 2.8351648351648353 1.879120879120879 2.3076923076923075 2.6043956043956045 2.3076923076923075
39 40.68745699306926 2.0 1.2967032967032968 1.2967032967032968 1.89010989010989 1.934065934065934 1.89010989010989 1.2527472527472527 1.5384615384615385 1.7362637362637363 1.5384615384615385
40 85.99509230594983 3.0 1.945054945054945 1.945054945054945 2.8351648351648353 2.901098901098901 2.8351648351648353 1.879120879120879 2.3076923076923075 2.6043956043956045 2.3076923076923075
41 478.0 3.0 1.945054945054945 1.945054945054945 2.8351648351648353 2.901098901098901 2.8351648351648353 1.879120879120879 2.3076923076923075 2.6043956043956045 2.3076923076923075
42 63.635599605618054 3.0 1.945054945054945 1.945054945054945 2.8351648351648353 2.901098901098901 2.8351648351648353 1.879120879120879 2.3076923076923075 2.6043956043956045 2.3076923076923075
43 71.77187164541638 2.0 1.2967032967032968 1.2967032967032968 1.89010989010989 1.934065934065934 1.89010989010989 1.2527472527472527 1.5384615384615385 1.7362637362637363 1.5384615384615385
44 50.361414121282266 3.0 1.945054945054945 1.945054945054945 2.8351648351648353 2.901098901098901 2.8351648351648353 1.879120879120879 2.3076923076923075 2.6043956043956045 2.3076923076923075
45 26.82655271889844 3.0 1.945054945054945 1.945054945054945 2.8351648351648353 2.901098901098901 2.8351648351648353 1.879120879120879 2.3076923076923075 2.6043956043956045 2.3076923076923075
46 89.78281492747125 3.0 1.945054945054945 1.945054945054945 2.8351648351648353 2.901098901098901 2.8351648351648353 1.879120879120879 2.3076923076923075 2.6043956043956045 2.3076923076923075
47 19.20600295537491 3.0 1.945054945054945 1.945054945054945 2.8351648351648353 2.901098901098901 2.8351648351648353 1.879120879120879 2.3076923076923075 2.6043956043956045 2.3076923076923075
48 26.098332487086548 2.0 1.2967032967032968 1.2967032967032968 1.89010989010989 1.934065934065934 1.89010989010989 1.2527472527472527 1.5384615384615385 1.7362637362637363 1.5384615384615385
49 74.36980725978931 2.0 1.2967032967032968 1.2967032967032968 1.89010989010989 1.934065934065934 1.89010989010989 1.2527472527472527 1.5384615384615385 1.7362637362637363 1.5384615384615385
50 50.04174759102475 2.0 1.2967032967032968 1.2967032967032968 1.89010989010989 1.934065934065934 1.89010989010989 1.2527472527472527 1.5384615384615385 1.7362637362637363 1.5384615384615385
51 5.087853125271382 3.0 1.945054945054945 1.945054945054945 2.8351648351648353 2.901098901098901 2.8351648351648353 1.879120879120879 2.3076923076923075 2.6043956043956045 2.3076923076923075
52 41.63087656312104 2.0 1.2967032967032968 1.2967032967032968 1.89010989010989 1.934065934065934 1.89010989010989 1.2527472527472527 1.5384615384615385 1.7362637362637363 1.5384615384615385
53 87.12363029794778 2.0 1.2967032967032968 1.2967032967032968 1.89010989010989 1.934065934065934 1.89010989010989 1.2527472527472527 1.5384615384615385 1.7362637362637363 1.5384615384615385
54 109.14441217840425 3.0 1.945054945054945 1.945054945054945 2.8351648351648353 2.901098901098901 2.8351648351648353 1.879120879120879 2.3076923076923075 2.6043956043956045 2.3076923076923075
55 73.67033091991442 3.0 1.945054945054945 1.945054945054945 2.8351648351648353 2.901098901098901 2.8351648351648353 1.879120879120879 2.3076923076923075 2.6043956043956045 2.3076923076923075
56 71.11075266148015 3.0 1.945054945054945 1.945054945054945 2.8351648351648353 2.901098901098901 2.8351648351648353 1.879120879120879 2.3076923076923075 2.6043956043956045 2.3076923076923075
57 44.41378584411282 3.0 1.945054945054945 1.945054945054945 2.8351648351648353 2.901098901098901 2.8351648351648353 1.879120879120879 2.3076923076923075 2.6043956043956045 2.3076923076923075
58 56.46340298042394 2.0 1.2967032967032968 1.2967032967032968 1.89010989010989 1.934065934065934 1.89010989010989 1.2527472527472527 1.5384615384615385 1.7362637362637363 1.5384615384615385
59 59.49269695651754 2.0 1.2967032967032968 1.2967032967032968 1.89010989010989 1.934065934065934 1.89010989010989 1.2527472527472527 1.5384615384615385 1.7362637362637363 1.5384615384615385
60 64.7213800191131 3.0 1.945054945054945 1.945054945054945 2.8351648351648353 2.901098901098901 2.8351648351648353 1.879120879120879 2.3076923076923075 2.6043956043956045 2.3076923076923075
61 15.005501246045723 3.0 1.945054945054945 1.945054945054945 2.8351648351648353 2.901098901098901 2.8351648351648353 1.879120879120879 2.3076923076923075 2.6043956043956045 2.3076923076923075
62 9.341435276375456 3.0 1.945054945054945 1.945054945054945 2.8351648351648353 2.901098901098901 2.8351648351648353 1.879120879120879 2.3076923076923075 2.6043956043956045 2.3076923076923075
63 90.64509131381777 2.0 1.2967032967032968 1.2967032967032968 1.89010989010989 1.934065934065934 1.89010989010989 1.2527472527472527 1.5384615384615385 1.7362637362637363 1.5384615384615385
64 828.0 3.0 1.945054945054945 1.945054945054945 2.8351648351648353 2.901098901098901 2.8351648351648353 1.879120879120879 2.3076923076923075 2.6043956043956045 2.3076923076923075
65 38.95024496626192 3.0 1.945054945054945 1.945054945054945 2.8351648351648353 2.901098901098901 2.8351648351648353 1.879120879120879 2.3076923076923075 2.6043956043956045 2.3076923076923075
66 30.358160697005133 2.0 1.2967032967032968 1.2967032967032968 1.89010989010989 1.934065934065934 1.89010989010989 1.2527472527472527 1.5384615384615385 1.7362637362637363 1.5384615384615385
67 97.64626549085882 3.0 1.945054945054945 1.945054945054945 2.8351648351648353 2.901098901098901 2.8351648351648353 1.879120879120879 2.3076923076923075 2.6043956043956045 2.3076923076923075
68 64.84509083774881 2.0 1.2967032967032968 1.2967032967032968 1.89010989010989 1.934065934065934 1.89010989010989 1.2527472527472527 1.5384615384615385 1.7362637362637363 1.5384615384615385
69 25.11450364090685 3.0 1.945054945054945 1.945054945054945 2.8351648351648353 2.901098901098901 2.8351648351648353 1.879120879120879 2.3076923076923075 2.6043956043956045 2.3076923076923075
