190 10
TREE NETWORK (nID nID Weight):
110 0 46
47 0 31
7 0 55
142 0 48
184 47 42
73 0 52
158 0 32
71 73 36
88 158 49
59 0 46
162 0 44
96 142 52
165 158 34
187 165 30
185 165 39
35 0 41
100 184 42
21 35 54
161 185 34
138 162 46
3 21 44
80 71 42
117 7 47
150 185 45
173 35 42
15 158 32
140 184 57
135 35 48
58 0 50
189 184 42
40 150 31
91 47 50
178 59 35
144 165 37
119 173 30
143 59 40
167 3 34
52 110 55
183 73 59
18 183 35
69 161 42
147 73 30
112 184 47
132 47 40
137 47 37
115 132 31
124 52 36
128 59 33
8 100 55
93 35 46
6 96 59
44 189 34
126 21 32
170 100 36
66 69 42
160 140 55
122 170 38
49 161 40
81 143 48
38 158 33
72 35 52
74 7 46
136 74 51
62 0 56
60 185 52
157 74 48
171 157 57
67 162 54
79 93 55
29 171 54
32 110 46
84 147 39
10 112 46
116 150 54
152 178 33
33 60 43
57 44 37
145 189 33
139 132 36
68 79 45
37 178 54
148 165 35
129 157 40
55 62 47
101 67 34
164 93 55
104 136 34
56 60 46
159 147 58
106 104 47
102 81 53
39 122 46
105 80 47
123 71 37
114 161 58
4 157 34
156 79 47
54 147 51
113 49 54
46 158 56
17 158 46
82 100 33
188 143 47
107 123 38
177 58 39
95 157 53
181 143 45
30 177 30
118 68 49
169 122 38
43 157 31
99 102 34
1 100 35
13 144 50
27 114 56
166 81 30
163 0 33
14 140 36
94 33 39
65 3 34
61 94 50
5 105 42
42 161 51
125 29 34
25 72 52
176 178 46
77 102 31
120 166 34
34 72 46
127 79 41
108 71 32
186 30 31
85 57 38
111 187 32
154 21 44
109 135 35
24 37 55
75 74 56
31 159 55
45 144 57
155 142 44
174 84 41
97 160 46
131 107 33
175 58 50
51 30 42
130 187 55
146 164 48
63 185 49
103 169 46
78 60 46
92 54 48
22 178 54
168 184 34
151 105 58
182 54 31
12 107 57
172 74 35
76 66 37
133 82 46
41 110 47
121 123 46
28 163 31
89 4 57
53 115 44
134 175 46
9 173 46
179 7 40
141 110 37
23 25 55
19 140 37
149 161 45
70 155 33
98 122 44
180 161 38
20 188 53
87 185 55
48 166 51
36 65 47
90 137 51
11 0 45
86 138 58
64 13 45
153 67 40
2 166 52
50 155 38
16 148 58
26 46 55
83 94 37
PROGRAMS ASSIGNED TO NODES (nID pID1 pID2 ...):
0 1 2 3 4 5 6 7 8 9 10
1 4
2 1 2 3 4 5 7 8 9
3 2 4 5 7 10
4 4 8
5 1 2 3 4 7 9
6 1 3 4 5 6 7 8 9 10
7 1 2 3 4 5 7 8 9 10
8 1 4 6 7 8
10 2 4 5 7 8 9 10
11 2
12 2 3 4 5 6 7 8 10
13 1 3 5 7 8 9
14 6 7
15 2 3 8 9
16 1 2 3 5 6 7 8 9 10
17 1 3 5 8 9
18 3 4 6 7 10
19 1 2 3 4 5 6 9
20 1 2 3 4 6 7 9 10
21 1 3 7 9 10
22 1 2 4 6 7 8 9 10
23 1 2 4 9 10
24 1 3 9 10
25 1 2 3 4 5 6 7 9 10
26 1 2 3 4 5 6 7 9
27 7 8
28 2 3 5
29 1 6 8 9 10
30 1 3 4 5 7 8 9 10
31 1 2 3 5 6 7 8 10
32 8 10
34 5
35 1
36 1 3 7 8 10
37 1 3 4 5 6 8 9 10
38 2 3 5 6 7
39 1 2 6 7 8 10
40 1 2 3 4 5 7 8 9 10
41 9
42 3 7 10
43 2 4 7 8 9
45 1 3 4 5 6 7 8 9
46 7
48 2 3 9
49 7 8 9 10
50 1 2 4 5 6 8 9
51 2 9
52 2 3 5 6 9 10
53 3 7 8 9
54 1 3 10
55 2 3 8
56 1 2 4 8 9 10
57 2 4 5
58 1
59 2 3 4 5 9 10
61 2 5 7 9
62 1 8 9
63 2 3 4
64 3
65 1 3 4 5 7 8
66 4 6 10
67 1 4 8
68 3 10
69 2 5 6 7 9 10
70 1 3 5 6 8 9
71 3
73 3 4 7
74 6
75 7 10
76 1 2 10
77 8 9 10
78 1 2 5 6 7 8 10
79 1 3 4 5 6 8 9 10
80 2 4 7 8 9 10
81 2 5 10
82 3 4 9
83 2 5 10
84 2 3 4 5 6 7 8
85 9 10
86 1 3 4 5 6 8 10
87 3
88 2 5 7 8
89 1 7 10
90 1 2 4 5 6 7 8 9 10
91 1 3 4 5 6 7 8 9 10
92 6
93 1 3
94 4 8
97 2 4 5 6 8 9
98 1 3 4 5 6 7 8 9
99 1 2 3 4 6 8 9 10
101 1 4
103 2 7 9
104 1 4 5 6 8 9
105 1 5 6 7 9 10
106 1 2 3 4 6 7 8 9 10
107 5 6
108 2 3 5 6 7 9
109 4 6 7
110 4 6 7 8
111 1 2 3 4 5 6 7
112 5
113 1 6
114 1 4 5 7 8 9 10
115 7 8 10
116 10
117 9
118 2 3 4 5 6 7 8 9
119 3 4 8 9 10
120 6
121 1 3 4 6 8 9
122 3 5 8
123 1 2 3 5 6 7 8 9 10
124 2
125 1 2 3 4 5 7 8 9 10
126 2 4 5 6 9 10
127 1 2 3 4 5 7 9 10
128 2 5 10
129 1 2 3 4 5 6 7 9 10
130 1
131 1 2 4 5 7 9 10
132 2 3 4 6 7 9 10
133 8
134 1 3 5 6 8 9
136 1 2 7 9
137 7
139 1 3 4 5 7 8 9 10
140 1 2 4 7 9 10
141 1 3 4 5 6 7 8 10
142 1 5 7 10
143 1 3 5 6 7 9
145 3 7 10
146 7
147 3 8 10
148 1 2 3 4 5 6 9
149 2 7 8 10
150 2 10
151 8 9 10
152 1 2 3 4 6 7 8 9 10
153 1 2 3 5 6 7 8 9 10
154 1 3 9 10
155 1 2 3 4 6 7 9
156 2 3 4 5 7 8 9 10
157 2 3 4 6 7 8 9 10
158 1 2 4 5 6 8 9 10
159 8 9 10
161 2 3 4 7
163 2 3 5 7 8 9
164 10
165 2 4 5 8 9 10
166 1 3 7 9 10
167 7
168 1 2 3 4 5 6 8 9
169 1 2 4 6 7 8 10
170 1 8
171 3 5 9
172 1 2 3 5 6 7 10
173 3 5 6 7
174 9
175 1 2 3 4 5 6 7 8 9
176 1 2 4 5 6 8 9 10
177 5 7 8 10
178 1 2 6 7 8
180 2 3 4 5 6 7 8 9 10
181 1 2 3 4 6
182 1 2 3 4 7 8 9 10
183 4 5 6 10
184 1 2 3 4 5 6 7
185 4 7 10
187 4 5 8
188 1 2 3 4 5 6 8 9 10
189 6
SIZE OF PROGRAMS (pID SIZE):
1 96.0
2 75.0
3 53.0
4 46.0
5 44.0
6 53.0
7 89.0
8 49.0
9 98.0
10 67.0
COST TO INSTALL SERVERS AND PROGRAMS ON NODES (COST_TO_INSTALL_SERVER COST_TO_INSTALL_pID1 ...):
0 3051.0204081632655 2.938775510204082 2.295918367346939 1.6224489795918366 1.4081632653061225 1.346938775510204 1.6224489795918366 2.7244897959183674 1.5 3.0 2.0510204081632653
1 3.635411455282963 2.938775510204082 2.295918367346939 1.6224489795918366 1.4081632653061225 1.346938775510204 1.6224489795918366 2.7244897959183674 1.5 3.0 2.0510204081632653
2 68.3404357238616 1.9591836734693877 1.530612244897959 1.0816326530612246 0.9387755102040817 0.8979591836734694 1.0816326530612246 1.816326530612245 1.0 2.0 1.3673469387755102
3 46.54147202662811 1.9591836734693877 1.530612244897959 1.0816326530612246 0.9387755102040817 0.8979591836734694 1.0816326530612246 1.816326530612245 1.0 2.0 1.3673469387755102
4 45.70248903127991 1.9591836734693877 1.530612244897959 1.0816326530612246 0.9387755102040817 0.8979591836734694 1.0816326530612246 1.816326530612245 1.0 2.0 1.3673469387755102
5 43.17591676480245 2.938775510204082 2.295918367346939 1.6224489795918366 1.4081632653061225 1.346938775510204 1.6224489795918366 2.7244897959183674 1.5 3.0 2.0510204081632653
6 34.74936833340264 1.9591836734693877 1.530612244897959 1.0816326530612246 0.9387755102040817 0.8979591836734694 1.0816326530612246 1.816326530612245 1.0 2.0 1.3673469387755102
7 6.443619324885904 1.9591836734693877 1.530612244897959 1.0816326530612246 0.9387755102040817 0.8979591836734694 1.0816326530612246 1.816326530612245 1.0 2.0 1.3673469387755102
8 42.37900454196733 2.938775510204082 2.295918367346939 1.6224489795918366 1.4081632653061225 1.346938775510204 1.6224489795918366 2.7244897959183674 1.5 3.0 2.0510204081632653
9 998.0 1.9591836734693877 1.530612244897959 1.0816326530612246 0.9387755102040817 0.8979591836734694 1.0816326530612246 1.816326530612245 1.0 2.0 1.3673469387755102
10 52.19606719314522 1.9591836734693877 1.530612244897959 1.0816326530612246 0.9387755102040817 0.8979591836734694 1.0816326530612246 1.816326530612245 1.0 2.0 1.3673469387755102
11 1.2575142998595257 2.938775510204082 2.295918367346939 1.6224489795918366 1.4081632653061225 1.346938775510204 1.6224489795918366 2.7244897959183674 1.5 3.0 2.0510204081632653
12 50.132714171637645 2.938775510204082 2.295918367346939 1.6224489795918366 1.4081632653061225 1.346938775510204 1.6224489795918366 2.7244897959183674 1.5 3.0 2.0510204081632653
13 58.64116405864698 2.938775510204082 2.295918367346939 1.6224489795918366 1.4081632653061225 1.346938775510204 1.6224489795918366 2.7244897959183674 1.5 3.0 2.0510204081632653
14 22.358374608248248 1.9591836734693877 1.530612244897959 1.0816326530612246 0.9387755102040817 0.8979591836734694 1.0816326530612246 1.816326530612245 1.0 2.0 1.3673469387755102
15 16.578226975211344 2.938775510204082 2.295918367346939 1.6224489795918366 1.4081632653061225 1.346938775510204 1.6224489795918366 2.7244897959183674 1.5 3.0 2.0510204081632653
16 45.17017456005924 2.938775510204082 2.295918367346939 1.6224489795918366 1.4081632653061225 1.346938775510204 1.6224489795918366 2.7244897959183674 1.5 3.0 2.0510204081632653
17 22.2359677400556 2.938775510204082 2.295918367346939 1.6224489795918366 1.4081632653061225 1.346938775510204 1.6224489795918366 2.7244897959183674 1.5 3.0 2.0510204081632653
18 18.464833490435087 2.938775510204082 2.295918367346939 1.6224489795918366 1.4081632653061225 1.346938775510204 1.6224489795918366 2.7244897959183674 1.5 3.0 2.0510204081632653
19 53.1292802707755 2.938775510204082 2.295918367346939 1.6224489795918366 1.4081632653061225 1.346938775510204 1.6224489795918366 2.7244897959183674 1.5 3.0 2.0510204081632653
20 71.44724037732601 2.938775510204082 2.295918367346939 1.6224489795918366 1.4081632653061225 1.346938775510204 1.6224489795918366 2.7244897959183674 1.5 3.0 2.0510204081632653
21 20.672542986186237 2.938775510204082 2.295918367346939 1.6224489795918366 1.4081632653061225 1.346938775510204 1.6224489795918366 2.7244897959183674 1.5 3.0 2.0510204081632653
22 46.77270350438447 1.9591836734693877 1.530612244897959 1.0816326530612246 0.9387755102040817 0.8979591836734694 1.0816326530612246 1.816326530612245 1.0 2.0 1.3673469387755102
23 50.362998956463095 2.938775510204082 2.295918367346939 1.6224489795918366 1.4081632653061225 1.346938775510204 1.6224489795918366 2.7244897959183674 1.5 3.0 2.0510204081632653
24 29.643769788870138 1.9591836734693877 1.530612244897959 1.0816326530612246 0.9387755102040817 0.8979591836734694 1.0816326530612246 1.816326530612245 1.0 2.0 1.3673469387755102
25 28.675179093098013 1.9591836734693877 1.530612244897959 1.0816326530612246 0.9387755102040817 0.8979591836734694 1.0816326530612246 1.816326530612245 1.0 2.0 1.3673469387755102
26 41.18097801278041 1.9591836734693877 1.530612244897959 1.0816326530612246 0.9387755102040817 0.8979591836734694 1.0816326530612246 1.816326530612245 1.0 2.0 1.3673469387755102
27 29.735248553600965 1.9591836734693877 1.530612244897959 1.0816326530612246 0.9387755102040817 0.8979591836734694 1.0816326530612246 1.816326530612245 1.0 2.0 1.3673469387755102
28 12.14101864164839 2.938775510204082 2.295918367346939 1.6224489795918366 1.4081632653061225 1.346938775510204 1.6224489795918366 2.7244897959183674 1.5 3.0 2.0510204081632653
29 100.76734946186374 1.9591836734693877 1.530612244897959 1.0816326530612246 0.9387755102040817 0.8979591836734694 1.0816326530612246 1.816326530612245 1.0 2.0 1.3673469387755102
30 54.647791073921425 1.9591836734693877 1.530612244897959 1.0816326530612246 0.9387755102040817 0.8979591836734694 1.0816326530612246 1.816326530612245 1.0 2.0 1.3673469387755102
31 60.242164223983465 2.938775510204082 2.295918367346939 1.6224489795918366 1.4081632653061225 1.346938775510204 1.6224489795918366 2.7244897959183674 1.5 3.0 2.0510204081632653
32 2.9663828044317597 2.938775510204082 2.295918367346939 1.6224489795918366 1.4081632653061225 1.346938775510204 1.6224489795918366 2.7244897959183674 1.5 3.0 2.0510204081632653
33 84.55700317552946 2.938775510204082 2.295918367346939 1.6224489795918366 1.4081632653061225 1.346938775510204 1.6224489795918366 2.7244897959183674 1.5 3.0 2.0510204081632653
34 2.581998166655185 1.9591836734693877 1.530612244897959 1.0816326530612246 0.9387755102040817 0.8979591836734694 1.0816326530612246 1.816326530612245 1.0 2.0 1.3673469387755102
35 26.619699419348926 2.938775510204082 2.295918367346939 1.6224489795918366 1.4081632653061225 1.346938775510204 1.6224489795918366 2.7244897959183674 1.5 3.0 2.0510204081632653
36 62.89945137780651 1.9591836734693877 1.530612244897959 1.0816326530612246 0.9387755102040817 0.8979591836734694 1.0816326530612246 1.816326530612245 1.0 2.0 1.3673469387755102
37 43.875620771789784 2.938775510204082 2.295918367346939 1.6224489795918366 1.4081632653061225 1.346938775510204 1.6224489795918366 2.7244897959183674 1.5 3.0 2.0510204081632653
38 8.806952261357095 2.938775510204082 2.295918367346939 1.6224489795918366 1.4081632653061225 1.346938775510204 1.6224489795918366 2.7244897959183674 1.5 3.0 2.0510204081632653
39 76.50798694937103 2.938775510204082 2.295918367346939 1.6224489795918366 1.4081632653061225 1.346938775510204 1.6224489795918366 2.7244897959183674 1.5 3.0 2.0510204081632653
40 83.09110227501513 1.9591836734693877 1.530612244897959 1.0816326530612246 0.9387755102040817 0.8979591836734694 1.0816326530612246 1.816326530612245 1.0 2.0 1.3673469387755102
41 3.81705217393505 1.9591836734693877 1.530612244897959 1.0816326530612246 0.9387755102040817 0.8979591836734694 1.0816326530612246 1.816326530612245 1.0 2.0 1.3673469387755102
42 46.78021142907507 1.9591836734693877 1.530612244897959 1.0816326530612246 0.9387755102040817 0.8979591836734694 1.0816326530612246 1.816326530612245 1.0 2.0 1.3673469387755102
43 41.824511422253835 2.938775510204082 2.295918367346939 1.6224489795918366 1.4081632653061225 1.346938775510204 1.6224489795918366 2.7244897959183674 1.5 3.0 2.0510204081632653
44 57.70695663048208 1.9591836734693877 1.530612244897959 1.0816326530612246 0.9387755102040817 0.8979591836734694 1.0816326530612246 1.816326530612245 1.0 2.0 1.3673469387755102
45 75.00431644147136 2.938775510204082 2.295918367346939 1.6224489795918366 1.4081632653061225 1.346938775510204 1.6224489795918366 2.7244897959183674 1.5 3.0 2.0510204081632653
46 35.013307722700155 2.938775510204082 2.295918367346939 1.6224489795918366 1.4081632653061225 1.346938775510204 1.6224489795918366 2.7244897959183674 1.5 3.0 2.0510204081632653
47 26.63426571554138 1.9591836734693877 1.530612244897959 1.0816326530612246 0.9387755102040817 0.8979591836734694 1.0816326530612246 1.816326530612245 1.0 2.0 1.3673469387755102
48 17.04235559572176 1.9591836734693877 1.530612244897959 1.0816326530612246 0.9387755102040817 0.8979591836734694 1.0816326530612246 1.816326530612245 1.0 2.0 1.3673469387755102
49 45.827722559520254 1.9591836734693877 1.530612244897959 1.0816326530612246 0.9387755102040817 0.8979591836734694 1.0816326530612246 1.816326530612245 1.0 2.0 1.3673469387755102
50 40.551261465701394 2.938775510204082 2.295918367346939 1.6224489795918366 1.4081632653061225 1.346938775510204 1.6224489795918366 2.7244897959183674 1.5 3.0 2.0510204081632653
51 20.789034710739028 1.9591836734693877 1.530612244897959 1.0816326530612246 0.9387755102040817 0.8979591836734694 1.0816326530612246 1.816326530612245 1.0 2.0 1.3673469387755102
52 7.321223159358279 2.938775510204082 2.295918367346939 1.6224489795918366 1.4081632653061225 1.346938775510204 1.6224489795918366 2.7244897959183674 1.5 3.0 2.0510204081632653
53 32.792821209945416 1.9591836734693877 1.530612244897959 1.0816326530612246 0.9387755102040817 0.8979591836734694 1.0816326530612246 1.816326530612245 1.0 2.0 1.3673469387755102
54 29.903191503826505 1.9591836734693877 1.530612244897959 1.0816326530612246 0.9387755102040817 0.8979591836734694 1.0816326530612246 1.816326530612245 1.0 2.0 1.3673469387755102
55 10.272181348026404 2.938775510204082 2.295918367346939 1.6224489795918366 1.4081632653061225 1.346938775510204 1.6224489795918366 2.7244897959183674 1.5 3.0 2.0510204081632653
56 31.548290182445534 2.938775510204082 2.295918367346939 1.6224489795918366 1.4081632653061225 1.346938775510204 1.6224489795918366 2.7244897959183674 1.5 3.0 2.0510204081632653
57 63.22802323165314 1.9591836734693877 1.530612244897959 1.0816326530612246 0.9387755102040817 0.8979591836734694 1.0816326530612246 1.816326530612245 1.0 2.0 1.3673469387755102
58 22.005028545259616 1.9591836734693877 1.530612244897959 1.0816326530612246 0.9387755102040817 0.8979591836734694 1.0816326530612246 1.816326530612245 1.0 2.0 1.3673469387755102
59 18.368944313851483 1.9591836734693877 1.530612244897959 1.0816326530612246 0.9387755102040817 0.8979591836734694 1.0816326530612246 1.816326530612245 1.0 2.0 1.3673469387755102
60 52.042410724650324 1.9591836734693877 1.530612244897959 1.0816326530612246 0.9387755102040817 0.8979591836734694 1.0816326530612246 1.816326530612245 1.0 2.0 1.3673469387755102
61 82.92746448193053 1.9591836734693877 1.530612244897959 1.0816326530612246 0.9387755102040817 0.8979591836734694 1.0816326530612246 1.816326530612245 1.0 2.0 1.3673469387755102
62 0.39266711625841744 2.938775510204082 2.295918367346939 1.6224489795918366 1.4081632653061225 1.346938775510204 1.6224489795918366 2.7244897959183674 1.5 3.0 2.0510204081632653
63 29.67234738782812 1.9591836734693877 1.530612244897959 1.0816326530612246 0.9387755102040817 0.8979591836734694 1.0816326530612246 1.816326530612245 1.0 2.0 1.3673469387755102
64 8.223428977000319 2.938775510204082 2.295918367346939 1.6224489795918366 1.4081632653061225 1.346938775510204 1.6224489795918366 2.7244897959183674 1.5 3.0 2.0510204081632653
65 34.40466611559816 2.938775510204082 2.295918367346939 1.6224489795918366 1.4081632653061225 1.346938775510204 1.6224489795918366 2.7244897959183674 1.5 3.0 2.0510204081632653
66 37.71123105375701 1.9591836734693877 1.530612244897959 1.0816326530612246 0.9387755102040817 0.8979591836734694 1.0816326530612246 1.816326530612245 1.0 2.0 1.3673469387755102
67 24.500217803199686 2.938775510204082 2.295918367346939 1.6224489795918366 1.4081632653061225 1.346938775510204 1.6224489795918366 2.7244897959183674 1.5 3.0 2.0510204081632653
68 28.21142666962831 2.938775510204082 2.295918367346939 1.6224489795918366 1.4081632653061225 1.346938775510204 1.6224489795918366 2.7244897959183674 1.5 3.0 2.0510204081632653
69 62.955013713940744 2.938775510204082 2.295918367346939 1.6224489795918366 1.4081632653061225 1.346938775510204 1.6224489795918366 2.7244897959183674 1.5 3.0 2.0510204081632653
70 30.714891589436686 1.9591836734693877 1.530612244897959 1.0816326530612246 0.9387755102040817 0.8979591836734694 1.0816326530612246 1.816326530612245 1.0 2.0 1.3673469387755102
71 29.793805291084684 2.938775510204082 2.295918367346939 1.6224489795918366 1.4081632653061225 1.346938775510204 1.6224489795918366 2.7244897959183674 1.5 3.0 2.0510204081632653
72 27.19211233280207 2.938775510204082 2.295918367346939 1.6224489795918366 1.4081632653061225 1.346938775510204 1.6224489795918366 2.7244897959183674 1.5 3.0 2.0510204081632653
73 20.23555580804238 2.938775510204082 2.295918367346939 1.6224489795918366 1.4081632653061225 1.346938775510204 1.6224489795918366 2.7244897959183674 1.5 3.0 2.0510204081632653
74 27.241724014234293 1.9591836734693877 1.530612244897959 1.0816326530612246 0.9387755102040817 0.8979591836734694 1.0816326530612246 1.816326530612245 1.0 2.0 1.3673469387755102
75 7.255876620278432 1.9591836734693877 1.530612244897959 1.0816326530612246 0.9387755102040817 0.8979591836734694 1.0816326530612246 1.816326530612245 1.0 2.0 1.3673469387755102
76 59.17897017747234 2.938775510204082 2.295918367346939 1.6224489795918366 1.4081632653061225 1.346938775510204 1.6224489795918366 2.7244897959183674 1.5 3.0 2.0510204081632653
77 16.77187855735709 2.938775510204082 2.295918367346939 1.6224489795918366 1.4081632653061225 1.346938775510204 1.6224489795918366 2.7244897959183674 1.5 3.0 2.0510204081632653
78 50.7835576085743 2.938775510204082 2.295918367346939 1.6224489795918366 1.4081632653061225 1.346938775510204 1.6224489795918366 2.7244897959183674 1.5 3.0 2.0510204081632653
79 22.046941766567663 2.938775510204082 2.295918367346939 1.6224489795918366 1.4081632653061225 1.346938775510204 1.6224489795918366 2.7244897959183674 1.5 3.0 2.0510204081632653
80 38.42012566083676 2.938775510204082 2.295918367346939 1.6224489795918366 1.4081632653061225 1.346938775510204 1.6224489795918366 2.7244897959183674 1.5 3.0 2.0510204081632653
81 36.56608476687297 1.9591836734693877 1.530612244897959 1.0816326530612246 0.9387755102040817 0.8979591836734694 1.0816326530612246 1.816326530612245 1.0 2.0 1.3673469387755102
82 36.31078821387915 2.938775510204082 2.295918367346939 1.6224489795918366 1.4081632653061225 1.346938775510204 1.6224489795918366 2.7244897959183674 1.5 3.0 2.0510204081632653
83 56.499268243432326 2.938775510204082 2.295918367346939 1.6224489795918366 1.4081632653061225 1.346938775510204 1.6224489795918366 2.7244897959183674 1.5 3.0 2.0510204081632653
84 28.64980129380248 1.9591836734693877 1.530612244897959 1.0816326530612246 0.9387755102040817 0.8979591836734694 1.0816326530612246 1.816326530612245 1.0 2.0 1.3673469387755102
85 38.96279364031022 2.938775510204082 2.295918367346939 1.6224489795918366 1.4081632653061225 1.346938775510204 1.6224489795918366 2.7244897959183674 1.5 3.0 2.0510204081632653
86 39.55378829913467 2.938775510204082 2.295918367346939 1.6224489795918366 1.4081632653061225 1.346938775510204 1.6224489795918366 2.7244897959183674 1.5 3.0 2.0510204081632653
87 5.168743839647389 1.9591836734693877 1.530612244897959 1.0816326530612246 0.9387755102040817 0.8979591836734694 1.0816326530612246 1.816326530612245 1.0 2.0 1.3673469387755102
88 18.34979260680984 1.9591836734693877 1.530612244897959 1.0816326530612246 0.9387755102040817 0.8979591836734694 1.0816326530612246 1.816326530612245 1.0 2.0 1.3673469387755102
89 35.1611181640627 1.9591836734693877 1.530612244897959 1.0816326530612246 0.9387755102040817 0.8979591836734694 1.0816326530612246 1.816326530612245 1.0 2.0 1.3673469387755102
90 55.42556499846103 2.938775510204082 2.295918367346939 1.6224489795918366 1.4081632653061225 1.346938775510204 1.6224489795918366 2.7244897959183674 1.5 3.0 2.0510204081632653
91 50.70287564391354 1.9591836734693877 1.530612244897959 1.0816326530612246 0.9387755102040817 0.8979591836734694 1.0816326530612246 1.816326530612245 1.0 2.0 1.3673469387755102
92 6.047360337533868 1.9591836734693877 1.530612244897959 1.0816326530612246 0.9387755102040817 0.8979591836734694 1.0816326530612246 1.816326530612245 1.0 2.0 1.3673469387755102
93 32.47096785211943 1.9591836734693877 1.530612244897959 1.0816326530612246 0.9387755102040817 0.8979591836734694 1.0816326530612246 1.816326530612245 1.0 2.0 1.3673469387755102
94 115.26645525771791 1.9591836734693877 1.530612244897959 1.0816326530612246 0.9387755102040817 0.8979591836734694 1.0816326530612246 1.816326530612245 1.0 2.0 1.3673469387755102
95 149.0 1.9591836734693877 1.530612244897959 1.0816326530612246 0.9387755102040817 0.8979591836734694 1.0816326530612246 1.816326530612245 1.0 2.0 1.3673469387755102
96 24.741163270972756 1.9591836734693877 1.530612244897959 1.0816326530612246 0.9387755102040817 0.8979591836734694 1.0816326530612246 1.816326530612245 1.0 2.0 1.3673469387755102
97 21.832116904950368 2.938775510204082 2.295918367346939 1.6224489795918366 1.4081632653061225 1.346938775510204 1.6224489795918366 2.7244897959183674 1.5 3.0 2.0510204081632653
98 55.49104475988654 2.938775510204082 2.295918367346939 1.6224489795918366 1.4081632653061225 1.346938775510204 1.6224489795918366 2.7244897959183674 1.5 3.0 2.0510204081632653
99 68.99241491972661 1.9591836734693877 1.530612244897959 1.0816326530612246 0.9387755102040817 0.8979591836734694 1.0816326530612246 1.816326530612245 1.0 2.0 1.3673469387755102
100 64.66198918654034 1.9591836734693877 1.530612244897959 1.0816326530612246 0.9387755102040817 0.8979591836734694 1.0816326530612246 1.816326530612245 1.0 2.0 1.3673469387755102
101 14.625104038942066 1.9591836734693877 1.530612244897959 1.0816326530612246 0.9387755102040817 0.8979591836734694 1.0816326530612246 1.816326530612245 1.0 2.0 1.3673469387755102
102 32.7841866044517 2.938775510204082 2.295918367346939 1.6224489795918366 1.4081632653061225 1.346938775510204 1.6224489795918366 2.7244897959183674 1.5 3.0 2.0510204081632653
103 46.52798953826606 2.938775510204082 2.295918367346939 1.6224489795918366 1.4081632653061225 1.346938775510204 1.6224489795918366 2.7244897959183674 1.5 3.0 2.0510204081632653
104 67.82801223217967 1.9591836734693877 1.530612244897959 1.0816326530612246 0.9387755102040817 0.8979591836734694 1.0816326530612246 1.816326530612245 1.0 2.0 1.3673469387755102
105 96.471975133822 1.9591836734693877 1.530612244897959 1.0816326530612246 0.9387755102040817 0.8979591836734694 1.0816326530612246 1.816326530612245 1.0 2.0 1.3673469387755102
106 59.395761344130605 2.938775510204082 2.295918367346939 1.6224489795918366 1.4081632653061225 1.346938775510204 1.6224489795918366 2.7244897959183674 1.5 3.0 2.0510204081632653
107 41.48541102345861 2.938775510204082 2.295918367346939 1.6224489795918366 1.4081632653061225 1.346938775510204 1.6224489795918366 2.7244897959183674 1.5 3.0 2.0510204081632653
108 38.93556866075117 1.9591836734693877 1.530612244897959 1.0816326530612246 0.9387755102040817 0.8979591836734694 1.0816326530612246 1.816326530612245 1.0 2.0 1.3673469387755102
109 15.755282585400245 2.938775510204082 2.295918367346939 1.6224489795918366 1.4081632653061225 1.346938775510204 1.6224489795918366 2.7244897959183674 1.5 3.0 2.0510204081632653
110 13.329772397456301 2.938775510204082 2.295918367346939 1.6224489795918366 1.4081632653061225 1.346938775510204 1.6224489795918366 2.7244897959183674 1.5 3.0 2.0510204081632653
111 57.19544798794798 1.9591836734693877 1.530612244897959 1.0816326530612246 0.9387755102040817 0.8979591836734694 1.0816326530612246 1.816326530612245 1.0 2.0 1.3673469387755102
112 31.514879876673145 1.9591836734693877 1.530612244897959 1.0816326530612246 0.9387755102040817 0.8979591836734694 1.0816326530612246 1.816326530612245 1.0 2.0 1.3673469387755102
113 36.79240251301145 2.938775510204082 2.295918367346939 1.6224489795918366 1.4081632653061225 1.346938775510204 1.6224489795918366 2.7244897959183674 1.5 3.0 2.0510204081632653
114 99.20354479067035 1.9591836734693877 1.530612244897959 1.0816326530612246 0.9387755102040817 0.8979591836734694 1.0816326530612246 1.816326530612245 1.0 2.0 1.3673469387755102
115 22.954127136700077 2.938775510204082 2.295918367346939 1.6224489795918366 1.4081632653061225 1.346938775510204 1.6224489795918366 2.7244897959183674 1.5 3.0 2.0510204081632653
116 12.350855825109521 2.938775510204082 2.295918367346939 1.6224489795918366 1.4081632653061225 1.346938775510204 1.6224489795918366 2.7244897959183674 1.5 3.0 2.0510204081632653
117 1.7395337616945268 2.938775510204082 2.295918367346939 1.6224489795918366 1.4081632653061225 1.346938775510204 1.6224489795918366 2.7244897959183674 1.5 3.0 2.0510204081632653
118 38.67169667440055 2.938775510204082 2.295918367346939 1.6224489795918366 1.4081632653061225 1.346938775510204 1.6224489795918366 2.7244897959183674 1.5 3.0 2.0510204081632653
119 30.39735826251924 2.938775510204082 2.295918367346939 1.6224489795918366 1.4081632653061225 1.346938775510204 1.6224489795918366 2.7244897959183674 1.5 3.0 2.0510204081632653
120 9.202126765721504 1.9591836734693877 1.530612244897959 1.0816326530612246 0.9387755102040817 0.8979591836734694 1.0816326530612246 1.816326530612245 1.0 2.0 1.3673469387755102
121 39.52089674095935 2.938775510204082 2.295918367346939 1.6224489795918366 1.4081632653061225 1.346938775510204 1.6224489795918366 2.7244897959183674 1.5 3.0 2.0510204081632653
122 130.8297034677613 1.9591836734693877 1.530612244897959 1.0816326530612246 0.9387755102040817 0.8979591836734694 1.0816326530612246 1.816326530612245 1.0 2.0 1.3673469387755102
123 77.5734928934233 1.9591836734693877 1.530612244897959 1.0816326530612246 0.9387755102040817 0.8979591836734694 1.0816326530612246 1.816326530612245 1.0 2.0 1.3673469387755102
124 5.642749594787934 2.938775510204082 2.295918367346939 1.6224489795918366 1.4081632653061225 1.346938775510204 1.6224489795918366 2.7244897959183674 1.5 3.0 2.0510204081632653
125 125.77947323426557 2.938775510204082 2.295918367346939 1.6224489795918366 1.4081632653061225 1.346938775510204 1.6224489795918366 2.7244897959183674 1.5 3.0 2.0510204081632653
126 25.496110607382146 2.938775510204082 2.295918367346939 1.6224489795918366 1.4081632653061225 1.346938775510204 1.6224489795918366 2.7244897959183674 1.5 3.0 2.0510204081632653
127 60.935553692203186 1.9591836734693877 1.530612244897959 1.0816326530612246 0.9387755102040817 0.8979591836734694 1.0816326530612246 1.816326530612245 1.0 2.0 1.3673469387755102
128 9.322666344435268 2.938775510204082 2.295918367346939 1.6224489795918366 1.4081632653061225 1.346938775510204 1.6224489795918366 2.7244897959183674 1.5 3.0 2.0510204081632653
129 56.27164313647205 2.938775510204082 2.295918367346939 1.6224489795918366 1.4081632653061225 1.346938775510204 1.6224489795918366 2.7244897959183674 1.5 3.0 2.0510204081632653
130 7.853904006980935 1.9591836734693877 1.530612244897959 1.0816326530612246 0.9387755102040817 0.8979591836734694 1.0816326530612246 1.816326530612245 1.0 2.0 1.3673469387755102
131 80.92160565655664 2.938775510204082 2.295918367346939 1.6224489795918366 1.4081632653061225 1.346938775510204 1.6224489795918366 2.7244897959183674 1.5 3.0 2.0510204081632653
132 28.289635918090227 1.9591836734693877 1.530612244897959 1.0816326530612246 0.9387755102040817 0.8979591836734694 1.0816326530612246 1.816326530612245 1.0 2.0 1.3673469387755102
133 7.4898807395177 1.9591836734693877 1.530612244897959 1.0816326530612246 0.9387755102040817 0.8979591836734694 1.0816326530612246 1.816326530612245 1.0 2.0 1.3673469387755102
134 27.520069172489237 2.938775510204082 2.295918367346939 1.6224489795918366 1.4081632653061225 1.346938775510204 1.6224489795918366 2.7244897959183674 1.5 3.0 2.0510204081632653
135 13.612255728557345 1.9591836734693877 1.530612244897959 1.0816326530612246 0.9387755102040817 0.8979591836734694 1.0816326530612246 1.816326530612245 1.0 2.0 1.3673469387755102
136 58.7419966034745 1.9591836734693877 1.530612244897959 1.0816326530612246 0.9387755102040817 0.8979591836734694 1.0816326530612246 1.816326530612245 1.0 2.0 1.3673469387755102
137 13.56606590285094 2.938775510204082 2.295918367346939 1.6224489795918366 1.4081632653061225 1.346938775510204 1.6224489795918366 2.7244897959183674 1.5 3.0 2.0510204081632653
138 8.981855127666236 2.938775510204082 2.295918367346939 1.6224489795918366 1.4081632653061225 1.346938775510204 1.6224489795918366 2.7244897959183674 1.5 3.0 2.0510204081632653
139 47.817398226083306 2.938775510204082 2.295918367346939 1.6224489795918366 1.4081632653061225 1.346938775510204 1.6224489795918366 2.7244897959183674 1.5 3.0 2.0510204081632653
140 48.35899444726952 1.9591836734693877 1.530612244897959 1.0816326530612246 0.9387755102040817 0.8979591836734694 1.0816326530612246 1.816326530612245 1.0 2.0 1.3673469387755102
141 36.42759863560181 2.938775510204082 2.295918367346939 1.6224489795918366 1.4081632653061225 1.346938775510204 1.6224489795918366 2.7244897959183674 1.5 3.0 2.0510204081632653
142 18.820150538991836 1.9591836734693877 1.530612244897959 1.0816326530612246 0.9387755102040817 0.8979591836734694 1.0816326530612246 1.816326530612245 1.0 2.0 1.3673469387755102
143 21.685778159979304 1.9591836734693877 1.530612244897959 1.0816326530612246 0.9387755102040817 0.8979591836734694 1.0816326530612246 1.816326530612245 1.0 2.0 1.3673469387755102
144 65.55447019469796 2.938775510204082 2.295918367346939 1.6224489795918366 1.4081632653061225 1.346938775510204 1.6224489795918366 2.7244897959183674 1.5 3.0 2.0510204081632653
145 22.12081658013051 1.9591836734693877 1.530612244897959 1.0816326530612246 0.9387755102040817 0.8979591836734694 1.0816326530612246 1.816326530612245 1.0 2.0 1.3673469387755102
146 6.896838915199353 2.938775510204082 2.295918367346939 1.6224489795918366 1.4081632653061225 1.346938775510204 1.6224489795918366 2.7244897959183674 1.5 3.0 2.0510204081632653
147 52.91810304822997 2.938775510204082 2.295918367346939 1.6224489795918366 1.4081632653061225 1.346938775510204 1.6224489795918366 2.7244897959183674 1.5 3.0 2.0510204081632653
148 56.538732938644976 1.9591836734693877 1.530612244897959 1.0816326530612246 0.9387755102040817 0.8979591836734694 1.0816326530612246 1.816326530612245 1.0 2.0 1.3673469387755102
149 59.10008534675173 2.938775510204082 2.295918367346939 1.6224489795918366 1.4081632653061225 1.346938775510204 1.6224489795918366 2.7244897959183674 1.5 3.0 2.0510204081632653
150 49.12975064562707 1.9591836734693877 1.530612244897959 1.0816326530612246 0.9387755102040817 0.8979591836734694 1.0816326530612246 1.816326530612245 1.0 2.0 1.3673469387755102
151 33.82412052474546 1.9591836734693877 1.530612244897959 1.0816326530612246 0.9387755102040817 0.8979591836734694 1.0816326530612246 1.816326530612245 1.0 2.0 1.3673469387755102
152 61.05833238394362 1.9591836734693877 1.530612244897959 1.0816326530612246 0.9387755102040817 0.8979591836734694 1.0816326530612246 1.816326530612245 1.0 2.0 1.3673469387755102
153 45.570891638006685 1.9591836734693877 1.530612244897959 1.0816326530612246 0.9387755102040817 0.8979591836734694 1.0816326530612246 1.816326530612245 1.0 2.0 1.3673469387755102
154 22.77197642457159 1.9591836734693877 1.530612244897959 1.0816326530612246 0.9387755102040817 0.8979591836734694 1.0816326530612246 1.816326530612245 1.0 2.0 1.3673469387755102
155 33.36393303970275 1.9591836734693877 1.530612244897959 1.0816326530612246 0.9387755102040817 0.8979591836734694 1.0816326530612246 1.816326530612245 1.0 2.0 1.3673469387755102
156 56.48916356878873 2.938775510204082 2.295918367346939 1.6224489795918366 1.4081632653061225 1.346938775510204 1.6224489795918366 2.7244897959183674 1.5 3.0 2.0510204081632653
157 56.354001563114586 1.9591836734693877 1.530612244897959 1.0816326530612246 0.9387755102040817 0.8979591836734694 1.0816326530612246 1.816326530612245 1.0 2.0 1.3673469387755102
158 21.31550139949358 1.9591836734693877 1.530612244897959 1.0816326530612246 0.9387755102040817 0.8979591836734694 1.0816326530612246 1.816326530612245 1.0 2.0 1.3673469387755102
159 50.1251027423766 1.9591836734693877 1.530612244897959 1.0816326530612246 0.9387755102040817 0.8979591836734694 1.0816326530612246 1.816326530612245 1.0 2.0 1.3673469387755102
160 30.027597880216998 2.938775510204082 2.295918367346939 1.6224489795918366 1.4081632653061225 1.346938775510204 1.6224489795918366 2.7244897959183674 1.5 3.0 2.0510204081632653
161 119.9752233499512 1.9591836734693877 1.530612244897959 1.0816326530612246 0.9387755102040817 0.8979591836734694 1.0816326530612246 1.816326530612245 1.0 2.0 1.3673469387755102
162 3.14203272988831 2.938775510204082 2.295918367346939 1.6224489795918366 1.4081632653061225 1.346938775510204 1.6224489795918366 2.7244897959183674 1.5 3.0 2.0510204081632653
163 8.746130529148537 2.938775510204082 2.295918367346939 1.6224489795918366 1.4081632653061225 1.346938775510204 1.6224489795918366 2.7244897959183674 1.5 3.0 2.0510204081632653
164 14.552688112954145 1.9591836734693877 1.530612244897959 1.0816326530612246 0.9387755102040817 0.8979591836734694 1.0816326530612246 1.816326530612245 1.0 2.0 1.3673469387755102
165 49.339312258854136 2.938775510204082 2.295918367346939 1.6224489795918366 1.4081632653061225 1.346938775510204 1.6224489795918366 2.7244897959183674 1.5 3.0 2.0510204081632653
166 90.70245918801568 2.938775510204082 2.295918367346939 1.6224489795918366 1.4081632653061225 1.346938775510204 1.6224489795918366 2.7244897959183674 1.5 3.0 2.0510204081632653
167 8.95920329139536 2.938775510204082 2.295918367346939 1.6224489795918366 1.4081632653061225 1.346938775510204 1.6224489795918366 2.7244897959183674 1.5 3.0 2.0510204081632653
168 54.67898063845654 2.938775510204082 2.295918367346939 1.6224489795918366 1.4081632653061225 1.346938775510204 1.6224489795918366 2.7244897959183674 1.5 3.0 2.0510204081632653
169 90.06428804411297 2.938775510204082 2.295918367346939 1.6224489795918366 1.4081632653061225 1.346938775510204 1.6224489795918366 2.7244897959183674 1.5 3.0 2.0510204081632653
170 66.08203842192368 1.9591836734693877 1.530612244897959 1.0816326530612246 0.9387755102040817 0.8979591836734694 1.0816326530612246 1.816326530612245 1.0 2.0 1.3673469387755102
171 60.21455864286242 2.938775510204082 2.295918367346939 1.6224489795918366 1.4081632653061225 1.346938775510204 1.6224489795918366 2.7244897959183674 1.5 3.0 2.0510204081632653
172 31.716080034370286 1.9591836734693877 1.530612244897959 1.0816326530612246 0.9387755102040817 0.8979591836734694 1.0816326530612246 1.816326530612245 1.0 2.0 1.3673469387755102
173 22.592614913701013 1.9591836734693877 1.530612244897959 1.0816326530612246 0.9387755102040817 0.8979591836734694 1.0816326530612246 1.816326530612245 1.0 2.0 1.3673469387755102
174 8.312932578798867 1.9591836734693877 1.530612244897959 1.0816326530612246 0.9387755102040817 0.8979591836734694 1.0816326530612246 1.816326530612245 1.0 2.0 1.3673469387755102
175 10.801969504874513 1.9591836734693877 1.530612244897959 1.0816326530612246 0.9387755102040817 0.8979591836734694 1.0816326530612246 1.816326530612245 1.0 2.0 1.3673469387755102
176 43.95019389278729 1.9591836734693877 1.530612244897959 1.0816326530612246 0.9387755102040817 0.8979591836734694 1.0816326530612246 1.816326530612245 1.0 2.0 1.3673469387755102
177 21.793221179614836 1.9591836734693877 1.530612244897959 1.0816326530612246 0.9387755102040817 0.8979591836734694 1.0816326530612246 1.816326530612245 1.0 2.0 1.3673469387755102
178 33.100275384041645 2.938775510204082 2.295918367346939 1.6224489795918366 1.4081632653061225 1.346938775510204 1.6224489795918366 2.7244897959183674 1.5 3.0 2.0510204081632653
179 587.0 1.9591836734693877 1.530612244897959 1.0816326530612246 0.9387755102040817 0.8979591836734694 1.0816326530612246 1.816326530612245 1.0 2.0 1.3673469387755102
180 83.5565676083997 2.938775510204082 2.295918367346939 1.6224489795918366 1.4081632653061225 1.346938775510204 1.6224489795918366 2.7244897959183674 1.5 3.0 2.0510204081632653
181 12.638771277089223 2.938775510204082 2.295918367346939 1.6224489795918366 1.4081632653061225 1.346938775510204 1.6224489795918366 2.7244897959183674 1.5 3.0 2.0510204081632653
182 61.00855105438376 2.938775510204082 2.295918367346939 1.6224489795918366 1.4081632653061225 1.346938775510204 1.6224489795918366 2.7244897959183674 1.5 3.0 2.0510204081632653
183 16.27447551048048 2.938775510204082 2.295918367346939 1.6224489795918366 1.4081632653061225 1.346938775510204 1.6224489795918366 2.7244897959183674 1.5 3.0 2.0510204081632653
184 39.80169553427022 2.938775510204082 2.295918367346939 1.6224489795918366 1.4081632653061225 1.346938775510204 1.6224489795918366 2.7244897959183674 1.5 3.0 2.0510204081632653
185 74.29509988911914 2.938775510204082 2.295918367346939 1.6224489795918366 1.4081632653061225 1.346938775510204 1.6224489795918366 2.7244897959183674 1.5 3.0 2.0510204081632653
186 163.0 1.9591836734693877 1.530612244897959 1.0816326530612246 0.9387755102040817 0.8979591836734694 1.0816326530612246 1.816326530612245 1.0 2.0 1.3673469387755102
187 66.5578883169541 2.938775510204082 2.295918367346939 1.6224489795918366 1.4081632653061225 1.346938775510204 1.6224489795918366 2.7244897959183674 1.5 3.0 2.0510204081632653
188 41.29890260172626 2.938775510204082 2.295918367346939 1.6224489795918366 1.4081632653061225 1.346938775510204 1.6224489795918366 2.7244897959183674 1.5 3.0 2.0510204081632653
189 49.04948460233865 1.9591836734693877 1.530612244897959 1.0816326530612246 0.9387755102040817 0.8979591836734694 1.0816326530612246 1.816326530612245 1.0 2.0 1.3673469387755102
