50 10
TREE NETWORK (nID nID Weight):
2 0 33
29 2 33
7 0 44
19 2 57
23 0 35
20 19 40
15 20 51
9 23 44
33 9 37
14 2 56
41 19 41
42 29 59
40 29 31
22 7 44
3 42 43
34 14 42
36 9 52
25 20 54
6 3 53
8 40 31
10 34 37
4 41 33
16 19 56
1 15 47
21 9 40
30 4 41
45 21 39
17 2 52
44 2 40
31 41 51
49 31 44
5 0 40
47 2 39
18 9 36
13 4 34
32 25 59
11 30 49
12 4 39
43 32 52
46 36 42
26 30 34
27 18 44
35 22 44
28 0 38
24 20 44
48 47 48
37 14 57
38 31 52
39 25 33
PROGRAMS ASSIGNED TO NODES (nID pID1 pID2 ...):
0 1 2 3 4 5 6 7 8 9 10
1 1 8 10
2 2 5 6 9 10
3 1 3 7
4 4 6
5 1 3 4 5 6 7 8 9 10
6 1 2 4 5 6 9 10
7 2 9 10
8 1 6 8 9
9 1 2 3 4 6 7 8 9 10
10 3
11 2 3
13 1 5 6 7
14 4 5 6 7 9
15 2 3 4 5 6 7 8
16 5
17 1 5
18 1 3 4 5 6 9 10
19 2 4 7 10
20 9
21 6 10
22 1 2 4 5 8
23 1 2 3 4 5 6 9 10
24 10
25 5 6
26 1 2 8
28 1 3 4 5 6 7 8 9 10
29 1 3 6 7
30 1 2 3 4 5 6 7 8 9
31 1 6 8 10
32 1 3 8 9 10
33 5 8 10
34 1 2 4 8 9 10
36 3 4 5 9
37 6 9
38 1 7 8
39 3 4 5 7 9 10
40 4
41 1 2 3 5 6 8 9 10
42 2 3 4
43 2 3 5 6
44 1 3 4 5 6 7 8 9 10
45 4 5 8 10
47 1 2 3 4 5 7 8 9
49 3 4 5 7 8
SIZE OF PROGRAMS (pID SIZE):
1 84.0
2 74.0
3 67.0
4 55.0
5 69.0
6 71.0
7 98.0
8 90.0
9 74.0
10 57.0
COST TO INSTALL SERVERS AND PROGRAMS ON NODES (COST_TO_INSTALL_SERVER COST_TO_INSTALL_pID1 ...):
0 3262.2448979591836 2.5714285714285716 2.2653061224489797 2.0510204081632653 1.683673469387755 2.1122448979591835 2.173469387755102 3.0 2.7551020408163267 2.2653061224489797 1.7448979591836735
1 35.888335579841176 1.7142857142857142 1.510204081632653 1.3673469387755102 1.1224489795918366 1.4081632653061225 1.4489795918367347 2.0 1.836734693877551 1.510204081632653 1.163265306122449
2 30.060248458220613 2.5714285714285716 2.2653061224489797 2.0510204081632653 1.683673469387755 2.1122448979591835 2.173469387755102 3.0 2.7551020408163267 2.2653061224489797 1.7448979591836735
3 78.38373138671275 1.7142857142857142 1.510204081632653 1.3673469387755102 1.1224489795918366 1.4081632653061225 1.4489795918367347 2.0 1.836734693877551 1.510204081632653 1.163265306122449
4 102.25374897192687 2.5714285714285716 2.2653061224489797 2.0510204081632653 1.683673469387755 2.1122448979591835 2.173469387755102 3.0 2.7551020408163267 2.2653061224489797 1.7448979591836735
5 13.901908553290246 2.5714285714285716 2.2653061224489797 2.0510204081632653 1.683673469387755 2.1122448979591835 2.173469387755102 3.0 2.7551020408163267 2.2653061224489797 1.7448979591836735
6 68.46591000576274 2.5714285714285716 2.2653061224489797 2.0510204081632653 1.683673469387755 2.1122448979591835 2.173469387755102 3.0 2.7551020408163267 2.2653061224489797 1.7448979591836735
7 16.53830289623571 2.5714285714285716 2.2653061224489797 2.0510204081632653 1.683673469387755 2.1122448979591835 2.173469387755102 3.0 2.7551020408163267 2.2653061224489797 1.7448979591836735
8 25.667000608994012 1.7142857142857142 1.510204081632653 1.3673469387755102 1.1224489795918366 1.4081632653061225 1.4489795918367347 2.0 1.836734693877551 1.510204081632653 1.163265306122449
9 36.70221676269067 2.5714285714285716 2.2653061224489797 2.0510204081632653 1.683673469387755 2.1122448979591835 2.173469387755102 3.0 2.7551020408163267 2.2653061224489797 1.7448979591836735
10 4.69197606867647 1.7142857142857142 1.510204081632653 1.3673469387755102 1.1224489795918366 1.4081632653061225 1.4489795918367347 2.0 1.836734693877551 1.510204081632653 1.163265306122449
11 19.220070668692745 2.5714285714285716 2.2653061224489797 2.0510204081632653 1.683673469387755 2.1122448979591835 2.173469387755102 3.0 2.7551020408163267 2.2653061224489797 1.7448979591836735
12 336.0 2.5714285714285716 2.2653061224489797 2.0510204081632653 1.683673469387755 2.1122448979591835 2.173469387755102 3.0 2.7551020408163267 2.2653061224489797 1.7448979591836735
13 42.43088650797047 2.5714285714285716 2.2653061224489797 2.0510204081632653 1.683673469387755 2.1122448979591835 2.173469387755102 3.0 2.7551020408163267 2.2653061224489797 1.7448979591836735
14 50.87742841970904 1.7142857142857142 1.510204081632653 1.3673469387755102 1.1224489795918366 1.4081632653061225 1.4489795918367347 2.0 1.836734693877551 1.510204081632653 1.163265306122449
15 77.43236301389462 1.7142857142857142 1.510204081632653 1.3673469387755102 1.1224489795918366 1.4081632653061225 1.4489795918367347 2.0 1.836734693877551 1.510204081632653 1.163265306122449
16 2.8186639005263796 1.7142857142857142 1.510204081632653 1.3673469387755102 1.1224489795918366 1.4081632653061225 1.4489795918367347 2.0 1.836734693877551 1.510204081632653 1.163265306122449
17 9.00354931237258 2.5714285714285716 2.2653061224489797 2.0510204081632653 1.683673469387755 2.1122448979591835 2.173469387755102 3.0 2.7551020408163267 2.2653061224489797 1.7448979591836735
18 52.83090014284814 1.7142857142857142 1.510204081632653 1.3673469387755102 1.1224489795918366 1.4081632653061225 1.4489795918367347 2.0 1.836734693877551 1.510204081632653 1.163265306122449
19 29.008515776155136 1.7142857142857142 1.510204081632653 1.3673469387755102 1.1224489795918366 1.4081632653061225 1.4489795918367347 2.0 1.836734693877551 1.510204081632653 1.163265306122449
20 51.348562414377554 2.5714285714285716 2.2653061224489797 2.0510204081632653 1.683673469387755 2.1122448979591835 2.173469387755102 3.0 2.7551020408163267 2.2653061224489797 1.7448979591836735
21 34.5772409675651 1.7142857142857142 1.510204081632653 1.3673469387755102 1.1224489795918366 1.4081632653061225 1.4489795918367347 2.0 1.836734693877551 1.510204081632653 1.163265306122449
22 24.186328380654455 1.7142857142857142 1.510204081632653 1.3673469387755102 1.1224489795918366 1.4081632653061225 1.4489795918367347 2.0 1.836734693877551 1.510204081632653 1.163265306122449
23 20.070000637377717 2.5714285714285716 2.2653061224489797 2.0510204081632653 1.683673469387755 2.1122448979591835 2.173469387755102 3.0 2.7551020408163267 2.2653061224489797 1.7448979591836735
24 4.190250097479964 1.7142857142857142 1.510204081632653 1.3673469387755102 1.1224489795918366 1.4081632653061225 1.4489795918367347 2.0 1.836734693877551 1.510204081632653 1.163265306122449
25 87.84359966532496 1.7142857142857142 1.510204081632653 1.3673469387755102 1.1224489795918366 1.4081632653061225 1.4489795918367347 2.0 1.836734693877551 1.510204081632653 1.163265306122449
26 28.59272352039616 1.7142857142857142 1.510204081632653 1.3673469387755102 1.1224489795918366 1.4081632653061225 1.4489795918367347 2.0 1.836734693877551 1.510204081632653 1.163265306122449
27 309.0 2.5714285714285716 2.2653061224489797 2.0510204081632653 1.683673469387755 2.1122448979591835 2.173469387755102 3.0 2.7551020408163267 2.2653061224489797 1.7448979591836735
28 10.436293154074843 1.7142857142857142 1.510204081632653 1.3673469387755102 1.1224489795918366 1.4081632653061225 1.4489795918367347 2.0 1.836734693877551 1.510204081632653 1.163265306122449
29 64.16820767453333 2.5714285714285716 2.2653061224489797 2.0510204081632653 1.683673469387755 2.1122448979591835 2.173469387755102 3.0 2.7551020408163267 2.2653061224489797 1.7448979591836735
30 117.48235210666367 1.7142857142857142 1.510204081632653 1.3673469387755102 1.1224489795918366 1.4081632653061225 1.4489795918367347 2.0 1.836734693877551 1.510204081632653 1.163265306122449
31 52.71986901615278 2.5714285714285716 2.2653061224489797 2.0510204081632653 1.683673469387755 2.1122448979591835 2.173469387755102 3.0 2.7551020408163267 2.2653061224489797 1.7448979591836735
32 77.72132252412759 1.7142857142857142 1.510204081632653 1.3673469387755102 1.1224489795918366 1.4081632653061225 1.4489795918367347 2.0 1.836734693877551 1.510204081632653 1.163265306122449
33 11.038082702895775 1.7142857142857142 1.510204081632653 1.3673469387755102 1.1224489795918366 1.4081632653061225 1.4489795918367347 2.0 1.836734693877551 1.510204081632653 1.163265306122449
34 28.781515338386118 2.5714285714285716 2.2653061224489797 2.0510204081632653 1.683673469387755 2.1122448979591835 2.173469387755102 3.0 2.7551020408163267 2.2653061224489797 1.7448979591836735
35 870.0 2.5714285714285716 2.2653061224489797 2.0510204081632653 1.683673469387755 2.1122448979591835 2.173469387755102 3.0 2.7551020408163267 2.2653061224489797 1.7448979591836735
36 21.049888362559198 2.5714285714285716 2.2653061224489797 2.0510204081632653 1.683673469387755 2.1122448979591835 2.173469387755102 3.0 2.7551020408163267 2.2653061224489797 1.7448979591836735
37 13.458033061930154 2.5714285714285716 2.2653061224489797 2.0510204081632653 1.683673469387755 2.1122448979591835 2.173469387755102 3.0 2.7551020408163267 2.2653061224489797 1.7448979591836735
38 33.62788925545196 2.5714285714285716 2.2653061224489797 2.0510204081632653 1.683673469387755 2.1122448979591835 2.173469387755102 3.0 2.7551020408163267 2.2653061224489797 1.7448979591836735
39 46.43615469470719 2.5714285714285716 2.2653061224489797 2.0510204081632653 1.683673469387755 2.1122448979591835 2.173469387755102 3.0 2.7551020408163267 2.2653061224489797 1.7448979591836735
40 21.62630729283201 2.5714285714285716 2.2653061224489797 2.0510204081632653 1.683673469387755 2.1122448979591835 2.173469387755102 3.0 2.7551020408163267 2.2653061224489797 1.7448979591836735
41 53.20672641104154 2.5714285714285716 2.2653061224489797 2.0510204081632653 1.683673469387755 2.1122448979591835 2.173469387755102 3.0 2.7551020408163267 2.2653061224489797 1.7448979591836735
42 50.72370141380846 1.7142857142857142 1.510204081632653 1.3673469387755102 1.1224489795918366 1.4081632653061225 1.4489795918367347 2.0 1.836734693877551 1.510204081632653 1.163265306122449
43 48.25465907268985 2.5714285714285716 2.2653061224489797 2.0510204081632653 1.683673469387755 2.1122448979591835 2.173469387755102 3.0 2.7551020408163267 2.2653061224489797 1.7448979591836735
44 47.87050079251979 2.5714285714285716 2.2653061224489797 2.0510204081632653 1.683673469387755 2.1122448979591835 2.173469387755102 3.0 2.7551020408163267 2.2653061224489797 1.7448979591836735
45 40.217396443962684 1.7142857142857142 1.510204081632653 1.3673469387755102 1.1224489795918366 1.4081632653061225 1.4489795918367347 2.0 1.836734693877551 1.510204081632653 1.163265306122449
46 468.0 2.5714285714285716 2.2653061224489797 2.0510204081632653 1.683673469387755 2.1122448979591835 2.173469387755102 3.0 2.7551020408163267 2.2653061224489797 1.7448979591836735
47 38.27892240127214 2.5714285714285716 2.2653061224489797 2.0510204081632653 1.683673469387755 2.1122448979591835 2.173469387755102 3.0 2.7551020408163267 2.2653061224489797 1.7448979591836735
48 648.0 2.5714285714285716 2.2653061224489797 2.0510204081632653 1.683673469387755 2.1122448979591835 2.173469387755102 3.0 2.7551020408163267 2.2653061224489797 1.7448979591836735
49 59.109995298647114 1.7142857142857142 1.510204081632653 1.3673469387755102 1.1224489795918366 1.4081632653061225 1.4489795918367347 2.0 1.836734693877551 1.510204081632653 1.163265306122449
