80 10
TREE NETWORK (nID nID Weight):
11 0 58
53 11 49
12 53 57
76 12 56
3 0 30
22 11 34
64 11 48
57 3 42
16 53 43
77 57 55
37 77 59
7 57 57
4 22 32
69 22 32
20 0 54
78 20 36
13 3 49
21 20 41
2 12 31
28 12 34
36 2 59
65 77 44
50 3 35
23 11 42
62 78 39
42 62 49
54 16 51
59 4 37
38 36 57
44 54 51
66 13 48
14 0 33
1 38 48
41 3 30
35 12 48
17 4 35
51 2 37
27 44 45
33 11 49
68 13 57
46 64 57
72 28 56
40 28 46
19 62 36
26 35 39
6 20 30
71 3 32
73 26 44
24 46 49
43 57 36
55 57 56
30 50 47
79 46 42
9 71 46
61 68 51
74 62 39
48 65 39
34 11 38
39 26 30
58 54 33
32 61 45
25 17 39
5 21 57
15 32 38
52 73 56
31 69 36
18 72 35
60 55 51
10 25 56
47 7 50
70 58 37
75 28 33
49 46 56
29 74 49
56 36 42
8 22 59
67 65 56
45 41 45
63 18 54
PROGRAMS ASSIGNED TO NODES (nID pID1 pID2 ...):
0 1 2 3 4 5 6 7 8 9 10
1 5 7 10
2 8 9
3 5
4 2 3 9 10
5 1 3 4 5 6 7 8 10
6 1 6 10
7 1 5
8 1 3 4 5 6 7 8 9 10
9 2 3 6 8 9 10
10 1 2 5 10
11 2 4 5 6 7 9 10
12 1 3 4 5 6 7 8 9 10
13 2 3 4 5 6 7 8 9 10
14 1 2 4 5 6 8 9 10
15 1 3 4 5 6 8 10
16 2 3 4 5 6 7 8 10
17 2 3 4 5 6 8 9
18 1 3 4 7 8
19 6 9 10
21 1 7
22 2 3 4 7
23 1 6 9
25 1 3 4 6 9
26 1 4
27 4 8
28 1 3 5 7 8 9
29 3 5 7 8 9
30 1 2 3 4 6 7 9 10
31 1 2 4 5 6 7 8 9 10
32 6 9
33 6 8
34 6
35 1 2 5
36 3 5 7
37 1 3 4 5 6 8 9 10
38 2 3 5 6 7 8
39 1 2 3 4 5 6
40 2 4 5 7
41 2 3 4 5 6 7 8
42 1 2 7 9 10
43 2 3 4 5 7 8 10
45 1 2 3 5 7 8 10
46 8 10
47 1 2 4 6 7 8 9 10
48 2 3 4 5 6 7 8 9 10
49 2 3 4 6 10
50 3 4 5 6 8 9
51 1 3 9
52 1 3 5 6 7 8 9
54 2 4 6 7 8 10
55 2 3 6 7 8 9 10
56 1 2 3 4 5 6 7 9 10
57 7 9
58 1 2 5 7 8 10
59 1 2 3 4 5 7 8 9 10
60 1 2 3 4 6 7 10
61 1 2 3 4 5 6 7 8 10
62 1 3
63 4 5 7 9
65 3
67 2 5 6 7 9
68 3 4 7 8
69 1 2 3 4 5 8
70 2 4 5 6 7 8 9 10
71 2 3 4 5 7 9 10
72 1 2 3 5 6 7 10
73 1 2 4 6 7 8 9 10
74 1 2 3 5 6 7 10
75 1 2 4 5 7 8 9
76 2 3 5 8 9
77 1 3 6
78 3 4 8 10
79 1 2 4
SIZE OF PROGRAMS (pID SIZE):
1 51.0
2 53.0
3 98.0
4 65.0
5 62.0
6 53.0
7 45.0
8 49.0
9 47.0
10 51.0
COST TO INSTALL SERVERS AND PROGRAMS ON NODES (COST_TO_INSTALL_SERVER COST_TO_INSTALL_pID1 ...):
0 2171.4285714285716 1.0408163265306123 1.0816326530612246 2.0 1.3265306122448979 1.2653061224489797 1.0816326530612246 0.9183673469387755 1.0 0.9591836734693877 1.0408163265306123
1 22.154008055875337 1.0408163265306123 1.0816326530612246 2.0 1.3265306122448979 1.2653061224489797 1.0816326530612246 0.9183673469387755 1.0 0.9591836734693877 1.0408163265306123
2 37.14111020575656 1.5612244897959184 1.6224489795918366 3.0 1.989795918367347 1.8979591836734695 1.6224489795918366 1.3775510204081634 1.5 1.4387755102040816 1.5612244897959184
3 12.227908197715008 1.0408163265306123 1.0816326530612246 2.0 1.3265306122448979 1.2653061224489797 1.0816326530612246 0.9183673469387755 1.0 0.9591836734693877 1.0408163265306123
4 25.998343437408394 1.5612244897959184 1.6224489795918366 3.0 1.989795918367347 1.8979591836734695 1.6224489795918366 1.3775510204081634 1.5 1.4387755102040816 1.5612244897959184
5 21.801431286964025 1.5612244897959184 1.6224489795918366 3.0 1.989795918367347 1.8979591836734695 1.6224489795918366 1.3775510204081634 1.5 1.4387755102040816 1.5612244897959184
6 3.530403958683659 1.0408163265306123 1.0816326530612246 2.0 1.3265306122448979 1.2653061224489797 1.0816326530612246 0.9183673469387755 1.0 0.9591836734693877 1.0408163265306123
7 23.05427772494256 1.5612244897959184 1.6224489795918366 3.0 1.989795918367347 1.8979591836734695 1.6224489795918366 1.3775510204081634 1.5 1.4387755102040816 1.5612244897959184
8 35.81114058185883 1.5612244897959184 1.6224489795918366 3.0 1.989795918367347 1.8979591836734695 1.6224489795918366 1.3775510204081634 1.5 1.4387755102040816 1.5612244897959184
9 29.155937849352295 1.0408163265306123 1.0816326530612246 2.0 1.3265306122448979 1.2653061224489797 1.0816326530612246 0.9183673469387755 1.0 0.9591836734693877 1.0408163265306123
10 41.366688995610616 1.5612244897959184 1.6224489795918366 3.0 1.989795918367347 1.8979591836734695 1.6224489795918366 1.3775510204081634 1.5 1.4387755102040816 1.5612244897959184
11 5.257572850192781 1.0408163265306123 1.0816326530612246 2.0 1.3265306122448979 1.2653061224489797 1.0816326530612246 0.9183673469387755 1.0 0.9591836734693877 1.0408163265306123
12 24.907961323213986 1.0408163265306123 1.0816326530612246 2.0 1.3265306122448979 1.2653061224489797 1.0816326530612246 0.9183673469387755 1.0 0.9591836734693877 1.0408163265306123
13 24.19917956581556 1.0408163265306123 1.0816326530612246 2.0 1.3265306122448979 1.2653061224489797 1.0816326530612246 0.9183673469387755 1.0 0.9591836734693877 1.0408163265306123
14 6.733694900728547 1.5612244897959184 1.6224489795918366 3.0 1.989795918367347 1.8979591836734695 1.6224489795918366 1.3775510204081634 1.5 1.4387755102040816 1.5612244897959184
15 62.03735582396261 1.5612244897959184 1.6224489795918366 3.0 1.989795918367347 1.8979591836734695 1.6224489795918366 1.3775510204081634 1.5 1.4387755102040816 1.5612244897959184
16 44.2803478526467 1.5612244897959184 1.6224489795918366 3.0 1.989795918367347 1.8979591836734695 1.6224489795918366 1.3775510204081634 1.5 1.4387755102040816 1.5612244897959184
17 42.83732830762587 1.0408163265306123 1.0816326530612246 2.0 1.3265306122448979 1.2653061224489797 1.0816326530612246 0.9183673469387755 1.0 0.9591836734693877 1.0408163265306123
18 47.252941753015335 1.5612244897959184 1.6224489795918366 3.0 1.989795918367347 1.8979591836734695 1.6224489795918366 1.3775510204081634 1.5 1.4387755102040816 1.5612244897959184
19 22.148956180465238 1.0408163265306123 1.0816326530612246 2.0 1.3265306122448979 1.2653061224489797 1.0816326530612246 0.9183673469387755 1.0 0.9591836734693877 1.0408163265306123
20 8.465912450852365 1.0408163265306123 1.0816326530612246 2.0 1.3265306122448979 1.2653061224489797 1.0816326530612246 0.9183673469387755 1.0 0.9591836734693877 1.0408163265306123
21 11.078470202301759 1.0408163265306123 1.0816326530612246 2.0 1.3265306122448979 1.2653061224489797 1.0816326530612246 0.9183673469387755 1.0 0.9591836734693877 1.0408163265306123
22 21.850033889823663 1.0408163265306123 1.0816326530612246 2.0 1.3265306122448979 1.2653061224489797 1.0816326530612246 0.9183673469387755 1.0 0.9591836734693877 1.0408163265306123
23 9.061212742437242 1.0408163265306123 1.0816326530612246 2.0 1.3265306122448979 1.2653061224489797 1.0816326530612246 0.9183673469387755 1.0 0.9591836734693877 1.0408163265306123
24 108.0 1.5612244897959184 1.6224489795918366 3.0 1.989795918367347 1.8979591836734695 1.6224489795918366 1.3775510204081634 1.5 1.4387755102040816 1.5612244897959184
25 90.43246161252443 1.0408163265306123 1.0816326530612246 2.0 1.3265306122448979 1.2653061224489797 1.0816326530612246 0.9183673469387755 1.0 0.9591836734693877 1.0408163265306123
26 59.23799155315839 1.5612244897959184 1.6224489795918366 3.0 1.989795918367347 1.8979591836734695 1.6224489795918366 1.3775510204081634 1.5 1.4387755102040816 1.5612244897959184
27 19.971413528470666 1.0408163265306123 1.0816326530612246 2.0 1.3265306122448979 1.2653061224489797 1.0816326530612246 0.9183673469387755 1.0 0.9591836734693877 1.0408163265306123
28 35.89405894774854 1.0408163265306123 1.0816326530612246 2.0 1.3265306122448979 1.2653061224489797 1.0816326530612246 0.9183673469387755 1.0 0.9591836734693877 1.0408163265306123
29 23.12865094379291 1.0408163265306123 1.0816326530612246 2.0 1.3265306122448979 1.2653061224489797 1.0816326530612246 0.9183673469387755 1.0 0.9591836734693877 1.0408163265306123
30 20.993921796881157 1.5612244897959184 1.6224489795918366 3.0 1.989795918367347 1.8979591836734695 1.6224489795918366 1.3775510204081634 1.5 1.4387755102040816 1.5612244897959184
31 51.97138870242914 1.5612244897959184 1.6224489795918366 3.0 1.989795918367347 1.8979591836734695 1.6224489795918366 1.3775510204081634 1.5 1.4387755102040816 1.5612244897959184
32 56.62268043914241 1.5612244897959184 1.6224489795918366 3.0 1.989795918367347 1.8979591836734695 1.6224489795918366 1.3775510204081634 1.5 1.4387755102040816 1.5612244897959184
33 2.449518529980813 1.5612244897959184 1.6224489795918366 3.0 1.989795918367347 1.8979591836734695 1.6224489795918366 1.3775510204081634 1.5 1.4387755102040816 1.5612244897959184
34 1.629488576005342 1.5612244897959184 1.6224489795918366 3.0 1.989795918367347 1.8979591836734695 1.6224489795918366 1.3775510204081634 1.5 1.4387755102040816 1.5612244897959184
35 43.065315752314085 1.5612244897959184 1.6224489795918366 3.0 1.989795918367347 1.8979591836734695 1.6224489795918366 1.3775510204081634 1.5 1.4387755102040816 1.5612244897959184
36 71.98987338080813 1.0408163265306123 1.0816326530612246 2.0 1.3265306122448979 1.2653061224489797 1.0816326530612246 0.9183673469387755 1.0 0.9591836734693877 1.0408163265306123
37 63.627513160446604 1.5612244897959184 1.6224489795918366 3.0 1.989795918367347 1.8979591836734695 1.6224489795918366 1.3775510204081634 1.5 1.4387755102040816 1.5612244897959184
38 46.513237346396345 1.5612244897959184 1.6224489795918366 3.0 1.989795918367347 1.8979591836734695 1.6224489795918366 1.3775510204081634 1.5 1.4387755102040816 1.5612244897959184
39 80.01186848590537 1.5612244897959184 1.6224489795918366 3.0 1.989795918367347 1.8979591836734695 1.6224489795918366 1.3775510204081634 1.5 1.4387755102040816 1.5612244897959184
40 24.203883046984565 1.5612244897959184 1.6224489795918366 3.0 1.989795918367347 1.8979591836734695 1.6224489795918366 1.3775510204081634 1.5 1.4387755102040816 1.5612244897959184
41 43.5386846375569 1.5612244897959184 1.6224489795918366 3.0 1.989795918367347 1.8979591836734695 1.6224489795918366 1.3775510204081634 1.5 1.4387755102040816 1.5612244897959184
42 21.860539582315276 1.0408163265306123 1.0816326530612246 2.0 1.3265306122448979 1.2653061224489797 1.0816326530612246 0.9183673469387755 1.0 0.9591836734693877 1.0408163265306123
43 32.29283152652519 1.0408163265306123 1.0816326530612246 2.0 1.3265306122448979 1.2653061224489797 1.0816326530612246 0.9183673469387755 1.0 0.9591836734693877 1.0408163265306123
44 10.071197329934096 1.0408163265306123 1.0816326530612246 2.0 1.3265306122448979 1.2653061224489797 1.0816326530612246 0.9183673469387755 1.0 0.9591836734693877 1.0408163265306123
45 56.840225722057035 1.0408163265306123 1.0816326530612246 2.0 1.3265306122448979 1.2653061224489797 1.0816326530612246 0.9183673469387755 1.0 0.9591836734693877 1.0408163265306123
46 32.482500945942654 1.5612244897959184 1.6224489795918366 3.0 1.989795918367347 1.8979591836734695 1.6224489795918366 1.3775510204081634 1.5 1.4387755102040816 1.5612244897959184
47 41.93149974184007 1.0408163265306123 1.0816326530612246 2.0 1.3265306122448979 1.2653061224489797 1.0816326530612246 0.9183673469387755 1.0 0.9591836734693877 1.0408163265306123
48 40.50922671030739 1.0408163265306123 1.0816326530612246 2.0 1.3265306122448979 1.2653061224489797 1.0816326530612246 0.9183673469387755 1.0 0.9591836734693877 1.0408163265306123
49 26.200935065591317 1.0408163265306123 1.0816326530612246 2.0 1.3265306122448979 1.2653061224489797 1.0816326530612246 0.9183673469387755 1.0 0.9591836734693877 1.0408163265306123
50 19.825400902277234 1.5612244897959184 1.6224489795918366 3.0 1.989795918367347 1.8979591836734695 1.6224489795918366 1.3775510204081634 1.5 1.4387755102040816 1.5612244897959184
51 33.830672561383054 1.0408163265306123 1.0816326530612246 2.0 1.3265306122448979 1.2653061224489797 1.0816326530612246 0.9183673469387755 1.0 0.9591836734693877 1.0408163265306123
52 51.504121066637126 1.0408163265306123 1.0816326530612246 2.0 1.3265306122448979 1.2653061224489797 1.0816326530612246 0.9183673469387755 1.0 0.9591836734693877 1.0408163265306123
53 16.267197263323787 1.5612244897959184 1.6224489795918366 3.0 1.989795918367347 1.8979591836734695 1.6224489795918366 1.3775510204081634 1.5 1.4387755102040816 1.5612244897959184
54 59.89235576606096 1.5612244897959184 1.6224489795918366 3.0 1.989795918367347 1.8979591836734695 1.6224489795918366 1.3775510204081634 1.5 1.4387755102040816 1.5612244897959184
55 58.591703753632636 1.5612244897959184 1.6224489795918366 3.0 1.989795918367347 1.8979591836734695 1.6224489795918366 1.3775510204081634 1.5 1.4387755102040816 1.5612244897959184
56 98.3639243831676 1.5612244897959184 1.6224489795918366 3.0 1.989795918367347 1.8979591836734695 1.6224489795918366 1.3775510204081634 1.5 1.4387755102040816 1.5612244897959184
57 32.66305515275798 1.5612244897959184 1.6224489795918366 3.0 1.989795918367347 1.8979591836734695 1.6224489795918366 1.3775510204081634 1.5 1.4387755102040816 1.5612244897959184
58 58.144582280295914 1.0408163265306123 1.0816326530612246 2.0 1.3265306122448979 1.2653061224489797 1.0816326530612246 0.9183673469387755 1.0 0.9591836734693877 1.0408163265306123
59 56.989177474903435 1.5612244897959184 1.6224489795918366 3.0 1.989795918367347 1.8979591836734695 1.6224489795918366 1.3775510204081634 1.5 1.4387755102040816 1.5612244897959184
60 45.30439499490157 1.5612244897959184 1.6224489795918366 3.0 1.989795918367347 1.8979591836734695 1.6224489795918366 1.3775510204081634 1.5 1.4387755102040816 1.5612244897959184
61 31.39396823668322 1.5612244897959184 1.6224489795918366 3.0 1.989795918367347 1.8979591836734695 1.6224489795918366 1.3775510204081634 1.5 1.4387755102040816 1.5612244897959184
62 51.48408964733438 1.5612244897959184 1.6224489795918366 3.0 1.989795918367347 1.8979591836734695 1.6224489795918366 1.3775510204081634 1.5 1.4387755102040816 1.5612244897959184
63 44.30108461031493 1.5612244897959184 1.6224489795918366 3.0 1.989795918367347 1.8979591836734695 1.6224489795918366 1.3775510204081634 1.5 1.4387755102040816 1.5612244897959184
64 9.776185790304538 1.0408163265306123 1.0816326530612246 2.0 1.3265306122448979 1.2653061224489797 1.0816326530612246 0.9183673469387755 1.0 0.9591836734693877 1.0408163265306123
65 57.173375152931584 1.0408163265306123 1.0816326530612246 2.0 1.3265306122448979 1.2653061224489797 1.0816326530612246 0.9183673469387755 1.0 0.9591836734693877 1.0408163265306123
66 495.0 1.0408163265306123 1.0816326530612246 2.0 1.3265306122448979 1.2653061224489797 1.0816326530612246 0.9183673469387755 1.0 0.9591836734693877 1.0408163265306123
67 17.59202560670994 1.5612244897959184 1.6224489795918366 3.0 1.989795918367347 1.8979591836734695 1.6224489795918366 1.3775510204081634 1.5 1.4387755102040816 1.5612244897959184
68 50.55021299981369 1.0408163265306123 1.0816326530612246 2.0 1.3265306122448979 1.2653061224489797 1.0816326530612246 0.9183673469387755 1.0 0.9591836734693877 1.0408163265306123
69 60.28449153329698 1.0408163265306123 1.0816326530612246 2.0 1.3265306122448979 1.2653061224489797 1.0816326530612246 0.9183673469387755 1.0 0.9591836734693877 1.0408163265306123
70 63.90267420270838 1.5612244897959184 1.6224489795918366 3.0 1.989795918367347 1.8979591836734695 1.6224489795918366 1.3775510204081634 1.5 1.4387755102040816 1.5612244897959184
71 31.6242252243829 1.0408163265306123 1.0816326530612246 2.0 1.3265306122448979 1.2653061224489797 1.0816326530612246 0.9183673469387755 1.0 0.9591836734693877 1.0408163265306123
72 82.43278261598398 1.0408163265306123 1.0816326530612246 2.0 1.3265306122448979 1.2653061224489797 1.0816326530612246 0.9183673469387755 1.0 0.9591836734693877 1.0408163265306123
73 37.84971433303478 1.5612244897959184 1.6224489795918366 3.0 1.989795918367347 1.8979591836734695 1.6224489795918366 1.3775510204081634 1.5 1.4387755102040816 1.5612244897959184
74 33.61143893623266 1.0408163265306123 1.0816326530612246 2.0 1.3265306122448979 1.2653061224489797 1.0816326530612246 0.9183673469387755 1.0 0.9591836734693877 1.0408163265306123
75 53.36415366872692 1.5612244897959184 1.6224489795918366 3.0 1.989795918367347 1.8979591836734695 1.6224489795918366 1.3775510204081634 1.5 1.4387755102040816 1.5612244897959184
76 30.306590591872826 1.0408163265306123 1.0816326530612246 2.0 1.3265306122448979 1.2653061224489797 1.0816326530612246 0.9183673469387755 1.0 0.9591836734693877 1.0408163265306123
77 56.982514788137124 1.0408163265306123 1.0816326530612246 2.0 1.3265306122448979 1.2653061224489797 1.0816326530612246 0.9183673469387755 1.0 0.9591836734693877 1.0408163265306123
78 24.998350732870822 1.0408163265306123 1.0816326530612246 2.0 1.3265306122448979 1.2653061224489797 1.0816326530612246 0.9183673469387755 1.0 0.9591836734693877 1.0408163265306123
79 21.316129920895335 1.0408163265306123 1.0816326530612246 2.0 1.3265306122448979 1.2653061224489797 1.0816326530612246 0.9183673469387755 1.0 0.9591836734693877 1.0408163265306123
