60 30
TREE NETWORK (nID nID Weight):
7 0 57
44 7 55
26 7 49
27 26 53
52 7 36
40 44 40
17 0 35
47 27 48
3 27 43
51 52 40
2 26 41
6 44 45
16 0 32
4 6 51
1 52 47
11 47 36
35 51 43
31 47 33
28 3 36
55 16 37
13 2 40
15 31 42
8 47 41
49 13 32
53 44 45
23 44 33
24 53 44
22 4 39
21 7 31
18 7 34
59 24 53
32 11 54
25 11 44
34 51 41
41 27 55
58 35 44
39 16 58
54 24 58
14 4 41
12 2 43
30 39 43
33 2 59
46 12 34
38 51 55
45 16 43
5 3 50
19 2 49
10 16 57
20 28 39
36 31 56
48 21 48
56 7 36
37 1 40
29 27 37
57 0 46
9 47 52
50 20 34
43 36 37
42 38 56
PROGRAMS ASSIGNED TO NODES (nID pID1 pID2 ...):
0 1 2 3 4 5 6 7 8 9 10 11 12 13 14 15 16 17 18 19 20 21 22 23 24 25 26 27 28 29 30
1 1 18 2 6 23 8 24 25 10 28 29 30
2 1 4 5 6 10 12 13 14 16 18 19 20 21 22 23 24 25 27 30
3 1 2 3 7 8 12 16 18 19 20 22 24 26 27 28 30
4 2 3 6 7 9 11 14 15 17 18 21 22 26 28
5 2 4 6 9 10 11 13 16 17 21 22 23 26 27 29
7 1 2 4 6 7 8 9 10 11 12 13 14 15 16 17 18 19 20 21 22 23 25 26 27 28 29 30
8 1 4 5 6 7 10 11 12 14 15 16 18 20 21 22 23 24 25 26 28 30
9 20 5 22 13 14
10 1 4 5 6 9 11 12 13 14 16 17 18 19 20 22 23 24 26 29 30
11 3 6 7 8 9 12 14 22 24 26 27 28 30
12 12
13 9 30
14 2 3 4 5 6 7 8 9 11 12 14 15 17 18 19 20 21 22 23 24 25 26 27 28 29 30
15 14
16 4 21 11 14
17 16 1 3 5 6 10 11 29 13 14
18 13
19 3 4 5 6 7 8 9 10 12 13 16 18 19 20 21 22 24 25 27
20 1 2 3 4 5 6 7 8 9 10 11 12 13 15 16 17 18 19 20 21 22 23 24 25 26 27 28 29 30
21 1 2 3 4 6 7 8 10 11 12 13 14 16 17 18 19 20 21 22 23 24 25 26 27 28 29 30
22 16 18 4 6 8 25 9 12 29 30 14
23 1 4 5 9 10 12 15 16 23 25 26 28 30
24 1 3 6 8 11 12 14 16 17 18 20 25 27 29
25 2
26 1 19 20 26
27 17 1 26 11 27 28 12 29
28 16 18 19 4 5 6 22 25 11 12 15
29 16 1 3 4 20 5 25 27 12 13 30 15
30 2 4 5 7 8 9 10 12 13 17 18 20 21 23 26 27 28 29
31 5
32 6 24 26 14 30
33 17 1 21 23 8 10 26 27 13
34 1 2 3 4 5 6 7 8 9 10 11 12 13 14 15 16 17 18 19 20 21 22 23 24 25 26 27 28 29
35 1 3 7 9 10 11 12 13 14 17 18 19 20 25 26 27 28 30
36 20 4 5 21 7 10 11 27 28 30
37 2 28
38 2 20 5 7 24 8 12 30 15
39 4 5 6 8 9 12 16 18 19 21 23 26 30
40 16 17 3 4 6 23 29 14
41 1 17 19 20 25 11 28
42 1 2 3 4 5 6 7 8 9 10 11 12 13 14 15 16 17 18 20 21 22 23 24 25 26 27 28 29 30
43 2 4 5 6 7 8 9 10 13 14 15 16 17 18 19 20 21 22 23 26 28
44 1 4 5 6 7 8 9 10 12 13 14 15 17 18 19 20 21 22 23 25 26 27 29 30
45 17 1 19 20 7 10 28 14 30
46 1 3 4 5 6 7 8 10 11 13 14 16 17 19 20 21 22 23 24 25 26 28 29 30
47 1 18 3 4 5 26 12 13 14
48 1 4 6 7 8 9 10 11 12 13 14 16 17 19 20 23 24 25 27 28 30
49 17 2 19 21 11 27 13
50 2 3 4 5 6 8 9 10 11 12 13 15 16 17 18 19 20 21 22 24 25 26 27 28 29 30
51 2 4 7 8 10 11 12 15 17 18 25 26 27 28 30
52 17 20 4 21 5 6 22 24 29
53 1 2 3 4 5 7 8 11 12 13 14 15 16 17 18 20 21 22 24 26 27 28 29 30
54 2 3 4 6 7 8 9 10 11 12 13 14 15 17 18 19 24 25 28 29 30
55 1 2 3 4 5 6 7 8 9 12 13 14 15 16 19 21 22 23 24 25 26 28 29 30
56 1 2 5 8 9 11 13 16 17 23 25 26 30
57 17 4 5 24 13 30
58 19 6 13 29
59 17 18 21 22 8 11 15
SIZE OF PROGRAMS (pID SIZE):
1 60.0
2 59.0
3 76.0
4 45.0
5 82.0
6 77.0
7 61.0
8 55.0
9 47.0
10 88.0
11 98.0
12 61.0
13 94.0
14 82.0
15 74.0
16 94.0
17 47.0
18 60.0
19 42.0
20 93.0
21 92.0
22 78.0
23 57.0
24 46.0
25 61.0
26 79.0
27 71.0
28 96.0
29 78.0
30 85.0
COST TO INSTALL SERVERS AND PROGRAMS ON NODES (COST_TO_INSTALL_SERVER COST_TO_INSTALL_pID1 ...):
0 5363.265306122449 1.2244897959183674 1.2040816326530612 1.5510204081632653 0.9183673469387755 1.6734693877551021 1.5714285714285714 1.2448979591836735 1.1224489795918366 0.9591836734693877 1.7959183673469388 2.0 1.2448979591836735 1.9183673469387754 1.6734693877551021 1.510204081632653 1.9183673469387754 0.9591836734693877 1.2244897959183674 0.8571428571428571 1.8979591836734695 1.8775510204081634 1.5918367346938775 1.163265306122449 0.9387755102040817 1.2448979591836735 1.6122448979591837 1.4489795918367347 1.9591836734693877 1.5918367346938775 1.7346938775510203
1 60.604792009953165 1.836734693877551 1.8061224489795917 2.326530612244898 1.3775510204081634 2.510204081632653 2.357142857142857 1.8673469387755102 1.683673469387755 1.4387755102040816 2.693877551020408 3.0 1.8673469387755102 2.877551020408163 2.510204081632653 2.2653061224489797 2.877551020408163 1.4387755102040816 1.836734693877551 1.2857142857142858 2.8469387755102042 2.816326530612245 2.3877551020408165 1.7448979591836735 1.4081632653061225 1.8673469387755102 2.4183673469387754 2.173469387755102 2.938775510204082 2.3877551020408165 2.6020408163265305
2 143.1665323828284 1.836734693877551 1.8061224489795917 2.326530612244898 1.3775510204081634 2.510204081632653 2.357142857142857 1.8673469387755102 1.683673469387755 1.4387755102040816 2.693877551020408 3.0 1.8673469387755102 2.877551020408163 2.510204081632653 2.2653061224489797 2.877551020408163 1.4387755102040816 1.836734693877551 1.2857142857142858 2.8469387755102042 2.816326530612245 2.3877551020408165 1.7448979591836735 1.4081632653061225 1.8673469387755102 2.4183673469387754 2.173469387755102 2.938775510204082 2.3877551020408165 2.6020408163265305
3 256.4554361587404 1.836734693877551 1.8061224489795917 2.326530612244898 1.3775510204081634 2.510204081632653 2.357142857142857 1.8673469387755102 1.683673469387755 1.4387755102040816 2.693877551020408 3.0 1.8673469387755102 2.877551020408163 2.510204081632653 2.2653061224489797 2.877551020408163 1.4387755102040816 1.836734693877551 1.2857142857142858 2.8469387755102042 2.816326530612245 2.3877551020408165 1.7448979591836735 1.4081632653061225 1.8673469387755102 2.4183673469387754 2.173469387755102 2.938775510204082 2.3877551020408165 2.6020408163265305
4 85.64634295960096 1.2244897959183674 1.2040816326530612 1.5510204081632653 0.9183673469387755 1.6734693877551021 1.5714285714285714 1.2448979591836735 1.1224489795918366 0.9591836734693877 1.7959183673469388 2.0 1.2448979591836735 1.9183673469387754 1.6734693877551021 1.510204081632653 1.9183673469387754 0.9591836734693877 1.2244897959183674 0.8571428571428571 1.8979591836734695 1.8775510204081634 1.5918367346938775 1.163265306122449 0.9387755102040817 1.2448979591836735 1.6122448979591837 1.4489795918367347 1.9591836734693877 1.5918367346938775 1.7346938775510203
5 138.4051813427309 1.836734693877551 1.8061224489795917 2.326530612244898 1.3775510204081634 2.510204081632653 2.357142857142857 1.8673469387755102 1.683673469387755 1.4387755102040816 2.693877551020408 3.0 1.8673469387755102 2.877551020408163 2.510204081632653 2.2653061224489797 2.877551020408163 1.4387755102040816 1.836734693877551 1.2857142857142858 2.8469387755102042 2.816326530612245 2.3877551020408165 1.7448979591836735 1.4081632653061225 1.8673469387755102 2.4183673469387754 2.173469387755102 2.938775510204082 2.3877551020408165 2.6020408163265305
6 57.41541192267753 1.2244897959183674 1.2040816326530612 1.5510204081632653 0.9183673469387755 1.6734693877551021 1.5714285714285714 1.2448979591836735 1.1224489795918366 0.9591836734693877 1.7959183673469388 2.0 1.2448979591836735 1.9183673469387754 1.6734693877551021 1.510204081632653 1.9183673469387754 0.9591836734693877 1.2244897959183674 0.8571428571428571 1.8979591836734695 1.8775510204081634 1.5918367346938775 1.163265306122449 0.9387755102040817 1.2448979591836735 1.6122448979591837 1.4489795918367347 1.9591836734693877 1.5918367346938775 1.7346938775510203
7 40.80118541613938 1.2244897959183674 1.2040816326530612 1.5510204081632653 0.9183673469387755 1.6734693877551021 1.5714285714285714 1.2448979591836735 1.1224489795918366 0.9591836734693877 1.7959183673469388 2.0 1.2448979591836735 1.9183673469387754 1.6734693877551021 1.510204081632653 1.9183673469387754 0.9591836734693877 1.2244897959183674 0.8571428571428571 1.8979591836734695 1.8775510204081634 1.5918367346938775 1.163265306122449 0.9387755102040817 1.2448979591836735 1.6122448979591837 1.4489795918367347 1.9591836734693877 1.5918367346938775 1.7346938775510203
8 128.49938425643336 1.836734693877551 1.8061224489795917 2.326530612244898 1.3775510204081634 2.510204081632653 2.357142857142857 1.8673469387755102 1.683673469387755 1.4387755102040816 2.693877551020408 3.0 1.8673469387755102 2.877551020408163 2.510204081632653 2.2653061224489797 2.877551020408163 1.4387755102040816 1.836734693877551 1.2857142857142858 2.8469387755102042 2.816326530612245 2.3877551020408165 1.7448979591836735 1.4081632653061225 1.8673469387755102 2.4183673469387754 2.173469387755102 2.938775510204082 2.3877551020408165 2.6020408163265305
9 63.29786724366397 1.836734693877551 1.8061224489795917 2.326530612244898 1.3775510204081634 2.510204081632653 2.357142857142857 1.8673469387755102 1.683673469387755 1.4387755102040816 2.693877551020408 3.0 1.8673469387755102 2.877551020408163 2.510204081632653 2.2653061224489797 2.877551020408163 1.4387755102040816 1.836734693877551 1.2857142857142858 2.8469387755102042 2.816326530612245 2.3877551020408165 1.7448979591836735 1.4081632653061225 1.8673469387755102 2.4183673469387754 2.173469387755102 2.938775510204082 2.3877551020408165 2.6020408163265305
10 63.64762936372873 1.2244897959183674 1.2040816326530612 1.5510204081632653 0.9183673469387755 1.6734693877551021 1.5714285714285714 1.2448979591836735 1.1224489795918366 0.9591836734693877 1.7959183673469388 2.0 1.2448979591836735 1.9183673469387754 1.6734693877551021 1.510204081632653 1.9183673469387754 0.9591836734693877 1.2244897959183674 0.8571428571428571 1.8979591836734695 1.8775510204081634 1.5918367346938775 1.163265306122449 0.9387755102040817 1.2448979591836735 1.6122448979591837 1.4489795918367347 1.9591836734693877 1.5918367346938775 1.7346938775510203
11 70.70465117723022 1.836734693877551 1.8061224489795917 2.326530612244898 1.3775510204081634 2.510204081632653 2.357142857142857 1.8673469387755102 1.683673469387755 1.4387755102040816 2.693877551020408 3.0 1.8673469387755102 2.877551020408163 2.510204081632653 2.2653061224489797 2.877551020408163 1.4387755102040816 1.836734693877551 1.2857142857142858 2.8469387755102042 2.816326530612245 2.3877551020408165 1.7448979591836735 1.4081632653061225 1.8673469387755102 2.4183673469387754 2.173469387755102 2.938775510204082 2.3877551020408165 2.6020408163265305
12 180.15015652830706 1.2244897959183674 1.2040816326530612 1.5510204081632653 0.9183673469387755 1.6734693877551021 1.5714285714285714 1.2448979591836735 1.1224489795918366 0.9591836734693877 1.7959183673469388 2.0 1.2448979591836735 1.9183673469387754 1.6734693877551021 1.510204081632653 1.9183673469387754 0.9591836734693877 1.2244897959183674 0.8571428571428571 1.8979591836734695 1.8775510204081634 1.5918367346938775 1.163265306122449 0.9387755102040817 1.2448979591836735 1.6122448979591837 1.4489795918367347 1.9591836734693877 1.5918367346938775 1.7346938775510203
13 84.60797786478999 1.836734693877551 1.8061224489795917 2.326530612244898 1.3775510204081634 2.510204081632653 2.357142857142857 1.8673469387755102 1.683673469387755 1.4387755102040816 2.693877551020408 3.0 1.8673469387755102 2.877551020408163 2.510204081632653 2.2653061224489797 2.877551020408163 1.4387755102040816 1.836734693877551 1.2857142857142858 2.8469387755102042 2.816326530612245 2.3877551020408165 1.7448979591836735 1.4081632653061225 1.8673469387755102 2.4183673469387754 2.173469387755102 2.938775510204082 2.3877551020408165 2.6020408163265305
14 119.01223716858979 1.2244897959183674 1.2040816326530612 1.5510204081632653 0.9183673469387755 1.6734693877551021 1.5714285714285714 1.2448979591836735 1.1224489795918366 0.9591836734693877 1.7959183673469388 2.0 1.2448979591836735 1.9183673469387754 1.6734693877551021 1.510204081632653 1.9183673469387754 0.9591836734693877 1.2244897959183674 0.8571428571428571 1.8979591836734695 1.8775510204081634 1.5918367346938775 1.163265306122449 0.9387755102040817 1.2448979591836735 1.6122448979591837 1.4489795918367347 1.9591836734693877 1.5918367346938775 1.7346938775510203
15 11.337498495139803 1.2244897959183674 1.2040816326530612 1.5510204081632653 0.9183673469387755 1.6734693877551021 1.5714285714285714 1.2448979591836735 1.1224489795918366 0.9591836734693877 1.7959183673469388 2.0 1.2448979591836735 1.9183673469387754 1.6734693877551021 1.510204081632653 1.9183673469387754 0.9591836734693877 1.2244897959183674 0.8571428571428571 1.8979591836734695 1.8775510204081634 1.5918367346938775 1.163265306122449 0.9387755102040817 1.2448979591836735 1.6122448979591837 1.4489795918367347 1.9591836734693877 1.5918367346938775 1.7346938775510203
16 44.3262131630867 1.2244897959183674 1.2040816326530612 1.5510204081632653 0.9183673469387755 1.6734693877551021 1.5714285714285714 1.2448979591836735 1.1224489795918366 0.9591836734693877 1.7959183673469388 2.0 1.2448979591836735 1.9183673469387754 1.6734693877551021 1.510204081632653 1.9183673469387754 0.9591836734693877 1.2244897959183674 0.8571428571428571 1.8979591836734695 1.8775510204081634 1.5918367346938775 1.163265306122449 0.9387755102040817 1.2448979591836735 1.6122448979591837 1.4489795918367347 1.9591836734693877 1.5918367346938775 1.7346938775510203
17 24.868933770918346 1.836734693877551 1.8061224489795917 2.326530612244898 1.3775510204081634 2.510204081632653 2.357142857142857 1.8673469387755102 1.683673469387755 1.4387755102040816 2.693877551020408 3.0 1.8673469387755102 2.877551020408163 2.510204081632653 2.2653061224489797 2.877551020408163 1.4387755102040816 1.836734693877551 1.2857142857142858 2.8469387755102042 2.816326530612245 2.3877551020408165 1.7448979591836735 1.4081632653061225 1.8673469387755102 2.4183673469387754 2.173469387755102 2.938775510204082 2.3877551020408165 2.6020408163265305
18 4.574243736756532 1.2244897959183674 1.2040816326530612 1.5510204081632653 0.9183673469387755 1.6734693877551021 1.5714285714285714 1.2448979591836735 1.1224489795918366 0.9591836734693877 1.7959183673469388 2.0 1.2448979591836735 1.9183673469387754 1.6734693877551021 1.510204081632653 1.9183673469387754 0.9591836734693877 1.2244897959183674 0.8571428571428571 1.8979591836734695 1.8775510204081634 1.5918367346938775 1.163265306122449 0.9387755102040817 1.2448979591836735 1.6122448979591837 1.4489795918367347 1.9591836734693877 1.5918367346938775 1.7346938775510203
19 127.36558422242116 1.2244897959183674 1.2040816326530612 1.5510204081632653 0.9183673469387755 1.6734693877551021 1.5714285714285714 1.2448979591836735 1.1224489795918366 0.9591836734693877 1.7959183673469388 2.0 1.2448979591836735 1.9183673469387754 1.6734693877551021 1.510204081632653 1.9183673469387754 0.9591836734693877 1.2244897959183674 0.8571428571428571 1.8979591836734695 1.8775510204081634 1.5918367346938775 1.163265306122449 0.9387755102040817 1.2448979591836735 1.6122448979591837 1.4489795918367347 1.9591836734693877 1.5918367346938775 1.7346938775510203
20 433.27380778703446 1.2244897959183674 1.2040816326530612 1.5510204081632653 0.9183673469387755 1.6734693877551021 1.5714285714285714 1.2448979591836735 1.1224489795918366 0.9591836734693877 1.7959183673469388 2.0 1.2448979591836735 1.9183673469387754 1.6734693877551021 1.510204081632653 1.9183673469387754 0.9591836734693877 1.2244897959183674 0.8571428571428571 1.8979591836734695 1.8775510204081634 1.5918367346938775 1.163265306122449 0.9387755102040817 1.2448979591836735 1.6122448979591837 1.4489795918367347 1.9591836734693877 1.5918367346938775 1.7346938775510203
21 152.67870355341856 1.2244897959183674 1.2040816326530612 1.5510204081632653 0.9183673469387755 1.6734693877551021 1.5714285714285714 1.2448979591836735 1.1224489795918366 0.9591836734693877 1.7959183673469388 2.0 1.2448979591836735 1.9183673469387754 1.6734693877551021 1.510204081632653 1.9183673469387754 0.9591836734693877 1.2244897959183674 0.8571428571428571 1.8979591836734695 1.8775510204081634 1.5918367346938775 1.163265306122449 0.9387755102040817 1.2448979591836735 1.6122448979591837 1.4489795918367347 1.9591836734693877 1.5918367346938775 1.7346938775510203
22 86.27842709921794 1.836734693877551 1.8061224489795917 2.326530612244898 1.3775510204081634 2.510204081632653 2.357142857142857 1.8673469387755102 1.683673469387755 1.4387755102040816 2.693877551020408 3.0 1.8673469387755102 2.877551020408163 2.510204081632653 2.2653061224489797 2.877551020408163 1.4387755102040816 1.836734693877551 1.2857142857142858 2.8469387755102042 2.816326530612245 2.3877551020408165 1.7448979591836735 1.4081632653061225 1.8673469387755102 2.4183673469387754 2.173469387755102 2.938775510204082 2.3877551020408165 2.6020408163265305
23 50.05703624863247 1.2244897959183674 1.2040816326530612 1.5510204081632653 0.9183673469387755 1.6734693877551021 1.5714285714285714 1.2448979591836735 1.1224489795918366 0.9591836734693877 1.7959183673469388 2.0 1.2448979591836735 1.9183673469387754 1.6734693877551021 1.510204081632653 1.9183673469387754 0.9591836734693877 1.2244897959183674 0.8571428571428571 1.8979591836734695 1.8775510204081634 1.5918367346938775 1.163265306122449 0.9387755102040817 1.2448979591836735 1.6122448979591837 1.4489795918367347 1.9591836734693877 1.5918367346938775 1.7346938775510203
24 115.88607742996942 1.836734693877551 1.8061224489795917 2.326530612244898 1.3775510204081634 2.510204081632653 2.357142857142857 1.8673469387755102 1.683673469387755 1.4387755102040816 2.693877551020408 3.0 1.8673469387755102 2.877551020408163 2.510204081632653 2.2653061224489797 2.877551020408163 1.4387755102040816 1.836734693877551 1.2857142857142858 2.8469387755102042 2.816326530612245 2.3877551020408165 1.7448979591836735 1.4081632653061225 1.8673469387755102 2.4183673469387754 2.173469387755102 2.938775510204082 2.3877551020408165 2.6020408163265305
25 10.006664517336711 1.2244897959183674 1.2040816326530612 1.5510204081632653 0.9183673469387755 1.6734693877551021 1.5714285714285714 1.2448979591836735 1.1224489795918366 0.9591836734693877 1.7959183673469388 2.0 1.2448979591836735 1.9183673469387754 1.6734693877551021 1.510204081632653 1.9183673469387754 0.9591836734693877 1.2244897959183674 0.8571428571428571 1.8979591836734695 1.8775510204081634 1.5918367346938775 1.163265306122449 0.9387755102040817 1.2448979591836735 1.6122448979591837 1.4489795918367347 1.9591836734693877 1.5918367346938775 1.7346938775510203
26 69.87094862683355 1.836734693877551 1.8061224489795917 2.326530612244898 1.3775510204081634 2.510204081632653 2.357142857142857 1.8673469387755102 1.683673469387755 1.4387755102040816 2.693877551020408 3.0 1.8673469387755102 2.877551020408163 2.510204081632653 2.2653061224489797 2.877551020408163 1.4387755102040816 1.836734693877551 1.2857142857142858 2.8469387755102042 2.816326530612245 2.3877551020408165 1.7448979591836735 1.4081632653061225 1.8673469387755102 2.4183673469387754 2.173469387755102 2.938775510204082 2.3877551020408165 2.6020408163265305
27 135.76522297294196 1.836734693877551 1.8061224489795917 2.326530612244898 1.3775510204081634 2.510204081632653 2.357142857142857 1.8673469387755102 1.683673469387755 1.4387755102040816 2.693877551020408 3.0 1.8673469387755102 2.877551020408163 2.510204081632653 2.2653061224489797 2.877551020408163 1.4387755102040816 1.836734693877551 1.2857142857142858 2.8469387755102042 2.816326530612245 2.3877551020408165 1.7448979591836735 1.4081632653061225 1.8673469387755102 2.4183673469387754 2.173469387755102 2.938775510204082 2.3877551020408165 2.6020408163265305
28 120.61001910768931 1.2244897959183674 1.2040816326530612 1.5510204081632653 0.9183673469387755 1.6734693877551021 1.5714285714285714 1.2448979591836735 1.1224489795918366 0.9591836734693877 1.7959183673469388 2.0 1.2448979591836735 1.9183673469387754 1.6734693877551021 1.510204081632653 1.9183673469387754 0.9591836734693877 1.2244897959183674 0.8571428571428571 1.8979591836734695 1.8775510204081634 1.5918367346938775 1.163265306122449 0.9387755102040817 1.2448979591836735 1.6122448979591837 1.4489795918367347 1.9591836734693877 1.5918367346938775 1.7346938775510203
29 60.41877292903399 1.2244897959183674 1.2040816326530612 1.5510204081632653 0.9183673469387755 1.6734693877551021 1.5714285714285714 1.2448979591836735 1.1224489795918366 0.9591836734693877 1.7959183673469388 2.0 1.2448979591836735 1.9183673469387754 1.6734693877551021 1.510204081632653 1.9183673469387754 0.9591836734693877 1.2244897959183674 0.8571428571428571 1.8979591836734695 1.8775510204081634 1.5918367346938775 1.163265306122449 0.9387755102040817 1.2448979591836735 1.6122448979591837 1.4489795918367347 1.9591836734693877 1.5918367346938775 1.7346938775510203
30 74.15009289851139 1.836734693877551 1.8061224489795917 2.326530612244898 1.3775510204081634 2.510204081632653 2.357142857142857 1.8673469387755102 1.683673469387755 1.4387755102040816 2.693877551020408 3.0 1.8673469387755102 2.877551020408163 2.510204081632653 2.2653061224489797 2.877551020408163 1.4387755102040816 1.836734693877551 1.2857142857142858 2.8469387755102042 2.816326530612245 2.3877551020408165 1.7448979591836735 1.4081632653061225 1.8673469387755102 2.4183673469387754 2.173469387755102 2.938775510204082 2.3877551020408165 2.6020408163265305
31 109.45445740666887 1.836734693877551 1.8061224489795917 2.326530612244898 1.3775510204081634 2.510204081632653 2.357142857142857 1.8673469387755102 1.683673469387755 1.4387755102040816 2.693877551020408 3.0 1.8673469387755102 2.877551020408163 2.510204081632653 2.2653061224489797 2.877551020408163 1.4387755102040816 1.836734693877551 1.2857142857142858 2.8469387755102042 2.816326530612245 2.3877551020408165 1.7448979591836735 1.4081632653061225 1.8673469387755102 2.4183673469387754 2.173469387755102 2.938775510204082 2.3877551020408165 2.6020408163265305
32 59.20863223397639 1.2244897959183674 1.2040816326530612 1.5510204081632653 0.9183673469387755 1.6734693877551021 1.5714285714285714 1.2448979591836735 1.1224489795918366 0.9591836734693877 1.7959183673469388 2.0 1.2448979591836735 1.9183673469387754 1.6734693877551021 1.510204081632653 1.9183673469387754 0.9591836734693877 1.2244897959183674 0.8571428571428571 1.8979591836734695 1.8775510204081634 1.5918367346938775 1.163265306122449 0.9387755102040817 1.2448979591836735 1.6122448979591837 1.4489795918367347 1.9591836734693877 1.5918367346938775 1.7346938775510203
33 55.71604202324185 1.836734693877551 1.8061224489795917 2.326530612244898 1.3775510204081634 2.510204081632653 2.357142857142857 1.8673469387755102 1.683673469387755 1.4387755102040816 2.693877551020408 3.0 1.8673469387755102 2.877551020408163 2.510204081632653 2.2653061224489797 2.877551020408163 1.4387755102040816 1.836734693877551 1.2857142857142858 2.8469387755102042 2.816326530612245 2.3877551020408165 1.7448979591836735 1.4081632653061225 1.8673469387755102 2.4183673469387754 2.173469387755102 2.938775510204082 2.3877551020408165 2.6020408163265305
34 232.12116545969153 1.2244897959183674 1.2040816326530612 1.5510204081632653 0.9183673469387755 1.6734693877551021 1.5714285714285714 1.2448979591836735 1.1224489795918366 0.9591836734693877 1.7959183673469388 2.0 1.2448979591836735 1.9183673469387754 1.6734693877551021 1.510204081632653 1.9183673469387754 0.9591836734693877 1.2244897959183674 0.8571428571428571 1.8979591836734695 1.8775510204081634 1.5918367346938775 1.163265306122449 0.9387755102040817 1.2448979591836735 1.6122448979591837 1.4489795918367347 1.9591836734693877 1.5918367346938775 1.7346938775510203
35 181.21527646248884 1.836734693877551 1.8061224489795917 2.326530612244898 1.3775510204081634 2.510204081632653 2.357142857142857 1.8673469387755102 1.683673469387755 1.4387755102040816 2.693877551020408 3.0 1.8673469387755102 2.877551020408163 2.510204081632653 2.2653061224489797 2.877551020408163 1.4387755102040816 1.836734693877551 1.2857142857142858 2.8469387755102042 2.816326530612245 2.3877551020408165 1.7448979591836735 1.4081632653061225 1.8673469387755102 2.4183673469387754 2.173469387755102 2.938775510204082 2.3877551020408165 2.6020408163265305
36 151.88660249562656 1.836734693877551 1.8061224489795917 2.326530612244898 1.3775510204081634 2.510204081632653 2.357142857142857 1.8673469387755102 1.683673469387755 1.4387755102040816 2.693877551020408 3.0 1.8673469387755102 2.877551020408163 2.510204081632653 2.2653061224489797 2.877551020408163 1.4387755102040816 1.836734693877551 1.2857142857142858 2.8469387755102042 2.816326530612245 2.3877551020408165 1.7448979591836735 1.4081632653061225 1.8673469387755102 2.4183673469387754 2.173469387755102 2.938775510204082 2.3877551020408165 2.6020408163265305
37 20.613024036424342 1.2244897959183674 1.2040816326530612 1.5510204081632653 0.9183673469387755 1.6734693877551021 1.5714285714285714 1.2448979591836735 1.1224489795918366 0.9591836734693877 1.7959183673469388 2.0 1.2448979591836735 1.9183673469387754 1.6734693877551021 1.510204081632653 1.9183673469387754 0.9591836734693877 1.2244897959183674 0.8571428571428571 1.8979591836734695 1.8775510204081634 1.5918367346938775 1.163265306122449 0.9387755102040817 1.2448979591836735 1.6122448979591837 1.4489795918367347 1.9591836734693877 1.5918367346938775 1.7346938775510203
38 179.8490038068401 1.836734693877551 1.8061224489795917 2.326530612244898 1.3775510204081634 2.510204081632653 2.357142857142857 1.8673469387755102 1.683673469387755 1.4387755102040816 2.693877551020408 3.0 1.8673469387755102 2.877551020408163 2.510204081632653 2.2653061224489797 2.877551020408163 1.4387755102040816 1.836734693877551 1.2857142857142858 2.8469387755102042 2.816326530612245 2.3877551020408165 1.7448979591836735 1.4081632653061225 1.8673469387755102 2.4183673469387754 2.173469387755102 2.938775510204082 2.3877551020408165 2.6020408163265305
39 28.443561622070035 1.836734693877551 1.8061224489795917 2.326530612244898 1.3775510204081634 2.510204081632653 2.357142857142857 1.8673469387755102 1.683673469387755 1.4387755102040816 2.693877551020408 3.0 1.8673469387755102 2.877551020408163 2.510204081632653 2.2653061224489797 2.877551020408163 1.4387755102040816 1.836734693877551 1.2857142857142858 2.8469387755102042 2.816326530612245 2.3877551020408165 1.7448979591836735 1.4081632653061225 1.8673469387755102 2.4183673469387754 2.173469387755102 2.938775510204082 2.3877551020408165 2.6020408163265305
40 37.87044534925637 1.836734693877551 1.8061224489795917 2.326530612244898 1.3775510204081634 2.510204081632653 2.357142857142857 1.8673469387755102 1.683673469387755 1.4387755102040816 2.693877551020408 3.0 1.8673469387755102 2.877551020408163 2.510204081632653 2.2653061224489797 2.877551020408163 1.4387755102040816 1.836734693877551 1.2857142857142858 2.8469387755102042 2.816326530612245 2.3877551020408165 1.7448979591836735 1.4081632653061225 1.8673469387755102 2.4183673469387754 2.173469387755102 2.938775510204082 2.3877551020408165 2.6020408163265305
41 28.85962620053047 1.2244897959183674 1.2040816326530612 1.5510204081632653 0.9183673469387755 1.6734693877551021 1.5714285714285714 1.2448979591836735 1.1224489795918366 0.9591836734693877 1.7959183673469388 2.0 1.2448979591836735 1.9183673469387754 1.6734693877551021 1.510204081632653 1.9183673469387754 0.9591836734693877 1.2244897959183674 0.8571428571428571 1.8979591836734695 1.8775510204081634 1.5918367346938775 1.163265306122449 0.9387755102040817 1.2448979591836735 1.6122448979591837 1.4489795918367347 1.9591836734693877 1.5918367346938775 1.7346938775510203
42 306.73245187255657 1.2244897959183674 1.2040816326530612 1.5510204081632653 0.9183673469387755 1.6734693877551021 1.5714285714285714 1.2448979591836735 1.1224489795918366 0.9591836734693877 1.7959183673469388 2.0 1.2448979591836735 1.9183673469387754 1.6734693877551021 1.510204081632653 1.9183673469387754 0.9591836734693877 1.2244897959183674 0.8571428571428571 1.8979591836734695 1.8775510204081634 1.5918367346938775 1.163265306122449 0.9387755102040817 1.2448979591836735 1.6122448979591837 1.4489795918367347 1.9591836734693877 1.5918367346938775 1.7346938775510203
43 313.2843118039874 1.836734693877551 1.8061224489795917 2.326530612244898 1.3775510204081634 2.510204081632653 2.357142857142857 1.8673469387755102 1.683673469387755 1.4387755102040816 2.693877551020408 3.0 1.8673469387755102 2.877551020408163 2.510204081632653 2.2653061224489797 2.877551020408163 1.4387755102040816 1.836734693877551 1.2857142857142858 2.8469387755102042 2.816326530612245 2.3877551020408165 1.7448979591836735 1.4081632653061225 1.8673469387755102 2.4183673469387754 2.173469387755102 2.938775510204082 2.3877551020408165 2.6020408163265305
44 61.610952939804974 1.836734693877551 1.8061224489795917 2.326530612244898 1.3775510204081634 2.510204081632653 2.357142857142857 1.8673469387755102 1.683673469387755 1.4387755102040816 2.693877551020408 3.0 1.8673469387755102 2.877551020408163 2.510204081632653 2.2653061224489797 2.877551020408163 1.4387755102040816 1.836734693877551 1.2857142857142858 2.8469387755102042 2.816326530612245 2.3877551020408165 1.7448979591836735 1.4081632653061225 1.8673469387755102 2.4183673469387754 2.173469387755102 2.938775510204082 2.3877551020408165 2.6020408163265305
45 22.038131588958702 1.836734693877551 1.8061224489795917 2.326530612244898 1.3775510204081634 2.510204081632653 2.357142857142857 1.8673469387755102 1.683673469387755 1.4387755102040816 2.693877551020408 3.0 1.8673469387755102 2.877551020408163 2.510204081632653 2.2653061224489797 2.877551020408163 1.4387755102040816 1.836734693877551 1.2857142857142858 2.8469387755102042 2.816326530612245 2.3877551020408165 1.7448979591836735 1.4081632653061225 1.8673469387755102 2.4183673469387754 2.173469387755102 2.938775510204082 2.3877551020408165 2.6020408163265305
46 249.91072673141917 1.836734693877551 1.8061224489795917 2.326530612244898 1.3775510204081634 2.510204081632653 2.357142857142857 1.8673469387755102 1.683673469387755 1.4387755102040816 2.693877551020408 3.0 1.8673469387755102 2.877551020408163 2.510204081632653 2.2653061224489797 2.877551020408163 1.4387755102040816 1.836734693877551 1.2857142857142858 2.8469387755102042 2.816326530612245 2.3877551020408165 1.7448979591836735 1.4081632653061225 1.8673469387755102 2.4183673469387754 2.173469387755102 2.938775510204082 2.3877551020408165 2.6020408163265305
47 113.40801423239967 1.2244897959183674 1.2040816326530612 1.5510204081632653 0.9183673469387755 1.6734693877551021 1.5714285714285714 1.2448979591836735 1.1224489795918366 0.9591836734693877 1.7959183673469388 2.0 1.2448979591836735 1.9183673469387754 1.6734693877551021 1.510204081632653 1.9183673469387754 0.9591836734693877 1.2244897959183674 0.8571428571428571 1.8979591836734695 1.8775510204081634 1.5918367346938775 1.163265306122449 0.9387755102040817 1.2448979591836735 1.6122448979591837 1.4489795918367347 1.9591836734693877 1.5918367346938775 1.7346938775510203
48 61.335146211729864 1.836734693877551 1.8061224489795917 2.326530612244898 1.3775510204081634 2.510204081632653 2.357142857142857 1.8673469387755102 1.683673469387755 1.4387755102040816 2.693877551020408 3.0 1.8673469387755102 2.877551020408163 2.510204081632653 2.2653061224489797 2.877551020408163 1.4387755102040816 1.836734693877551 1.2857142857142858 2.8469387755102042 2.816326530612245 2.3877551020408165 1.7448979591836735 1.4081632653061225 1.8673469387755102 2.4183673469387754 2.173469387755102 2.938775510204082 2.3877551020408165 2.6020408163265305
49 43.05324044079105 1.2244897959183674 1.2040816326530612 1.5510204081632653 0.9183673469387755 1.6734693877551021 1.5714285714285714 1.2448979591836735 1.1224489795918366 0.9591836734693877 1.7959183673469388 2.0 1.2448979591836735 1.9183673469387754 1.6734693877551021 1.510204081632653 1.9183673469387754 0.9591836734693877 1.2244897959183674 0.8571428571428571 1.8979591836734695 1.8775510204081634 1.5918367346938775 1.163265306122449 0.9387755102040817 1.2448979591836735 1.6122448979591837 1.4489795918367347 1.9591836734693877 1.5918367346938775 1.7346938775510203
50 218.5933899586262 1.836734693877551 1.8061224489795917 2.326530612244898 1.3775510204081634 2.510204081632653 2.357142857142857 1.8673469387755102 1.683673469387755 1.4387755102040816 2.693877551020408 3.0 1.8673469387755102 2.877551020408163 2.510204081632653 2.2653061224489797 2.877551020408163 1.4387755102040816 1.836734693877551 1.2857142857142858 2.8469387755102042 2.816326530612245 2.3877551020408165 1.7448979591836735 1.4081632653061225 1.8673469387755102 2.4183673469387754 2.173469387755102 2.938775510204082 2.3877551020408165 2.6020408163265305
51 177.9774683353512 1.836734693877551 1.8061224489795917 2.326530612244898 1.3775510204081634 2.510204081632653 2.357142857142857 1.8673469387755102 1.683673469387755 1.4387755102040816 2.693877551020408 3.0 1.8673469387755102 2.877551020408163 2.510204081632653 2.2653061224489797 2.877551020408163 1.4387755102040816 1.836734693877551 1.2857142857142858 2.8469387755102042 2.816326530612245 2.3877551020408165 1.7448979591836735 1.4081632653061225 1.8673469387755102 2.4183673469387754 2.173469387755102 2.938775510204082 2.3877551020408165 2.6020408163265305
52 74.05212741450666 1.836734693877551 1.8061224489795917 2.326530612244898 1.3775510204081634 2.510204081632653 2.357142857142857 1.8673469387755102 1.683673469387755 1.4387755102040816 2.693877551020408 3.0 1.8673469387755102 2.877551020408163 2.510204081632653 2.2653061224489797 2.877551020408163 1.4387755102040816 1.836734693877551 1.2857142857142858 2.8469387755102042 2.816326530612245 2.3877551020408165 1.7448979591836735 1.4081632653061225 1.8673469387755102 2.4183673469387754 2.173469387755102 2.938775510204082 2.3877551020408165 2.6020408163265305
53 63.298508628910874 1.836734693877551 1.8061224489795917 2.326530612244898 1.3775510204081634 2.510204081632653 2.357142857142857 1.8673469387755102 1.683673469387755 1.4387755102040816 2.693877551020408 3.0 1.8673469387755102 2.877551020408163 2.510204081632653 2.2653061224489797 2.877551020408163 1.4387755102040816 1.836734693877551 1.2857142857142858 2.8469387755102042 2.816326530612245 2.3877551020408165 1.7448979591836735 1.4081632653061225 1.8673469387755102 2.4183673469387754 2.173469387755102 2.938775510204082 2.3877551020408165 2.6020408163265305
54 188.06383570535638 1.2244897959183674 1.2040816326530612 1.5510204081632653 0.9183673469387755 1.6734693877551021 1.5714285714285714 1.2448979591836735 1.1224489795918366 0.9591836734693877 1.7959183673469388 2.0 1.2448979591836735 1.9183673469387754 1.6734693877551021 1.510204081632653 1.9183673469387754 0.9591836734693877 1.2244897959183674 0.8571428571428571 1.8979591836734695 1.8775510204081634 1.5918367346938775 1.163265306122449 0.9387755102040817 1.2448979591836735 1.6122448979591837 1.4489795918367347 1.9591836734693877 1.5918367346938775 1.7346938775510203
55 114.70683815012373 1.836734693877551 1.8061224489795917 2.326530612244898 1.3775510204081634 2.510204081632653 2.357142857142857 1.8673469387755102 1.683673469387755 1.4387755102040816 2.693877551020408 3.0 1.8673469387755102 2.877551020408163 2.510204081632653 2.2653061224489797 2.877551020408163 1.4387755102040816 1.836734693877551 1.2857142857142858 2.8469387755102042 2.816326530612245 2.3877551020408165 1.7448979591836735 1.4081632653061225 1.8673469387755102 2.4183673469387754 2.173469387755102 2.938775510204082 2.3877551020408165 2.6020408163265305
56 49.60520996122887 1.836734693877551 1.8061224489795917 2.326530612244898 1.3775510204081634 2.510204081632653 2.357142857142857 1.8673469387755102 1.683673469387755 1.4387755102040816 2.693877551020408 3.0 1.8673469387755102 2.877551020408163 2.510204081632653 2.2653061224489797 2.877551020408163 1.4387755102040816 1.836734693877551 1.2857142857142858 2.8469387755102042 2.816326530612245 2.3877551020408165 1.7448979591836735 1.4081632653061225 1.8673469387755102 2.4183673469387754 2.173469387755102 2.938775510204082 2.3877551020408165 2.6020408163265305
57 14.173467992796597 1.836734693877551 1.8061224489795917 2.326530612244898 1.3775510204081634 2.510204081632653 2.357142857142857 1.8673469387755102 1.683673469387755 1.4387755102040816 2.693877551020408 3.0 1.8673469387755102 2.877551020408163 2.510204081632653 2.2653061224489797 2.877551020408163 1.4387755102040816 1.836734693877551 1.2857142857142858 2.8469387755102042 2.816326530612245 2.3877551020408165 1.7448979591836735 1.4081632653061225 1.8673469387755102 2.4183673469387754 2.173469387755102 2.938775510204082 2.3877551020408165 2.6020408163265305
58 48.63040937889247 1.2244897959183674 1.2040816326530612 1.5510204081632653 0.9183673469387755 1.6734693877551021 1.5714285714285714 1.2448979591836735 1.1224489795918366 0.9591836734693877 1.7959183673469388 2.0 1.2448979591836735 1.9183673469387754 1.6734693877551021 1.510204081632653 1.9183673469387754 0.9591836734693877 1.2244897959183674 0.8571428571428571 1.8979591836734695 1.8775510204081634 1.5918367346938775 1.163265306122449 0.9387755102040817 1.2448979591836735 1.6122448979591837 1.4489795918367347 1.9591836734693877 1.5918367346938775 1.7346938775510203
59 80.65468468771495 1.2244897959183674 1.2040816326530612 1.5510204081632653 0.9183673469387755 1.6734693877551021 1.5714285714285714 1.2448979591836735 1.1224489795918366 0.9591836734693877 1.7959183673469388 2.0 1.2448979591836735 1.9183673469387754 1.6734693877551021 1.510204081632653 1.9183673469387754 0.9591836734693877 1.2244897959183674 0.8571428571428571 1.8979591836734695 1.8775510204081634 1.5918367346938775 1.163265306122449 0.9387755102040817 1.2448979591836735 1.6122448979591837 1.4489795918367347 1.9591836734693877 1.5918367346938775 1.7346938775510203
