100 10
TREE NETWORK (nID nID Weight):
77 0 35
19 0 34
63 77 46
98 0 43
95 77 51
12 77 39
33 12 30
37 12 38
22 33 31
94 63 59
38 94 48
64 0 55
5 98 32
43 95 59
2 19 53
45 64 51
35 37 30
36 19 46
14 64 49
44 45 56
27 19 40
59 63 46
93 22 30
76 12 37
71 59 36
28 98 53
11 35 59
40 36 59
3 40 53
21 37 30
61 21 47
20 2 59
34 3 52
78 98 36
84 63 41
57 77 44
60 40 33
32 3 39
58 33 57
86 84 43
13 61 32
50 27 42
66 44 48
87 3 35
53 34 35
56 93 54
17 11 42
47 19 41
30 32 34
24 57 30
96 71 40
91 98 50
83 33 43
73 32 57
82 40 46
92 66 42
55 2 39
88 28 58
31 43 43
54 83 37
42 32 57
89 31 40
75 28 47
46 24 55
65 24 31
49 21 48
62 94 48
85 61 41
9 30 50
4 87 33
81 73 39
70 11 39
41 32 47
15 92 46
97 11 31
26 81 40
52 76 40
69 12 55
8 36 34
7 47 47
6 77 31
23 9 40
48 92 39
25 64 51
16 70 35
90 52 52
39 45 49
1 65 50
79 15 55
68 71 47
74 84 43
99 69 32
10 11 51
72 55 50
80 73 49
29 66 45
51 36 38
67 51 47
18 3 36
PROGRAMS ASSIGNED TO NODES (nID pID1 pID2 ...):
0 1 2 3 4 5 6 7 8 9 10
1 1 2 3 4 6 7 8 9
2 7
3 2 3 4 5 7
4 2 7 8 9
5 7
6 6 8 9 10
7 2 3 4 5 6 7 8 9
8 1 10
9 1 2 8
10 3 6 7 10
11 2 4 5 6 7 8 10
12 1 2 4 6 7 8 9
13 2 3 4 7 8 9 10
14 1 3 4 6 7 8 10
15 1 2 3 4 5 7 8 9 10
16 1 4 8 9 10
17 9
18 5 6
19 7 8 10
20 8
21 10
23 2 3 4 5 6 7 8 9 10
24 1 2 3 6 7 8 9 10
25 5
26 1 2 3 4 6 7 8
27 2 3 4 6 7 8 9
28 1 4 6 9
29 1 8 9
30 2 4 5 6 7 9 10
31 3 4 6
32 1 4
33 1 6 7
34 6 7 8
35 1 2 4 5 6 7 8
36 1 2 3 4 5 7 8 9 10
37 1 2 3 4 10
38 1 2 6 10
39 3 4 7 8 10
40 2 3 4 5 6
41 1 4 6 9 10
42 1 2 4 5 6 7 9 10
43 2
44 1 3 5 7 10
45 4 9
46 1 2 6
47 5 8 9
48 8 9
49 1 4 8 9 10
50 1 2 5 6 8 10
51 1 2 4 5 6 7 9 10
52 1 2 4 6 7
53 5 6
54 1 3 6 9 10
55 1 2 3 5 6 9
56 1 5 6 7 8 9 10
57 1 2 3 4 6 7 8 9 10
58 1 2 3 6 7 8
59 4 5 8 9 10
60 1 2 3 5 6 8 9 10
61 2 7
62 3
63 1 5 6 9
64 1 7
65 4 5 6 9
66 1 2 4 5 6 7 9 10
67 3 4 5 8 9 10
68 4 6
69 2
70 1 2 3 4 5 6 7 8 9
71 6 8 9 10
72 1 4 7 10
73 2 3 7 9 10
74 1 2 4 5 6 7 10
75 1 2 3 4 5 6 8 9 10
76 3 4 5 6 7 9 10
77 1 5 6 8 10
78 1 2 4 8 9 10
79 1 2 3 4 5 10
80 1 5 6 7 8
81 7
82 1 2 4 5 6 7 8 9 10
83 1 2 6 7 10
84 2 3 5 6 7 8 10
85 5 8 9
86 2 3 5 6 8 9
87 2 3 4 5 6 7 8 9 10
89 1 3 9 10
90 4
91 2 3 5 6 7 9 10
92 2 6 7 8 10
93 1 2 4 5 6
94 1 3 5 7 8 10
95 1 5 6 7 9
96 1 6 7 10
98 2 4
99 1 2 3 5 6 9 10
SIZE OF PROGRAMS (pID SIZE):
1 87.0
2 72.0
3 87.0
4 59.0
5 55.0
6 57.0
7 41.0
8 54.0
9 93.0
10 57.0
COST TO INSTALL SERVERS AND PROGRAMS ON NODES (COST_TO_INSTALL_SERVER COST_TO_INSTALL_pID1 ...):
0 2423.655913978495 1.8709677419354838 1.5483870967741935 1.8709677419354838 1.2688172043010753 1.1827956989247312 1.2258064516129032 0.8817204301075269 1.1612903225806452 2.0 1.2258064516129032
1 64.30158187310668 1.8709677419354838 1.5483870967741935 1.8709677419354838 1.2688172043010753 1.1827956989247312 1.2258064516129032 0.8817204301075269 1.1612903225806452 2.0 1.2258064516129032
2 41.34437284440466 1.8709677419354838 1.5483870967741935 1.8709677419354838 1.2688172043010753 1.1827956989247312 1.2258064516129032 0.8817204301075269 1.1612903225806452 2.0 1.2258064516129032
3 59.175653379163876 1.8709677419354838 1.5483870967741935 1.8709677419354838 1.2688172043010753 1.1827956989247312 1.2258064516129032 0.8817204301075269 1.1612903225806452 2.0 1.2258064516129032
4 28.74152774567212 1.8709677419354838 1.5483870967741935 1.8709677419354838 1.2688172043010753 1.1827956989247312 1.2258064516129032 0.8817204301075269 1.1612903225806452 2.0 1.2258064516129032
5 2.711450426746651 2.806451612903226 2.3225806451612905 2.806451612903226 1.903225806451613 1.7741935483870968 1.8387096774193548 1.3225806451612903 1.7419354838709677 3.0 1.8387096774193548
6 18.390799071120224 2.806451612903226 2.3225806451612905 2.806451612903226 1.903225806451613 1.7741935483870968 1.8387096774193548 1.3225806451612903 1.7419354838709677 3.0 1.8387096774193548
7 25.366307630069482 1.8709677419354838 1.5483870967741935 1.8709677419354838 1.2688172043010753 1.1827956989247312 1.2258064516129032 0.8817204301075269 1.1612903225806452 2.0 1.2258064516129032
8 12.56522358779515 2.806451612903226 2.3225806451612905 2.806451612903226 1.903225806451613 1.7741935483870968 1.8387096774193548 1.3225806451612903 1.7419354838709677 3.0 1.8387096774193548
9 113.98801675897171 1.8709677419354838 1.5483870967741935 1.8709677419354838 1.2688172043010753 1.1827956989247312 1.2258064516129032 0.8817204301075269 1.1612903225806452 2.0 1.2258064516129032
10 45.001931498809675 1.8709677419354838 1.5483870967741935 1.8709677419354838 1.2688172043010753 1.1827956989247312 1.2258064516129032 0.8817204301075269 1.1612903225806452 2.0 1.2258064516129032
11 94.77621891245562 2.806451612903226 2.3225806451612905 2.806451612903226 1.903225806451613 1.7741935483870968 1.8387096774193548 1.3225806451612903 1.7419354838709677 3.0 1.8387096774193548
12 46.652117664348445 1.8709677419354838 1.5483870967741935 1.8709677419354838 1.2688172043010753 1.1827956989247312 1.2258064516129032 0.8817204301075269 1.1612903225806452 2.0 1.2258064516129032
13 99.91178703893472 2.806451612903226 2.3225806451612905 2.806451612903226 1.903225806451613 1.7741935483870968 1.8387096774193548 1.3225806451612903 1.7419354838709677 3.0 1.8387096774193548
14 12.639187413969356 1.8709677419354838 1.5483870967741935 1.8709677419354838 1.2688172043010753 1.1827956989247312 1.2258064516129032 0.8817204301075269 1.1612903225806452 2.0 1.2258064516129032
15 56.86508971167899 2.806451612903226 2.3225806451612905 2.806451612903226 1.903225806451613 1.7741935483870968 1.8387096774193548 1.3225806451612903 1.7419354838709677 3.0 1.8387096774193548
16 73.13964042235582 2.806451612903226 2.3225806451612905 2.806451612903226 1.903225806451613 1.7741935483870968 1.8387096774193548 1.3225806451612903 1.7419354838709677 3.0 1.8387096774193548
17 20.29919920651113 1.8709677419354838 1.5483870967741935 1.8709677419354838 1.2688172043010753 1.1827956989247312 1.2258064516129032 0.8817204301075269 1.1612903225806452 2.0 1.2258064516129032
18 15.65139136986716 1.8709677419354838 1.5483870967741935 1.8709677419354838 1.2688172043010753 1.1827956989247312 1.2258064516129032 0.8817204301075269 1.1612903225806452 2.0 1.2258064516129032
19 17.312533191935316 2.806451612903226 2.3225806451612905 2.806451612903226 1.903225806451613 1.7741935483870968 1.8387096774193548 1.3225806451612903 1.7419354838709677 3.0 1.8387096774193548
20 2.9445233857999416 1.8709677419354838 1.5483870967741935 1.8709677419354838 1.2688172043010753 1.1827956989247312 1.2258064516129032 0.8817204301075269 1.1612903225806452 2.0 1.2258064516129032
21 83.34273454821148 2.806451612903226 2.3225806451612905 2.806451612903226 1.903225806451613 1.7741935483870968 1.8387096774193548 1.3225806451612903 1.7419354838709677 3.0 1.8387096774193548
22 57.32484210588797 2.806451612903226 2.3225806451612905 2.806451612903226 1.903225806451613 1.7741935483870968 1.8387096774193548 1.3225806451612903 1.7419354838709677 3.0 1.8387096774193548
23 145.15516156332532 1.8709677419354838 1.5483870967741935 1.8709677419354838 1.2688172043010753 1.1827956989247312 1.2258064516129032 0.8817204301075269 1.1612903225806452 2.0 1.2258064516129032
24 69.12634781243233 2.806451612903226 2.3225806451612905 2.806451612903226 1.903225806451613 1.7741935483870968 1.8387096774193548 1.3225806451612903 1.7419354838709677 3.0 1.8387096774193548
25 2.5033401073137265 1.8709677419354838 1.5483870967741935 1.8709677419354838 1.2688172043010753 1.1827956989247312 1.2258064516129032 0.8817204301075269 1.1612903225806452 2.0 1.2258064516129032
26 98.68510233497179 1.8709677419354838 1.5483870967741935 1.8709677419354838 1.2688172043010753 1.1827956989247312 1.2258064516129032 0.8817204301075269 1.1612903225806452 2.0 1.2258064516129032
27 37.71474146020955 1.8709677419354838 1.5483870967741935 1.8709677419354838 1.2688172043010753 1.1827956989247312 1.2258064516129032 0.8817204301075269 1.1612903225806452 2.0 1.2258064516129032
28 23.738081590794327 1.8709677419354838 1.5483870967741935 1.8709677419354838 1.2688172043010753 1.1827956989247312 1.2258064516129032 0.8817204301075269 1.1612903225806452 2.0 1.2258064516129032
29 27.55329877307109 2.806451612903226 2.3225806451612905 2.806451612903226 1.903225806451613 1.7741935483870968 1.8387096774193548 1.3225806451612903 1.7419354838709677 3.0 1.8387096774193548
30 97.9641003151512 1.8709677419354838 1.5483870967741935 1.8709677419354838 1.2688172043010753 1.1827956989247312 1.2258064516129032 0.8817204301075269 1.1612903225806452 2.0 1.2258064516129032
31 35.48509239512292 1.8709677419354838 1.5483870967741935 1.8709677419354838 1.2688172043010753 1.1827956989247312 1.2258064516129032 0.8817204301075269 1.1612903225806452 2.0 1.2258064516129032
32 98.70873354478577 2.806451612903226 2.3225806451612905 2.806451612903226 1.903225806451613 1.7741935483870968 1.8387096774193548 1.3225806451612903 1.7419354838709677 3.0 1.8387096774193548
33 31.845577330338536 2.806451612903226 2.3225806451612905 2.806451612903226 1.903225806451613 1.7741935483870968 1.8387096774193548 1.3225806451612903 1.7419354838709677 3.0 1.8387096774193548
34 29.77467993315298 1.8709677419354838 1.5483870967741935 1.8709677419354838 1.2688172043010753 1.1827956989247312 1.2258064516129032 0.8817204301075269 1.1612903225806452 2.0 1.2258064516129032
35 50.39826156032313 1.8709677419354838 1.5483870967741935 1.8709677419354838 1.2688172043010753 1.1827956989247312 1.2258064516129032 0.8817204301075269 1.1612903225806452 2.0 1.2258064516129032
36 28.84952505545369 2.806451612903226 2.3225806451612905 2.806451612903226 1.903225806451613 1.7741935483870968 1.8387096774193548 1.3225806451612903 1.7419354838709677 3.0 1.8387096774193548
37 86.43687467450317 1.8709677419354838 1.5483870967741935 1.8709677419354838 1.2688172043010753 1.1827956989247312 1.2258064516129032 0.8817204301075269 1.1612903225806452 2.0 1.2258064516129032
38 17.849192366168673 1.8709677419354838 1.5483870967741935 1.8709677419354838 1.2688172043010753 1.1827956989247312 1.2258064516129032 0.8817204301075269 1.1612903225806452 2.0 1.2258064516129032
39 16.591971355250866 2.806451612903226 2.3225806451612905 2.806451612903226 1.903225806451613 1.7741935483870968 1.8387096774193548 1.3225806451612903 1.7419354838709677 3.0 1.8387096774193548
40 19.107315157210245 2.806451612903226 2.3225806451612905 2.806451612903226 1.903225806451613 1.7741935483870968 1.8387096774193548 1.3225806451612903 1.7419354838709677 3.0 1.8387096774193548
41 41.728785563347365 2.806451612903226 2.3225806451612905 2.806451612903226 1.903225806451613 1.7741935483870968 1.8387096774193548 1.3225806451612903 1.7419354838709677 3.0 1.8387096774193548
42 86.53756951422224 2.806451612903226 2.3225806451612905 2.806451612903226 1.903225806451613 1.7741935483870968 1.8387096774193548 1.3225806451612903 1.7419354838709677 3.0 1.8387096774193548
43 25.273399000405497 2.806451612903226 2.3225806451612905 2.806451612903226 1.903225806451613 1.7741935483870968 1.8387096774193548 1.3225806451612903 1.7419354838709677 3.0 1.8387096774193548
44 32.025176602942366 2.806451612903226 2.3225806451612905 2.806451612903226 1.903225806451613 1.7741935483870968 1.8387096774193548 1.3225806451612903 1.7419354838709677 3.0 1.8387096774193548
45 20.312264363855732 2.806451612903226 2.3225806451612905 2.806451612903226 1.903225806451613 1.7741935483870968 1.8387096774193548 1.3225806451612903 1.7419354838709677 3.0 1.8387096774193548
46 33.473735083651505 1.8709677419354838 1.5483870967741935 1.8709677419354838 1.2688172043010753 1.1827956989247312 1.2258064516129032 0.8817204301075269 1.1612903225806452 2.0 1.2258064516129032
47 33.40009428054433 1.8709677419354838 1.5483870967741935 1.8709677419354838 1.2688172043010753 1.1827956989247312 1.2258064516129032 0.8817204301075269 1.1612903225806452 2.0 1.2258064516129032
48 24.625862878483115 1.8709677419354838 1.5483870967741935 1.8709677419354838 1.2688172043010753 1.1827956989247312 1.2258064516129032 0.8817204301075269 1.1612903225806452 2.0 1.2258064516129032
49 30.141264735962096 1.8709677419354838 1.5483870967741935 1.8709677419354838 1.2688172043010753 1.1827956989247312 1.2258064516129032 0.8817204301075269 1.1612903225806452 2.0 1.2258064516129032
50 20.595238210461396 2.806451612903226 2.3225806451612905 2.806451612903226 1.903225806451613 1.7741935483870968 1.8387096774193548 1.3225806451612903 1.7419354838709677 3.0 1.8387096774193548
51 36.518400240573015 2.806451612903226 2.3225806451612905 2.806451612903226 1.903225806451613 1.7741935483870968 1.8387096774193548 1.3225806451612903 1.7419354838709677 3.0 1.8387096774193548
52 43.80530538190412 2.806451612903226 2.3225806451612905 2.806451612903226 1.903225806451613 1.7741935483870968 1.8387096774193548 1.3225806451612903 1.7419354838709677 3.0 1.8387096774193548
53 15.537038549196895 2.806451612903226 2.3225806451612905 2.806451612903226 1.903225806451613 1.7741935483870968 1.8387096774193548 1.3225806451612903 1.7419354838709677 3.0 1.8387096774193548
54 44.552029014323075 2.806451612903226 2.3225806451612905 2.806451612903226 1.903225806451613 1.7741935483870968 1.8387096774193548 1.3225806451612903 1.7419354838709677 3.0 1.8387096774193548
55 24.138489431881258 2.806451612903226 2.3225806451612905 2.806451612903226 1.903225806451613 1.7741935483870968 1.8387096774193548 1.3225806451612903 1.7419354838709677 3.0 1.8387096774193548
56 93.7636495142324 2.806451612903226 2.3225806451612905 2.806451612903226 1.903225806451613 1.7741935483870968 1.8387096774193548 1.3225806451612903 1.7419354838709677 3.0 1.8387096774193548
57 43.94846205076746 2.806451612903226 2.3225806451612905 2.806451612903226 1.903225806451613 1.7741935483870968 1.8387096774193548 1.3225806451612903 1.7419354838709677 3.0 1.8387096774193548
58 61.8893670977756 1.8709677419354838 1.5483870967741935 1.8709677419354838 1.2688172043010753 1.1827956989247312 1.2258064516129032 0.8817204301075269 1.1612903225806452 2.0 1.2258064516129032
59 50.38055265000729 1.8709677419354838 1.5483870967741935 1.8709677419354838 1.2688172043010753 1.1827956989247312 1.2258064516129032 0.8817204301075269 1.1612903225806452 2.0 1.2258064516129032
60 79.63652992339377 1.8709677419354838 1.5483870967741935 1.8709677419354838 1.2688172043010753 1.1827956989247312 1.2258064516129032 0.8817204301075269 1.1612903225806452 2.0 1.2258064516129032
61 50.52527382180501 2.806451612903226 2.3225806451612905 2.806451612903226 1.903225806451613 1.7741935483870968 1.8387096774193548 1.3225806451612903 1.7419354838709677 3.0 1.8387096774193548
62 4.561278778486734 2.806451612903226 2.3225806451612905 2.806451612903226 1.903225806451613 1.7741935483870968 1.8387096774193548 1.3225806451612903 1.7419354838709677 3.0 1.8387096774193548
63 35.70339318478612 1.8709677419354838 1.5483870967741935 1.8709677419354838 1.2688172043010753 1.1827956989247312 1.2258064516129032 0.8817204301075269 1.1612903225806452 2.0 1.2258064516129032
64 11.239717286123945 1.8709677419354838 1.5483870967741935 1.8709677419354838 1.2688172043010753 1.1827956989247312 1.2258064516129032 0.8817204301075269 1.1612903225806452 2.0 1.2258064516129032
65 81.79850076681453 1.8709677419354838 1.5483870967741935 1.8709677419354838 1.2688172043010753 1.1827956989247312 1.2258064516129032 0.8817204301075269 1.1612903225806452 2.0 1.2258064516129032
66 46.974499139243406 2.806451612903226 2.3225806451612905 2.806451612903226 1.903225806451613 1.7741935483870968 1.8387096774193548 1.3225806451612903 1.7419354838709677 3.0 1.8387096774193548
67 65.95085537575332 1.8709677419354838 1.5483870967741935 1.8709677419354838 1.2688172043010753 1.1827956989247312 1.2258064516129032 0.8817204301075269 1.1612903225806452 2.0 1.2258064516129032
68 14.091943548973273 2.806451612903226 2.3225806451612905 2.806451612903226 1.903225806451613 1.7741935483870968 1.8387096774193548 1.3225806451612903 1.7419354838709677 3.0 1.8387096774193548
69 49.93190796769943 1.8709677419354838 1.5483870967741935 1.8709677419354838 1.2688172043010753 1.1827956989247312 1.2258064516129032 0.8817204301075269 1.1612903225806452 2.0 1.2258064516129032
70 148.5242365162735 2.806451612903226 2.3225806451612905 2.806451612903226 1.903225806451613 1.7741935483870968 1.8387096774193548 1.3225806451612903 1.7419354838709677 3.0 1.8387096774193548
71 55.99975874056401 1.8709677419354838 1.5483870967741935 1.8709677419354838 1.2688172043010753 1.1827956989247312 1.2258064516129032 0.8817204301075269 1.1612903225806452 2.0 1.2258064516129032
72 19.739938303144267 1.8709677419354838 1.5483870967741935 1.8709677419354838 1.2688172043010753 1.1827956989247312 1.2258064516129032 0.8817204301075269 1.1612903225806452 2.0 1.2258064516129032
73 104.39796399365044 1.8709677419354838 1.5483870967741935 1.8709677419354838 1.2688172043010753 1.1827956989247312 1.2258064516129032 0.8817204301075269 1.1612903225806452 2.0 1.2258064516129032
74 32.259802915335484 2.806451612903226 2.3225806451612905 2.806451612903226 1.903225806451613 1.7741935483870968 1.8387096774193548 1.3225806451612903 1.7419354838709677 3.0 1.8387096774193548
75 28.525002020204052 1.8709677419354838 1.5483870967741935 1.8709677419354838 1.2688172043010753 1.1827956989247312 1.2258064516129032 0.8817204301075269 1.1612903225806452 2.0 1.2258064516129032
76 52.28156955592128 2.806451612903226 2.3225806451612905 2.806451612903226 1.903225806451613 1.7741935483870968 1.8387096774193548 1.3225806451612903 1.7419354838709677 3.0 1.8387096774193548
77 15.02829179563356 2.806451612903226 2.3225806451612905 2.806451612903226 1.903225806451613 1.7741935483870968 1.8387096774193548 1.3225806451612903 1.7419354838709677 3.0 1.8387096774193548
78 25.744315758062896 2.806451612903226 2.3225806451612905 2.806451612903226 1.903225806451613 1.7741935483870968 1.8387096774193548 1.3225806451612903 1.7419354838709677 3.0 1.8387096774193548
79 42.94687447438506 1.8709677419354838 1.5483870967741935 1.8709677419354838 1.2688172043010753 1.1827956989247312 1.2258064516129032 0.8817204301075269 1.1612903225806452 2.0 1.2258064516129032
80 57.909703546973304 2.806451612903226 2.3225806451612905 2.806451612903226 1.903225806451613 1.7741935483870968 1.8387096774193548 1.3225806451612903 1.7419354838709677 3.0 1.8387096774193548
81 86.45630503338104 1.8709677419354838 1.5483870967741935 1.8709677419354838 1.2688172043010753 1.1827956989247312 1.2258064516129032 0.8817204301075269 1.1612903225806452 2.0 1.2258064516129032
82 28.82706620091488 1.8709677419354838 1.5483870967741935 1.8709677419354838 1.2688172043010753 1.1827956989247312 1.2258064516129032 0.8817204301075269 1.1612903225806452 2.0 1.2258064516129032
83 54.93905334912267 2.806451612903226 2.3225806451612905 2.806451612903226 1.903225806451613 1.7741935483870968 1.8387096774193548 1.3225806451612903 1.7419354838709677 3.0 1.8387096774193548
84 57.69890425734198 1.8709677419354838 1.5483870967741935 1.8709677419354838 1.2688172043010753 1.1827956989247312 1.2258064516129032 0.8817204301075269 1.1612903225806452 2.0 1.2258064516129032
85 53.19503670015447 1.8709677419354838 1.5483870967741935 1.8709677419354838 1.2688172043010753 1.1827956989247312 1.2258064516129032 0.8817204301075269 1.1612903225806452 2.0 1.2258064516129032
86 36.510738022281714 2.806451612903226 2.3225806451612905 2.806451612903226 1.903225806451613 1.7741935483870968 1.8387096774193548 1.3225806451612903 1.7419354838709677 3.0 1.8387096774193548
87 104.63374737088334 1.8709677419354838 1.5483870967741935 1.8709677419354838 1.2688172043010753 1.1827956989247312 1.2258064516129032 0.8817204301075269 1.1612903225806452 2.0 1.2258064516129032
88 1043.0 2.806451612903226 2.3225806451612905 2.806451612903226 1.903225806451613 1.7741935483870968 1.8387096774193548 1.3225806451612903 1.7419354838709677 3.0 1.8387096774193548
89 25.231453269827746 1.8709677419354838 1.5483870967741935 1.8709677419354838 1.2688172043010753 1.1827956989247312 1.2258064516129032 0.8817204301075269 1.1612903225806452 2.0 1.2258064516129032
90 7.036755822940522 2.806451612903226 2.3225806451612905 2.806451612903226 1.903225806451613 1.7741935483870968 1.8387096774193548 1.3225806451612903 1.7419354838709677 3.0 1.8387096774193548
91 24.528189743546044 1.8709677419354838 1.5483870967741935 1.8709677419354838 1.2688172043010753 1.1827956989247312 1.2258064516129032 0.8817204301075269 1.1612903225806452 2.0 1.2258064516129032
92 110.89491620708498 2.806451612903226 2.3225806451612905 2.806451612903226 1.903225806451613 1.7741935483870968 1.8387096774193548 1.3225806451612903 1.7419354838709677 3.0 1.8387096774193548
93 69.10119338514458 2.806451612903226 2.3225806451612905 2.806451612903226 1.903225806451613 1.7741935483870968 1.8387096774193548 1.3225806451612903 1.7419354838709677 3.0 1.8387096774193548
94 24.196380882373855 2.806451612903226 2.3225806451612905 2.806451612903226 1.903225806451613 1.7741935483870968 1.8387096774193548 1.3225806451612903 1.7419354838709677 3.0 1.8387096774193548
95 24.381115096739023 2.806451612903226 2.3225806451612905 2.806451612903226 1.903225806451613 1.7741935483870968 1.8387096774193548 1.3225806451612903 1.7419354838709677 3.0 1.8387096774193548
96 44.83148829971698 1.8709677419354838 1.5483870967741935 1.8709677419354838 1.2688172043010753 1.1827956989247312 1.2258064516129032 0.8817204301075269 1.1612903225806452 2.0 1.2258064516129032
97 832.0 2.806451612903226 2.3225806451612905 2.806451612903226 1.903225806451613 1.7741935483870968 1.8387096774193548 1.3225806451612903 1.7419354838709677 3.0 1.8387096774193548
98 14.547113751301815 2.806451612903226 2.3225806451612905 2.806451612903226 1.903225806451613 1.7741935483870968 1.8387096774193548 1.3225806451612903 1.7419354838709677 3.0 1.8387096774193548
99 71.50267630275283 1.8709677419354838 1.5483870967741935 1.8709677419354838 1.2688172043010753 1.1827956989247312 1.2258064516129032 0.8817204301075269 1.1612903225806452 2.0 1.2258064516129032
