110 30
TREE NETWORK (nID nID Weight):
78 0 48
84 0 31
15 84 42
40 84 52
107 0 36
58 107 33
90 58 52
67 40 44
24 84 44
77 15 54
64 84 59
1 90 55
87 90 33
103 90 50
74 107 55
22 1 38
51 78 49
55 51 31
96 51 36
68 90 55
43 77 55
73 78 44
52 96 46
72 55 38
32 73 58
10 64 43
92 107 40
38 77 31
14 1 49
9 1 46
7 107 57
91 51 58
57 84 51
71 9 36
105 58 31
35 68 33
54 58 39
34 103 41
76 64 54
63 52 47
86 77 36
53 7 46
66 55 45
2 55 36
75 2 58
98 78 49
93 71 46
27 35 48
69 91 37
47 14 36
48 71 46
30 67 35
6 57 55
29 47 44
101 107 37
82 73 54
13 34 55
95 14 59
39 68 41
5 40 31
97 91 33
44 10 33
12 77 34
3 44 40
102 93 35
8 66 41
17 78 36
59 86 40
89 69 59
85 47 52
21 44 36
11 68 59
16 93 57
83 35 50
28 73 30
18 71 32
41 53 40
70 93 34
61 30 30
100 59 41
31 21 44
33 72 31
19 61 34
26 75 46
108 57 39
88 74 56
45 67 48
23 63 44
56 19 32
46 100 34
80 16 50
104 54 43
25 9 35
36 12 45
79 87 59
50 108 55
106 29 47
42 23 43
99 26 57
49 98 58
65 39 49
81 93 51
62 23 56
4 107 57
37 43 30
109 64 42
94 53 49
60 49 55
20 95 50
PROGRAMS ASSIGNED TO NODES (nID pID1 pID2 ...):
0 1 2 3 4 5 6 7 8 9 10 11 12 13 14 15 16 17 18 19 20 21 22 23 24 25 26 27 28 29 30
1 1 19 21 27 29
2 14
3 2 3 7 9 11 12 13 15 17 19 20 21 22 23 24 27 28 29
4 1 2 3 4 5 6 7 8 9 10 12 14 15 16 17 19 20 21 22 23 24 25 26 27 29 30
5 16 2 3 24 26 13 14 15
6 1 6 10 14 15 16 20 21 22 23 24 26 30
7 17 1 2 20 6 9 11 30
8 1 2 3 5 6 7 8 10 11 12 13 14 15 16 17 18 21 22 24 25 26 27 28 29 30
9 5 8 13 15
11 1 2 3 4 6 7 8 10 13 14 15 18 19 20 24 26 27 28 29
12 4 5 7 8 10 11 13 15 17 18 19 20 21 23 24 26 28
13 2 3 4 5 9 11 12 13 14 17 18 20 21 23 24 25 26 27 28 29 30
14 1 2 3 4 5 6 9 11 13 18 19 21 22 23 24 25 26 27 28 30
15 18 19 4 20 21 6 7 10 28 13 15
16 1 2 4 6 7 10 11 13 15 16 17 18 21 22 23 24 26 27 28 30
17 1 17 19 20 5 26 11 27 29 30 14 15
19 18 20 5 8 10 27 11 29 30 15
20 1 2 3 4 5 6 7 9 10 13 14 16 17 18 19 20 22 23 24 25 26 27 28 30
21 1 2 3 4 6 7 8 11 13 16 19 21 22 23 24 25 26 27 28 29 30
22 2
23 3 4 5 9 11 12 13 14 15 16 17 19 23 27 28 30
24 1 3 4 5 6 7 8 9 10 11 12 13 14 15 16 17 21 22 23 24 25 27 28 29 30
25 1 2 3 5 7 8 10 11 12 14 15 16 17 18 19 20 22 23 24 25 26 27 28 29 30
26 1 2 3 4 5 6 7 9 10 11 12 13 15 16 17 18 19 20 21 23 24 25 26 28 29 30
27 1 2 3 4 5 6 7 8 12 14 15 16 17 18 20 21 22 23 25 26 27 29 30
28 6
29 24
30 18 4 5 22 25 27 29
31 1 3 4 5 6 7 8 9 10 11 12 14 15 16 18 19 20 21 22 23 24 25 26 28 29 30
33 6
34 15
35 26
36 1 2 3 4 5 6 7 8 9 10 11 13 14 15 16 17 18 19 20 21 22 24 25 26 28
37 17 18 4 23 24 25 26 30
38 2 5 6 7 10 11 12 14 15 16 20 21 22 26 28
39 29
40 1 2 3 6 7 9 14 16 20 22 24 25 26 27 29 30
41 1 4 6 7 10 11 12 13 15 16 17 18 19 21 23 25 26 27 28 29 30
42 1 3 5 6 7 8 9 10 12 13 14 15 16 17 18 19 21 22 23 24 25 26 27 28 30
43 1 17 18 20 6 23 8 30 15
44 2 18 5 6 24 10 27 29 14
45 1 7 10 11 13 15 17 19 21 23 25 27 28 29
46 5 22 6 23 8 15
47 18 2 3 22 6 23 8 26 10 11 15
48 16 1 17 2 13 30
50 3 5 22 6 23 12
51 16 18 19 9 26
52 1 2 3 4 5 6 7 8 9 10 11 12 13 14 15 16 17 19 20 21 22 23 24 25 26 27 28 29 30
53 2 4 5 6 7 8 9 10 12 13 14 15 16 17 19 20 21 22 24 25 26 28 29 30
54 1 3 5 6 7 10 13 14 15 16 17 18 19 22 23 24 25 28 29 30
55 3 4 5 7 14 15 16 17 18 20 21 22 23 25 26 28 30
56 8 27
57 2 6 9 26 13 14
58 17 3 6 24 9 28
59 1 3 4 6 7 8 9 11 13 15 16 17 19 21 23 24 25 27 28
60 1 2 3 4 5 6 7 9 10 11 12 13 14 15 16 17 18 21 22 23 24 25 26 27 28 29 30
61 1 3 4 5 6 7 8 9 12 13 14 15 16 17 18 19 21 22 23 25 26 27 28 29 30
62 4 6 7 8 11 13 14 15 16 18 20 21 22 23 25 28 29
63 1 2 3 4 5 6 8 9 10 11 13 14 15 16 17 18 19 22 24 25 26 28 29
64 3 4 5 6 8 9 10 11 13 14 17 18 19 20 22 23 24 25 27 28 29
65 17 19 21 24 25 26 27 12
66 4 5 7 12 13 14 15 17 18 19 20 21 22 24 27 29 30
67 1 2 3 5 6 7 8 10 11 12 13 14 16 17 18 19 20 21 22 23 24 25 26 27 28 29 30
68 3 5 6 7 10 11 13 16 17 18 19 20 21 27 28 29
69 1 2 3 4 5 9 10 11 12 13 17 22 23 25 28 29
70 2 18 19 5 7 23 9 27 28 14
71 1 5 6 23 24 9 28 30
72 1 2 3 4 6 7 9 10 11 12 13 15 16 19 20 21 23 24 25 26 28 29
73 16 20 21 22 6 7 8 25 10 12 30
74 2 3 4 5 6 7 8 9 10 11 12 14 15 16 17 19 20 21 22 23 24 26 27 28 29 30
75 1 2 3 5 7 8 9 11 12 14 15 16 17 18 19 22 23 24 25 27 30
76 1 2 3 5 6 7 8 9 10 11 12 13 14 15 16 17 18 21 22 23 25 26 27 28 30
77 17 18 19 3 20 8 9 28 12 13 14 15
78 1 2 3 4 5 7 8 9 10 11 13 15 16 17 18 19 20 22 23 24 25 26 27 28
79 1 2 4 6 7 8 11 12 13 14 16 17 20 21 23 24 26 27 28 29
80 1 2 3 4 5 8 9 10 11 12 13 14 15 17 18 19 20 21 23 26 27 28 29 30
82 1 2 5 6 8 11 13 15 16 19 20 21 25 28 29
83 17 4 8 24 9 13
84 1 3 4 7 8 9 11 12 14 18 20 25 27 28
85 17 19 20 4 22 24 15
86 1 2 4 6 7 9 10 12 16 17 18 20 22 23 24 29
87 2 4 7 8 10 11 12 14 16 20 22 24 26 27 28 30
88 1 19 5 22 23 27
89 1 2 3 4 5 6 7 9 10 11 12 13 14 15 16 17 18 19 20 21 23 24 25 26 27 28 29
90 1 2 3 4 5 6 7 8 9 10 11 12 13 14 15 16 17 18 19 20 21 22 23 24 25 26 27 29 30
91 1 2 3 4 6 8 10 11 13 14 15 16 17 18 19 20 21 22 23 24 25 26 27 28 30
92 20 9 26 30
93 1 18 19 21 5 8 25 27 13 29 14
94 1 2 4 5 8 10 11 13 14 15 16 17 19 20 23 27 28 29
95 16 5 23 10 26 11 29 15
96 6 8 10 11 12 13 15 19 21 23 26 27 28 30
97 23
98 15
99 1 18 5 25 13
100 1 2 4 5 6 7 9 10 12 13 14 16 17 18 19 20 22 25 26 27 28 29 30
101 2 3 4 5 6 7 8 9 10 11 12 13 14 15 16 17 18 19 20 21 22 23 24 25 26 27 28 29 30
102 1 2 3 5 7 8 10 13 14 15 17 18 19 20 21 22 23 24 25 27 29 30
103 1 5 7 24 9 27 12
104 27
105 1 2 4 5 8 10 11 12 17 19 20 22 23 24 26 27
106 16 1 9 27 15
107 1 2 4 5 8 9 10 11 12 15 17 18 21 22 23 25 26 27 29 30
108 1 4 5 9 13 15 17 18 19 24 25 26 28 29
109 1 2 3 5 6 7 8 9 10 12 13 14 17 19 21 22 23 24 25 26 27 28 29 30
SIZE OF PROGRAMS (pID SIZE):
1 78.0
2 80.0
3 70.0
4 71.0
5 84.0
6 79.0
7 66.0
8 56.0
9 72.0
10 60.0
11 71.0
12 54.0
13 57.0
14 95.0
15 83.0
16 57.0
17 65.0
18 52.0
19 55.0
20 83.0
21 74.0
22 68.0
23 51.0
24 57.0
25 84.0
26 60.0
27 78.0
28 55.0
29 77.0
30 94.0
COST TO INSTALL SERVERS AND PROGRAMS ON NODES (COST_TO_INSTALL_SERVER COST_TO_INSTALL_pID1 ...):
0 7587.368421052632 2.463157894736842 2.526315789473684 2.210526315789474 2.2421052631578946 2.6526315789473682 2.4947368421052634 2.0842105263157893 1.768421052631579 2.2736842105263158 1.894736842105263 2.2421052631578946 1.7052631578947368 1.8 3.0 2.6210526315789475 1.8 2.0526315789473686 1.6421052631578947 1.736842105263158 2.6210526315789475 2.336842105263158 2.1473684210526316 1.6105263157894736 1.8 2.6526315789473682 1.894736842105263 2.463157894736842 1.736842105263158 2.431578947368421 2.968421052631579
1 302.2271539900924 2.463157894736842 2.526315789473684 2.210526315789474 2.2421052631578946 2.6526315789473682 2.4947368421052634 2.0842105263157893 1.768421052631579 2.2736842105263158 1.894736842105263 2.2421052631578946 1.7052631578947368 1.8 3.0 2.6210526315789475 1.8 2.0526315789473686 1.6421052631578947 1.736842105263158 2.6210526315789475 2.336842105263158 2.1473684210526316 1.6105263157894736 1.8 2.6526315789473682 1.894736842105263 2.463157894736842 1.736842105263158 2.431578947368421 2.968421052631579
2 262.1716999943667 2.463157894736842 2.526315789473684 2.210526315789474 2.2421052631578946 2.6526315789473682 2.4947368421052634 2.0842105263157893 1.768421052631579 2.2736842105263158 1.894736842105263 2.2421052631578946 1.7052631578947368 1.8 3.0 2.6210526315789475 1.8 2.0526315789473686 1.6421052631578947 1.736842105263158 2.6210526315789475 2.336842105263158 2.1473684210526316 1.6105263157894736 1.8 2.6526315789473682 1.894736842105263 2.463157894736842 1.736842105263158 2.431578947368421 2.968421052631579
3 257.86267317234956 2.463157894736842 2.526315789473684 2.210526315789474 2.2421052631578946 2.6526315789473682 2.4947368421052634 2.0842105263157893 1.768421052631579 2.2736842105263158 1.894736842105263 2.2421052631578946 1.7052631578947368 1.8 3.0 2.6210526315789475 1.8 2.0526315789473686 1.6421052631578947 1.736842105263158 2.6210526315789475 2.336842105263158 2.1473684210526316 1.6105263157894736 1.8 2.6526315789473682 1.894736842105263 2.463157894736842 1.736842105263158 2.431578947368421 2.968421052631579
4 113.44525344736927 1.6421052631578947 1.6842105263157894 1.4736842105263157 1.4947368421052631 1.768421052631579 1.6631578947368422 1.3894736842105264 1.1789473684210525 1.5157894736842106 1.263157894736842 1.4947368421052631 1.1368421052631579 1.2 2.0 1.7473684210526317 1.2 1.368421052631579 1.0947368421052632 1.1578947368421053 1.7473684210526317 1.5578947368421052 1.431578947368421 1.0736842105263158 1.2 1.768421052631579 1.263157894736842 1.6421052631578947 1.1578947368421053 1.6210526315789473 1.9789473684210526
5 55.892166995165674 1.6421052631578947 1.6842105263157894 1.4736842105263157 1.4947368421052631 1.768421052631579 1.6631578947368422 1.3894736842105264 1.1789473684210525 1.5157894736842106 1.263157894736842 1.4947368421052631 1.1368421052631579 1.2 2.0 1.7473684210526317 1.2 1.368421052631579 1.0947368421052632 1.1578947368421053 1.7473684210526317 1.5578947368421052 1.431578947368421 1.0736842105263158 1.2 1.768421052631579 1.263157894736842 1.6421052631578947 1.1578947368421053 1.6210526315789473 1.9789473684210526
6 82.5918140839758 2.463157894736842 2.526315789473684 2.210526315789474 2.2421052631578946 2.6526315789473682 2.4947368421052634 2.0842105263157893 1.768421052631579 2.2736842105263158 1.894736842105263 2.2421052631578946 1.7052631578947368 1.8 3.0 2.6210526315789475 1.8 2.0526315789473686 1.6421052631578947 1.736842105263158 2.6210526315789475 2.336842105263158 2.1473684210526316 1.6105263157894736 1.8 2.6526315789473682 1.894736842105263 2.463157894736842 1.736842105263158 2.431578947368421 2.968421052631579
7 74.30132303330635 2.463157894736842 2.526315789473684 2.210526315789474 2.2421052631578946 2.6526315789473682 2.4947368421052634 2.0842105263157893 1.768421052631579 2.2736842105263158 1.894736842105263 2.2421052631578946 1.7052631578947368 1.8 3.0 2.6210526315789475 1.8 2.0526315789473686 1.6421052631578947 1.736842105263158 2.6210526315789475 2.336842105263158 2.1473684210526316 1.6105263157894736 1.8 2.6526315789473682 1.894736842105263 2.463157894736842 1.736842105263158 2.431578947368421 2.968421052631579
8 241.2560820124523 1.6421052631578947 1.6842105263157894 1.4736842105263157 1.4947368421052631 1.768421052631579 1.6631578947368422 1.3894736842105264 1.1789473684210525 1.5157894736842106 1.263157894736842 1.4947368421052631 1.1368421052631579 1.2 2.0 1.7473684210526317 1.2 1.368421052631579 1.0947368421052632 1.1578947368421053 1.7473684210526317 1.5578947368421052 1.431578947368421 1.0736842105263158 1.2 1.768421052631579 1.263157894736842 1.6421052631578947 1.1578947368421053 1.6210526315789473 1.9789473684210526
9 271.28523829796535 1.6421052631578947 1.6842105263157894 1.4736842105263157 1.4947368421052631 1.768421052631579 1.6631578947368422 1.3894736842105264 1.1789473684210525 1.5157894736842106 1.263157894736842 1.4947368421052631 1.1368421052631579 1.2 2.0 1.7473684210526317 1.2 1.368421052631579 1.0947368421052632 1.1578947368421053 1.7473684210526317 1.5578947368421052 1.431578947368421 1.0736842105263158 1.2 1.768421052631579 1.263157894736842 1.6421052631578947 1.1578947368421053 1.6210526315789473 1.9789473684210526
10 210.578697858306 1.6421052631578947 1.6842105263157894 1.4736842105263157 1.4947368421052631 1.768421052631579 1.6631578947368422 1.3894736842105264 1.1789473684210525 1.5157894736842106 1.263157894736842 1.4947368421052631 1.1368421052631579 1.2 2.0 1.7473684210526317 1.2 1.368421052631579 1.0947368421052632 1.1578947368421053 1.7473684210526317 1.5578947368421052 1.431578947368421 1.0736842105263158 1.2 1.768421052631579 1.263157894736842 1.6421052631578947 1.1578947368421053 1.6210526315789473 1.9789473684210526
11 218.54935557711647 2.463157894736842 2.526315789473684 2.210526315789474 2.2421052631578946 2.6526315789473682 2.4947368421052634 2.0842105263157893 1.768421052631579 2.2736842105263158 1.894736842105263 2.2421052631578946 1.7052631578947368 1.8 3.0 2.6210526315789475 1.8 2.0526315789473686 1.6421052631578947 1.736842105263158 2.6210526315789475 2.336842105263158 2.1473684210526316 1.6105263157894736 1.8 2.6526315789473682 1.894736842105263 2.463157894736842 1.736842105263158 2.431578947368421 2.968421052631579
12 166.28588704475922 1.6421052631578947 1.6842105263157894 1.4736842105263157 1.4947368421052631 1.768421052631579 1.6631578947368422 1.3894736842105264 1.1789473684210525 1.5157894736842106 1.263157894736842 1.4947368421052631 1.1368421052631579 1.2 2.0 1.7473684210526317 1.2 1.368421052631579 1.0947368421052632 1.1578947368421053 1.7473684210526317 1.5578947368421052 1.431578947368421 1.0736842105263158 1.2 1.768421052631579 1.263157894736842 1.6421052631578947 1.1578947368421053 1.6210526315789473 1.9789473684210526
13 221.34328217096675 1.6421052631578947 1.6842105263157894 1.4736842105263157 1.4947368421052631 1.768421052631579 1.6631578947368422 1.3894736842105264 1.1789473684210525 1.5157894736842106 1.263157894736842 1.4947368421052631 1.1368421052631579 1.2 2.0 1.7473684210526317 1.2 1.368421052631579 1.0947368421052632 1.1578947368421053 1.7473684210526317 1.5578947368421052 1.431578947368421 1.0736842105263158 1.2 1.768421052631579 1.263157894736842 1.6421052631578947 1.1578947368421053 1.6210526315789473 1.9789473684210526
14 176.10053099669014 1.6421052631578947 1.6842105263157894 1.4736842105263157 1.4947368421052631 1.768421052631579 1.6631578947368422 1.3894736842105264 1.1789473684210525 1.5157894736842106 1.263157894736842 1.4947368421052631 1.1368421052631579 1.2 2.0 1.7473684210526317 1.2 1.368421052631579 1.0947368421052632 1.1578947368421053 1.7473684210526317 1.5578947368421052 1.431578947368421 1.0736842105263158 1.2 1.768421052631579 1.263157894736842 1.6421052631578947 1.1578947368421053 1.6210526315789473 1.9789473684210526
15 122.41747003180646 1.6421052631578947 1.6842105263157894 1.4736842105263157 1.4947368421052631 1.768421052631579 1.6631578947368422 1.3894736842105264 1.1789473684210525 1.5157894736842106 1.263157894736842 1.4947368421052631 1.1368421052631579 1.2 2.0 1.7473684210526317 1.2 1.368421052631579 1.0947368421052632 1.1578947368421053 1.7473684210526317 1.5578947368421052 1.431578947368421 1.0736842105263158 1.2 1.768421052631579 1.263157894736842 1.6421052631578947 1.1578947368421053 1.6210526315789473 1.9789473684210526
16 536.6575532305654 1.6421052631578947 1.6842105263157894 1.4736842105263157 1.4947368421052631 1.768421052631579 1.6631578947368422 1.3894736842105264 1.1789473684210525 1.5157894736842106 1.263157894736842 1.4947368421052631 1.1368421052631579 1.2 2.0 1.7473684210526317 1.2 1.368421052631579 1.0947368421052632 1.1578947368421053 1.7473684210526317 1.5578947368421052 1.431578947368421 1.0736842105263158 1.2 1.768421052631579 1.263157894736842 1.6421052631578947 1.1578947368421053 1.6210526315789473 1.9789473684210526
17 36.76390235076157 2.463157894736842 2.526315789473684 2.210526315789474 2.2421052631578946 2.6526315789473682 2.4947368421052634 2.0842105263157893 1.768421052631579 2.2736842105263158 1.894736842105263 2.2421052631578946 1.7052631578947368 1.8 3.0 2.6210526315789475 1.8 2.0526315789473686 1.6421052631578947 1.736842105263158 2.6210526315789475 2.336842105263158 2.1473684210526316 1.6105263157894736 1.8 2.6526315789473682 1.894736842105263 2.463157894736842 1.736842105263158 2.431578947368421 2.968421052631579
18 318.0 2.463157894736842 2.526315789473684 2.210526315789474 2.2421052631578946 2.6526315789473682 2.4947368421052634 2.0842105263157893 1.768421052631579 2.2736842105263158 1.894736842105263 2.2421052631578946 1.7052631578947368 1.8 3.0 2.6210526315789475 1.8 2.0526315789473686 1.6421052631578947 1.736842105263158 2.6210526315789475 2.336842105263158 2.1473684210526316 1.6105263157894736 1.8 2.6526315789473682 1.894736842105263 2.463157894736842 1.736842105263158 2.431578947368421 2.968421052631579
19 164.17325887048244 2.463157894736842 2.526315789473684 2.210526315789474 2.2421052631578946 2.6526315789473682 2.4947368421052634 2.0842105263157893 1.768421052631579 2.2736842105263158 1.894736842105263 2.2421052631578946 1.7052631578947368 1.8 3.0 2.6210526315789475 1.8 2.0526315789473686 1.6421052631578947 1.736842105263158 2.6210526315789475 2.336842105263158 2.1473684210526316 1.6105263157894736 1.8 2.6526315789473682 1.894736842105263 2.463157894736842 1.736842105263158 2.431578947368421 2.968421052631579
20 382.6883890746095 2.463157894736842 2.526315789473684 2.210526315789474 2.2421052631578946 2.6526315789473682 2.4947368421052634 2.0842105263157893 1.768421052631579 2.2736842105263158 1.894736842105263 2.2421052631578946 1.7052631578947368 1.8 3.0 2.6210526315789475 1.8 2.0526315789473686 1.6421052631578947 1.736842105263158 2.6210526315789475 2.336842105263158 2.1473684210526316 1.6105263157894736 1.8 2.6526315789473682 1.894736842105263 2.463157894736842 1.736842105263158 2.431578947368421 2.968421052631579
21 227.8605062123386 1.6421052631578947 1.6842105263157894 1.4736842105263157 1.4947368421052631 1.768421052631579 1.6631578947368422 1.3894736842105264 1.1789473684210525 1.5157894736842106 1.263157894736842 1.4947368421052631 1.1368421052631579 1.2 2.0 1.7473684210526317 1.2 1.368421052631579 1.0947368421052632 1.1578947368421053 1.7473684210526317 1.5578947368421052 1.431578947368421 1.0736842105263158 1.2 1.768421052631579 1.263157894736842 1.6421052631578947 1.1578947368421053 1.6210526315789473 1.9789473684210526
22 12.968364746971723 1.6421052631578947 1.6842105263157894 1.4736842105263157 1.4947368421052631 1.768421052631579 1.6631578947368422 1.3894736842105264 1.1789473684210525 1.5157894736842106 1.263157894736842 1.4947368421052631 1.1368421052631579 1.2 2.0 1.7473684210526317 1.2 1.368421052631579 1.0947368421052632 1.1578947368421053 1.7473684210526317 1.5578947368421052 1.431578947368421 1.0736842105263158 1.2 1.768421052631579 1.263157894736842 1.6421052631578947 1.1578947368421053 1.6210526315789473 1.9789473684210526
23 229.810606440041 2.463157894736842 2.526315789473684 2.210526315789474 2.2421052631578946 2.6526315789473682 2.4947368421052634 2.0842105263157893 1.768421052631579 2.2736842105263158 1.894736842105263 2.2421052631578946 1.7052631578947368 1.8 3.0 2.6210526315789475 1.8 2.0526315789473686 1.6421052631578947 1.736842105263158 2.6210526315789475 2.336842105263158 2.1473684210526316 1.6105263157894736 1.8 2.6526315789473682 1.894736842105263 2.463157894736842 1.736842105263158 2.431578947368421 2.968421052631579
24 63.04869955946663 1.6421052631578947 1.6842105263157894 1.4736842105263157 1.4947368421052631 1.768421052631579 1.6631578947368422 1.3894736842105264 1.1789473684210525 1.5157894736842106 1.263157894736842 1.4947368421052631 1.1368421052631579 1.2 2.0 1.7473684210526317 1.2 1.368421052631579 1.0947368421052632 1.1578947368421053 1.7473684210526317 1.5578947368421052 1.431578947368421 1.0736842105263158 1.2 1.768421052631579 1.263157894736842 1.6421052631578947 1.1578947368421053 1.6210526315789473 1.9789473684210526
25 206.26324450530768 2.463157894736842 2.526315789473684 2.210526315789474 2.2421052631578946 2.6526315789473682 2.4947368421052634 2.0842105263157893 1.768421052631579 2.2736842105263158 1.894736842105263 2.2421052631578946 1.7052631578947368 1.8 3.0 2.6210526315789475 1.8 2.0526315789473686 1.6421052631578947 1.736842105263158 2.6210526315789475 2.336842105263158 2.1473684210526316 1.6105263157894736 1.8 2.6526315789473682 1.894736842105263 2.463157894736842 1.736842105263158 2.431578947368421 2.968421052631579
26 318.39535041860574 1.6421052631578947 1.6842105263157894 1.4736842105263157 1.4947368421052631 1.768421052631579 1.6631578947368422 1.3894736842105264 1.1789473684210525 1.5157894736842106 1.263157894736842 1.4947368421052631 1.1368421052631579 1.2 2.0 1.7473684210526317 1.2 1.368421052631579 1.0947368421052632 1.1578947368421053 1.7473684210526317 1.5578947368421052 1.431578947368421 1.0736842105263158 1.2 1.768421052631579 1.263157894736842 1.6421052631578947 1.1578947368421053 1.6210526315789473 1.9789473684210526
27 350.02158542539365 2.463157894736842 2.526315789473684 2.210526315789474 2.2421052631578946 2.6526315789473682 2.4947368421052634 2.0842105263157893 1.768421052631579 2.2736842105263158 1.894736842105263 2.2421052631578946 1.7052631578947368 1.8 3.0 2.6210526315789475 1.8 2.0526315789473686 1.6421052631578947 1.736842105263158 2.6210526315789475 2.336842105263158 2.1473684210526316 1.6105263157894736 1.8 2.6526315789473682 1.894736842105263 2.463157894736842 1.736842105263158 2.431578947368421 2.968421052631579
28 6.385785724861287 1.6421052631578947 1.6842105263157894 1.4736842105263157 1.4947368421052631 1.768421052631579 1.6631578947368422 1.3894736842105264 1.1789473684210525 1.5157894736842106 1.263157894736842 1.4947368421052631 1.1368421052631579 1.2 2.0 1.7473684210526317 1.2 1.368421052631579 1.0947368421052632 1.1578947368421053 1.7473684210526317 1.5578947368421052 1.431578947368421 1.0736842105263158 1.2 1.768421052631579 1.263157894736842 1.6421052631578947 1.1578947368421053 1.6210526315789473 1.9789473684210526
29 112.30279982562037 1.6421052631578947 1.6842105263157894 1.4736842105263157 1.4947368421052631 1.768421052631579 1.6631578947368422 1.3894736842105264 1.1789473684210525 1.5157894736842106 1.263157894736842 1.4947368421052631 1.1368421052631579 1.2 2.0 1.7473684210526317 1.2 1.368421052631579 1.0947368421052632 1.1578947368421053 1.7473684210526317 1.5578947368421052 1.431578947368421 1.0736842105263158 1.2 1.768421052631579 1.263157894736842 1.6421052631578947 1.1578947368421053 1.6210526315789473 1.9789473684210526
30 190.23496798336842 2.463157894736842 2.526315789473684 2.210526315789474 2.2421052631578946 2.6526315789473682 2.4947368421052634 2.0842105263157893 1.768421052631579 2.2736842105263158 1.894736842105263 2.2421052631578946 1.7052631578947368 1.8 3.0 2.6210526315789475 1.8 2.0526315789473686 1.6421052631578947 1.736842105263158 2.6210526315789475 2.336842105263158 2.1473684210526316 1.6105263157894736 1.8 2.6526315789473682 1.894736842105263 2.463157894736842 1.736842105263158 2.431578947368421 2.968421052631579
31 378.04801615814097 2.463157894736842 2.526315789473684 2.210526315789474 2.2421052631578946 2.6526315789473682 2.4947368421052634 2.0842105263157893 1.768421052631579 2.2736842105263158 1.894736842105263 2.2421052631578946 1.7052631578947368 1.8 3.0 2.6210526315789475 1.8 2.0526315789473686 1.6421052631578947 1.736842105263158 2.6210526315789475 2.336842105263158 2.1473684210526316 1.6105263157894736 1.8 2.6526315789473682 1.894736842105263 2.463157894736842 1.736842105263158 2.431578947368421 2.968421052631579
32 125.0 1.6421052631578947 1.6842105263157894 1.4736842105263157 1.4947368421052631 1.768421052631579 1.6631578947368422 1.3894736842105264 1.1789473684210525 1.5157894736842106 1.263157894736842 1.4947368421052631 1.1368421052631579 1.2 2.0 1.7473684210526317 1.2 1.368421052631579 1.0947368421052632 1.1578947368421053 1.7473684210526317 1.5578947368421052 1.431578947368421 1.0736842105263158 1.2 1.768421052631579 1.263157894736842 1.6421052631578947 1.1578947368421053 1.6210526315789473 1.9789473684210526
33 13.912828941073363 1.6421052631578947 1.6842105263157894 1.4736842105263157 1.4947368421052631 1.768421052631579 1.6631578947368422 1.3894736842105264 1.1789473684210525 1.5157894736842106 1.263157894736842 1.4947368421052631 1.1368421052631579 1.2 2.0 1.7473684210526317 1.2 1.368421052631579 1.0947368421052632 1.1578947368421053 1.7473684210526317 1.5578947368421052 1.431578947368421 1.0736842105263158 1.2 1.768421052631579 1.263157894736842 1.6421052631578947 1.1578947368421053 1.6210526315789473 1.9789473684210526
34 304.3945537170237 1.6421052631578947 1.6842105263157894 1.4736842105263157 1.4947368421052631 1.768421052631579 1.6631578947368422 1.3894736842105264 1.1789473684210525 1.5157894736842106 1.263157894736842 1.4947368421052631 1.1368421052631579 1.2 2.0 1.7473684210526317 1.2 1.368421052631579 1.0947368421052632 1.1578947368421053 1.7473684210526317 1.5578947368421052 1.431578947368421 1.0736842105263158 1.2 1.768421052631579 1.263157894736842 1.6421052631578947 1.1578947368421053 1.6210526315789473 1.9789473684210526
35 111.5746821781822 2.463157894736842 2.526315789473684 2.210526315789474 2.2421052631578946 2.6526315789473682 2.4947368421052634 2.0842105263157893 1.768421052631579 2.2736842105263158 1.894736842105263 2.2421052631578946 1.7052631578947368 1.8 3.0 2.6210526315789475 1.8 2.0526315789473686 1.6421052631578947 1.736842105263158 2.6210526315789475 2.336842105263158 2.1473684210526316 1.6105263157894736 1.8 2.6526315789473682 1.894736842105263 2.463157894736842 1.736842105263158 2.431578947368421 2.968421052631579
36 211.99463569602 2.463157894736842 2.526315789473684 2.210526315789474 2.2421052631578946 2.6526315789473682 2.4947368421052634 2.0842105263157893 1.768421052631579 2.2736842105263158 1.894736842105263 2.2421052631578946 1.7052631578947368 1.8 3.0 2.6210526315789475 1.8 2.0526315789473686 1.6421052631578947 1.736842105263158 2.6210526315789475 2.336842105263158 2.1473684210526316 1.6105263157894736 1.8 2.6526315789473682 1.894736842105263 2.463157894736842 1.736842105263158 2.431578947368421 2.968421052631579
37 45.684698099129584 2.463157894736842 2.526315789473684 2.210526315789474 2.2421052631578946 2.6526315789473682 2.4947368421052634 2.0842105263157893 1.768421052631579 2.2736842105263158 1.894736842105263 2.2421052631578946 1.7052631578947368 1.8 3.0 2.6210526315789475 1.8 2.0526315789473686 1.6421052631578947 1.736842105263158 2.6210526315789475 2.336842105263158 2.1473684210526316 1.6105263157894736 1.8 2.6526315789473682 1.894736842105263 2.463157894736842 1.736842105263158 2.431578947368421 2.968421052631579
38 122.41110405945132 2.463157894736842 2.526315789473684 2.210526315789474 2.2421052631578946 2.6526315789473682 2.4947368421052634 2.0842105263157893 1.768421052631579 2.2736842105263158 1.894736842105263 2.2421052631578946 1.7052631578947368 1.8 3.0 2.6210526315789475 1.8 2.0526315789473686 1.6421052631578947 1.736842105263158 2.6210526315789475 2.336842105263158 2.1473684210526316 1.6105263157894736 1.8 2.6526315789473682 1.894736842105263 2.463157894736842 1.736842105263158 2.431578947368421 2.968421052631579
39 85.40722292987721 2.463157894736842 2.526315789473684 2.210526315789474 2.2421052631578946 2.6526315789473682 2.4947368421052634 2.0842105263157893 1.768421052631579 2.2736842105263158 1.894736842105263 2.2421052631578946 1.7052631578947368 1.8 3.0 2.6210526315789475 1.8 2.0526315789473686 1.6421052631578947 1.736842105263158 2.6210526315789475 2.336842105263158 2.1473684210526316 1.6105263157894736 1.8 2.6526315789473682 1.894736842105263 2.463157894736842 1.736842105263158 2.431578947368421 2.968421052631579
40 88.3029713105494 2.463157894736842 2.526315789473684 2.210526315789474 2.2421052631578946 2.6526315789473682 2.4947368421052634 2.0842105263157893 1.768421052631579 2.2736842105263158 1.894736842105263 2.2421052631578946 1.7052631578947368 1.8 3.0 2.6210526315789475 1.8 2.0526315789473686 1.6421052631578947 1.736842105263158 2.6210526315789475 2.336842105263158 2.1473684210526316 1.6105263157894736 1.8 2.6526315789473682 1.894736842105263 2.463157894736842 1.736842105263158 2.431578947368421 2.968421052631579
41 110.77365268909088 2.463157894736842 2.526315789473684 2.210526315789474 2.2421052631578946 2.6526315789473682 2.4947368421052634 2.0842105263157893 1.768421052631579 2.2736842105263158 1.894736842105263 2.2421052631578946 1.7052631578947368 1.8 3.0 2.6210526315789475 1.8 2.0526315789473686 1.6421052631578947 1.736842105263158 2.6210526315789475 2.336842105263158 2.1473684210526316 1.6105263157894736 1.8 2.6526315789473682 1.894736842105263 2.463157894736842 1.736842105263158 2.431578947368421 2.968421052631579
42 395.0778715003459 2.463157894736842 2.526315789473684 2.210526315789474 2.2421052631578946 2.6526315789473682 2.4947368421052634 2.0842105263157893 1.768421052631579 2.2736842105263158 1.894736842105263 2.2421052631578946 1.7052631578947368 1.8 3.0 2.6210526315789475 1.8 2.0526315789473686 1.6421052631578947 1.736842105263158 2.6210526315789475 2.336842105263158 2.1473684210526316 1.6105263157894736 1.8 2.6526315789473682 1.894736842105263 2.463157894736842 1.736842105263158 2.431578947368421 2.968421052631579
43 110.6136343507927 2.463157894736842 2.526315789473684 2.210526315789474 2.2421052631578946 2.6526315789473682 2.4947368421052634 2.0842105263157893 1.768421052631579 2.2736842105263158 1.894736842105263 2.2421052631578946 1.7052631578947368 1.8 3.0 2.6210526315789475 1.8 2.0526315789473686 1.6421052631578947 1.736842105263158 2.6210526315789475 2.336842105263158 2.1473684210526316 1.6105263157894736 1.8 2.6526315789473682 1.894736842105263 2.463157894736842 1.736842105263158 2.431578947368421 2.968421052631579
44 105.87322944871607 2.463157894736842 2.526315789473684 2.210526315789474 2.2421052631578946 2.6526315789473682 2.4947368421052634 2.0842105263157893 1.768421052631579 2.2736842105263158 1.894736842105263 2.2421052631578946 1.7052631578947368 1.8 3.0 2.6210526315789475 1.8 2.0526315789473686 1.6421052631578947 1.736842105263158 2.6210526315789475 2.336842105263158 2.1473684210526316 1.6105263157894736 1.8 2.6526315789473682 1.894736842105263 2.463157894736842 1.736842105263158 2.431578947368421 2.968421052631579
45 147.2685954828072 1.6421052631578947 1.6842105263157894 1.4736842105263157 1.4947368421052631 1.768421052631579 1.6631578947368422 1.3894736842105264 1.1789473684210525 1.5157894736842106 1.263157894736842 1.4947368421052631 1.1368421052631579 1.2 2.0 1.7473684210526317 1.2 1.368421052631579 1.0947368421052632 1.1578947368421053 1.7473684210526317 1.5578947368421052 1.431578947368421 1.0736842105263158 1.2 1.768421052631579 1.263157894736842 1.6421052631578947 1.1578947368421053 1.6210526315789473 1.9789473684210526
46 56.05173852085147 1.6421052631578947 1.6842105263157894 1.4736842105263157 1.4947368421052631 1.768421052631579 1.6631578947368422 1.3894736842105264 1.1789473684210525 1.5157894736842106 1.263157894736842 1.4947368421052631 1.1368421052631579 1.2 2.0 1.7473684210526317 1.2 1.368421052631579 1.0947368421052632 1.1578947368421053 1.7473684210526317 1.5578947368421052 1.431578947368421 1.0736842105263158 1.2 1.768421052631579 1.263157894736842 1.6421052631578947 1.1578947368421053 1.6210526315789473 1.9789473684210526
47 265.0908104393721 1.6421052631578947 1.6842105263157894 1.4736842105263157 1.4947368421052631 1.768421052631579 1.6631578947368422 1.3894736842105264 1.1789473684210525 1.5157894736842106 1.263157894736842 1.4947368421052631 1.1368421052631579 1.2 2.0 1.7473684210526317 1.2 1.368421052631579 1.0947368421052632 1.1578947368421053 1.7473684210526317 1.5578947368421052 1.431578947368421 1.0736842105263158 1.2 1.768421052631579 1.263157894736842 1.6421052631578947 1.1578947368421053 1.6210526315789473 1.9789473684210526
48 47.98005384311795 2.463157894736842 2.526315789473684 2.210526315789474 2.2421052631578946 2.6526315789473682 2.4947368421052634 2.0842105263157893 1.768421052631579 2.2736842105263158 1.894736842105263 2.2421052631578946 1.7052631578947368 1.8 3.0 2.6210526315789475 1.8 2.0526315789473686 1.6421052631578947 1.736842105263158 2.6210526315789475 2.336842105263158 2.1473684210526316 1.6105263157894736 1.8 2.6526315789473682 1.894736842105263 2.463157894736842 1.736842105263158 2.431578947368421 2.968421052631579
49 112.4092397043845 2.463157894736842 2.526315789473684 2.210526315789474 2.2421052631578946 2.6526315789473682 2.4947368421052634 2.0842105263157893 1.768421052631579 2.2736842105263158 1.894736842105263 2.2421052631578946 1.7052631578947368 1.8 3.0 2.6210526315789475 1.8 2.0526315789473686 1.6421052631578947 1.736842105263158 2.6210526315789475 2.336842105263158 2.1473684210526316 1.6105263157894736 1.8 2.6526315789473682 1.894736842105263 2.463157894736842 1.736842105263158 2.431578947368421 2.968421052631579
50 26.649406270671797 1.6421052631578947 1.6842105263157894 1.4736842105263157 1.4947368421052631 1.768421052631579 1.6631578947368422 1.3894736842105264 1.1789473684210525 1.5157894736842106 1.263157894736842 1.4947368421052631 1.1368421052631579 1.2 2.0 1.7473684210526317 1.2 1.368421052631579 1.0947368421052632 1.1578947368421053 1.7473684210526317 1.5578947368421052 1.431578947368421 1.0736842105263158 1.2 1.768421052631579 1.263157894736842 1.6421052631578947 1.1578947368421053 1.6210526315789473 1.9789473684210526
51 38.58432043926268 2.463157894736842 2.526315789473684 2.210526315789474 2.2421052631578946 2.6526315789473682 2.4947368421052634 2.0842105263157893 1.768421052631579 2.2736842105263158 1.894736842105263 2.2421052631578946 1.7052631578947368 1.8 3.0 2.6210526315789475 1.8 2.0526315789473686 1.6421052631578947 1.736842105263158 2.6210526315789475 2.336842105263158 2.1473684210526316 1.6105263157894736 1.8 2.6526315789473682 1.894736842105263 2.463157894736842 1.736842105263158 2.431578947368421 2.968421052631579
52 153.45948108475147 1.6421052631578947 1.6842105263157894 1.4736842105263157 1.4947368421052631 1.768421052631579 1.6631578947368422 1.3894736842105264 1.1789473684210525 1.5157894736842106 1.263157894736842 1.4947368421052631 1.1368421052631579 1.2 2.0 1.7473684210526317 1.2 1.368421052631579 1.0947368421052632 1.1578947368421053 1.7473684210526317 1.5578947368421052 1.431578947368421 1.0736842105263158 1.2 1.768421052631579 1.263157894736842 1.6421052631578947 1.1578947368421053 1.6210526315789473 1.9789473684210526
53 89.06599008053371 1.6421052631578947 1.6842105263157894 1.4736842105263157 1.4947368421052631 1.768421052631579 1.6631578947368422 1.3894736842105264 1.1789473684210525 1.5157894736842106 1.263157894736842 1.4947368421052631 1.1368421052631579 1.2 2.0 1.7473684210526317 1.2 1.368421052631579 1.0947368421052632 1.1578947368421053 1.7473684210526317 1.5578947368421052 1.431578947368421 1.0736842105263158 1.2 1.768421052631579 1.263157894736842 1.6421052631578947 1.1578947368421053 1.6210526315789473 1.9789473684210526
54 70.16589003945474 1.6421052631578947 1.6842105263157894 1.4736842105263157 1.4947368421052631 1.768421052631579 1.6631578947368422 1.3894736842105264 1.1789473684210525 1.5157894736842106 1.263157894736842 1.4947368421052631 1.1368421052631579 1.2 2.0 1.7473684210526317 1.2 1.368421052631579 1.0947368421052632 1.1578947368421053 1.7473684210526317 1.5578947368421052 1.431578947368421 1.0736842105263158 1.2 1.768421052631579 1.263157894736842 1.6421052631578947 1.1578947368421053 1.6210526315789473 1.9789473684210526
55 192.92296149852376 1.6421052631578947 1.6842105263157894 1.4736842105263157 1.4947368421052631 1.768421052631579 1.6631578947368422 1.3894736842105264 1.1789473684210525 1.5157894736842106 1.263157894736842 1.4947368421052631 1.1368421052631579 1.2 2.0 1.7473684210526317 1.2 1.368421052631579 1.0947368421052632 1.1578947368421053 1.7473684210526317 1.5578947368421052 1.431578947368421 1.0736842105263158 1.2 1.768421052631579 1.263157894736842 1.6421052631578947 1.1578947368421053 1.6210526315789473 1.9789473684210526
56 19.88444509465105 2.463157894736842 2.526315789473684 2.210526315789474 2.2421052631578946 2.6526315789473682 2.4947368421052634 2.0842105263157893 1.768421052631579 2.2736842105263158 1.894736842105263 2.2421052631578946 1.7052631578947368 1.8 3.0 2.6210526315789475 1.8 2.0526315789473686 1.6421052631578947 1.736842105263158 2.6210526315789475 2.336842105263158 2.1473684210526316 1.6105263157894736 1.8 2.6526315789473682 1.894736842105263 2.463157894736842 1.736842105263158 2.431578947368421 2.968421052631579
57 100.95089522781636 2.463157894736842 2.526315789473684 2.210526315789474 2.2421052631578946 2.6526315789473682 2.4947368421052634 2.0842105263157893 1.768421052631579 2.2736842105263158 1.894736842105263 2.2421052631578946 1.7052631578947368 1.8 3.0 2.6210526315789475 1.8 2.0526315789473686 1.6421052631578947 1.736842105263158 2.6210526315789475 2.336842105263158 2.1473684210526316 1.6105263157894736 1.8 2.6526315789473682 1.894736842105263 2.463157894736842 1.736842105263158 2.431578947368421 2.968421052631579
58 107.51248810579463 1.6421052631578947 1.6842105263157894 1.4736842105263157 1.4947368421052631 1.768421052631579 1.6631578947368422 1.3894736842105264 1.1789473684210525 1.5157894736842106 1.263157894736842 1.4947368421052631 1.1368421052631579 1.2 2.0 1.7473684210526317 1.2 1.368421052631579 1.0947368421052632 1.1578947368421053 1.7473684210526317 1.5578947368421052 1.431578947368421 1.0736842105263158 1.2 1.768421052631579 1.263157894736842 1.6421052631578947 1.1578947368421053 1.6210526315789473 1.9789473684210526
59 338.26832967388503 1.6421052631578947 1.6842105263157894 1.4736842105263157 1.4947368421052631 1.768421052631579 1.6631578947368422 1.3894736842105264 1.1789473684210525 1.5157894736842106 1.263157894736842 1.4947368421052631 1.1368421052631579 1.2 2.0 1.7473684210526317 1.2 1.368421052631579 1.0947368421052632 1.1578947368421053 1.7473684210526317 1.5578947368421052 1.431578947368421 1.0736842105263158 1.2 1.768421052631579 1.263157894736842 1.6421052631578947 1.1578947368421053 1.6210526315789473 1.9789473684210526
60 87.26883772880731 1.6421052631578947 1.6842105263157894 1.4736842105263157 1.4947368421052631 1.768421052631579 1.6631578947368422 1.3894736842105264 1.1789473684210525 1.5157894736842106 1.263157894736842 1.4947368421052631 1.1368421052631579 1.2 2.0 1.7473684210526317 1.2 1.368421052631579 1.0947368421052632 1.1578947368421053 1.7473684210526317 1.5578947368421052 1.431578947368421 1.0736842105263158 1.2 1.768421052631579 1.263157894736842 1.6421052631578947 1.1578947368421053 1.6210526315789473 1.9789473684210526
61 334.1033546873705 1.6421052631578947 1.6842105263157894 1.4736842105263157 1.4947368421052631 1.768421052631579 1.6631578947368422 1.3894736842105264 1.1789473684210525 1.5157894736842106 1.263157894736842 1.4947368421052631 1.1368421052631579 1.2 2.0 1.7473684210526317 1.2 1.368421052631579 1.0947368421052632 1.1578947368421053 1.7473684210526317 1.5578947368421052 1.431578947368421 1.0736842105263158 1.2 1.768421052631579 1.263157894736842 1.6421052631578947 1.1578947368421053 1.6210526315789473 1.9789473684210526
62 127.91117999314872 1.6421052631578947 1.6842105263157894 1.4736842105263157 1.4947368421052631 1.768421052631579 1.6631578947368422 1.3894736842105264 1.1789473684210525 1.5157894736842106 1.263157894736842 1.4947368421052631 1.1368421052631579 1.2 2.0 1.7473684210526317 1.2 1.368421052631579 1.0947368421052632 1.1578947368421053 1.7473684210526317 1.5578947368421052 1.431578947368421 1.0736842105263158 1.2 1.768421052631579 1.263157894736842 1.6421052631578947 1.1578947368421053 1.6210526315789473 1.9789473684210526
63 338.96522198323675 1.6421052631578947 1.6842105263157894 1.4736842105263157 1.4947368421052631 1.768421052631579 1.6631578947368422 1.3894736842105264 1.1789473684210525 1.5157894736842106 1.263157894736842 1.4947368421052631 1.1368421052631579 1.2 2.0 1.7473684210526317 1.2 1.368421052631579 1.0947368421052632 1.1578947368421053 1.7473684210526317 1.5578947368421052 1.431578947368421 1.0736842105263158 1.2 1.768421052631579 1.263157894736842 1.6421052631578947 1.1578947368421053 1.6210526315789473 1.9789473684210526
64 55.51948692764521 1.6421052631578947 1.6842105263157894 1.4736842105263157 1.4947368421052631 1.768421052631579 1.6631578947368422 1.3894736842105264 1.1789473684210525 1.5157894736842106 1.263157894736842 1.4947368421052631 1.1368421052631579 1.2 2.0 1.7473684210526317 1.2 1.368421052631579 1.0947368421052632 1.1578947368421053 1.7473684210526317 1.5578947368421052 1.431578947368421 1.0736842105263158 1.2 1.768421052631579 1.263157894736842 1.6421052631578947 1.1578947368421053 1.6210526315789473 1.9789473684210526
65 112.4071058096682 1.6421052631578947 1.6842105263157894 1.4736842105263157 1.4947368421052631 1.768421052631579 1.6631578947368422 1.3894736842105264 1.1789473684210525 1.5157894736842106 1.263157894736842 1.4947368421052631 1.1368421052631579 1.2 2.0 1.7473684210526317 1.2 1.368421052631579 1.0947368421052632 1.1578947368421053 1.7473684210526317 1.5578947368421052 1.431578947368421 1.0736842105263158 1.2 1.768421052631579 1.263157894736842 1.6421052631578947 1.1578947368421053 1.6210526315789473 1.9789473684210526
66 246.7018788752229 2.463157894736842 2.526315789473684 2.210526315789474 2.2421052631578946 2.6526315789473682 2.4947368421052634 2.0842105263157893 1.768421052631579 2.2736842105263158 1.894736842105263 2.2421052631578946 1.7052631578947368 1.8 3.0 2.6210526315789475 1.8 2.0526315789473686 1.6421052631578947 1.736842105263158 2.6210526315789475 2.336842105263158 2.1473684210526316 1.6105263157894736 1.8 2.6526315789473682 1.894736842105263 2.463157894736842 1.736842105263158 2.431578947368421 2.968421052631579
67 159.9003208663541 2.463157894736842 2.526315789473684 2.210526315789474 2.2421052631578946 2.6526315789473682 2.4947368421052634 2.0842105263157893 1.768421052631579 2.2736842105263158 1.894736842105263 2.2421052631578946 1.7052631578947368 1.8 3.0 2.6210526315789475 1.8 2.0526315789473686 1.6421052631578947 1.736842105263158 2.6210526315789475 2.336842105263158 2.1473684210526316 1.6105263157894736 1.8 2.6526315789473682 1.894736842105263 2.463157894736842 1.736842105263158 2.431578947368421 2.968421052631579
68 200.53407317132223 2.463157894736842 2.526315789473684 2.210526315789474 2.2421052631578946 2.6526315789473682 2.4947368421052634 2.0842105263157893 1.768421052631579 2.2736842105263158 1.894736842105263 2.2421052631578946 1.7052631578947368 1.8 3.0 2.6210526315789475 1.8 2.0526315789473686 1.6421052631578947 1.736842105263158 2.6210526315789475 2.336842105263158 2.1473684210526316 1.6105263157894736 1.8 2.6526315789473682 1.894736842105263 2.463157894736842 1.736842105263158 2.431578947368421 2.968421052631579
69 149.66915414330472 1.6421052631578947 1.6842105263157894 1.4736842105263157 1.4947368421052631 1.768421052631579 1.6631578947368422 1.3894736842105264 1.1789473684210525 1.5157894736842106 1.263157894736842 1.4947368421052631 1.1368421052631579 1.2 2.0 1.7473684210526317 1.2 1.368421052631579 1.0947368421052632 1.1578947368421053 1.7473684210526317 1.5578947368421052 1.431578947368421 1.0736842105263158 1.2 1.768421052631579 1.263157894736842 1.6421052631578947 1.1578947368421053 1.6210526315789473 1.9789473684210526
70 149.39351305484178 1.6421052631578947 1.6842105263157894 1.4736842105263157 1.4947368421052631 1.768421052631579 1.6631578947368422 1.3894736842105264 1.1789473684210525 1.5157894736842106 1.263157894736842 1.4947368421052631 1.1368421052631579 1.2 2.0 1.7473684210526317 1.2 1.368421052631579 1.0947368421052632 1.1578947368421053 1.7473684210526317 1.5578947368421052 1.431578947368421 1.0736842105263158 1.2 1.768421052631579 1.263157894736842 1.6421052631578947 1.1578947368421053 1.6210526315789473 1.9789473684210526
71 365.2478125918857 2.463157894736842 2.526315789473684 2.210526315789474 2.2421052631578946 2.6526315789473682 2.4947368421052634 2.0842105263157893 1.768421052631579 2.2736842105263158 1.894736842105263 2.2421052631578946 1.7052631578947368 1.8 3.0 2.6210526315789475 1.8 2.0526315789473686 1.6421052631578947 1.736842105263158 2.6210526315789475 2.336842105263158 2.1473684210526316 1.6105263157894736 1.8 2.6526315789473682 1.894736842105263 2.463157894736842 1.736842105263158 2.431578947368421 2.968421052631579
72 142.30596127815082 2.463157894736842 2.526315789473684 2.210526315789474 2.2421052631578946 2.6526315789473682 2.4947368421052634 2.0842105263157893 1.768421052631579 2.2736842105263158 1.894736842105263 2.2421052631578946 1.7052631578947368 1.8 3.0 2.6210526315789475 1.8 2.0526315789473686 1.6421052631578947 1.736842105263158 2.6210526315789475 2.336842105263158 2.1473684210526316 1.6105263157894736 1.8 2.6526315789473682 1.894736842105263 2.463157894736842 1.736842105263158 2.431578947368421 2.968421052631579
73 41.010993333969175 2.463157894736842 2.526315789473684 2.210526315789474 2.2421052631578946 2.6526315789473682 2.4947368421052634 2.0842105263157893 1.768421052631579 2.2736842105263158 1.894736842105263 2.2421052631578946 1.7052631578947368 1.8 3.0 2.6210526315789475 1.8 2.0526315789473686 1.6421052631578947 1.736842105263158 2.6210526315789475 2.336842105263158 2.1473684210526316 1.6105263157894736 1.8 2.6526315789473682 1.894736842105263 2.463157894736842 1.736842105263158 2.431578947368421 2.968421052631579
74 90.81909926160296 2.463157894736842 2.526315789473684 2.210526315789474 2.2421052631578946 2.6526315789473682 2.4947368421052634 2.0842105263157893 1.768421052631579 2.2736842105263158 1.894736842105263 2.2421052631578946 1.7052631578947368 1.8 3.0 2.6210526315789475 1.8 2.0526315789473686 1.6421052631578947 1.736842105263158 2.6210526315789475 2.336842105263158 2.1473684210526316 1.6105263157894736 1.8 2.6526315789473682 1.894736842105263 2.463157894736842 1.736842105263158 2.431578947368421 2.968421052631579
75 251.28897512989982 1.6421052631578947 1.6842105263157894 1.4736842105263157 1.4947368421052631 1.768421052631579 1.6631578947368422 1.3894736842105264 1.1789473684210525 1.5157894736842106 1.263157894736842 1.4947368421052631 1.1368421052631579 1.2 2.0 1.7473684210526317 1.2 1.368421052631579 1.0947368421052632 1.1578947368421053 1.7473684210526317 1.5578947368421052 1.431578947368421 1.0736842105263158 1.2 1.768421052631579 1.263157894736842 1.6421052631578947 1.1578947368421053 1.6210526315789473 1.9789473684210526
76 167.8442249799228 1.6421052631578947 1.6842105263157894 1.4736842105263157 1.4947368421052631 1.768421052631579 1.6631578947368422 1.3894736842105264 1.1789473684210525 1.5157894736842106 1.263157894736842 1.4947368421052631 1.1368421052631579 1.2 2.0 1.7473684210526317 1.2 1.368421052631579 1.0947368421052632 1.1578947368421053 1.7473684210526317 1.5578947368421052 1.431578947368421 1.0736842105263158 1.2 1.768421052631579 1.263157894736842 1.6421052631578947 1.1578947368421053 1.6210526315789473 1.9789473684210526
77 79.89013024492156 1.6421052631578947 1.6842105263157894 1.4736842105263157 1.4947368421052631 1.768421052631579 1.6631578947368422 1.3894736842105264 1.1789473684210525 1.5157894736842106 1.263157894736842 1.4947368421052631 1.1368421052631579 1.2 2.0 1.7473684210526317 1.2 1.368421052631579 1.0947368421052632 1.1578947368421053 1.7473684210526317 1.5578947368421052 1.431578947368421 1.0736842105263158 1.2 1.768421052631579 1.263157894736842 1.6421052631578947 1.1578947368421053 1.6210526315789473 1.9789473684210526
78 22.058515156244738 2.463157894736842 2.526315789473684 2.210526315789474 2.2421052631578946 2.6526315789473682 2.4947368421052634 2.0842105263157893 1.768421052631579 2.2736842105263158 1.894736842105263 2.2421052631578946 1.7052631578947368 1.8 3.0 2.6210526315789475 1.8 2.0526315789473686 1.6421052631578947 1.736842105263158 2.6210526315789475 2.336842105263158 2.1473684210526316 1.6105263157894736 1.8 2.6526315789473682 1.894736842105263 2.463157894736842 1.736842105263158 2.431578947368421 2.968421052631579
79 122.86490787127198 2.463157894736842 2.526315789473684 2.210526315789474 2.2421052631578946 2.6526315789473682 2.4947368421052634 2.0842105263157893 1.768421052631579 2.2736842105263158 1.894736842105263 2.2421052631578946 1.7052631578947368 1.8 3.0 2.6210526315789475 1.8 2.0526315789473686 1.6421052631578947 1.736842105263158 2.6210526315789475 2.336842105263158 2.1473684210526316 1.6105263157894736 1.8 2.6526315789473682 1.894736842105263 2.463157894736842 1.736842105263158 2.431578947368421 2.968421052631579
80 379.0836016290917 1.6421052631578947 1.6842105263157894 1.4736842105263157 1.4947368421052631 1.768421052631579 1.6631578947368422 1.3894736842105264 1.1789473684210525 1.5157894736842106 1.263157894736842 1.4947368421052631 1.1368421052631579 1.2 2.0 1.7473684210526317 1.2 1.368421052631579 1.0947368421052632 1.1578947368421053 1.7473684210526317 1.5578947368421052 1.431578947368421 1.0736842105263158 1.2 1.768421052631579 1.263157894736842 1.6421052631578947 1.1578947368421053 1.6210526315789473 1.9789473684210526
81 1018.0 2.463157894736842 2.526315789473684 2.210526315789474 2.2421052631578946 2.6526315789473682 2.4947368421052634 2.0842105263157893 1.768421052631579 2.2736842105263158 1.894736842105263 2.2421052631578946 1.7052631578947368 1.8 3.0 2.6210526315789475 1.8 2.0526315789473686 1.6421052631578947 1.736842105263158 2.6210526315789475 2.336842105263158 2.1473684210526316 1.6105263157894736 1.8 2.6526315789473682 1.894736842105263 2.463157894736842 1.736842105263158 2.431578947368421 2.968421052631579
82 56.37759653821824 2.463157894736842 2.526315789473684 2.210526315789474 2.2421052631578946 2.6526315789473682 2.4947368421052634 2.0842105263157893 1.768421052631579 2.2736842105263158 1.894736842105263 2.2421052631578946 1.7052631578947368 1.8 3.0 2.6210526315789475 1.8 2.0526315789473686 1.6421052631578947 1.736842105263158 2.6210526315789475 2.336842105263158 2.1473684210526316 1.6105263157894736 1.8 2.6526315789473682 1.894736842105263 2.463157894736842 1.736842105263158 2.431578947368421 2.968421052631579
83 76.37947112987055 2.463157894736842 2.526315789473684 2.210526315789474 2.2421052631578946 2.6526315789473682 2.4947368421052634 2.0842105263157893 1.768421052631579 2.2736842105263158 1.894736842105263 2.2421052631578946 1.7052631578947368 1.8 3.0 2.6210526315789475 1.8 2.0526315789473686 1.6421052631578947 1.736842105263158 2.6210526315789475 2.336842105263158 2.1473684210526316 1.6105263157894736 1.8 2.6526315789473682 1.894736842105263 2.463157894736842 1.736842105263158 2.431578947368421 2.968421052631579
84 73.70186416053868 2.463157894736842 2.526315789473684 2.210526315789474 2.2421052631578946 2.6526315789473682 2.4947368421052634 2.0842105263157893 1.768421052631579 2.2736842105263158 1.894736842105263 2.2421052631578946 1.7052631578947368 1.8 3.0 2.6210526315789475 1.8 2.0526315789473686 1.6421052631578947 1.736842105263158 2.6210526315789475 2.336842105263158 2.1473684210526316 1.6105263157894736 1.8 2.6526315789473682 1.894736842105263 2.463157894736842 1.736842105263158 2.431578947368421 2.968421052631579
85 79.27185465462408 1.6421052631578947 1.6842105263157894 1.4736842105263157 1.4947368421052631 1.768421052631579 1.6631578947368422 1.3894736842105264 1.1789473684210525 1.5157894736842106 1.263157894736842 1.4947368421052631 1.1368421052631579 1.2 2.0 1.7473684210526317 1.2 1.368421052631579 1.0947368421052632 1.1578947368421053 1.7473684210526317 1.5578947368421052 1.431578947368421 1.0736842105263158 1.2 1.768421052631579 1.263157894736842 1.6421052631578947 1.1578947368421053 1.6210526315789473 1.9789473684210526
86 203.5689771816606 1.6421052631578947 1.6842105263157894 1.4736842105263157 1.4947368421052631 1.768421052631579 1.6631578947368422 1.3894736842105264 1.1789473684210525 1.5157894736842106 1.263157894736842 1.4947368421052631 1.1368421052631579 1.2 2.0 1.7473684210526317 1.2 1.368421052631579 1.0947368421052632 1.1578947368421053 1.7473684210526317 1.5578947368421052 1.431578947368421 1.0736842105263158 1.2 1.768421052631579 1.263157894736842 1.6421052631578947 1.1578947368421053 1.6210526315789473 1.9789473684210526
87 96.696596920965 2.463157894736842 2.526315789473684 2.210526315789474 2.2421052631578946 2.6526315789473682 2.4947368421052634 2.0842105263157893 1.768421052631579 2.2736842105263158 1.894736842105263 2.2421052631578946 1.7052631578947368 1.8 3.0 2.6210526315789475 1.8 2.0526315789473686 1.6421052631578947 1.736842105263158 2.6210526315789475 2.336842105263158 2.1473684210526316 1.6105263157894736 1.8 2.6526315789473682 1.894736842105263 2.463157894736842 1.736842105263158 2.431578947368421 2.968421052631579
88 14.73738772984018 2.463157894736842 2.526315789473684 2.210526315789474 2.2421052631578946 2.6526315789473682 2.4947368421052634 2.0842105263157893 1.768421052631579 2.2736842105263158 1.894736842105263 2.2421052631578946 1.7052631578947368 1.8 3.0 2.6210526315789475 1.8 2.0526315789473686 1.6421052631578947 1.736842105263158 2.6210526315789475 2.336842105263158 2.1473684210526316 1.6105263157894736 1.8 2.6526315789473682 1.894736842105263 2.463157894736842 1.736842105263158 2.431578947368421 2.968421052631579
89 147.91782299892554 1.6421052631578947 1.6842105263157894 1.4736842105263157 1.4947368421052631 1.768421052631579 1.6631578947368422 1.3894736842105264 1.1789473684210525 1.5157894736842106 1.263157894736842 1.4947368421052631 1.1368421052631579 1.2 2.0 1.7473684210526317 1.2 1.368421052631579 1.0947368421052632 1.1578947368421053 1.7473684210526317 1.5578947368421052 1.431578947368421 1.0736842105263158 1.2 1.768421052631579 1.263157894736842 1.6421052631578947 1.1578947368421053 1.6210526315789473 1.9789473684210526
90 188.74422195305132 2.463157894736842 2.526315789473684 2.210526315789474 2.2421052631578946 2.6526315789473682 2.4947368421052634 2.0842105263157893 1.768421052631579 2.2736842105263158 1.894736842105263 2.2421052631578946 1.7052631578947368 1.8 3.0 2.6210526315789475 1.8 2.0526315789473686 1.6421052631578947 1.736842105263158 2.6210526315789475 2.336842105263158 2.1473684210526316 1.6105263157894736 1.8 2.6526315789473682 1.894736842105263 2.463157894736842 1.736842105263158 2.431578947368421 2.968421052631579
91 88.2175752164687 1.6421052631578947 1.6842105263157894 1.4736842105263157 1.4947368421052631 1.768421052631579 1.6631578947368422 1.3894736842105264 1.1789473684210525 1.5157894736842106 1.263157894736842 1.4947368421052631 1.1368421052631579 1.2 2.0 1.7473684210526317 1.2 1.368421052631579 1.0947368421052632 1.1578947368421053 1.7473684210526317 1.5578947368421052 1.431578947368421 1.0736842105263158 1.2 1.768421052631579 1.263157894736842 1.6421052631578947 1.1578947368421053 1.6210526315789473 1.9789473684210526
92 11.77201835812677 2.463157894736842 2.526315789473684 2.210526315789474 2.2421052631578946 2.6526315789473682 2.4947368421052634 2.0842105263157893 1.768421052631579 2.2736842105263158 1.894736842105263 2.2421052631578946 1.7052631578947368 1.8 3.0 2.6210526315789475 1.8 2.0526315789473686 1.6421052631578947 1.736842105263158 2.6210526315789475 2.336842105263158 2.1473684210526316 1.6105263157894736 1.8 2.6526315789473682 1.894736842105263 2.463157894736842 1.736842105263158 2.431578947368421 2.968421052631579
93 205.094647607636 2.463157894736842 2.526315789473684 2.210526315789474 2.2421052631578946 2.6526315789473682 2.4947368421052634 2.0842105263157893 1.768421052631579 2.2736842105263158 1.894736842105263 2.2421052631578946 1.7052631578947368 1.8 3.0 2.6210526315789475 1.8 2.0526315789473686 1.6421052631578947 1.736842105263158 2.6210526315789475 2.336842105263158 2.1473684210526316 1.6105263157894736 1.8 2.6526315789473682 1.894736842105263 2.463157894736842 1.736842105263158 2.431578947368421 2.968421052631579
94 126.3417438360505 1.6421052631578947 1.6842105263157894 1.4736842105263157 1.4947368421052631 1.768421052631579 1.6631578947368422 1.3894736842105264 1.1789473684210525 1.5157894736842106 1.263157894736842 1.4947368421052631 1.1368421052631579 1.2 2.0 1.7473684210526317 1.2 1.368421052631579 1.0947368421052632 1.1578947368421053 1.7473684210526317 1.5578947368421052 1.431578947368421 1.0736842105263158 1.2 1.768421052631579 1.263157894736842 1.6421052631578947 1.1578947368421053 1.6210526315789473 1.9789473684210526
95 425.2547736658551 1.6421052631578947 1.6842105263157894 1.4736842105263157 1.4947368421052631 1.768421052631579 1.6631578947368422 1.3894736842105264 1.1789473684210525 1.5157894736842106 1.263157894736842 1.4947368421052631 1.1368421052631579 1.2 2.0 1.7473684210526317 1.2 1.368421052631579 1.0947368421052632 1.1578947368421053 1.7473684210526317 1.5578947368421052 1.431578947368421 1.0736842105263158 1.2 1.768421052631579 1.263157894736842 1.6421052631578947 1.1578947368421053 1.6210526315789473 1.9789473684210526
96 191.8384859942836 1.6421052631578947 1.6842105263157894 1.4736842105263157 1.4947368421052631 1.768421052631579 1.6631578947368422 1.3894736842105264 1.1789473684210525 1.5157894736842106 1.263157894736842 1.4947368421052631 1.1368421052631579 1.2 2.0 1.7473684210526317 1.2 1.368421052631579 1.0947368421052632 1.1578947368421053 1.7473684210526317 1.5578947368421052 1.431578947368421 1.0736842105263158 1.2 1.768421052631579 1.263157894736842 1.6421052631578947 1.1578947368421053 1.6210526315789473 1.9789473684210526
97 5.156839158729051 1.6421052631578947 1.6842105263157894 1.4736842105263157 1.4947368421052631 1.768421052631579 1.6631578947368422 1.3894736842105264 1.1789473684210525 1.5157894736842106 1.263157894736842 1.4947368421052631 1.1368421052631579 1.2 2.0 1.7473684210526317 1.2 1.368421052631579 1.0947368421052632 1.1578947368421053 1.7473684210526317 1.5578947368421052 1.431578947368421 1.0736842105263158 1.2 1.768421052631579 1.263157894736842 1.6421052631578947 1.1578947368421053 1.6210526315789473 1.9789473684210526
98 33.17998882137709 2.463157894736842 2.526315789473684 2.210526315789474 2.2421052631578946 2.6526315789473682 2.4947368421052634 2.0842105263157893 1.768421052631579 2.2736842105263158 1.894736842105263 2.2421052631578946 1.7052631578947368 1.8 3.0 2.6210526315789475 1.8 2.0526315789473686 1.6421052631578947 1.736842105263158 2.6210526315789475 2.336842105263158 2.1473684210526316 1.6105263157894736 1.8 2.6526315789473682 1.894736842105263 2.463157894736842 1.736842105263158 2.431578947368421 2.968421052631579
99 83.47354207284133 2.463157894736842 2.526315789473684 2.210526315789474 2.2421052631578946 2.6526315789473682 2.4947368421052634 2.0842105263157893 1.768421052631579 2.2736842105263158 1.894736842105263 2.2421052631578946 1.7052631578947368 1.8 3.0 2.6210526315789475 1.8 2.0526315789473686 1.6421052631578947 1.736842105263158 2.6210526315789475 2.336842105263158 2.1473684210526316 1.6105263157894736 1.8 2.6526315789473682 1.894736842105263 2.463157894736842 1.736842105263158 2.431578947368421 2.968421052631579
100 307.47347026577506 2.463157894736842 2.526315789473684 2.210526315789474 2.2421052631578946 2.6526315789473682 2.4947368421052634 2.0842105263157893 1.768421052631579 2.2736842105263158 1.894736842105263 2.2421052631578946 1.7052631578947368 1.8 3.0 2.6210526315789475 1.8 2.0526315789473686 1.6421052631578947 1.736842105263158 2.6210526315789475 2.336842105263158 2.1473684210526316 1.6105263157894736 1.8 2.6526315789473682 1.894736842105263 2.463157894736842 1.736842105263158 2.431578947368421 2.968421052631579
101 166.7912322485274 2.463157894736842 2.526315789473684 2.210526315789474 2.2421052631578946 2.6526315789473682 2.4947368421052634 2.0842105263157893 1.768421052631579 2.2736842105263158 1.894736842105263 2.2421052631578946 1.7052631578947368 1.8 3.0 2.6210526315789475 1.8 2.0526315789473686 1.6421052631578947 1.736842105263158 2.6210526315789475 2.336842105263158 2.1473684210526316 1.6105263157894736 1.8 2.6526315789473682 1.894736842105263 2.463157894736842 1.736842105263158 2.431578947368421 2.968421052631579
102 220.32144460306958 1.6421052631578947 1.6842105263157894 1.4736842105263157 1.4947368421052631 1.768421052631579 1.6631578947368422 1.3894736842105264 1.1789473684210525 1.5157894736842106 1.263157894736842 1.4947368421052631 1.1368421052631579 1.2 2.0 1.7473684210526317 1.2 1.368421052631579 1.0947368421052632 1.1578947368421053 1.7473684210526317 1.5578947368421052 1.431578947368421 1.0736842105263158 1.2 1.768421052631579 1.263157894736842 1.6421052631578947 1.1578947368421053 1.6210526315789473 1.9789473684210526
103 137.63425189142905 1.6421052631578947 1.6842105263157894 1.4736842105263157 1.4947368421052631 1.768421052631579 1.6631578947368422 1.3894736842105264 1.1789473684210525 1.5157894736842106 1.263157894736842 1.4947368421052631 1.1368421052631579 1.2 2.0 1.7473684210526317 1.2 1.368421052631579 1.0947368421052632 1.1578947368421053 1.7473684210526317 1.5578947368421052 1.431578947368421 1.0736842105263158 1.2 1.768421052631579 1.263157894736842 1.6421052631578947 1.1578947368421053 1.6210526315789473 1.9789473684210526
104 7.247759459758857 2.463157894736842 2.526315789473684 2.210526315789474 2.2421052631578946 2.6526315789473682 2.4947368421052634 2.0842105263157893 1.768421052631579 2.2736842105263158 1.894736842105263 2.2421052631578946 1.7052631578947368 1.8 3.0 2.6210526315789475 1.8 2.0526315789473686 1.6421052631578947 1.736842105263158 2.6210526315789475 2.336842105263158 2.1473684210526316 1.6105263157894736 1.8 2.6526315789473682 1.894736842105263 2.463157894736842 1.736842105263158 2.431578947368421 2.968421052631579
105 124.44776422490457 1.6421052631578947 1.6842105263157894 1.4736842105263157 1.4947368421052631 1.768421052631579 1.6631578947368422 1.3894736842105264 1.1789473684210525 1.5157894736842106 1.263157894736842 1.4947368421052631 1.1368421052631579 1.2 2.0 1.7473684210526317 1.2 1.368421052631579 1.0947368421052632 1.1578947368421053 1.7473684210526317 1.5578947368421052 1.431578947368421 1.0736842105263158 1.2 1.768421052631579 1.263157894736842 1.6421052631578947 1.1578947368421053 1.6210526315789473 1.9789473684210526
106 82.01042320247079 1.6421052631578947 1.6842105263157894 1.4736842105263157 1.4947368421052631 1.768421052631579 1.6631578947368422 1.3894736842105264 1.1789473684210525 1.5157894736842106 1.263157894736842 1.4947368421052631 1.1368421052631579 1.2 2.0 1.7473684210526317 1.2 1.368421052631579 1.0947368421052632 1.1578947368421053 1.7473684210526317 1.5578947368421052 1.431578947368421 1.0736842105263158 1.2 1.768421052631579 1.263157894736842 1.6421052631578947 1.1578947368421053 1.6210526315789473 1.9789473684210526
107 70.19380999350238 1.6421052631578947 1.6842105263157894 1.4736842105263157 1.4947368421052631 1.768421052631579 1.6631578947368422 1.3894736842105264 1.1789473684210525 1.5157894736842106 1.263157894736842 1.4947368421052631 1.1368421052631579 1.2 2.0 1.7473684210526317 1.2 1.368421052631579 1.0947368421052632 1.1578947368421053 1.7473684210526317 1.5578947368421052 1.431578947368421 1.0736842105263158 1.2 1.768421052631579 1.263157894736842 1.6421052631578947 1.1578947368421053 1.6210526315789473 1.9789473684210526
108 57.909060514573994 1.6421052631578947 1.6842105263157894 1.4736842105263157 1.4947368421052631 1.768421052631579 1.6631578947368422 1.3894736842105264 1.1789473684210525 1.5157894736842106 1.263157894736842 1.4947368421052631 1.1368421052631579 1.2 2.0 1.7473684210526317 1.2 1.368421052631579 1.0947368421052632 1.1578947368421053 1.7473684210526317 1.5578947368421052 1.431578947368421 1.0736842105263158 1.2 1.768421052631579 1.263157894736842 1.6421052631578947 1.1578947368421053 1.6210526315789473 1.9789473684210526
109 102.41570971485358 1.6421052631578947 1.6842105263157894 1.4736842105263157 1.4947368421052631 1.768421052631579 1.6631578947368422 1.3894736842105264 1.1789473684210525 1.5157894736842106 1.263157894736842 1.4947368421052631 1.1368421052631579 1.2 2.0 1.7473684210526317 1.2 1.368421052631579 1.0947368421052632 1.1578947368421053 1.7473684210526317 1.5578947368421052 1.431578947368421 1.0736842105263158 1.2 1.768421052631579 1.263157894736842 1.6421052631578947 1.1578947368421053 1.6210526315789473 1.9789473684210526
