150 30
TREE NETWORK (nID nID Weight):
43 0 33
141 43 56
128 0 49
12 141 44
136 12 39
62 43 45
134 12 49
99 128 50
110 136 48
131 141 49
35 62 32
18 131 48
123 18 59
8 43 34
78 0 35
41 128 37
113 35 37
122 43 45
24 110 34
27 8 53
98 113 33
130 128 48
64 8 31
32 113 44
147 123 36
66 62 37
81 128 32
23 12 37
120 8 38
2 18 57
11 130 49
70 0 54
80 123 59
138 128 54
148 120 30
107 18 39
15 27 52
3 32 44
74 15 41
114 80 57
90 122 59
115 136 52
108 62 54
7 131 42
129 70 30
44 115 57
126 8 55
84 138 58
69 81 58
86 114 53
17 80 46
71 3 44
97 98 31
82 115 47
119 134 49
127 90 44
48 126 36
79 27 43
149 32 36
85 126 58
94 149 55
53 44 49
102 120 42
10 130 53
39 8 38
31 35 31
60 7 53
34 123 44
89 120 54
112 148 57
22 53 36
118 82 54
105 131 46
63 105 35
111 48 52
42 7 57
92 70 45
139 63 36
143 66 44
132 131 43
91 63 52
38 114 58
54 112 56
145 81 56
116 2 40
103 63 57
106 131 33
135 82 58
117 114 59
101 123 50
13 43 48
72 43 51
45 10 33
67 38 31
58 131 40
121 123 37
21 110 32
88 112 41
125 113 55
55 132 56
25 117 54
144 34 45
1 39 43
49 139 51
36 2 33
100 79 32
61 126 31
140 2 54
28 17 30
96 36 48
65 136 50
104 135 30
26 118 49
5 102 53
9 10 54
56 60 39
146 1 35
142 130 45
73 118 41
4 71 52
68 99 51
46 96 30
51 63 36
50 60 57
33 114 59
6 139 40
137 125 42
87 71 56
75 122 53
16 71 47
57 122 45
37 89 44
109 60 33
40 63 58
59 136 48
77 139 55
76 34 30
20 62 30
30 48 55
19 76 50
93 10 34
95 109 35
47 116 44
52 32 45
83 108 51
133 147 34
124 129 49
29 18 44
14 6 38
PROGRAMS ASSIGNED TO NODES (nID pID1 pID2 ...):
0 1 2 3 4 5 6 7 8 9 10 11 12 13 14 15 16 17 18 19 20 21 22 23 24 25 26 27 28 29 30
1 2 3 4 6 7 9 10 13 14 15 17 18 20 21 22 23 24 25 26 28 29 30
2 27 29 15
3 1 2 3 4 5 6 7 8 9 10 11 12 13 14 15 16 17 18 19 21 22 23 24 25 26 27 28 29 30
4 17 2 21 6 22 7 25 26 13 29 14 30
5 28 12
6 1 2 4 5 7 8 9 10 13 14 15 16 17 18 19 20 21 22 23 24 25 26 27 28 29 30
7 17 6 8 9 10 27 15
8 19 21 5 7 23 28 15
9 16 18 22 10 26 11 30
10 3 19 12
11 1 2 3 4 5 7 8 9 10 11 12 13 14 15 16 17 19 20 21 22 23 24 25 26 27 28 29 30
12 2 3 4 6 7 9 10 11 12 14 17 18 20 22 23 24 27 29
13 18 6 23
14 2 19 24
15 2 4 8 9 10 12 17 19 20 22 24 26 27 29
16 22
17 1 3 4 5 6 7 8 9 10 11 12 13 14 15 16 17 18 19 20 21 22 23 24 25 26 27 28 29 30
18 1 19 6 8 9 10 12
19 2 3 5 6 7 8 10 11 12 13 14 16 17 18 19 20 22 26 27 28 29
20 18 5 30
21 1 2 4 6 7 8 9 10 11 12 14 15 16 17 19 20 22 26 27 30
22 1 4 6 9 10 11 14 15 17 18 19 20 21 23 24 25 26 30
23 2 19 4 22 6 9 25 26 11 13 14
24 20 6 24 8 26 11 29 14
25 2 3 4 5 6 7 8 9 10 11 12 13 14 17 18 19 20 21 22 23 24 25 26 28 29 30
26 2 3 4 7 11 12 13 14 15 16 19 20 21 22 24 27 30
27 3 5 6 8 9 10 12 13 15 18 19 20 21 22 25 27 29 30
28 2 23 8 10
29 2 3 4 5 8 10 13 14 15 17 18 19 20 21 22 23 26 27 28
30 16 3 6 25 11 27 13 14 15
31 3 4 5 22 23 27 12 14 30 15
32 1 2 4 6 9 10 14 15 16 17 19 20 24 25 29
33 4 5 7 10 11 12 14 15 17 22 23 24 25 27
34 16 17 18 4 20 5 8 9 25 11 30
35 16 17 19 20 6 23 27 28 15
36 1 17 20 21 7 8 9 10 26 11 13 30
38 1 4 6 7 8 9 14 18 19 20 22 25 27
39 1 2 3 5 6 7 8 10 11 12 16 17 18 20 22 23 27 28
40 1 2 3 4 5 6 7 9 10 11 12 13 14 15 16 17 18 19 20 21 22 23 24 25 26 27 30
41 3 4 5 11 13 15 20 22 23 24 26 27 30
42 16 21 8 26 28
43 1 2 5 10 12 13 14 15 16 17 19 20 23 27 28 30
44 5 6 7 8 9 10 12 16 17 19 22 24 27 28 29 30
45 1 2 3 4 5 7 8 11 12 13 15 16 17 18 19 20 21 22 23 24 26 27 28 29 30
46 1 2 3 4 5 6 7 8 9 11 12 13 14 15 16 17 18 19 20 21 22 23 24 25 26 27 28 29 30
47 8 13
48 1 3 5 6 8 9 12 13 15 17 18 19 20 22 23 25 26 27 30
49 1 2 3 4 5 6 7 8 9 10 11 12 13 14 15 16 19 22 23 24 25 26 27 29 30
50 2 3 4 6 8 9 10 11 13 14 16 17 19 20 21 22 23 24 26 27 28 29 30
51 3 5 6 10 11 12 14 16 18 20 24 25 28 30
52 17 3 21 6 24 25 10 27 12 28 29 15
53 1
54 1 2 3 4 6 7 11 13 14 15 16 18 22 23 24 27 29 30
55 2 4 7 9 10 13 14 16 17 20 24 26 27 28 29 30
56 1 2 3 5 6 8 11 13 14 17 19 21 23 24 25 26 27 28 29 30
57 1 2 3 4 5 6 7 8 9 10 11 12 13 14 15 16 17 18 19 21 22 23 24 25 26 27 28 29 30
58 27 14
59 9 25 10 27
60 17 3 4 7 25 28 29
61 1 2 3 4 5 6 7 8 9 10 11 12 13 14 15 16 17 18 19 20 21 22 23 24 25 26 27 28 30
62 1 2 4 5 6 9 10 15 21 22 23 26 29 30
63 16 17 1 2 3 20 21 5 8 26 11 13
64 1 18 20 21 23 25 26 27
65 17 18 21 11 12 28
66 17 18 5 9 11 12 13 29 30
67 2 3 21 22 24 26 28 29 15
68 1 2 5 6 7 9 10 11 12 14 15 16 17 18 19 21 28 29 30
69 16 18 8 27 14
70 2 3 6 7 8 9 10 11 13 14 15 16 19 21 22 23 24 26 30
71 1 3 6 8 10 11 12 13 15 18 21 23 24 25 26 27 28 30
72 1 2 3 5 6 7 8 9 10 11 12 13 14 15 16 17 18 19 21 22 23 24 25 26 27 29 30
73 1 2 3 5 6 7 8 9 10 11 12 13 14 15 16 17 18 19 20 21 22 23 24 25 26 27 28 29 30
74 20 22 24 15
75 1 2 3 4 5 6 7 9 10 11 12 13 15 16 17 18 20 21 22 23 24 25 27 28 30
76 1 5 6 7 9 12 14 15 16 18 20 21 24 28 29 30
77 3 4 8 9 11 12 18 19 20 23 25 27 28 29 30
78 1 2 3 4 5 6 7 8 11 12 14 15 17 18 20 21 22 23 24 26 27 30
79 17 3 20 21 6 23 25 27 30
80 28
81 16 20 5 24 9 25 29
82 16 17 5 25 10 27 12 30 15
83 1 2 3 4 5 7 8 9 10 11 13 14 15 17 19 20 22 23 26 27 28 29 30
84 1 2 3 4 5 6 7 9 10 11 13 16 17 18 19 20 21 22 23 25 26 28 29 30
85 16 19 3 4 21 9
86 2 3 6 9 11 12 13 16 18 19 20 21 25 26
87 2 4 7 12 14 15 16 19 20 23 25 29 30
88 1 2 18 20 7 10 12 29 15
89 1 2 3 4 5 6 8 9 11 13 14 15 16 18 19 21 22 23 24 25 26 27 28 30
90 1 2 19 5 23 9 26 10 27 30
91 1 3 4 5 6 7 9 10 11 12 14 15 17 19 20 21 22 23 26 28 30
92 1 3 4 5 9 10 11 12 13 16 17 18 19 21 23 24 25 26 27 28 29
93 8 26 27 30
94 1 7 9 11 13 17 18 19 20 21 22 23 24 25 26 27 28 29 30
95 1 3 4 6 7 9 10 11 14 15 16 19 20 21 23 24 26 27 28
96 17 24 11
97 18 21 8 25 9 26 27 11
98 17 9
99 1 2 4 8 9 10 13 14 17 18 22 24 25 26 27 28 29 30
100 18 2 4 21 6 8 13
101 24 9 29
102 1 17 19 3 5 22 6 7 25 27 30
103 1 3 5 6 7 8 10 11 12 13 14 15 16 18 19 21 22 23 24 25 26 27 28 30
104 1 3 4 5 6 7 8 9 10 11 12 13 14 15 17 18 19 20 21 23 24 25 26 27 28 29 30
105 17 2 5 6 7 15
106 1 2 3 4 5 6 7 8 9 10 11 12 13 15 16 17 18 19 20 21 22 23 24 27 28 29 30
107 1 2 3 4 8 9 10 11 12 13 14 15 16 17 19 20 22 24 26 28 29 30
108 1 2 3 4 5 6 7 8 9 11 12 13 14 15 16 17 18 20 21 22 23 25 26 27 30
109 17 3 6 28
110 1 4 7 8 10 12 14 16 17 20 21 26 27 28
111 17 20 6 8 13
113 1 2 3 4 5 6 7 8 9 10 11 12 13 14 15 16 17 19 20 22 23 24 25 26 27 28 29
114 16 19 20 5 21 24 9 25 26 27 12
115 16 23 7 24 25 9 10 11 28 15
116 19 3 4 21 6 23 27 13 30 15
117 1 2 3 4 5 6 7 8 9 10 12 13 14 15 16 17 18 19 20 21 23 24 25 26 27 28 29
118 16 21 22 25 9 26 27 11 12 29 30
119 16 20 6 22 7 23 8 10 11 29
120 1 2 6 7 9 10 12 13 16 17 20 24 25 27
121 1 2 3 6 7 9 10 11 12 15 16 17 20 21 22 24 25 26 27 28 29 30
122 1 18 22 9 29 15
123 1 2 3 5 6 7 11 12 14 18 21 22 23 24 25 27 29
124 1 5 8 9 10 11 12 13 14 15 16 18 19 20 22 24 25 29 30
125 22 26 30
126 23 27 30
127 1 2 4 6 8 13 15 20 24 25 26 27 28 30
128 2 18 6 7 26 30
129 21 9
130 17 19 20 5 6 8 9
131 1 2 3 4 5 7 9 10 11 12 13 14 15 16 17 19 20 21 22 23 24 25 26 27 28 29 30
132 1 3 4 5 13 14 15 16 17 18 19 20 22 23 24 25 26 28
133 16 2 4 21 7 23 8 24 25 9 28
134 1 2 3 4 5 6 8 9 10 11 12 13 14 15 16 20 21 22 25 28 30
135 1 3 5 6 7 8 11 13 15 17 18 22 23 24 27 28 30
136 2 3 4 5 6 7 8 9 11 12 13 14 15 16 17 18 20 21 22 23 24 25 26 28 29 30
137 1 3 4 7 11 12 13 14 15 17 20 22 24 28 29
138 1 2 3 5 6 7 9 10 11 12 14 16 17 18 19 20 21 22 24 25 26 27 28 29 30
139 1 19 23 10
140 4 5 22 23 7 24 9 11 14 30 15
141 1 17 5 23 9 10 26 27
143 9 26
145 1 7 8 10 13 14 15 16 20 23 25 26 28
146 17 20 6 25 26 27 28 13 15
147 2 3 4 6 7 8 10 12 13 14 16 17 18 19 20 23 24 25 26 27 30
148 17 20 5 6 8 10 27 12 15
149 1 2 5 7 8 9 10 11 12 13 14 15 16 17 18 19 22 23 24 25 26 27 28 29
SIZE OF PROGRAMS (pID SIZE):
1 87.0
2 72.0
3 84.0
4 99.0
5 57.0
6 78.0
7 71.0
8 77.0
9 81.0
10 62.0
11 63.0
12 47.0
13 42.0
14 92.0
15 99.0
16 94.0
17 50.0
18 77.0
19 54.0
20 58.0
21 47.0
22 65.0
23 86.0
24 68.0
25 48.0
26 62.0
27 81.0
28 79.0
29 45.0
30 62.0
COST TO INSTALL SERVERS AND PROGRAMS ON NODES (COST_TO_INSTALL_SERVER COST_TO_INSTALL_pID1 ...):
0 7324.242424242425 2.6363636363636362 2.1818181818181817 2.5454545454545454 3.0 1.7272727272727273 2.3636363636363638 2.1515151515151514 2.3333333333333335 2.4545454545454546 1.878787878787879 1.9090909090909092 1.4242424242424243 1.2727272727272727 2.787878787878788 3.0 2.8484848484848486 1.5151515151515151 2.3333333333333335 1.6363636363636365 1.7575757575757576 1.4242424242424243 1.9696969696969697 2.606060606060606 2.0606060606060606 1.4545454545454546 1.878787878787879 2.4545454545454546 2.393939393939394 1.3636363636363635 1.878787878787879
1 186.9213711306247 2.6363636363636362 2.1818181818181817 2.5454545454545454 3.0 1.7272727272727273 2.3636363636363638 2.1515151515151514 2.3333333333333335 2.4545454545454546 1.878787878787879 1.9090909090909092 1.4242424242424243 1.2727272727272727 2.787878787878788 3.0 2.8484848484848486 1.5151515151515151 2.3333333333333335 1.6363636363636365 1.7575757575757576 1.4242424242424243 1.9696969696969697 2.606060606060606 2.0606060606060606 1.4545454545454546 1.878787878787879 2.4545454545454546 2.393939393939394 1.3636363636363635 1.878787878787879
2 320.505074638795 1.7575757575757576 1.4545454545454546 1.696969696969697 2.0 1.1515151515151516 1.5757575757575757 1.4343434343434343 1.5555555555555556 1.6363636363636365 1.2525252525252526 1.2727272727272727 0.9494949494949495 0.8484848484848485 1.8585858585858586 2.0 1.898989898989899 1.0101010101010102 1.5555555555555556 1.0909090909090908 1.1717171717171717 0.9494949494949495 1.3131313131313131 1.7373737373737375 1.3737373737373737 0.9696969696969697 1.2525252525252526 1.6363636363636365 1.595959595959596 0.9090909090909091 1.2525252525252526
3 513.6813735444181 1.7575757575757576 1.4545454545454546 1.696969696969697 2.0 1.1515151515151516 1.5757575757575757 1.4343434343434343 1.5555555555555556 1.6363636363636365 1.2525252525252526 1.2727272727272727 0.9494949494949495 0.8484848484848485 1.8585858585858586 2.0 1.898989898989899 1.0101010101010102 1.5555555555555556 1.0909090909090908 1.1717171717171717 0.9494949494949495 1.3131313131313131 1.7373737373737375 1.3737373737373737 0.9696969696969697 1.2525252525252526 1.6363636363636365 1.595959595959596 0.9090909090909091 1.2525252525252526
4 222.54812991977008 1.7575757575757576 1.4545454545454546 1.696969696969697 2.0 1.1515151515151516 1.5757575757575757 1.4343434343434343 1.5555555555555556 1.6363636363636365 1.2525252525252526 1.2727272727272727 0.9494949494949495 0.8484848484848485 1.8585858585858586 2.0 1.898989898989899 1.0101010101010102 1.5555555555555556 1.0909090909090908 1.1717171717171717 0.9494949494949495 1.3131313131313131 1.7373737373737375 1.3737373737373737 0.9696969696969697 1.2525252525252526 1.6363636363636365 1.595959595959596 0.9090909090909091 1.2525252525252526
5 15.069456730816276 2.6363636363636362 2.1818181818181817 2.5454545454545454 3.0 1.7272727272727273 2.3636363636363638 2.1515151515151514 2.3333333333333335 2.4545454545454546 1.878787878787879 1.9090909090909092 1.4242424242424243 1.2727272727272727 2.787878787878788 3.0 2.8484848484848486 1.5151515151515151 2.3333333333333335 1.6363636363636365 1.7575757575757576 1.4242424242424243 1.9696969696969697 2.606060606060606 2.0606060606060606 1.4545454545454546 1.878787878787879 2.4545454545454546 2.393939393939394 1.3636363636363635 1.878787878787879
6 453.37595432593065 1.7575757575757576 1.4545454545454546 1.696969696969697 2.0 1.1515151515151516 1.5757575757575757 1.4343434343434343 1.5555555555555556 1.6363636363636365 1.2525252525252526 1.2727272727272727 0.9494949494949495 0.8484848484848485 1.8585858585858586 2.0 1.898989898989899 1.0101010101010102 1.5555555555555556 1.0909090909090908 1.1717171717171717 0.9494949494949495 1.3131313131313131 1.7373737373737375 1.3737373737373737 0.9696969696969697 1.2525252525252526 1.6363636363636365 1.595959595959596 0.9090909090909091 1.2525252525252526
7 248.59681411153207 2.6363636363636362 2.1818181818181817 2.5454545454545454 3.0 1.7272727272727273 2.3636363636363638 2.1515151515151514 2.3333333333333335 2.4545454545454546 1.878787878787879 1.9090909090909092 1.4242424242424243 1.2727272727272727 2.787878787878788 3.0 2.8484848484848486 1.5151515151515151 2.3333333333333335 1.6363636363636365 1.7575757575757576 1.4242424242424243 1.9696969696969697 2.606060606060606 2.0606060606060606 1.4545454545454546 1.878787878787879 2.4545454545454546 2.393939393939394 1.3636363636363635 1.878787878787879
8 158.921675807033 2.6363636363636362 2.1818181818181817 2.5454545454545454 3.0 1.7272727272727273 2.3636363636363638 2.1515151515151514 2.3333333333333335 2.4545454545454546 1.878787878787879 1.9090909090909092 1.4242424242424243 1.2727272727272727 2.787878787878788 3.0 2.8484848484848486 1.5151515151515151 2.3333333333333335 1.6363636363636365 1.7575757575757576 1.4242424242424243 1.9696969696969697 2.606060606060606 2.0606060606060606 1.4545454545454546 1.878787878787879 2.4545454545454546 2.393939393939394 1.3636363636363635 1.878787878787879
9 28.57697330378695 1.7575757575757576 1.4545454545454546 1.696969696969697 2.0 1.1515151515151516 1.5757575757575757 1.4343434343434343 1.5555555555555556 1.6363636363636365 1.2525252525252526 1.2727272727272727 0.9494949494949495 0.8484848484848485 1.8585858585858586 2.0 1.898989898989899 1.0101010101010102 1.5555555555555556 1.0909090909090908 1.1717171717171717 0.9494949494949495 1.3131313131313131 1.7373737373737375 1.3737373737373737 0.9696969696969697 1.2525252525252526 1.6363636363636365 1.595959595959596 0.9090909090909091 1.2525252525252526
10 95.20103561213209 1.7575757575757576 1.4545454545454546 1.696969696969697 2.0 1.1515151515151516 1.5757575757575757 1.4343434343434343 1.5555555555555556 1.6363636363636365 1.2525252525252526 1.2727272727272727 0.9494949494949495 0.8484848484848485 1.8585858585858586 2.0 1.898989898989899 1.0101010101010102 1.5555555555555556 1.0909090909090908 1.1717171717171717 0.9494949494949495 1.3131313131313131 1.7373737373737375 1.3737373737373737 0.9696969696969697 1.2525252525252526 1.6363636363636365 1.595959595959596 0.9090909090909091 1.2525252525252526
11 78.19927153766709 1.7575757575757576 1.4545454545454546 1.696969696969697 2.0 1.1515151515151516 1.5757575757575757 1.4343434343434343 1.5555555555555556 1.6363636363636365 1.2525252525252526 1.2727272727272727 0.9494949494949495 0.8484848484848485 1.8585858585858586 2.0 1.898989898989899 1.0101010101010102 1.5555555555555556 1.0909090909090908 1.1717171717171717 0.9494949494949495 1.3131313131313131 1.7373737373737375 1.3737373737373737 0.9696969696969697 1.2525252525252526 1.6363636363636365 1.595959595959596 0.9090909090909091 1.2525252525252526
12 189.37589608283295 1.7575757575757576 1.4545454545454546 1.696969696969697 2.0 1.1515151515151516 1.5757575757575757 1.4343434343434343 1.5555555555555556 1.6363636363636365 1.2525252525252526 1.2727272727272727 0.9494949494949495 0.8484848484848485 1.8585858585858586 2.0 1.898989898989899 1.0101010101010102 1.5555555555555556 1.0909090909090908 1.1717171717171717 0.9494949494949495 1.3131313131313131 1.7373737373737375 1.3737373737373737 0.9696969696969697 1.2525252525252526 1.6363636363636365 1.595959595959596 0.9090909090909091 1.2525252525252526
13 13.585926942168575 1.7575757575757576 1.4545454545454546 1.696969696969697 2.0 1.1515151515151516 1.5757575757575757 1.4343434343434343 1.5555555555555556 1.6363636363636365 1.2525252525252526 1.2727272727272727 0.9494949494949495 0.8484848484848485 1.8585858585858586 2.0 1.898989898989899 1.0101010101010102 1.5555555555555556 1.0909090909090908 1.1717171717171717 0.9494949494949495 1.3131313131313131 1.7373737373737375 1.3737373737373737 0.9696969696969697 1.2525252525252526 1.6363636363636365 1.595959595959596 0.9090909090909091 1.2525252525252526
14 59.336660402551765 1.7575757575757576 1.4545454545454546 1.696969696969697 2.0 1.1515151515151516 1.5757575757575757 1.4343434343434343 1.5555555555555556 1.6363636363636365 1.2525252525252526 1.2727272727272727 0.9494949494949495 0.8484848484848485 1.8585858585858586 2.0 1.898989898989899 1.0101010101010102 1.5555555555555556 1.0909090909090908 1.1717171717171717 0.9494949494949495 1.3131313131313131 1.7373737373737375 1.3737373737373737 0.9696969696969697 1.2525252525252526 1.6363636363636365 1.595959595959596 0.9090909090909091 1.2525252525252526
15 98.70125836211491 1.7575757575757576 1.4545454545454546 1.696969696969697 2.0 1.1515151515151516 1.5757575757575757 1.4343434343434343 1.5555555555555556 1.6363636363636365 1.2525252525252526 1.2727272727272727 0.9494949494949495 0.8484848484848485 1.8585858585858586 2.0 1.898989898989899 1.0101010101010102 1.5555555555555556 1.0909090909090908 1.1717171717171717 0.9494949494949495 1.3131313131313131 1.7373737373737375 1.3737373737373737 0.9696969696969697 1.2525252525252526 1.6363636363636365 1.595959595959596 0.9090909090909091 1.2525252525252526
16 15.831007560623013 1.7575757575757576 1.4545454545454546 1.696969696969697 2.0 1.1515151515151516 1.5757575757575757 1.4343434343434343 1.5555555555555556 1.6363636363636365 1.2525252525252526 1.2727272727272727 0.9494949494949495 0.8484848484848485 1.8585858585858586 2.0 1.898989898989899 1.0101010101010102 1.5555555555555556 1.0909090909090908 1.1717171717171717 0.9494949494949495 1.3131313131313131 1.7373737373737375 1.3737373737373737 0.9696969696969697 1.2525252525252526 1.6363636363636365 1.595959595959596 0.9090909090909091 1.2525252525252526
17 407.58938616936035 1.7575757575757576 1.4545454545454546 1.696969696969697 2.0 1.1515151515151516 1.5757575757575757 1.4343434343434343 1.5555555555555556 1.6363636363636365 1.2525252525252526 1.2727272727272727 0.9494949494949495 0.8484848484848485 1.8585858585858586 2.0 1.898989898989899 1.0101010101010102 1.5555555555555556 1.0909090909090908 1.1717171717171717 0.9494949494949495 1.3131313131313131 1.7373737373737375 1.3737373737373737 0.9696969696969697 1.2525252525252526 1.6363636363636365 1.595959595959596 0.9090909090909091 1.2525252525252526
18 267.6893465575862 2.6363636363636362 2.1818181818181817 2.5454545454545454 3.0 1.7272727272727273 2.3636363636363638 2.1515151515151514 2.3333333333333335 2.4545454545454546 1.878787878787879 1.9090909090909092 1.4242424242424243 1.2727272727272727 2.787878787878788 3.0 2.8484848484848486 1.5151515151515151 2.3333333333333335 1.6363636363636365 1.7575757575757576 1.4242424242424243 1.9696969696969697 2.606060606060606 2.0606060606060606 1.4545454545454546 1.878787878787879 2.4545454545454546 2.393939393939394 1.3636363636363635 1.878787878787879
19 389.9204475665882 2.6363636363636362 2.1818181818181817 2.5454545454545454 3.0 1.7272727272727273 2.3636363636363638 2.1515151515151514 2.3333333333333335 2.4545454545454546 1.878787878787879 1.9090909090909092 1.4242424242424243 1.2727272727272727 2.787878787878788 3.0 2.8484848484848486 1.5151515151515151 2.3333333333333335 1.6363636363636365 1.7575757575757576 1.4242424242424243 1.9696969696969697 2.606060606060606 2.0606060606060606 1.4545454545454546 1.878787878787879 2.4545454545454546 2.393939393939394 1.3636363636363635 1.878787878787879
20 20.26221938228695 1.7575757575757576 1.4545454545454546 1.696969696969697 2.0 1.1515151515151516 1.5757575757575757 1.4343434343434343 1.5555555555555556 1.6363636363636365 1.2525252525252526 1.2727272727272727 0.9494949494949495 0.8484848484848485 1.8585858585858586 2.0 1.898989898989899 1.0101010101010102 1.5555555555555556 1.0909090909090908 1.1717171717171717 0.9494949494949495 1.3131313131313131 1.7373737373737375 1.3737373737373737 0.9696969696969697 1.2525252525252526 1.6363636363636365 1.595959595959596 0.9090909090909091 1.2525252525252526
21 208.7153282382412 1.7575757575757576 1.4545454545454546 1.696969696969697 2.0 1.1515151515151516 1.5757575757575757 1.4343434343434343 1.5555555555555556 1.6363636363636365 1.2525252525252526 1.2727272727272727 0.9494949494949495 0.8484848484848485 1.8585858585858586 2.0 1.898989898989899 1.0101010101010102 1.5555555555555556 1.0909090909090908 1.1717171717171717 0.9494949494949495 1.3131313131313131 1.7373737373737375 1.3737373737373737 0.9696969696969697 1.2525252525252526 1.6363636363636365 1.595959595959596 0.9090909090909091 1.2525252525252526
22 368.0665549122541 1.7575757575757576 1.4545454545454546 1.696969696969697 2.0 1.1515151515151516 1.5757575757575757 1.4343434343434343 1.5555555555555556 1.6363636363636365 1.2525252525252526 1.2727272727272727 0.9494949494949495 0.8484848484848485 1.8585858585858586 2.0 1.898989898989899 1.0101010101010102 1.5555555555555556 1.0909090909090908 1.1717171717171717 0.9494949494949495 1.3131313131313131 1.7373737373737375 1.3737373737373737 0.9696969696969697 1.2525252525252526 1.6363636363636365 1.595959595959596 0.9090909090909091 1.2525252525252526
23 101.71353942579887 2.6363636363636362 2.1818181818181817 2.5454545454545454 3.0 1.7272727272727273 2.3636363636363638 2.1515151515151514 2.3333333333333335 2.4545454545454546 1.878787878787879 1.9090909090909092 1.4242424242424243 1.2727272727272727 2.787878787878788 3.0 2.8484848484848486 1.5151515151515151 2.3333333333333335 1.6363636363636365 1.7575757575757576 1.4242424242424243 1.9696969696969697 2.606060606060606 2.0606060606060606 1.4545454545454546 1.878787878787879 2.4545454545454546 2.393939393939394 1.3636363636363635 1.878787878787879
24 71.37616326477556 2.6363636363636362 2.1818181818181817 2.5454545454545454 3.0 1.7272727272727273 2.3636363636363638 2.1515151515151514 2.3333333333333335 2.4545454545454546 1.878787878787879 1.9090909090909092 1.4242424242424243 1.2727272727272727 2.787878787878788 3.0 2.8484848484848486 1.5151515151515151 2.3333333333333335 1.6363636363636365 1.7575757575757576 1.4242424242424243 1.9696969696969697 2.606060606060606 2.0606060606060606 1.4545454545454546 1.878787878787879 2.4545454545454546 2.393939393939394 1.3636363636363635 1.878787878787879
25 282.57450191643215 1.7575757575757576 1.4545454545454546 1.696969696969697 2.0 1.1515151515151516 1.5757575757575757 1.4343434343434343 1.5555555555555556 1.6363636363636365 1.2525252525252526 1.2727272727272727 0.9494949494949495 0.8484848484848485 1.8585858585858586 2.0 1.898989898989899 1.0101010101010102 1.5555555555555556 1.0909090909090908 1.1717171717171717 0.9494949494949495 1.3131313131313131 1.7373737373737375 1.3737373737373737 0.9696969696969697 1.2525252525252526 1.6363636363636365 1.595959595959596 0.9090909090909091 1.2525252525252526
26 215.89631380642862 1.7575757575757576 1.4545454545454546 1.696969696969697 2.0 1.1515151515151516 1.5757575757575757 1.4343434343434343 1.5555555555555556 1.6363636363636365 1.2525252525252526 1.2727272727272727 0.9494949494949495 0.8484848484848485 1.8585858585858586 2.0 1.898989898989899 1.0101010101010102 1.5555555555555556 1.0909090909090908 1.1717171717171717 0.9494949494949495 1.3131313131313131 1.7373737373737375 1.3737373737373737 0.9696969696969697 1.2525252525252526 1.6363636363636365 1.595959595959596 0.9090909090909091 1.2525252525252526
27 109.95184392272691 1.7575757575757576 1.4545454545454546 1.696969696969697 2.0 1.1515151515151516 1.5757575757575757 1.4343434343434343 1.5555555555555556 1.6363636363636365 1.2525252525252526 1.2727272727272727 0.9494949494949495 0.8484848484848485 1.8585858585858586 2.0 1.898989898989899 1.0101010101010102 1.5555555555555556 1.0909090909090908 1.1717171717171717 0.9494949494949495 1.3131313131313131 1.7373737373737375 1.3737373737373737 0.9696969696969697 1.2525252525252526 1.6363636363636365 1.595959595959596 0.9090909090909091 1.2525252525252526
28 42.956736524408086 1.7575757575757576 1.4545454545454546 1.696969696969697 2.0 1.1515151515151516 1.5757575757575757 1.4343434343434343 1.5555555555555556 1.6363636363636365 1.2525252525252526 1.2727272727272727 0.9494949494949495 0.8484848484848485 1.8585858585858586 2.0 1.898989898989899 1.0101010101010102 1.5555555555555556 1.0909090909090908 1.1717171717171717 0.9494949494949495 1.3131313131313131 1.7373737373737375 1.3737373737373737 0.9696969696969697 1.2525252525252526 1.6363636363636365 1.595959595959596 0.9090909090909091 1.2525252525252526
29 153.20888713333144 1.7575757575757576 1.4545454545454546 1.696969696969697 2.0 1.1515151515151516 1.5757575757575757 1.4343434343434343 1.5555555555555556 1.6363636363636365 1.2525252525252526 1.2727272727272727 0.9494949494949495 0.8484848484848485 1.8585858585858586 2.0 1.898989898989899 1.0101010101010102 1.5555555555555556 1.0909090909090908 1.1717171717171717 0.9494949494949495 1.3131313131313131 1.7373737373737375 1.3737373737373737 0.9696969696969697 1.2525252525252526 1.6363636363636365 1.595959595959596 0.9090909090909091 1.2525252525252526
30 112.95114060137973 1.7575757575757576 1.4545454545454546 1.696969696969697 2.0 1.1515151515151516 1.5757575757575757 1.4343434343434343 1.5555555555555556 1.6363636363636365 1.2525252525252526 1.2727272727272727 0.9494949494949495 0.8484848484848485 1.8585858585858586 2.0 1.898989898989899 1.0101010101010102 1.5555555555555556 1.0909090909090908 1.1717171717171717 0.9494949494949495 1.3131313131313131 1.7373737373737375 1.3737373737373737 0.9696969696969697 1.2525252525252526 1.6363636363636365 1.595959595959596 0.9090909090909091 1.2525252525252526
31 146.67962803463934 1.7575757575757576 1.4545454545454546 1.696969696969697 2.0 1.1515151515151516 1.5757575757575757 1.4343434343434343 1.5555555555555556 1.6363636363636365 1.2525252525252526 1.2727272727272727 0.9494949494949495 0.8484848484848485 1.8585858585858586 2.0 1.898989898989899 1.0101010101010102 1.5555555555555556 1.0909090909090908 1.1717171717171717 0.9494949494949495 1.3131313131313131 1.7373737373737375 1.3737373737373737 0.9696969696969697 1.2525252525252526 1.6363636363636365 1.595959595959596 0.9090909090909091 1.2525252525252526
32 409.07494471781337 1.7575757575757576 1.4545454545454546 1.696969696969697 2.0 1.1515151515151516 1.5757575757575757 1.4343434343434343 1.5555555555555556 1.6363636363636365 1.2525252525252526 1.2727272727272727 0.9494949494949495 0.8484848484848485 1.8585858585858586 2.0 1.898989898989899 1.0101010101010102 1.5555555555555556 1.0909090909090908 1.1717171717171717 0.9494949494949495 1.3131313131313131 1.7373737373737375 1.3737373737373737 0.9696969696969697 1.2525252525252526 1.6363636363636365 1.595959595959596 0.9090909090909091 1.2525252525252526
33 195.5038683135457 2.6363636363636362 2.1818181818181817 2.5454545454545454 3.0 1.7272727272727273 2.3636363636363638 2.1515151515151514 2.3333333333333335 2.4545454545454546 1.878787878787879 1.9090909090909092 1.4242424242424243 1.2727272727272727 2.787878787878788 3.0 2.8484848484848486 1.5151515151515151 2.3333333333333335 1.6363636363636365 1.7575757575757576 1.4242424242424243 1.9696969696969697 2.606060606060606 2.0606060606060606 1.4545454545454546 1.878787878787879 2.4545454545454546 2.393939393939394 1.3636363636363635 1.878787878787879
34 184.91468792754006 1.7575757575757576 1.4545454545454546 1.696969696969697 2.0 1.1515151515151516 1.5757575757575757 1.4343434343434343 1.5555555555555556 1.6363636363636365 1.2525252525252526 1.2727272727272727 0.9494949494949495 0.8484848484848485 1.8585858585858586 2.0 1.898989898989899 1.0101010101010102 1.5555555555555556 1.0909090909090908 1.1717171717171717 0.9494949494949495 1.3131313131313131 1.7373737373737375 1.3737373737373737 0.9696969696969697 1.2525252525252526 1.6363636363636365 1.595959595959596 0.9090909090909091 1.2525252525252526
35 145.90436036759567 1.7575757575757576 1.4545454545454546 1.696969696969697 2.0 1.1515151515151516 1.5757575757575757 1.4343434343434343 1.5555555555555556 1.6363636363636365 1.2525252525252526 1.2727272727272727 0.9494949494949495 0.8484848484848485 1.8585858585858586 2.0 1.898989898989899 1.0101010101010102 1.5555555555555556 1.0909090909090908 1.1717171717171717 0.9494949494949495 1.3131313131313131 1.7373737373737375 1.3737373737373737 0.9696969696969697 1.2525252525252526 1.6363636363636365 1.595959595959596 0.9090909090909091 1.2525252525252526
36 256.75088853290094 1.7575757575757576 1.4545454545454546 1.696969696969697 2.0 1.1515151515151516 1.5757575757575757 1.4343434343434343 1.5555555555555556 1.6363636363636365 1.2525252525252526 1.2727272727272727 0.9494949494949495 0.8484848484848485 1.8585858585858586 2.0 1.898989898989899 1.0101010101010102 1.5555555555555556 1.0909090909090908 1.1717171717171717 0.9494949494949495 1.3131313131313131 1.7373737373737375 1.3737373737373737 0.9696969696969697 1.2525252525252526 1.6363636363636365 1.595959595959596 0.9090909090909091 1.2525252525252526
37 279.0 2.6363636363636362 2.1818181818181817 2.5454545454545454 3.0 1.7272727272727273 2.3636363636363638 2.1515151515151514 2.3333333333333335 2.4545454545454546 1.878787878787879 1.9090909090909092 1.4242424242424243 1.2727272727272727 2.787878787878788 3.0 2.8484848484848486 1.5151515151515151 2.3333333333333335 1.6363636363636365 1.7575757575757576 1.4242424242424243 1.9696969696969697 2.606060606060606 2.0606060606060606 1.4545454545454546 1.878787878787879 2.4545454545454546 2.393939393939394 1.3636363636363635 1.878787878787879
38 181.82035325002653 1.7575757575757576 1.4545454545454546 1.696969696969697 2.0 1.1515151515151516 1.5757575757575757 1.4343434343434343 1.5555555555555556 1.6363636363636365 1.2525252525252526 1.2727272727272727 0.9494949494949495 0.8484848484848485 1.8585858585858586 2.0 1.898989898989899 1.0101010101010102 1.5555555555555556 1.0909090909090908 1.1717171717171717 0.9494949494949495 1.3131313131313131 1.7373737373737375 1.3737373737373737 0.9696969696969697 1.2525252525252526 1.6363636363636365 1.595959595959596 0.9090909090909091 1.2525252525252526
39 203.8165268189441 1.7575757575757576 1.4545454545454546 1.696969696969697 2.0 1.1515151515151516 1.5757575757575757 1.4343434343434343 1.5555555555555556 1.6363636363636365 1.2525252525252526 1.2727272727272727 0.9494949494949495 0.8484848484848485 1.8585858585858586 2.0 1.898989898989899 1.0101010101010102 1.5555555555555556 1.0909090909090908 1.1717171717171717 0.9494949494949495 1.3131313131313131 1.7373737373737375 1.3737373737373737 0.9696969696969697 1.2525252525252526 1.6363636363636365 1.595959595959596 0.9090909090909091 1.2525252525252526
40 249.78440672932388 1.7575757575757576 1.4545454545454546 1.696969696969697 2.0 1.1515151515151516 1.5757575757575757 1.4343434343434343 1.5555555555555556 1.6363636363636365 1.2525252525252526 1.2727272727272727 0.9494949494949495 0.8484848484848485 1.8585858585858586 2.0 1.898989898989899 1.0101010101010102 1.5555555555555556 1.0909090909090908 1.1717171717171717 0.9494949494949495 1.3131313131313131 1.7373737373737375 1.3737373737373737 0.9696969696969697 1.2525252525252526 1.6363636363636365 1.595959595959596 0.9090909090909091 1.2525252525252526
41 56.15499101989007 2.6363636363636362 2.1818181818181817 2.5454545454545454 3.0 1.7272727272727273 2.3636363636363638 2.1515151515151514 2.3333333333333335 2.4545454545454546 1.878787878787879 1.9090909090909092 1.4242424242424243 1.2727272727272727 2.787878787878788 3.0 2.8484848484848486 1.5151515151515151 2.3333333333333335 1.6363636363636365 1.7575757575757576 1.4242424242424243 1.9696969696969697 2.606060606060606 2.0606060606060606 1.4545454545454546 1.878787878787879 2.4545454545454546 2.393939393939394 1.3636363636363635 1.878787878787879
42 49.688516992773344 1.7575757575757576 1.4545454545454546 1.696969696969697 2.0 1.1515151515151516 1.5757575757575757 1.4343434343434343 1.5555555555555556 1.6363636363636365 1.2525252525252526 1.2727272727272727 0.9494949494949495 0.8484848484848485 1.8585858585858586 2.0 1.898989898989899 1.0101010101010102 1.5555555555555556 1.0909090909090908 1.1717171717171717 0.9494949494949495 1.3131313131313131 1.7373737373737375 1.3737373737373737 0.9696969696969697 1.2525252525252526 1.6363636363636365 1.595959595959596 0.9090909090909091 1.2525252525252526
43 44.821447769268744 1.7575757575757576 1.4545454545454546 1.696969696969697 2.0 1.1515151515151516 1.5757575757575757 1.4343434343434343 1.5555555555555556 1.6363636363636365 1.2525252525252526 1.2727272727272727 0.9494949494949495 0.8484848484848485 1.8585858585858586 2.0 1.898989898989899 1.0101010101010102 1.5555555555555556 1.0909090909090908 1.1717171717171717 0.9494949494949495 1.3131313131313131 1.7373737373737375 1.3737373737373737 0.9696969696969697 1.2525252525252526 1.6363636363636365 1.595959595959596 0.9090909090909091 1.2525252525252526
44 271.7619223691516 2.6363636363636362 2.1818181818181817 2.5454545454545454 3.0 1.7272727272727273 2.3636363636363638 2.1515151515151514 2.3333333333333335 2.4545454545454546 1.878787878787879 1.9090909090909092 1.4242424242424243 1.2727272727272727 2.787878787878788 3.0 2.8484848484848486 1.5151515151515151 2.3333333333333335 1.6363636363636365 1.7575757575757576 1.4242424242424243 1.9696969696969697 2.606060606060606 2.0606060606060606 1.4545454545454546 1.878787878787879 2.4545454545454546 2.393939393939394 1.3636363636363635 1.878787878787879
45 138.48785647456913 2.6363636363636362 2.1818181818181817 2.5454545454545454 3.0 1.7272727272727273 2.3636363636363638 2.1515151515151514 2.3333333333333335 2.4545454545454546 1.878787878787879 1.9090909090909092 1.4242424242424243 1.2727272727272727 2.787878787878788 3.0 2.8484848484848486 1.5151515151515151 2.3333333333333335 1.6363636363636365 1.7575757575757576 1.4242424242424243 1.9696969696969697 2.606060606060606 2.0606060606060606 1.4545454545454546 1.878787878787879 2.4545454545454546 2.393939393939394 1.3636363636363635 1.878787878787879
46 633.6405381966656 1.7575757575757576 1.4545454545454546 1.696969696969697 2.0 1.1515151515151516 1.5757575757575757 1.4343434343434343 1.5555555555555556 1.6363636363636365 1.2525252525252526 1.2727272727272727 0.9494949494949495 0.8484848484848485 1.8585858585858586 2.0 1.898989898989899 1.0101010101010102 1.5555555555555556 1.0909090909090908 1.1717171717171717 0.9494949494949495 1.3131313131313131 1.7373737373737375 1.3737373737373737 0.9696969696969697 1.2525252525252526 1.6363636363636365 1.595959595959596 0.9090909090909091 1.2525252525252526
47 14.032798959294038 2.6363636363636362 2.1818181818181817 2.5454545454545454 3.0 1.7272727272727273 2.3636363636363638 2.1515151515151514 2.3333333333333335 2.4545454545454546 1.878787878787879 1.9090909090909092 1.4242424242424243 1.2727272727272727 2.787878787878788 3.0 2.8484848484848486 1.5151515151515151 2.3333333333333335 1.6363636363636365 1.7575757575757576 1.4242424242424243 1.9696969696969697 2.606060606060606 2.0606060606060606 1.4545454545454546 1.878787878787879 2.4545454545454546 2.393939393939394 1.3636363636363635 1.878787878787879
48 179.10352605366938 2.6363636363636362 2.1818181818181817 2.5454545454545454 3.0 1.7272727272727273 2.3636363636363638 2.1515151515151514 2.3333333333333335 2.4545454545454546 1.878787878787879 1.9090909090909092 1.4242424242424243 1.2727272727272727 2.787878787878788 3.0 2.8484848484848486 1.5151515151515151 2.3333333333333335 1.6363636363636365 1.7575757575757576 1.4242424242424243 1.9696969696969697 2.606060606060606 2.0606060606060606 1.4545454545454546 1.878787878787879 2.4545454545454546 2.393939393939394 1.3636363636363635 1.878787878787879
49 451.66066487592025 1.7575757575757576 1.4545454545454546 1.696969696969697 2.0 1.1515151515151516 1.5757575757575757 1.4343434343434343 1.5555555555555556 1.6363636363636365 1.2525252525252526 1.2727272727272727 0.9494949494949495 0.8484848484848485 1.8585858585858586 2.0 1.898989898989899 1.0101010101010102 1.5555555555555556 1.0909090909090908 1.1717171717171717 0.9494949494949495 1.3131313131313131 1.7373737373737375 1.3737373737373737 0.9696969696969697 1.2525252525252526 1.6363636363636365 1.595959595959596 0.9090909090909091 1.2525252525252526
50 210.53437582293196 1.7575757575757576 1.4545454545454546 1.696969696969697 2.0 1.1515151515151516 1.5757575757575757 1.4343434343434343 1.5555555555555556 1.6363636363636365 1.2525252525252526 1.2727272727272727 0.9494949494949495 0.8484848484848485 1.8585858585858586 2.0 1.898989898989899 1.0101010101010102 1.5555555555555556 1.0909090909090908 1.1717171717171717 0.9494949494949495 1.3131313131313131 1.7373737373737375 1.3737373737373737 0.9696969696969697 1.2525252525252526 1.6363636363636365 1.595959595959596 0.9090909090909091 1.2525252525252526
51 110.49372903462631 2.6363636363636362 2.1818181818181817 2.5454545454545454 3.0 1.7272727272727273 2.3636363636363638 2.1515151515151514 2.3333333333333335 2.4545454545454546 1.878787878787879 1.9090909090909092 1.4242424242424243 1.2727272727272727 2.787878787878788 3.0 2.8484848484848486 1.5151515151515151 2.3333333333333335 1.6363636363636365 1.7575757575757576 1.4242424242424243 1.9696969696969697 2.606060606060606 2.0606060606060606 1.4545454545454546 1.878787878787879 2.4545454545454546 2.393939393939394 1.3636363636363635 1.878787878787879
52 143.40070005714995 2.6363636363636362 2.1818181818181817 2.5454545454545454 3.0 1.7272727272727273 2.3636363636363638 2.1515151515151514 2.3333333333333335 2.4545454545454546 1.878787878787879 1.9090909090909092 1.4242424242424243 1.2727272727272727 2.787878787878788 3.0 2.8484848484848486 1.5151515151515151 2.3333333333333335 1.6363636363636365 1.7575757575757576 1.4242424242424243 1.9696969696969697 2.606060606060606 2.0606060606060606 1.4545454545454546 1.878787878787879 2.4545454545454546 2.393939393939394 1.3636363636363635 1.878787878787879
53 155.46050162859692 1.7575757575757576 1.4545454545454546 1.696969696969697 2.0 1.1515151515151516 1.5757575757575757 1.4343434343434343 1.5555555555555556 1.6363636363636365 1.2525252525252526 1.2727272727272727 0.9494949494949495 0.8484848484848485 1.8585858585858586 2.0 1.898989898989899 1.0101010101010102 1.5555555555555556 1.0909090909090908 1.1717171717171717 0.9494949494949495 1.3131313131313131 1.7373737373737375 1.3737373737373737 0.9696969696969697 1.2525252525252526 1.6363636363636365 1.595959595959596 0.9090909090909091 1.2525252525252526
54 229.98102783759109 1.7575757575757576 1.4545454545454546 1.696969696969697 2.0 1.1515151515151516 1.5757575757575757 1.4343434343434343 1.5555555555555556 1.6363636363636365 1.2525252525252526 1.2727272727272727 0.9494949494949495 0.8484848484848485 1.8585858585858586 2.0 1.898989898989899 1.0101010101010102 1.5555555555555556 1.0909090909090908 1.1717171717171717 0.9494949494949495 1.3131313131313131 1.7373737373737375 1.3737373737373737 0.9696969696969697 1.2525252525252526 1.6363636363636365 1.595959595959596 0.9090909090909091 1.2525252525252526
55 90.87432626522626 2.6363636363636362 2.1818181818181817 2.5454545454545454 3.0 1.7272727272727273 2.3636363636363638 2.1515151515151514 2.3333333333333335 2.4545454545454546 1.878787878787879 1.9090909090909092 1.4242424242424243 1.2727272727272727 2.787878787878788 3.0 2.8484848484848486 1.5151515151515151 2.3333333333333335 1.6363636363636365 1.7575757575757576 1.4242424242424243 1.9696969696969697 2.606060606060606 2.0606060606060606 1.4545454545454546 1.878787878787879 2.4545454545454546 2.393939393939394 1.3636363636363635 1.878787878787879
56 267.42681806102644 2.6363636363636362 2.1818181818181817 2.5454545454545454 3.0 1.7272727272727273 2.3636363636363638 2.1515151515151514 2.3333333333333335 2.4545454545454546 1.878787878787879 1.9090909090909092 1.4242424242424243 1.2727272727272727 2.787878787878788 3.0 2.8484848484848486 1.5151515151515151 2.3333333333333335 1.6363636363636365 1.7575757575757576 1.4242424242424243 1.9696969696969697 2.606060606060606 2.0606060606060606 1.4545454545454546 1.878787878787879 2.4545454545454546 2.393939393939394 1.3636363636363635 1.878787878787879
57 106.0585676474297 1.7575757575757576 1.4545454545454546 1.696969696969697 2.0 1.1515151515151516 1.5757575757575757 1.4343434343434343 1.5555555555555556 1.6363636363636365 1.2525252525252526 1.2727272727272727 0.9494949494949495 0.8484848484848485 1.8585858585858586 2.0 1.898989898989899 1.0101010101010102 1.5555555555555556 1.0909090909090908 1.1717171717171717 0.9494949494949495 1.3131313131313131 1.7373737373737375 1.3737373737373737 0.9696969696969697 1.2525252525252526 1.6363636363636365 1.595959595959596 0.9090909090909091 1.2525252525252526
58 14.99947827465348 1.7575757575757576 1.4545454545454546 1.696969696969697 2.0 1.1515151515151516 1.5757575757575757 1.4343434343434343 1.5555555555555556 1.6363636363636365 1.2525252525252526 1.2727272727272727 0.9494949494949495 0.8484848484848485 1.8585858585858586 2.0 1.898989898989899 1.0101010101010102 1.5555555555555556 1.0909090909090908 1.1717171717171717 0.9494949494949495 1.3131313131313131 1.7373737373737375 1.3737373737373737 0.9696969696969697 1.2525252525252526 1.6363636363636365 1.595959595959596 0.9090909090909091 1.2525252525252526
59 28.37525478723133 1.7575757575757576 1.4545454545454546 1.696969696969697 2.0 1.1515151515151516 1.5757575757575757 1.4343434343434343 1.5555555555555556 1.6363636363636365 1.2525252525252526 1.2727272727272727 0.9494949494949495 0.8484848484848485 1.8585858585858586 2.0 1.898989898989899 1.0101010101010102 1.5555555555555556 1.0909090909090908 1.1717171717171717 0.9494949494949495 1.3131313131313131 1.7373737373737375 1.3737373737373737 0.9696969696969697 1.2525252525252526 1.6363636363636365 1.595959595959596 0.9090909090909091 1.2525252525252526
60 232.94257627697561 1.7575757575757576 1.4545454545454546 1.696969696969697 2.0 1.1515151515151516 1.5757575757575757 1.4343434343434343 1.5555555555555556 1.6363636363636365 1.2525252525252526 1.2727272727272727 0.9494949494949495 0.8484848484848485 1.8585858585858586 2.0 1.898989898989899 1.0101010101010102 1.5555555555555556 1.0909090909090908 1.1717171717171717 0.9494949494949495 1.3131313131313131 1.7373737373737375 1.3737373737373737 0.9696969696969697 1.2525252525252526 1.6363636363636365 1.595959595959596 0.9090909090909091 1.2525252525252526
61 172.68067867326548 2.6363636363636362 2.1818181818181817 2.5454545454545454 3.0 1.7272727272727273 2.3636363636363638 2.1515151515151514 2.3333333333333335 2.4545454545454546 1.878787878787879 1.9090909090909092 1.4242424242424243 1.2727272727272727 2.787878787878788 3.0 2.8484848484848486 1.5151515151515151 2.3333333333333335 1.6363636363636365 1.7575757575757576 1.4242424242424243 1.9696969696969697 2.606060606060606 2.0606060606060606 1.4545454545454546 1.878787878787879 2.4545454545454546 2.393939393939394 1.3636363636363635 1.878787878787879
62 81.06316606113839 2.6363636363636362 2.1818181818181817 2.5454545454545454 3.0 1.7272727272727273 2.3636363636363638 2.1515151515151514 2.3333333333333335 2.4545454545454546 1.878787878787879 1.9090909090909092 1.4242424242424243 1.2727272727272727 2.787878787878788 3.0 2.8484848484848486 1.5151515151515151 2.3333333333333335 1.6363636363636365 1.7575757575757576 1.4242424242424243 1.9696969696969697 2.606060606060606 2.0606060606060606 1.4545454545454546 1.878787878787879 2.4545454545454546 2.393939393939394 1.3636363636363635 1.878787878787879
63 202.57422894340334 2.6363636363636362 2.1818181818181817 2.5454545454545454 3.0 1.7272727272727273 2.3636363636363638 2.1515151515151514 2.3333333333333335 2.4545454545454546 1.878787878787879 1.9090909090909092 1.4242424242424243 1.2727272727272727 2.787878787878788 3.0 2.8484848484848486 1.5151515151515151 2.3333333333333335 1.6363636363636365 1.7575757575757576 1.4242424242424243 1.9696969696969697 2.606060606060606 2.0606060606060606 1.4545454545454546 1.878787878787879 2.4545454545454546 2.393939393939394 1.3636363636363635 1.878787878787879
64 66.96129749923216 1.7575757575757576 1.4545454545454546 1.696969696969697 2.0 1.1515151515151516 1.5757575757575757 1.4343434343434343 1.5555555555555556 1.6363636363636365 1.2525252525252526 1.2727272727272727 0.9494949494949495 0.8484848484848485 1.8585858585858586 2.0 1.898989898989899 1.0101010101010102 1.5555555555555556 1.0909090909090908 1.1717171717171717 0.9494949494949495 1.3131313131313131 1.7373737373737375 1.3737373737373737 0.9696969696969697 1.2525252525252526 1.6363636363636365 1.595959595959596 0.9090909090909091 1.2525252525252526
65 33.735681638095436 1.7575757575757576 1.4545454545454546 1.696969696969697 2.0 1.1515151515151516 1.5757575757575757 1.4343434343434343 1.5555555555555556 1.6363636363636365 1.2525252525252526 1.2727272727272727 0.9494949494949495 0.8484848484848485 1.8585858585858586 2.0 1.898989898989899 1.0101010101010102 1.5555555555555556 1.0909090909090908 1.1717171717171717 0.9494949494949495 1.3131313131313131 1.7373737373737375 1.3737373737373737 0.9696969696969697 1.2525252525252526 1.6363636363636365 1.595959595959596 0.9090909090909091 1.2525252525252526
66 27.090012700177446 1.7575757575757576 1.4545454545454546 1.696969696969697 2.0 1.1515151515151516 1.5757575757575757 1.4343434343434343 1.5555555555555556 1.6363636363636365 1.2525252525252526 1.2727272727272727 0.9494949494949495 0.8484848484848485 1.8585858585858586 2.0 1.898989898989899 1.0101010101010102 1.5555555555555556 1.0909090909090908 1.1717171717171717 0.9494949494949495 1.3131313131313131 1.7373737373737375 1.3737373737373737 0.9696969696969697 1.2525252525252526 1.6363636363636365 1.595959595959596 0.9090909090909091 1.2525252525252526
67 93.60746848306351 1.7575757575757576 1.4545454545454546 1.696969696969697 2.0 1.1515151515151516 1.5757575757575757 1.4343434343434343 1.5555555555555556 1.6363636363636365 1.2525252525252526 1.2727272727272727 0.9494949494949495 0.8484848484848485 1.8585858585858586 2.0 1.898989898989899 1.0101010101010102 1.5555555555555556 1.0909090909090908 1.1717171717171717 0.9494949494949495 1.3131313131313131 1.7373737373737375 1.3737373737373737 0.9696969696969697 1.2525252525252526 1.6363636363636365 1.595959595959596 0.9090909090909091 1.2525252525252526
68 68.87502192540092 2.6363636363636362 2.1818181818181817 2.5454545454545454 3.0 1.7272727272727273 2.3636363636363638 2.1515151515151514 2.3333333333333335 2.4545454545454546 1.878787878787879 1.9090909090909092 1.4242424242424243 1.2727272727272727 2.787878787878788 3.0 2.8484848484848486 1.5151515151515151 2.3333333333333335 1.6363636363636365 1.7575757575757576 1.4242424242424243 1.9696969696969697 2.606060606060606 2.0606060606060606 1.4545454545454546 1.878787878787879 2.4545454545454546 2.393939393939394 1.3636363636363635 1.878787878787879
69 23.263858467580075 1.7575757575757576 1.4545454545454546 1.696969696969697 2.0 1.1515151515151516 1.5757575757575757 1.4343434343434343 1.5555555555555556 1.6363636363636365 1.2525252525252526 1.2727272727272727 0.9494949494949495 0.8484848484848485 1.8585858585858586 2.0 1.898989898989899 1.0101010101010102 1.5555555555555556 1.0909090909090908 1.1717171717171717 0.9494949494949495 1.3131313131313131 1.7373737373737375 1.3737373737373737 0.9696969696969697 1.2525252525252526 1.6363636363636365 1.595959595959596 0.9090909090909091 1.2525252525252526
70 6.64857076323662 1.7575757575757576 1.4545454545454546 1.696969696969697 2.0 1.1515151515151516 1.5757575757575757 1.4343434343434343 1.5555555555555556 1.6363636363636365 1.2525252525252526 1.2727272727272727 0.9494949494949495 0.8484848484848485 1.8585858585858586 2.0 1.898989898989899 1.0101010101010102 1.5555555555555556 1.0909090909090908 1.1717171717171717 0.9494949494949495 1.3131313131313131 1.7373737373737375 1.3737373737373737 0.9696969696969697 1.2525252525252526 1.6363636363636365 1.595959595959596 0.9090909090909091 1.2525252525252526
71 419.0710117357018 1.7575757575757576 1.4545454545454546 1.696969696969697 2.0 1.1515151515151516 1.5757575757575757 1.4343434343434343 1.5555555555555556 1.6363636363636365 1.2525252525252526 1.2727272727272727 0.9494949494949495 0.8484848484848485 1.8585858585858586 2.0 1.898989898989899 1.0101010101010102 1.5555555555555556 1.0909090909090908 1.1717171717171717 0.9494949494949495 1.3131313131313131 1.7373737373737375 1.3737373737373737 0.9696969696969697 1.2525252525252526 1.6363636363636365 1.595959595959596 0.9090909090909091 1.2525252525252526
72 56.58055340946887 1.7575757575757576 1.4545454545454546 1.696969696969697 2.0 1.1515151515151516 1.5757575757575757 1.4343434343434343 1.5555555555555556 1.6363636363636365 1.2525252525252526 1.2727272727272727 0.9494949494949495 0.8484848484848485 1.8585858585858586 2.0 1.898989898989899 1.0101010101010102 1.5555555555555556 1.0909090909090908 1.1717171717171717 0.9494949494949495 1.3131313131313131 1.7373737373737375 1.3737373737373737 0.9696969696969697 1.2525252525252526 1.6363636363636365 1.595959595959596 0.9090909090909091 1.2525252525252526
73 539.4089956768837 1.7575757575757576 1.4545454545454546 1.696969696969697 2.0 1.1515151515151516 1.5757575757575757 1.4343434343434343 1.5555555555555556 1.6363636363636365 1.2525252525252526 1.2727272727272727 0.9494949494949495 0.8484848484848485 1.8585858585858586 2.0 1.898989898989899 1.0101010101010102 1.5555555555555556 1.0909090909090908 1.1717171717171717 0.9494949494949495 1.3131313131313131 1.7373737373737375 1.3737373737373737 0.9696969696969697 1.2525252525252526 1.6363636363636365 1.595959595959596 0.9090909090909091 1.2525252525252526
74 36.61253935982594 2.6363636363636362 2.1818181818181817 2.5454545454545454 3.0 1.7272727272727273 2.3636363636363638 2.1515151515151514 2.3333333333333335 2.4545454545454546 1.878787878787879 1.9090909090909092 1.4242424242424243 1.2727272727272727 2.787878787878788 3.0 2.8484848484848486 1.5151515151515151 2.3333333333333335 1.6363636363636365 1.7575757575757576 1.4242424242424243 1.9696969696969697 2.606060606060606 2.0606060606060606 1.4545454545454546 1.878787878787879 2.4545454545454546 2.393939393939394 1.3636363636363635 1.878787878787879
75 128.46254570687384 1.7575757575757576 1.4545454545454546 1.696969696969697 2.0 1.1515151515151516 1.5757575757575757 1.4343434343434343 1.5555555555555556 1.6363636363636365 1.2525252525252526 1.2727272727272727 0.9494949494949495 0.8484848484848485 1.8585858585858586 2.0 1.898989898989899 1.0101010101010102 1.5555555555555556 1.0909090909090908 1.1717171717171717 0.9494949494949495 1.3131313131313131 1.7373737373737375 1.3737373737373737 0.9696969696969697 1.2525252525252526 1.6363636363636365 1.595959595959596 0.9090909090909091 1.2525252525252526
76 431.1243119147582 2.6363636363636362 2.1818181818181817 2.5454545454545454 3.0 1.7272727272727273 2.3636363636363638 2.1515151515151514 2.3333333333333335 2.4545454545454546 1.878787878787879 1.9090909090909092 1.4242424242424243 1.2727272727272727 2.787878787878788 3.0 2.8484848484848486 1.5151515151515151 2.3333333333333335 1.6363636363636365 1.7575757575757576 1.4242424242424243 1.9696969696969697 2.606060606060606 2.0606060606060606 1.4545454545454546 1.878787878787879 2.4545454545454546 2.393939393939394 1.3636363636363635 1.878787878787879
77 246.22437788501298 2.6363636363636362 2.1818181818181817 2.5454545454545454 3.0 1.7272727272727273 2.3636363636363638 2.1515151515151514 2.3333333333333335 2.4545454545454546 1.878787878787879 1.9090909090909092 1.4242424242424243 1.2727272727272727 2.787878787878788 3.0 2.8484848484848486 1.5151515151515151 2.3333333333333335 1.6363636363636365 1.7575757575757576 1.4242424242424243 1.9696969696969697 2.606060606060606 2.0606060606060606 1.4545454545454546 1.878787878787879 2.4545454545454546 2.393939393939394 1.3636363636363635 1.878787878787879
78 53.68449033182739 1.7575757575757576 1.4545454545454546 1.696969696969697 2.0 1.1515151515151516 1.5757575757575757 1.4343434343434343 1.5555555555555556 1.6363636363636365 1.2525252525252526 1.2727272727272727 0.9494949494949495 0.8484848484848485 1.8585858585858586 2.0 1.898989898989899 1.0101010101010102 1.5555555555555556 1.0909090909090908 1.1717171717171717 0.9494949494949495 1.3131313131313131 1.7373737373737375 1.3737373737373737 0.9696969696969697 1.2525252525252526 1.6363636363636365 1.595959595959596 0.9090909090909091 1.2525252525252526
79 113.29555487646299 1.7575757575757576 1.4545454545454546 1.696969696969697 2.0 1.1515151515151516 1.5757575757575757 1.4343434343434343 1.5555555555555556 1.6363636363636365 1.2525252525252526 1.2727272727272727 0.9494949494949495 0.8484848484848485 1.8585858585858586 2.0 1.898989898989899 1.0101010101010102 1.5555555555555556 1.0909090909090908 1.1717171717171717 0.9494949494949495 1.3131313131313131 1.7373737373737375 1.3737373737373737 0.9696969696969697 1.2525252525252526 1.6363636363636365 1.595959595959596 0.9090909090909091 1.2525252525252526
80 390.26853857432 1.7575757575757576 1.4545454545454546 1.696969696969697 2.0 1.1515151515151516 1.5757575757575757 1.4343434343434343 1.5555555555555556 1.6363636363636365 1.2525252525252526 1.2727272727272727 0.9494949494949495 0.8484848484848485 1.8585858585858586 2.0 1.898989898989899 1.0101010101010102 1.5555555555555556 1.0909090909090908 1.1717171717171717 0.9494949494949495 1.3131313131313131 1.7373737373737375 1.3737373737373737 0.9696969696969697 1.2525252525252526 1.6363636363636365 1.595959595959596 0.9090909090909091 1.2525252525252526
81 88.15871202882144 1.7575757575757576 1.4545454545454546 1.696969696969697 2.0 1.1515151515151516 1.5757575757575757 1.4343434343434343 1.5555555555555556 1.6363636363636365 1.2525252525252526 1.2727272727272727 0.9494949494949495 0.8484848484848485 1.8585858585858586 2.0 1.898989898989899 1.0101010101010102 1.5555555555555556 1.0909090909090908 1.1717171717171717 0.9494949494949495 1.3131313131313131 1.7373737373737375 1.3737373737373737 0.9696969696969697 1.2525252525252526 1.6363636363636365 1.595959595959596 0.9090909090909091 1.2525252525252526
82 381.11986795301243 2.6363636363636362 2.1818181818181817 2.5454545454545454 3.0 1.7272727272727273 2.3636363636363638 2.1515151515151514 2.3333333333333335 2.4545454545454546 1.878787878787879 1.9090909090909092 1.4242424242424243 1.2727272727272727 2.787878787878788 3.0 2.8484848484848486 1.5151515151515151 2.3333333333333335 1.6363636363636365 1.7575757575757576 1.4242424242424243 1.9696969696969697 2.606060606060606 2.0606060606060606 1.4545454545454546 1.878787878787879 2.4545454545454546 2.393939393939394 1.3636363636363635 1.878787878787879
83 118.26941582442997 1.7575757575757576 1.4545454545454546 1.696969696969697 2.0 1.1515151515151516 1.5757575757575757 1.4343434343434343 1.5555555555555556 1.6363636363636365 1.2525252525252526 1.2727272727272727 0.9494949494949495 0.8484848484848485 1.8585858585858586 2.0 1.898989898989899 1.0101010101010102 1.5555555555555556 1.0909090909090908 1.1717171717171717 0.9494949494949495 1.3131313131313131 1.7373737373737375 1.3737373737373737 0.9696969696969697 1.2525252525252526 1.6363636363636365 1.595959595959596 0.9090909090909091 1.2525252525252526
84 72.90722738939499 2.6363636363636362 2.1818181818181817 2.5454545454545454 3.0 1.7272727272727273 2.3636363636363638 2.1515151515151514 2.3333333333333335 2.4545454545454546 1.878787878787879 1.9090909090909092 1.4242424242424243 1.2727272727272727 2.787878787878788 3.0 2.8484848484848486 1.5151515151515151 2.3333333333333335 1.6363636363636365 1.7575757575757576 1.4242424242424243 1.9696969696969697 2.606060606060606 2.0606060606060606 1.4545454545454546 1.878787878787879 2.4545454545454546 2.393939393939394 1.3636363636363635 1.878787878787879
85 30.044970290025677 2.6363636363636362 2.1818181818181817 2.5454545454545454 3.0 1.7272727272727273 2.3636363636363638 2.1515151515151514 2.3333333333333335 2.4545454545454546 1.878787878787879 1.9090909090909092 1.4242424242424243 1.2727272727272727 2.787878787878788 3.0 2.8484848484848486 1.5151515151515151 2.3333333333333335 1.6363636363636365 1.7575757575757576 1.4242424242424243 1.9696969696969697 2.606060606060606 2.0606060606060606 1.4545454545454546 1.878787878787879 2.4545454545454546 2.393939393939394 1.3636363636363635 1.878787878787879
86 203.81414883719057 2.6363636363636362 2.1818181818181817 2.5454545454545454 3.0 1.7272727272727273 2.3636363636363638 2.1515151515151514 2.3333333333333335 2.4545454545454546 1.878787878787879 1.9090909090909092 1.4242424242424243 1.2727272727272727 2.787878787878788 3.0 2.8484848484848486 1.5151515151515151 2.3333333333333335 1.6363636363636365 1.7575757575757576 1.4242424242424243 1.9696969696969697 2.606060606060606 2.0606060606060606 1.4545454545454546 1.878787878787879 2.4545454545454546 2.393939393939394 1.3636363636363635 1.878787878787879
87 260.5419255064285 2.6363636363636362 2.1818181818181817 2.5454545454545454 3.0 1.7272727272727273 2.3636363636363638 2.1515151515151514 2.3333333333333335 2.4545454545454546 1.878787878787879 1.9090909090909092 1.4242424242424243 1.2727272727272727 2.787878787878788 3.0 2.8484848484848486 1.5151515151515151 2.3333333333333335 1.6363636363636365 1.7575757575757576 1.4242424242424243 1.9696969696969697 2.606060606060606 2.0606060606060606 1.4545454545454546 1.878787878787879 2.4545454545454546 2.393939393939394 1.3636363636363635 1.878787878787879
88 150.90070429444182 2.6363636363636362 2.1818181818181817 2.5454545454545454 3.0 1.7272727272727273 2.3636363636363638 2.1515151515151514 2.3333333333333335 2.4545454545454546 1.878787878787879 1.9090909090909092 1.4242424242424243 1.2727272727272727 2.787878787878788 3.0 2.8484848484848486 1.5151515151515151 2.3333333333333335 1.6363636363636365 1.7575757575757576 1.4242424242424243 1.9696969696969697 2.606060606060606 2.0606060606060606 1.4545454545454546 1.878787878787879 2.4545454545454546 2.393939393939394 1.3636363636363635 1.878787878787879
89 228.5174136915454 1.7575757575757576 1.4545454545454546 1.696969696969697 2.0 1.1515151515151516 1.5757575757575757 1.4343434343434343 1.5555555555555556 1.6363636363636365 1.2525252525252526 1.2727272727272727 0.9494949494949495 0.8484848484848485 1.8585858585858586 2.0 1.898989898989899 1.0101010101010102 1.5555555555555556 1.0909090909090908 1.1717171717171717 0.9494949494949495 1.3131313131313131 1.7373737373737375 1.3737373737373737 0.9696969696969697 1.2525252525252526 1.6363636363636365 1.595959595959596 0.9090909090909091 1.2525252525252526
90 78.26981544254502 1.7575757575757576 1.4545454545454546 1.696969696969697 2.0 1.1515151515151516 1.5757575757575757 1.4343434343434343 1.5555555555555556 1.6363636363636365 1.2525252525252526 1.2727272727272727 0.9494949494949495 0.8484848484848485 1.8585858585858586 2.0 1.898989898989899 1.0101010101010102 1.5555555555555556 1.0909090909090908 1.1717171717171717 0.9494949494949495 1.3131313131313131 1.7373737373737375 1.3737373737373737 0.9696969696969697 1.2525252525252526 1.6363636363636365 1.595959595959596 0.9090909090909091 1.2525252525252526
91 284.02316968380177 2.6363636363636362 2.1818181818181817 2.5454545454545454 3.0 1.7272727272727273 2.3636363636363638 2.1515151515151514 2.3333333333333335 2.4545454545454546 1.878787878787879 1.9090909090909092 1.4242424242424243 1.2727272727272727 2.787878787878788 3.0 2.8484848484848486 1.5151515151515151 2.3333333333333335 1.6363636363636365 1.7575757575757576 1.4242424242424243 1.9696969696969697 2.606060606060606 2.0606060606060606 1.4545454545454546 1.878787878787879 2.4545454545454546 2.393939393939394 1.3636363636363635 1.878787878787879
92 70.75380262128638 1.7575757575757576 1.4545454545454546 1.696969696969697 2.0 1.1515151515151516 1.5757575757575757 1.4343434343434343 1.5555555555555556 1.6363636363636365 1.2525252525252526 1.2727272727272727 0.9494949494949495 0.8484848484848485 1.8585858585858586 2.0 1.898989898989899 1.0101010101010102 1.5555555555555556 1.0909090909090908 1.1717171717171717 0.9494949494949495 1.3131313131313131 1.7373737373737375 1.3737373737373737 0.9696969696969697 1.2525252525252526 1.6363636363636365 1.595959595959596 0.9090909090909091 1.2525252525252526
93 40.18910498869515 2.6363636363636362 2.1818181818181817 2.5454545454545454 3.0 1.7272727272727273 2.3636363636363638 2.1515151515151514 2.3333333333333335 2.4545454545454546 1.878787878787879 1.9090909090909092 1.4242424242424243 1.2727272727272727 2.787878787878788 3.0 2.8484848484848486 1.5151515151515151 2.3333333333333335 1.6363636363636365 1.7575757575757576 1.4242424242424243 1.9696969696969697 2.606060606060606 2.0606060606060606 1.4545454545454546 1.878787878787879 2.4545454545454546 2.393939393939394 1.3636363636363635 1.878787878787879
94 226.8939607796312 1.7575757575757576 1.4545454545454546 1.696969696969697 2.0 1.1515151515151516 1.5757575757575757 1.4343434343434343 1.5555555555555556 1.6363636363636365 1.2525252525252526 1.2727272727272727 0.9494949494949495 0.8484848484848485 1.8585858585858586 2.0 1.898989898989899 1.0101010101010102 1.5555555555555556 1.0909090909090908 1.1717171717171717 0.9494949494949495 1.3131313131313131 1.7373737373737375 1.3737373737373737 0.9696969696969697 1.2525252525252526 1.6363636363636365 1.595959595959596 0.9090909090909091 1.2525252525252526
95 330.786365519696 2.6363636363636362 2.1818181818181817 2.5454545454545454 3.0 1.7272727272727273 2.3636363636363638 2.1515151515151514 2.3333333333333335 2.4545454545454546 1.878787878787879 1.9090909090909092 1.4242424242424243 1.2727272727272727 2.787878787878788 3.0 2.8484848484848486 1.5151515151515151 2.3333333333333335 1.6363636363636365 1.7575757575757576 1.4242424242424243 1.9696969696969697 2.606060606060606 2.0606060606060606 1.4545454545454546 1.878787878787879 2.4545454545454546 2.393939393939394 1.3636363636363635 1.878787878787879
96 487.97314464191663 1.7575757575757576 1.4545454545454546 1.696969696969697 2.0 1.1515151515151516 1.5757575757575757 1.4343434343434343 1.5555555555555556 1.6363636363636365 1.2525252525252526 1.2727272727272727 0.9494949494949495 0.8484848484848485 1.8585858585858586 2.0 1.898989898989899 1.0101010101010102 1.5555555555555556 1.0909090909090908 1.1717171717171717 0.9494949494949495 1.3131313131313131 1.7373737373737375 1.3737373737373737 0.9696969696969697 1.2525252525252526 1.6363636363636365 1.595959595959596 0.9090909090909091 1.2525252525252526
97 134.45075689828002 2.6363636363636362 2.1818181818181817 2.5454545454545454 3.0 1.7272727272727273 2.3636363636363638 2.1515151515151514 2.3333333333333335 2.4545454545454546 1.878787878787879 1.9090909090909092 1.4242424242424243 1.2727272727272727 2.787878787878788 3.0 2.8484848484848486 1.5151515151515151 2.3333333333333335 1.6363636363636365 1.7575757575757576 1.4242424242424243 1.9696969696969697 2.606060606060606 2.0606060606060606 1.4545454545454546 1.878787878787879 2.4545454545454546 2.393939393939394 1.3636363636363635 1.878787878787879
98 92.16254672655441 2.6363636363636362 2.1818181818181817 2.5454545454545454 3.0 1.7272727272727273 2.3636363636363638 2.1515151515151514 2.3333333333333335 2.4545454545454546 1.878787878787879 1.9090909090909092 1.4242424242424243 1.2727272727272727 2.787878787878788 3.0 2.8484848484848486 1.5151515151515151 2.3333333333333335 1.6363636363636365 1.7575757575757576 1.4242424242424243 1.9696969696969697 2.606060606060606 2.0606060606060606 1.4545454545454546 1.878787878787879 2.4545454545454546 2.393939393939394 1.3636363636363635 1.878787878787879
99 119.55771177053566 2.6363636363636362 2.1818181818181817 2.5454545454545454 3.0 1.7272727272727273 2.3636363636363638 2.1515151515151514 2.3333333333333335 2.4545454545454546 1.878787878787879 1.9090909090909092 1.4242424242424243 1.2727272727272727 2.787878787878788 3.0 2.8484848484848486 1.5151515151515151 2.3333333333333335 1.6363636363636365 1.7575757575757576 1.4242424242424243 1.9696969696969697 2.606060606060606 2.0606060606060606 1.4545454545454546 1.878787878787879 2.4545454545454546 2.393939393939394 1.3636363636363635 1.878787878787879
100 56.65355560761661 1.7575757575757576 1.4545454545454546 1.696969696969697 2.0 1.1515151515151516 1.5757575757575757 1.4343434343434343 1.5555555555555556 1.6363636363636365 1.2525252525252526 1.2727272727272727 0.9494949494949495 0.8484848484848485 1.8585858585858586 2.0 1.898989898989899 1.0101010101010102 1.5555555555555556 1.0909090909090908 1.1717171717171717 0.9494949494949495 1.3131313131313131 1.7373737373737375 1.3737373737373737 0.9696969696969697 1.2525252525252526 1.6363636363636365 1.595959595959596 0.9090909090909091 1.2525252525252526
101 23.52011721679404 2.6363636363636362 2.1818181818181817 2.5454545454545454 3.0 1.7272727272727273 2.3636363636363638 2.1515151515151514 2.3333333333333335 2.4545454545454546 1.878787878787879 1.9090909090909092 1.4242424242424243 1.2727272727272727 2.787878787878788 3.0 2.8484848484848486 1.5151515151515151 2.3333333333333335 1.6363636363636365 1.7575757575757576 1.4242424242424243 1.9696969696969697 2.606060606060606 2.0606060606060606 1.4545454545454546 1.878787878787879 2.4545454545454546 2.393939393939394 1.3636363636363635 1.878787878787879
102 114.63042944347988 1.7575757575757576 1.4545454545454546 1.696969696969697 2.0 1.1515151515151516 1.5757575757575757 1.4343434343434343 1.5555555555555556 1.6363636363636365 1.2525252525252526 1.2727272727272727 0.9494949494949495 0.8484848484848485 1.8585858585858586 2.0 1.898989898989899 1.0101010101010102 1.5555555555555556 1.0909090909090908 1.1717171717171717 0.9494949494949495 1.3131313131313131 1.7373737373737375 1.3737373737373737 0.9696969696969697 1.2525252525252526 1.6363636363636365 1.595959595959596 0.9090909090909091 1.2525252525252526
103 357.2996151559637 1.7575757575757576 1.4545454545454546 1.696969696969697 2.0 1.1515151515151516 1.5757575757575757 1.4343434343434343 1.5555555555555556 1.6363636363636365 1.2525252525252526 1.2727272727272727 0.9494949494949495 0.8484848484848485 1.8585858585858586 2.0 1.898989898989899 1.0101010101010102 1.5555555555555556 1.0909090909090908 1.1717171717171717 0.9494949494949495 1.3131313131313131 1.7373737373737375 1.3737373737373737 0.9696969696969697 1.2525252525252526 1.6363636363636365 1.595959595959596 0.9090909090909091 1.2525252525252526
104 326.33866946157156 1.7575757575757576 1.4545454545454546 1.696969696969697 2.0 1.1515151515151516 1.5757575757575757 1.4343434343434343 1.5555555555555556 1.6363636363636365 1.2525252525252526 1.2727272727272727 0.9494949494949495 0.8484848484848485 1.8585858585858586 2.0 1.898989898989899 1.0101010101010102 1.5555555555555556 1.0909090909090908 1.1717171717171717 0.9494949494949495 1.3131313131313131 1.7373737373737375 1.3737373737373737 0.9696969696969697 1.2525252525252526 1.6363636363636365 1.595959595959596 0.9090909090909091 1.2525252525252526
105 134.66998370070155 2.6363636363636362 2.1818181818181817 2.5454545454545454 3.0 1.7272727272727273 2.3636363636363638 2.1515151515151514 2.3333333333333335 2.4545454545454546 1.878787878787879 1.9090909090909092 1.4242424242424243 1.2727272727272727 2.787878787878788 3.0 2.8484848484848486 1.5151515151515151 2.3333333333333335 1.6363636363636365 1.7575757575757576 1.4242424242424243 1.9696969696969697 2.606060606060606 2.0606060606060606 1.4545454545454546 1.878787878787879 2.4545454545454546 2.393939393939394 1.3636363636363635 1.878787878787879
106 208.10232912209585 2.6363636363636362 2.1818181818181817 2.5454545454545454 3.0 1.7272727272727273 2.3636363636363638 2.1515151515151514 2.3333333333333335 2.4545454545454546 1.878787878787879 1.9090909090909092 1.4242424242424243 1.2727272727272727 2.787878787878788 3.0 2.8484848484848486 1.5151515151515151 2.3333333333333335 1.6363636363636365 1.7575757575757576 1.4242424242424243 1.9696969696969697 2.606060606060606 2.0606060606060606 1.4545454545454546 1.878787878787879 2.4545454545454546 2.393939393939394 1.3636363636363635 1.878787878787879
107 272.8090410636834 2.6363636363636362 2.1818181818181817 2.5454545454545454 3.0 1.7272727272727273 2.3636363636363638 2.1515151515151514 2.3333333333333335 2.4545454545454546 1.878787878787879 1.9090909090909092 1.4242424242424243 1.2727272727272727 2.787878787878788 3.0 2.8484848484848486 1.5151515151515151 2.3333333333333335 1.6363636363636365 1.7575757575757576 1.4242424242424243 1.9696969696969697 2.606060606060606 2.0606060606060606 1.4545454545454546 1.878787878787879 2.4545454545454546 2.393939393939394 1.3636363636363635 1.878787878787879
108 151.36418328594178 2.6363636363636362 2.1818181818181817 2.5454545454545454 3.0 1.7272727272727273 2.3636363636363638 2.1515151515151514 2.3333333333333335 2.4545454545454546 1.878787878787879 1.9090909090909092 1.4242424242424243 1.2727272727272727 2.787878787878788 3.0 2.8484848484848486 1.5151515151515151 2.3333333333333335 1.6363636363636365 1.7575757575757576 1.4242424242424243 1.9696969696969697 2.606060606060606 2.0606060606060606 1.4545454545454546 1.878787878787879 2.4545454545454546 2.393939393939394 1.3636363636363635 1.878787878787879
109 248.63834221298907 1.7575757575757576 1.4545454545454546 1.696969696969697 2.0 1.1515151515151516 1.5757575757575757 1.4343434343434343 1.5555555555555556 1.6363636363636365 1.2525252525252526 1.2727272727272727 0.9494949494949495 0.8484848484848485 1.8585858585858586 2.0 1.898989898989899 1.0101010101010102 1.5555555555555556 1.0909090909090908 1.1717171717171717 0.9494949494949495 1.3131313131313131 1.7373737373737375 1.3737373737373737 0.9696969696969697 1.2525252525252526 1.6363636363636365 1.595959595959596 0.9090909090909091 1.2525252525252526
110 242.285073985797 2.6363636363636362 2.1818181818181817 2.5454545454545454 3.0 1.7272727272727273 2.3636363636363638 2.1515151515151514 2.3333333333333335 2.4545454545454546 1.878787878787879 1.9090909090909092 1.4242424242424243 1.2727272727272727 2.787878787878788 3.0 2.8484848484848486 1.5151515151515151 2.3333333333333335 1.6363636363636365 1.7575757575757576 1.4242424242424243 1.9696969696969697 2.606060606060606 2.0606060606060606 1.4545454545454546 1.878787878787879 2.4545454545454546 2.393939393939394 1.3636363636363635 1.878787878787879
111 25.33687608895174 1.7575757575757576 1.4545454545454546 1.696969696969697 2.0 1.1515151515151516 1.5757575757575757 1.4343434343434343 1.5555555555555556 1.6363636363636365 1.2525252525252526 1.2727272727272727 0.9494949494949495 0.8484848484848485 1.8585858585858586 2.0 1.898989898989899 1.0101010101010102 1.5555555555555556 1.0909090909090908 1.1717171717171717 0.9494949494949495 1.3131313131313131 1.7373737373737375 1.3737373737373737 0.9696969696969697 1.2525252525252526 1.6363636363636365 1.595959595959596 0.9090909090909091 1.2525252525252526
112 145.60332595541053 2.6363636363636362 2.1818181818181817 2.5454545454545454 3.0 1.7272727272727273 2.3636363636363638 2.1515151515151514 2.3333333333333335 2.4545454545454546 1.878787878787879 1.9090909090909092 1.4242424242424243 1.2727272727272727 2.787878787878788 3.0 2.8484848484848486 1.5151515151515151 2.3333333333333335 1.6363636363636365 1.7575757575757576 1.4242424242424243 1.9696969696969697 2.606060606060606 2.0606060606060606 1.4545454545454546 1.878787878787879 2.4545454545454546 2.393939393939394 1.3636363636363635 1.878787878787879
113 187.65100992483042 1.7575757575757576 1.4545454545454546 1.696969696969697 2.0 1.1515151515151516 1.5757575757575757 1.4343434343434343 1.5555555555555556 1.6363636363636365 1.2525252525252526 1.2727272727272727 0.9494949494949495 0.8484848484848485 1.8585858585858586 2.0 1.898989898989899 1.0101010101010102 1.5555555555555556 1.0909090909090908 1.1717171717171717 0.9494949494949495 1.3131313131313131 1.7373737373737375 1.3737373737373737 0.9696969696969697 1.2525252525252526 1.6363636363636365 1.595959595959596 0.9090909090909091 1.2525252525252526
114 398.5029836207993 1.7575757575757576 1.4545454545454546 1.696969696969697 2.0 1.1515151515151516 1.5757575757575757 1.4343434343434343 1.5555555555555556 1.6363636363636365 1.2525252525252526 1.2727272727272727 0.9494949494949495 0.8484848484848485 1.8585858585858586 2.0 1.898989898989899 1.0101010101010102 1.5555555555555556 1.0909090909090908 1.1717171717171717 0.9494949494949495 1.3131313131313131 1.7373737373737375 1.3737373737373737 0.9696969696969697 1.2525252525252526 1.6363636363636365 1.595959595959596 0.9090909090909091 1.2525252525252526
115 322.0873257880033 1.7575757575757576 1.4545454545454546 1.696969696969697 2.0 1.1515151515151516 1.5757575757575757 1.4343434343434343 1.5555555555555556 1.6363636363636365 1.2525252525252526 1.2727272727272727 0.9494949494949495 0.8484848484848485 1.8585858585858586 2.0 1.898989898989899 1.0101010101010102 1.5555555555555556 1.0909090909090908 1.1717171717171717 0.9494949494949495 1.3131313131313131 1.7373737373737375 1.3737373737373737 0.9696969696969697 1.2525252525252526 1.6363636363636365 1.595959595959596 0.9090909090909091 1.2525252525252526
116 135.1683835517068 1.7575757575757576 1.4545454545454546 1.696969696969697 2.0 1.1515151515151516 1.5757575757575757 1.4343434343434343 1.5555555555555556 1.6363636363636365 1.2525252525252526 1.2727272727272727 0.9494949494949495 0.8484848484848485 1.8585858585858586 2.0 1.898989898989899 1.0101010101010102 1.5555555555555556 1.0909090909090908 1.1717171717171717 0.9494949494949495 1.3131313131313131 1.7373737373737375 1.3737373737373737 0.9696969696969697 1.2525252525252526 1.6363636363636365 1.595959595959596 0.9090909090909091 1.2525252525252526
117 422.22552019052216 2.6363636363636362 2.1818181818181817 2.5454545454545454 3.0 1.7272727272727273 2.3636363636363638 2.1515151515151514 2.3333333333333335 2.4545454545454546 1.878787878787879 1.9090909090909092 1.4242424242424243 1.2727272727272727 2.787878787878788 3.0 2.8484848484848486 1.5151515151515151 2.3333333333333335 1.6363636363636365 1.7575757575757576 1.4242424242424243 1.9696969696969697 2.606060606060606 2.0606060606060606 1.4545454545454546 1.878787878787879 2.4545454545454546 2.393939393939394 1.3636363636363635 1.878787878787879
118 449.2924943213789 1.7575757575757576 1.4545454545454546 1.696969696969697 2.0 1.1515151515151516 1.5757575757575757 1.4343434343434343 1.5555555555555556 1.6363636363636365 1.2525252525252526 1.2727272727272727 0.9494949494949495 0.8484848484848485 1.8585858585858586 2.0 1.898989898989899 1.0101010101010102 1.5555555555555556 1.0909090909090908 1.1717171717171717 0.9494949494949495 1.3131313131313131 1.7373737373737375 1.3737373737373737 0.9696969696969697 1.2525252525252526 1.6363636363636365 1.595959595959596 0.9090909090909091 1.2525252525252526
119 60.86475094249218 2.6363636363636362 2.1818181818181817 2.5454545454545454 3.0 1.7272727272727273 2.3636363636363638 2.1515151515151514 2.3333333333333335 2.4545454545454546 1.878787878787879 1.9090909090909092 1.4242424242424243 1.2727272727272727 2.787878787878788 3.0 2.8484848484848486 1.5151515151515151 2.3333333333333335 1.6363636363636365 1.7575757575757576 1.4242424242424243 1.9696969696969697 2.606060606060606 2.0606060606060606 1.4545454545454546 1.878787878787879 2.4545454545454546 2.393939393939394 1.3636363636363635 1.878787878787879
120 205.42437534375026 2.6363636363636362 2.1818181818181817 2.5454545454545454 3.0 1.7272727272727273 2.3636363636363638 2.1515151515151514 2.3333333333333335 2.4545454545454546 1.878787878787879 1.9090909090909092 1.4242424242424243 1.2727272727272727 2.787878787878788 3.0 2.8484848484848486 1.5151515151515151 2.3333333333333335 1.6363636363636365 1.7575757575757576 1.4242424242424243 1.9696969696969697 2.606060606060606 2.0606060606060606 1.4545454545454546 1.878787878787879 2.4545454545454546 2.393939393939394 1.3636363636363635 1.878787878787879
121 247.73630677275733 1.7575757575757576 1.4545454545454546 1.696969696969697 2.0 1.1515151515151516 1.5757575757575757 1.4343434343434343 1.5555555555555556 1.6363636363636365 1.2525252525252526 1.2727272727272727 0.9494949494949495 0.8484848484848485 1.8585858585858586 2.0 1.898989898989899 1.0101010101010102 1.5555555555555556 1.0909090909090908 1.1717171717171717 0.9494949494949495 1.3131313131313131 1.7373737373737375 1.3737373737373737 0.9696969696969697 1.2525252525252526 1.6363636363636365 1.595959595959596 0.9090909090909091 1.2525252525252526
122 80.57453827627918 2.6363636363636362 2.1818181818181817 2.5454545454545454 3.0 1.7272727272727273 2.3636363636363638 2.1515151515151514 2.3333333333333335 2.4545454545454546 1.878787878787879 1.9090909090909092 1.4242424242424243 1.2727272727272727 2.787878787878788 3.0 2.8484848484848486 1.5151515151515151 2.3333333333333335 1.6363636363636365 1.7575757575757576 1.4242424242424243 1.9696969696969697 2.606060606060606 2.0606060606060606 1.4545454545454546 1.878787878787879 2.4545454545454546 2.393939393939394 1.3636363636363635 1.878787878787879
123 265.138252451931 1.7575757575757576 1.4545454545454546 1.696969696969697 2.0 1.1515151515151516 1.5757575757575757 1.4343434343434343 1.5555555555555556 1.6363636363636365 1.2525252525252526 1.2727272727272727 0.9494949494949495 0.8484848484848485 1.8585858585858586 2.0 1.898989898989899 1.0101010101010102 1.5555555555555556 1.0909090909090908 1.1717171717171717 0.9494949494949495 1.3131313131313131 1.7373737373737375 1.3737373737373737 0.9696969696969697 1.2525252525252526 1.6363636363636365 1.595959595959596 0.9090909090909091 1.2525252525252526
124 133.50486478596207 1.7575757575757576 1.4545454545454546 1.696969696969697 2.0 1.1515151515151516 1.5757575757575757 1.4343434343434343 1.5555555555555556 1.6363636363636365 1.2525252525252526 1.2727272727272727 0.9494949494949495 0.8484848484848485 1.8585858585858586 2.0 1.898989898989899 1.0101010101010102 1.5555555555555556 1.0909090909090908 1.1717171717171717 0.9494949494949495 1.3131313131313131 1.7373737373737375 1.3737373737373737 0.9696969696969697 1.2525252525252526 1.6363636363636365 1.595959595959596 0.9090909090909091 1.2525252525252526
125 235.53599194537213 2.6363636363636362 2.1818181818181817 2.5454545454545454 3.0 1.7272727272727273 2.3636363636363638 2.1515151515151514 2.3333333333333335 2.4545454545454546 1.878787878787879 1.9090909090909092 1.4242424242424243 1.2727272727272727 2.787878787878788 3.0 2.8484848484848486 1.5151515151515151 2.3333333333333335 1.6363636363636365 1.7575757575757576 1.4242424242424243 1.9696969696969697 2.606060606060606 2.0606060606060606 1.4545454545454546 1.878787878787879 2.4545454545454546 2.393939393939394 1.3636363636363635 1.878787878787879
126 161.06938917698858 1.7575757575757576 1.4545454545454546 1.696969696969697 2.0 1.1515151515151516 1.5757575757575757 1.4343434343434343 1.5555555555555556 1.6363636363636365 1.2525252525252526 1.2727272727272727 0.9494949494949495 0.8484848484848485 1.8585858585858586 2.0 1.898989898989899 1.0101010101010102 1.5555555555555556 1.0909090909090908 1.1717171717171717 0.9494949494949495 1.3131313131313131 1.7373737373737375 1.3737373737373737 0.9696969696969697 1.2525252525252526 1.6363636363636365 1.595959595959596 0.9090909090909091 1.2525252525252526
127 66.70728828225462 2.6363636363636362 2.1818181818181817 2.5454545454545454 3.0 1.7272727272727273 2.3636363636363638 2.1515151515151514 2.3333333333333335 2.4545454545454546 1.878787878787879 1.9090909090909092 1.4242424242424243 1.2727272727272727 2.787878787878788 3.0 2.8484848484848486 1.5151515151515151 2.3333333333333335 1.6363636363636365 1.7575757575757576 1.4242424242424243 1.9696969696969697 2.606060606060606 2.0606060606060606 1.4545454545454546 1.878787878787879 2.4545454545454546 2.393939393939394 1.3636363636363635 1.878787878787879
128 63.34245655633936 1.7575757575757576 1.4545454545454546 1.696969696969697 2.0 1.1515151515151516 1.5757575757575757 1.4343434343434343 1.5555555555555556 1.6363636363636365 1.2525252525252526 1.2727272727272727 0.9494949494949495 0.8484848484848485 1.8585858585858586 2.0 1.898989898989899 1.0101010101010102 1.5555555555555556 1.0909090909090908 1.1717171717171717 0.9494949494949495 1.3131313131313131 1.7373737373737375 1.3737373737373737 0.9696969696969697 1.2525252525252526 1.6363636363636365 1.595959595959596 0.9090909090909091 1.2525252525252526
129 80.6530660496683 1.7575757575757576 1.4545454545454546 1.696969696969697 2.0 1.1515151515151516 1.5757575757575757 1.4343434343434343 1.5555555555555556 1.6363636363636365 1.2525252525252526 1.2727272727272727 0.9494949494949495 0.8484848484848485 1.8585858585858586 2.0 1.898989898989899 1.0101010101010102 1.5555555555555556 1.0909090909090908 1.1717171717171717 0.9494949494949495 1.3131313131313131 1.7373737373737375 1.3737373737373737 0.9696969696969697 1.2525252525252526 1.6363636363636365 1.595959595959596 0.9090909090909091 1.2525252525252526
130 98.913418079357 1.7575757575757576 1.4545454545454546 1.696969696969697 2.0 1.1515151515151516 1.5757575757575757 1.4343434343434343 1.5555555555555556 1.6363636363636365 1.2525252525252526 1.2727272727272727 0.9494949494949495 0.8484848484848485 1.8585858585858586 2.0 1.898989898989899 1.0101010101010102 1.5555555555555556 1.0909090909090908 1.1717171717171717 0.9494949494949495 1.3131313131313131 1.7373737373737375 1.3737373737373737 0.9696969696969697 1.2525252525252526 1.6363636363636365 1.595959595959596 0.9090909090909091 1.2525252525252526
131 183.19021553251744 2.6363636363636362 2.1818181818181817 2.5454545454545454 3.0 1.7272727272727273 2.3636363636363638 2.1515151515151514 2.3333333333333335 2.4545454545454546 1.878787878787879 1.9090909090909092 1.4242424242424243 1.2727272727272727 2.787878787878788 3.0 2.8484848484848486 1.5151515151515151 2.3333333333333335 1.6363636363636365 1.7575757575757576 1.4242424242424243 1.9696969696969697 2.606060606060606 2.0606060606060606 1.4545454545454546 1.878787878787879 2.4545454545454546 2.393939393939394 1.3636363636363635 1.878787878787879
132 241.6432132128715 1.7575757575757576 1.4545454545454546 1.696969696969697 2.0 1.1515151515151516 1.5757575757575757 1.4343434343434343 1.5555555555555556 1.6363636363636365 1.2525252525252526 1.2727272727272727 0.9494949494949495 0.8484848484848485 1.8585858585858586 2.0 1.898989898989899 1.0101010101010102 1.5555555555555556 1.0909090909090908 1.1717171717171717 0.9494949494949495 1.3131313131313131 1.7373737373737375 1.3737373737373737 0.9696969696969697 1.2525252525252526 1.6363636363636365 1.595959595959596 0.9090909090909091 1.2525252525252526
133 199.50454607466372 1.7575757575757576 1.4545454545454546 1.696969696969697 2.0 1.1515151515151516 1.5757575757575757 1.4343434343434343 1.5555555555555556 1.6363636363636365 1.2525252525252526 1.2727272727272727 0.9494949494949495 0.8484848484848485 1.8585858585858586 2.0 1.898989898989899 1.0101010101010102 1.5555555555555556 1.0909090909090908 1.1717171717171717 0.9494949494949495 1.3131313131313131 1.7373737373737375 1.3737373737373737 0.9696969696969697 1.2525252525252526 1.6363636363636365 1.595959595959596 0.9090909090909091 1.2525252525252526
134 171.31587400634135 2.6363636363636362 2.1818181818181817 2.5454545454545454 3.0 1.7272727272727273 2.3636363636363638 2.1515151515151514 2.3333333333333335 2.4545454545454546 1.878787878787879 1.9090909090909092 1.4242424242424243 1.2727272727272727 2.787878787878788 3.0 2.8484848484848486 1.5151515151515151 2.3333333333333335 1.6363636363636365 1.7575757575757576 1.4242424242424243 1.9696969696969697 2.606060606060606 2.0606060606060606 1.4545454545454546 1.878787878787879 2.4545454545454546 2.393939393939394 1.3636363636363635 1.878787878787879
135 396.8142125759664 2.6363636363636362 2.1818181818181817 2.5454545454545454 3.0 1.7272727272727273 2.3636363636363638 2.1515151515151514 2.3333333333333335 2.4545454545454546 1.878787878787879 1.9090909090909092 1.4242424242424243 1.2727272727272727 2.787878787878788 3.0 2.8484848484848486 1.5151515151515151 2.3333333333333335 1.6363636363636365 1.7575757575757576 1.4242424242424243 1.9696969696969697 2.606060606060606 2.0606060606060606 1.4545454545454546 1.878787878787879 2.4545454545454546 2.393939393939394 1.3636363636363635 1.878787878787879
136 222.11843400871425 2.6363636363636362 2.1818181818181817 2.5454545454545454 3.0 1.7272727272727273 2.3636363636363638 2.1515151515151514 2.3333333333333335 2.4545454545454546 1.878787878787879 1.9090909090909092 1.4242424242424243 1.2727272727272727 2.787878787878788 3.0 2.8484848484848486 1.5151515151515151 2.3333333333333335 1.6363636363636365 1.7575757575757576 1.4242424242424243 1.9696969696969697 2.606060606060606 2.0606060606060606 1.4545454545454546 1.878787878787879 2.4545454545454546 2.393939393939394 1.3636363636363635 1.878787878787879
137 244.49079404566547 1.7575757575757576 1.4545454545454546 1.696969696969697 2.0 1.1515151515151516 1.5757575757575757 1.4343434343434343 1.5555555555555556 1.6363636363636365 1.2525252525252526 1.2727272727272727 0.9494949494949495 0.8484848484848485 1.8585858585858586 2.0 1.898989898989899 1.0101010101010102 1.5555555555555556 1.0909090909090908 1.1717171717171717 0.9494949494949495 1.3131313131313131 1.7373737373737375 1.3737373737373737 0.9696969696969697 1.2525252525252526 1.6363636363636365 1.595959595959596 0.9090909090909091 1.2525252525252526
138 68.88675882027673 1.7575757575757576 1.4545454545454546 1.696969696969697 2.0 1.1515151515151516 1.5757575757575757 1.4343434343434343 1.5555555555555556 1.6363636363636365 1.2525252525252526 1.2727272727272727 0.9494949494949495 0.8484848484848485 1.8585858585858586 2.0 1.898989898989899 1.0101010101010102 1.5555555555555556 1.0909090909090908 1.1717171717171717 0.9494949494949495 1.3131313131313131 1.7373737373737375 1.3737373737373737 0.9696969696969697 1.2525252525252526 1.6363636363636365 1.595959595959596 0.9090909090909091 1.2525252525252526
139 244.68832343206586 1.7575757575757576 1.4545454545454546 1.696969696969697 2.0 1.1515151515151516 1.5757575757575757 1.4343434343434343 1.5555555555555556 1.6363636363636365 1.2525252525252526 1.2727272727272727 0.9494949494949495 0.8484848484848485 1.8585858585858586 2.0 1.898989898989899 1.0101010101010102 1.5555555555555556 1.0909090909090908 1.1717171717171717 0.9494949494949495 1.3131313131313131 1.7373737373737375 1.3737373737373737 0.9696969696969697 1.2525252525252526 1.6363636363636365 1.595959595959596 0.9090909090909091 1.2525252525252526
140 67.72096913378115 1.7575757575757576 1.4545454545454546 1.696969696969697 2.0 1.1515151515151516 1.5757575757575757 1.4343434343434343 1.5555555555555556 1.6363636363636365 1.2525252525252526 1.2727272727272727 0.9494949494949495 0.8484848484848485 1.8585858585858586 2.0 1.898989898989899 1.0101010101010102 1.5555555555555556 1.0909090909090908 1.1717171717171717 0.9494949494949495 1.3131313131313131 1.7373737373737375 1.3737373737373737 0.9696969696969697 1.2525252525252526 1.6363636363636365 1.595959595959596 0.9090909090909091 1.2525252525252526
141 116.42480150329736 2.6363636363636362 2.1818181818181817 2.5454545454545454 3.0 1.7272727272727273 2.3636363636363638 2.1515151515151514 2.3333333333333335 2.4545454545454546 1.878787878787879 1.9090909090909092 1.4242424242424243 1.2727272727272727 2.787878787878788 3.0 2.8484848484848486 1.5151515151515151 2.3333333333333335 1.6363636363636365 1.7575757575757576 1.4242424242424243 1.9696969696969697 2.606060606060606 2.0606060606060606 1.4545454545454546 1.878787878787879 2.4545454545454546 2.393939393939394 1.3636363636363635 1.878787878787879
142 397.0 1.7575757575757576 1.4545454545454546 1.696969696969697 2.0 1.1515151515151516 1.5757575757575757 1.4343434343434343 1.5555555555555556 1.6363636363636365 1.2525252525252526 1.2727272727272727 0.9494949494949495 0.8484848484848485 1.8585858585858586 2.0 1.898989898989899 1.0101010101010102 1.5555555555555556 1.0909090909090908 1.1717171717171717 0.9494949494949495 1.3131313131313131 1.7373737373737375 1.3737373737373737 0.9696969696969697 1.2525252525252526 1.6363636363636365 1.595959595959596 0.9090909090909091 1.2525252525252526
143 16.889793311249758 2.6363636363636362 2.1818181818181817 2.5454545454545454 3.0 1.7272727272727273 2.3636363636363638 2.1515151515151514 2.3333333333333335 2.4545454545454546 1.878787878787879 1.9090909090909092 1.4242424242424243 1.2727272727272727 2.787878787878788 3.0 2.8484848484848486 1.5151515151515151 2.3333333333333335 1.6363636363636365 1.7575757575757576 1.4242424242424243 1.9696969696969697 2.606060606060606 2.0606060606060606 1.4545454545454546 1.878787878787879 2.4545454545454546 2.393939393939394 1.3636363636363635 1.878787878787879
144 1021.0 1.7575757575757576 1.4545454545454546 1.696969696969697 2.0 1.1515151515151516 1.5757575757575757 1.4343434343434343 1.5555555555555556 1.6363636363636365 1.2525252525252526 1.2727272727272727 0.9494949494949495 0.8484848484848485 1.8585858585858586 2.0 1.898989898989899 1.0101010101010102 1.5555555555555556 1.0909090909090908 1.1717171717171717 0.9494949494949495 1.3131313131313131 1.7373737373737375 1.3737373737373737 0.9696969696969697 1.2525252525252526 1.6363636363636365 1.595959595959596 0.9090909090909091 1.2525252525252526
145 70.8114857816793 1.7575757575757576 1.4545454545454546 1.696969696969697 2.0 1.1515151515151516 1.5757575757575757 1.4343434343434343 1.5555555555555556 1.6363636363636365 1.2525252525252526 1.2727272727272727 0.9494949494949495 0.8484848484848485 1.8585858585858586 2.0 1.898989898989899 1.0101010101010102 1.5555555555555556 1.0909090909090908 1.1717171717171717 0.9494949494949495 1.3131313131313131 1.7373737373737375 1.3737373737373737 0.9696969696969697 1.2525252525252526 1.6363636363636365 1.595959595959596 0.9090909090909091 1.2525252525252526
146 124.51188171715914 2.6363636363636362 2.1818181818181817 2.5454545454545454 3.0 1.7272727272727273 2.3636363636363638 2.1515151515151514 2.3333333333333335 2.4545454545454546 1.878787878787879 1.9090909090909092 1.4242424242424243 1.2727272727272727 2.787878787878788 3.0 2.8484848484848486 1.5151515151515151 2.3333333333333335 1.6363636363636365 1.7575757575757576 1.4242424242424243 1.9696969696969697 2.606060606060606 2.0606060606060606 1.4545454545454546 1.878787878787879 2.4545454545454546 2.393939393939394 1.3636363636363635 1.878787878787879
147 142.5182802901219 2.6363636363636362 2.1818181818181817 2.5454545454545454 3.0 1.7272727272727273 2.3636363636363638 2.1515151515151514 2.3333333333333335 2.4545454545454546 1.878787878787879 1.9090909090909092 1.4242424242424243 1.2727272727272727 2.787878787878788 3.0 2.8484848484848486 1.5151515151515151 2.3333333333333335 1.6363636363636365 1.7575757575757576 1.4242424242424243 1.9696969696969697 2.606060606060606 2.0606060606060606 1.4545454545454546 1.878787878787879 2.4545454545454546 2.393939393939394 1.3636363636363635 1.878787878787879
148 228.20774797874233 1.7575757575757576 1.4545454545454546 1.696969696969697 2.0 1.1515151515151516 1.5757575757575757 1.4343434343434343 1.5555555555555556 1.6363636363636365 1.2525252525252526 1.2727272727272727 0.9494949494949495 0.8484848484848485 1.8585858585858586 2.0 1.898989898989899 1.0101010101010102 1.5555555555555556 1.0909090909090908 1.1717171717171717 0.9494949494949495 1.3131313131313131 1.7373737373737375 1.3737373737373737 0.9696969696969697 1.2525252525252526 1.6363636363636365 1.595959595959596 0.9090909090909091 1.2525252525252526
149 248.788852458067 2.6363636363636362 2.1818181818181817 2.5454545454545454 3.0 1.7272727272727273 2.3636363636363638 2.1515151515151514 2.3333333333333335 2.4545454545454546 1.878787878787879 1.9090909090909092 1.4242424242424243 1.2727272727272727 2.787878787878788 3.0 2.8484848484848486 1.5151515151515151 2.3333333333333335 1.6363636363636365 1.7575757575757576 1.4242424242424243 1.9696969696969697 2.606060606060606 2.0606060606060606 1.4545454545454546 1.878787878787879 2.4545454545454546 2.393939393939394 1.3636363636363635 1.878787878787879
