80 20
TREE NETWORK (nID nID Weight):
16 0 35
77 16 31
23 77 32
6 0 48
59 23 40
33 16 57
1 59 47
56 0 53
69 0 32
63 69 52
20 33 39
60 1 53
57 59 43
9 56 39
4 9 44
41 57 55
70 33 38
5 9 35
67 9 42
35 60 38
55 9 42
24 60 34
53 5 49
12 16 41
25 16 56
44 41 57
17 33 40
10 41 30
47 35 49
50 53 43
42 6 36
68 0 34
71 69 48
65 5 48
61 4 51
32 5 39
40 41 54
3 17 48
39 63 45
46 4 48
2 65 50
21 35 43
75 24 43
29 40 59
18 55 45
26 41 31
22 21 45
15 22 49
73 12 41
66 77 54
27 26 42
31 60 51
64 26 32
76 29 40
51 41 49
36 68 34
52 9 40
11 44 57
13 56 55
79 25 48
45 56 30
8 31 47
72 21 50
28 68 34
7 61 46
38 69 47
14 45 47
78 20 39
37 26 53
34 41 35
19 2 50
30 46 34
74 18 46
54 72 31
43 40 39
58 55 31
49 47 39
62 43 33
48 58 38
PROGRAMS ASSIGNED TO NODES (nID pID1 pID2 ...):
0 1 2 3 4 5 6 7 8 9 10 11 12 13 14 15 16 17 18 19 20
1 1 2 3 4 5 6 7 9 10 11 13 14 16 17 18 19 20
2 2 5 6
3 1 2 4 6 7 8 9 10 12 13 14 15 16 18 19 20
4 1 2 3 4 7 8 9 10 12 13 14 15 18 20
5 16 18 2 3 19 20 5 8 9 13 14 15
6 1 2 3 4 5 7 8 9 10 11 12 13 14 15 17 19 20
7 16 1 5 6 14
8 2 14
9 2 15
10 1 18 2 19
11 17 2 4 20 5 8 9 11 12 13
12 16 18 19 3 4 5 7 8 14
13 1 2 3 4 5 7 8 9 13 14 15 16 17 18 19
14 3 4 5 10
15 3 4 5 6 8 9 10 12 13 14 16 17 18 19 20
16 3 5 6 7 8 10 12 13 14 15 16 17 19 20
17 1 17 18 4 10 12 14
19 3 6
20 17 18 5 6 9 11 15
21 18 5
22 16 18 2 3 5 6 8 10 13 14
23 1 2 3 4 6 7 8 9 10 11 13 14 15 16 17 18 19 20
24 1 2 4 5 6 7 9 10 11 12 14 16 18 19 20
25 1 2 3 5 6 7 8 9 10 11 12 13 14 15 16 17 18 19 20
26 1 19 20 5 8 10 12 13 15
27 1 2 3 4 5 6 7 8 9 11 12 13 14 15 16 17 18 19 20
28 16 17 2 4 20 5 6 10 11
29 17 2 19 20 9 10 12 13
30 1 2 3 4 5 6 7 8 9 10 11 14 15 16 17 18 19 20
31 1 2 3 4 6 10 11 12 13 15 16 18 20
32 16 18 3 19 20 5 6 10 11
33 16 17 1 3 4 6 9 12 15
34 16 19 5 6 7 8 9 12 13 15
35 1 3 4 5 6 7 8 9 10 11 12 14 15 16 17 18 19 20
36 1 2 3 4 5 6 7 8 10 11 12 13 14 15 18 19
37 1 2 3 4 6 7 9 11 12 13 14 15 16 17 19
38 16 1 17 2 3 19 4 5 6 7 10
39 20 4 5 6
40 1 2 3 4 6 8 9 10 11 13 14 15 17 18 19 20
41 16 17 1 2 19 12 13 15
42 1 2 3 4 6 7 8 9 10 11 12 13 14 15 16 17 18 19 20
43 8 10 11
45 7
46 1 2 4 5 7 8 11 12 13 14 15 17 18 19 20
47 19 7 8
48 16 17 19 20 5 6 9 13 15
49 1 2 3 4 5 6 7 8 10 11 12 13 14 15 16 17 18 19 20
50 16 18
51 2
52 16 2 18 4 8 11 12
53 1
54 6
55 2 4 6 7 8 9 10 11 12 13 14 15 16 17 19 20
56 1 2 4 5 6 7 8 9 11 12 14 15 17 18 20
57 17 2 7 11 12 13 15
58 17 2 18 13 14 15
59 1 3 5 6 7 8 9 10 12 13 14 15 17 18 19 20
60 16 6 7
61 17 1 2 20 8 12
62 17 2 3 19 20 7
63 1 4 5 7 9 11 12 13 14 15 16 17 18 20
64 1 4 5 9 10 11 15
65 20 5
66 17 2 18 19 3 20 4 8 10 11 12 14
67 16 1 18 20 6 9 10 11 14 15
68 14
69 18 19 20 11 13 15
70 16 1 18 19 8 11 13 14 15
71 16 20 4 10 12 14
72 2 3 4 5 6 8 10 12 13 14 15 16 19 20
73 8
74 1 18 2 3 19 4 20 15
75 1 2 3 4 6 7 8 9 10 11 12 13 14 16 17 18 20
76 1 17 2 6
77 1 18 20 8 10 11
78 1 2 3 5 6 7 8 11 14 15 16 17 19 20
79 2 3 6 7 9 10 11 12 13 15 17 18 19 20
SIZE OF PROGRAMS (pID SIZE):
1 97.0
2 43.0
3 58.0
4 75.0
5 85.0
6 87.0
7 56.0
8 48.0
9 51.0
10 62.0
11 98.0
12 71.0
13 59.0
14 85.0
15 61.0
16 43.0
17 95.0
18 70.0
19 56.0
20 90.0
COST TO INSTALL SERVERS AND PROGRAMS ON NODES (COST_TO_INSTALL_SERVER COST_TO_INSTALL_pID1 ...):
0 3836.734693877551 1.9795918367346939 0.8775510204081632 1.183673469387755 1.530612244897959 1.7346938775510203 1.7755102040816326 1.1428571428571428 0.9795918367346939 1.0408163265306123 1.2653061224489797 2.0 1.4489795918367347 1.2040816326530612 1.7346938775510203 1.2448979591836735 0.8775510204081632 1.9387755102040816 1.4285714285714286 1.1428571428571428 1.836734693877551
1 142.9874664878665 1.9795918367346939 0.8775510204081632 1.183673469387755 1.530612244897959 1.7346938775510203 1.7755102040816326 1.1428571428571428 0.9795918367346939 1.0408163265306123 1.2653061224489797 2.0 1.4489795918367347 1.2040816326530612 1.7346938775510203 1.2448979591836735 0.8775510204081632 1.9387755102040816 1.4285714285714286 1.1428571428571428 1.836734693877551
2 21.181401512468945 2.9693877551020407 1.316326530612245 1.7755102040816326 2.295918367346939 2.6020408163265305 2.663265306122449 1.7142857142857142 1.469387755102041 1.5612244897959184 1.8979591836734695 3.0 2.173469387755102 1.8061224489795917 2.6020408163265305 1.8673469387755102 1.316326530612245 2.9081632653061225 2.142857142857143 1.7142857142857142 2.7551020408163267
3 159.6298988576632 1.9795918367346939 0.8775510204081632 1.183673469387755 1.530612244897959 1.7346938775510203 1.7755102040816326 1.1428571428571428 0.9795918367346939 1.0408163265306123 1.2653061224489797 2.0 1.4489795918367347 1.2040816326530612 1.7346938775510203 1.2448979591836735 0.8775510204081632 1.9387755102040816 1.4285714285714286 1.1428571428571428 1.836734693877551
4 60.84770277732182 1.9795918367346939 0.8775510204081632 1.183673469387755 1.530612244897959 1.7346938775510203 1.7755102040816326 1.1428571428571428 0.9795918367346939 1.0408163265306123 1.2653061224489797 2.0 1.4489795918367347 1.2040816326530612 1.7346938775510203 1.2448979591836735 0.8775510204081632 1.9387755102040816 1.4285714285714286 1.1428571428571428 1.836734693877551
5 111.63069237417464 1.9795918367346939 0.8775510204081632 1.183673469387755 1.530612244897959 1.7346938775510203 1.7755102040816326 1.1428571428571428 0.9795918367346939 1.0408163265306123 1.2653061224489797 2.0 1.4489795918367347 1.2040816326530612 1.7346938775510203 1.2448979591836735 0.8775510204081632 1.9387755102040816 1.4285714285714286 1.1428571428571428 1.836734693877551
6 526.0 2.9693877551020407 1.316326530612245 1.7755102040816326 2.295918367346939 2.6020408163265305 2.663265306122449 1.7142857142857142 1.469387755102041 1.5612244897959184 1.8979591836734695 3.0 2.173469387755102 1.8061224489795917 2.6020408163265305 1.8673469387755102 1.316326530612245 2.9081632653061225 2.142857142857143 1.7142857142857142 2.7551020408163267
7 32.87207986834887 1.9795918367346939 0.8775510204081632 1.183673469387755 1.530612244897959 1.7346938775510203 1.7755102040816326 1.1428571428571428 0.9795918367346939 1.0408163265306123 1.2653061224489797 2.0 1.4489795918367347 1.2040816326530612 1.7346938775510203 1.2448979591836735 0.8775510204081632 1.9387755102040816 1.4285714285714286 1.1428571428571428 1.836734693877551
8 42.443468062219026 1.9795918367346939 0.8775510204081632 1.183673469387755 1.530612244897959 1.7346938775510203 1.7755102040816326 1.1428571428571428 0.9795918367346939 1.0408163265306123 1.2653061224489797 2.0 1.4489795918367347 1.2040816326530612 1.7346938775510203 1.2448979591836735 0.8775510204081632 1.9387755102040816 1.4285714285714286 1.1428571428571428 1.836734693877551
9 54.576754542873026 2.9693877551020407 1.316326530612245 1.7755102040816326 2.295918367346939 2.6020408163265305 2.663265306122449 1.7142857142857142 1.469387755102041 1.5612244897959184 1.8979591836734695 3.0 2.173469387755102 1.8061224489795917 2.6020408163265305 1.8673469387755102 1.316326530612245 2.9081632653061225 2.142857142857143 1.7142857142857142 2.7551020408163267
10 68.93496755026766 2.9693877551020407 1.316326530612245 1.7755102040816326 2.295918367346939 2.6020408163265305 2.663265306122449 1.7142857142857142 1.469387755102041 1.5612244897959184 1.8979591836734695 3.0 2.173469387755102 1.8061224489795917 2.6020408163265305 1.8673469387755102 1.316326530612245 2.9081632653061225 2.142857142857143 1.7142857142857142 2.7551020408163267
11 201.21414927715645 1.9795918367346939 0.8775510204081632 1.183673469387755 1.530612244897959 1.7346938775510203 1.7755102040816326 1.1428571428571428 0.9795918367346939 1.0408163265306123 1.2653061224489797 2.0 1.4489795918367347 1.2040816326530612 1.7346938775510203 1.2448979591836735 0.8775510204081632 1.9387755102040816 1.4285714285714286 1.1428571428571428 1.836734693877551
12 42.62150065259503 1.9795918367346939 0.8775510204081632 1.183673469387755 1.530612244897959 1.7346938775510203 1.7755102040816326 1.1428571428571428 0.9795918367346939 1.0408163265306123 1.2653061224489797 2.0 1.4489795918367347 1.2040816326530612 1.7346938775510203 1.2448979591836735 0.8775510204081632 1.9387755102040816 1.4285714285714286 1.1428571428571428 1.836734693877551
13 36.3355773150913 2.9693877551020407 1.316326530612245 1.7755102040816326 2.295918367346939 2.6020408163265305 2.663265306122449 1.7142857142857142 1.469387755102041 1.5612244897959184 1.8979591836734695 3.0 2.173469387755102 1.8061224489795917 2.6020408163265305 1.8673469387755102 1.316326530612245 2.9081632653061225 2.142857142857143 1.7142857142857142 2.7551020408163267
14 27.338895594190596 1.9795918367346939 0.8775510204081632 1.183673469387755 1.530612244897959 1.7346938775510203 1.7755102040816326 1.1428571428571428 0.9795918367346939 1.0408163265306123 1.2653061224489797 2.0 1.4489795918367347 1.2040816326530612 1.7346938775510203 1.2448979591836735 0.8775510204081632 1.9387755102040816 1.4285714285714286 1.1428571428571428 1.836734693877551
15 391.31158668393095 2.9693877551020407 1.316326530612245 1.7755102040816326 2.295918367346939 2.6020408163265305 2.663265306122449 1.7142857142857142 1.469387755102041 1.5612244897959184 1.8979591836734695 3.0 2.173469387755102 1.8061224489795917 2.6020408163265305 1.8673469387755102 1.316326530612245 2.9081632653061225 2.142857142857143 1.7142857142857142 2.7551020408163267
16 36.08173238570694 2.9693877551020407 1.316326530612245 1.7755102040816326 2.295918367346939 2.6020408163265305 2.663265306122449 1.7142857142857142 1.469387755102041 1.5612244897959184 1.8979591836734695 3.0 2.173469387755102 1.8061224489795917 2.6020408163265305 1.8673469387755102 1.316326530612245 2.9081632653061225 2.142857142857143 1.7142857142857142 2.7551020408163267
17 97.41267235776368 1.9795918367346939 0.8775510204081632 1.183673469387755 1.530612244897959 1.7346938775510203 1.7755102040816326 1.1428571428571428 0.9795918367346939 1.0408163265306123 1.2653061224489797 2.0 1.4489795918367347 1.2040816326530612 1.7346938775510203 1.2448979591836735 0.8775510204081632 1.9387755102040816 1.4285714285714286 1.1428571428571428 1.836734693877551
18 33.39384410487084 2.9693877551020407 1.316326530612245 1.7755102040816326 2.295918367346939 2.6020408163265305 2.663265306122449 1.7142857142857142 1.469387755102041 1.5612244897959184 1.8979591836734695 3.0 2.173469387755102 1.8061224489795917 2.6020408163265305 1.8673469387755102 1.316326530612245 2.9081632653061225 2.142857142857143 1.7142857142857142 2.7551020408163267
19 14.392214384253865 2.9693877551020407 1.316326530612245 1.7755102040816326 2.295918367346939 2.6020408163265305 2.663265306122449 1.7142857142857142 1.469387755102041 1.5612244897959184 1.8979591836734695 3.0 2.173469387755102 1.8061224489795917 2.6020408163265305 1.8673469387755102 1.316326530612245 2.9081632653061225 2.142857142857143 1.7142857142857142 2.7551020408163267
20 95.7128174855094 2.9693877551020407 1.316326530612245 1.7755102040816326 2.295918367346939 2.6020408163265305 2.663265306122449 1.7142857142857142 1.469387755102041 1.5612244897959184 1.8979591836734695 3.0 2.173469387755102 1.8061224489795917 2.6020408163265305 1.8673469387755102 1.316326530612245 2.9081632653061225 2.142857142857143 1.7142857142857142 2.7551020408163267
21 365.01295197395507 2.9693877551020407 1.316326530612245 1.7755102040816326 2.295918367346939 2.6020408163265305 2.663265306122449 1.7142857142857142 1.469387755102041 1.5612244897959184 1.8979591836734695 3.0 2.173469387755102 1.8061224489795917 2.6020408163265305 1.8673469387755102 1.316326530612245 2.9081632653061225 2.142857142857143 1.7142857142857142 2.7551020408163267
22 299.4092713198288 1.9795918367346939 0.8775510204081632 1.183673469387755 1.530612244897959 1.7346938775510203 1.7755102040816326 1.1428571428571428 0.9795918367346939 1.0408163265306123 1.2653061224489797 2.0 1.4489795918367347 1.2040816326530612 1.7346938775510203 1.2448979591836735 0.8775510204081632 1.9387755102040816 1.4285714285714286 1.1428571428571428 1.836734693877551
23 162.0918568379254 1.9795918367346939 0.8775510204081632 1.183673469387755 1.530612244897959 1.7346938775510203 1.7755102040816326 1.1428571428571428 0.9795918367346939 1.0408163265306123 1.2653061224489797 2.0 1.4489795918367347 1.2040816326530612 1.7346938775510203 1.2448979591836735 0.8775510204081632 1.9387755102040816 1.4285714285714286 1.1428571428571428 1.836734693877551
24 334.73865837351434 2.9693877551020407 1.316326530612245 1.7755102040816326 2.295918367346939 2.6020408163265305 2.663265306122449 1.7142857142857142 1.469387755102041 1.5612244897959184 1.8979591836734695 3.0 2.173469387755102 1.8061224489795917 2.6020408163265305 1.8673469387755102 1.316326530612245 2.9081632653061225 2.142857142857143 1.7142857142857142 2.7551020408163267
25 78.94438024616957 2.9693877551020407 1.316326530612245 1.7755102040816326 2.295918367346939 2.6020408163265305 2.663265306122449 1.7142857142857142 1.469387755102041 1.5612244897959184 1.8979591836734695 3.0 2.173469387755102 1.8061224489795917 2.6020408163265305 1.8673469387755102 1.316326530612245 2.9081632653061225 2.142857142857143 1.7142857142857142 2.7551020408163267
26 319.898105816092 1.9795918367346939 0.8775510204081632 1.183673469387755 1.530612244897959 1.7346938775510203 1.7755102040816326 1.1428571428571428 0.9795918367346939 1.0408163265306123 1.2653061224489797 2.0 1.4489795918367347 1.2040816326530612 1.7346938775510203 1.2448979591836735 0.8775510204081632 1.9387755102040816 1.4285714285714286 1.1428571428571428 1.836734693877551
27 241.888559384453 1.9795918367346939 0.8775510204081632 1.183673469387755 1.530612244897959 1.7346938775510203 1.7755102040816326 1.1428571428571428 0.9795918367346939 1.0408163265306123 1.2653061224489797 2.0 1.4489795918367347 1.2040816326530612 1.7346938775510203 1.2448979591836735 0.8775510204081632 1.9387755102040816 1.4285714285714286 1.1428571428571428 1.836734693877551
28 44.107285131937324 1.9795918367346939 0.8775510204081632 1.183673469387755 1.530612244897959 1.7346938775510203 1.7755102040816326 1.1428571428571428 0.9795918367346939 1.0408163265306123 1.2653061224489797 2.0 1.4489795918367347 1.2040816326530612 1.7346938775510203 1.2448979591836735 0.8775510204081632 1.9387755102040816 1.4285714285714286 1.1428571428571428 1.836734693877551
29 185.02176929743808 2.9693877551020407 1.316326530612245 1.7755102040816326 2.295918367346939 2.6020408163265305 2.663265306122449 1.7142857142857142 1.469387755102041 1.5612244897959184 1.8979591836734695 3.0 2.173469387755102 1.8061224489795917 2.6020408163265305 1.8673469387755102 1.316326530612245 2.9081632653061225 2.142857142857143 1.7142857142857142 2.7551020408163267
30 170.31799484804367 2.9693877551020407 1.316326530612245 1.7755102040816326 2.295918367346939 2.6020408163265305 2.663265306122449 1.7142857142857142 1.469387755102041 1.5612244897959184 1.8979591836734695 3.0 2.173469387755102 1.8061224489795917 2.6020408163265305 1.8673469387755102 1.316326530612245 2.9081632653061225 2.142857142857143 1.7142857142857142 2.7551020408163267
31 248.22992970765452 2.9693877551020407 1.316326530612245 1.7755102040816326 2.295918367346939 2.6020408163265305 2.663265306122449 1.7142857142857142 1.469387755102041 1.5612244897959184 1.8979591836734695 3.0 2.173469387755102 1.8061224489795917 2.6020408163265305 1.8673469387755102 1.316326530612245 2.9081632653061225 2.142857142857143 1.7142857142857142 2.7551020408163267
32 81.40205775881897 1.9795918367346939 0.8775510204081632 1.183673469387755 1.530612244897959 1.7346938775510203 1.7755102040816326 1.1428571428571428 0.9795918367346939 1.0408163265306123 1.2653061224489797 2.0 1.4489795918367347 1.2040816326530612 1.7346938775510203 1.2448979591836735 0.8775510204081632 1.9387755102040816 1.4285714285714286 1.1428571428571428 1.836734693877551
33 83.92206524505656 2.9693877551020407 1.316326530612245 1.7755102040816326 2.295918367346939 2.6020408163265305 2.663265306122449 1.7142857142857142 1.469387755102041 1.5612244897959184 1.8979591836734695 3.0 2.173469387755102 1.8061224489795917 2.6020408163265305 1.8673469387755102 1.316326530612245 2.9081632653061225 2.142857142857143 1.7142857142857142 2.7551020408163267
34 127.81582871579204 2.9693877551020407 1.316326530612245 1.7755102040816326 2.295918367346939 2.6020408163265305 2.663265306122449 1.7142857142857142 1.469387755102041 1.5612244897959184 1.8979591836734695 3.0 2.173469387755102 1.8061224489795917 2.6020408163265305 1.8673469387755102 1.316326530612245 2.9081632653061225 2.142857142857143 1.7142857142857142 2.7551020408163267
35 268.07560492812286 1.9795918367346939 0.8775510204081632 1.183673469387755 1.530612244897959 1.7346938775510203 1.7755102040816326 1.1428571428571428 0.9795918367346939 1.0408163265306123 1.2653061224489797 2.0 1.4489795918367347 1.2040816326530612 1.7346938775510203 1.2448979591836735 0.8775510204081632 1.9387755102040816 1.4285714285714286 1.1428571428571428 1.836734693877551
36 54.83157065759626 1.9795918367346939 0.8775510204081632 1.183673469387755 1.530612244897959 1.7346938775510203 1.7755102040816326 1.1428571428571428 0.9795918367346939 1.0408163265306123 1.2653061224489797 2.0 1.4489795918367347 1.2040816326530612 1.7346938775510203 1.2448979591836735 0.8775510204081632 1.9387755102040816 1.4285714285714286 1.1428571428571428 1.836734693877551
37 191.75410509649416 1.9795918367346939 0.8775510204081632 1.183673469387755 1.530612244897959 1.7346938775510203 1.7755102040816326 1.1428571428571428 0.9795918367346939 1.0408163265306123 1.2653061224489797 2.0 1.4489795918367347 1.2040816326530612 1.7346938775510203 1.2448979591836735 0.8775510204081632 1.9387755102040816 1.4285714285714286 1.1428571428571428 1.836734693877551
38 39.68101676145704 1.9795918367346939 0.8775510204081632 1.183673469387755 1.530612244897959 1.7346938775510203 1.7755102040816326 1.1428571428571428 0.9795918367346939 1.0408163265306123 1.2653061224489797 2.0 1.4489795918367347 1.2040816326530612 1.7346938775510203 1.2448979591836735 0.8775510204081632 1.9387755102040816 1.4285714285714286 1.1428571428571428 1.836734693877551
39 37.34681334614593 2.9693877551020407 1.316326530612245 1.7755102040816326 2.295918367346939 2.6020408163265305 2.663265306122449 1.7142857142857142 1.469387755102041 1.5612244897959184 1.8979591836734695 3.0 2.173469387755102 1.8061224489795917 2.6020408163265305 1.8673469387755102 1.316326530612245 2.9081632653061225 2.142857142857143 1.7142857142857142 2.7551020408163267
40 281.0309576821989 1.9795918367346939 0.8775510204081632 1.183673469387755 1.530612244897959 1.7346938775510203 1.7755102040816326 1.1428571428571428 0.9795918367346939 1.0408163265306123 1.2653061224489797 2.0 1.4489795918367347 1.2040816326530612 1.7346938775510203 1.2448979591836735 0.8775510204081632 1.9387755102040816 1.4285714285714286 1.1428571428571428 1.836734693877551
41 202.26245507749638 1.9795918367346939 0.8775510204081632 1.183673469387755 1.530612244897959 1.7346938775510203 1.7755102040816326 1.1428571428571428 0.9795918367346939 1.0408163265306123 1.2653061224489797 2.0 1.4489795918367347 1.2040816326530612 1.7346938775510203 1.2448979591836735 0.8775510204081632 1.9387755102040816 1.4285714285714286 1.1428571428571428 1.836734693877551
42 37.215749822129695 1.9795918367346939 0.8775510204081632 1.183673469387755 1.530612244897959 1.7346938775510203 1.7755102040816326 1.1428571428571428 0.9795918367346939 1.0408163265306123 1.2653061224489797 2.0 1.4489795918367347 1.2040816326530612 1.7346938775510203 1.2448979591836735 0.8775510204081632 1.9387755102040816 1.4285714285714286 1.1428571428571428 1.836734693877551
43 81.86522640283566 2.9693877551020407 1.316326530612245 1.7755102040816326 2.295918367346939 2.6020408163265305 2.663265306122449 1.7142857142857142 1.469387755102041 1.5612244897959184 1.8979591836734695 3.0 2.173469387755102 1.8061224489795917 2.6020408163265305 1.8673469387755102 1.316326530612245 2.9081632653061225 2.142857142857143 1.7142857142857142 2.7551020408163267
44 105.37330558774563 1.9795918367346939 0.8775510204081632 1.183673469387755 1.530612244897959 1.7346938775510203 1.7755102040816326 1.1428571428571428 0.9795918367346939 1.0408163265306123 1.2653061224489797 2.0 1.4489795918367347 1.2040816326530612 1.7346938775510203 1.2448979591836735 0.8775510204081632 1.9387755102040816 1.4285714285714286 1.1428571428571428 1.836734693877551
45 24.017120210158144 2.9693877551020407 1.316326530612245 1.7755102040816326 2.295918367346939 2.6020408163265305 2.663265306122449 1.7142857142857142 1.469387755102041 1.5612244897959184 1.8979591836734695 3.0 2.173469387755102 1.8061224489795917 2.6020408163265305 1.8673469387755102 1.316326530612245 2.9081632653061225 2.142857142857143 1.7142857142857142 2.7551020408163267
46 135.6733429683348 2.9693877551020407 1.316326530612245 1.7755102040816326 2.295918367346939 2.6020408163265305 2.663265306122449 1.7142857142857142 1.469387755102041 1.5612244897959184 1.8979591836734695 3.0 2.173469387755102 1.8061224489795917 2.6020408163265305 1.8673469387755102 1.316326530612245 2.9081632653061225 2.142857142857143 1.7142857142857142 2.7551020408163267
47 272.72177076172443 1.9795918367346939 0.8775510204081632 1.183673469387755 1.530612244897959 1.7346938775510203 1.7755102040816326 1.1428571428571428 0.9795918367346939 1.0408163265306123 1.2653061224489797 2.0 1.4489795918367347 1.2040816326530612 1.7346938775510203 1.2448979591836735 0.8775510204081632 1.9387755102040816 1.4285714285714286 1.1428571428571428 1.836734693877551
48 88.03680206334798 2.9693877551020407 1.316326530612245 1.7755102040816326 2.295918367346939 2.6020408163265305 2.663265306122449 1.7142857142857142 1.469387755102041 1.5612244897959184 1.8979591836734695 3.0 2.173469387755102 1.8061224489795917 2.6020408163265305 1.8673469387755102 1.316326530612245 2.9081632653061225 2.142857142857143 1.7142857142857142 2.7551020408163267
49 516.0434240405526 2.9693877551020407 1.316326530612245 1.7755102040816326 2.295918367346939 2.6020408163265305 2.663265306122449 1.7142857142857142 1.469387755102041 1.5612244897959184 1.8979591836734695 3.0 2.173469387755102 1.8061224489795917 2.6020408163265305 1.8673469387755102 1.316326530612245 2.9081632653061225 2.142857142857143 1.7142857142857142 2.7551020408163267
50 15.191560540973994 2.9693877551020407 1.316326530612245 1.7755102040816326 2.295918367346939 2.6020408163265305 2.663265306122449 1.7142857142857142 1.469387755102041 1.5612244897959184 1.8979591836734695 3.0 2.173469387755102 1.8061224489795917 2.6020408163265305 1.8673469387755102 1.316326530612245 2.9081632653061225 2.142857142857143 1.7142857142857142 2.7551020408163267
51 6.590173589247116 2.9693877551020407 1.316326530612245 1.7755102040816326 2.295918367346939 2.6020408163265305 2.663265306122449 1.7142857142857142 1.469387755102041 1.5612244897959184 1.8979591836734695 3.0 2.173469387755102 1.8061224489795917 2.6020408163265305 1.8673469387755102 1.316326530612245 2.9081632653061225 2.142857142857143 1.7142857142857142 2.7551020408163267
52 22.75507175846251 1.9795918367346939 0.8775510204081632 1.183673469387755 1.530612244897959 1.7346938775510203 1.7755102040816326 1.1428571428571428 0.9795918367346939 1.0408163265306123 1.2653061224489797 2.0 1.4489795918367347 1.2040816326530612 1.7346938775510203 1.2448979591836735 0.8775510204081632 1.9387755102040816 1.4285714285714286 1.1428571428571428 1.836734693877551
53 26.220867460474846 1.9795918367346939 0.8775510204081632 1.183673469387755 1.530612244897959 1.7346938775510203 1.7755102040816326 1.1428571428571428 0.9795918367346939 1.0408163265306123 1.2653061224489797 2.0 1.4489795918367347 1.2040816326530612 1.7346938775510203 1.2448979591836735 0.8775510204081632 1.9387755102040816 1.4285714285714286 1.1428571428571428 1.836734693877551
54 20.5121268286637 2.9693877551020407 1.316326530612245 1.7755102040816326 2.295918367346939 2.6020408163265305 2.663265306122449 1.7142857142857142 1.469387755102041 1.5612244897959184 1.8979591836734695 3.0 2.173469387755102 1.8061224489795917 2.6020408163265305 1.8673469387755102 1.316326530612245 2.9081632653061225 2.142857142857143 1.7142857142857142 2.7551020408163267
55 102.45590012363357 2.9693877551020407 1.316326530612245 1.7755102040816326 2.295918367346939 2.6020408163265305 2.663265306122449 1.7142857142857142 1.469387755102041 1.5612244897959184 1.8979591836734695 3.0 2.173469387755102 1.8061224489795917 2.6020408163265305 1.8673469387755102 1.316326530612245 2.9081632653061225 2.142857142857143 1.7142857142857142 2.7551020408163267
56 27.58000836870522 1.9795918367346939 0.8775510204081632 1.183673469387755 1.530612244897959 1.7346938775510203 1.7755102040816326 1.1428571428571428 0.9795918367346939 1.0408163265306123 1.2653061224489797 2.0 1.4489795918367347 1.2040816326530612 1.7346938775510203 1.2448979591836735 0.8775510204081632 1.9387755102040816 1.4285714285714286 1.1428571428571428 1.836734693877551
57 127.65038543502287 1.9795918367346939 0.8775510204081632 1.183673469387755 1.530612244897959 1.7346938775510203 1.7755102040816326 1.1428571428571428 0.9795918367346939 1.0408163265306123 1.2653061224489797 2.0 1.4489795918367347 1.2040816326530612 1.7346938775510203 1.2448979591836735 0.8775510204081632 1.9387755102040816 1.4285714285714286 1.1428571428571428 1.836734693877551
58 97.7849916358224 2.9693877551020407 1.316326530612245 1.7755102040816326 2.295918367346939 2.6020408163265305 2.663265306122449 1.7142857142857142 1.469387755102041 1.5612244897959184 1.8979591836734695 3.0 2.173469387755102 1.8061224489795917 2.6020408163265305 1.8673469387755102 1.316326530612245 2.9081632653061225 2.142857142857143 1.7142857142857142 2.7551020408163267
59 133.29880489456005 1.9795918367346939 0.8775510204081632 1.183673469387755 1.530612244897959 1.7346938775510203 1.7755102040816326 1.1428571428571428 0.9795918367346939 1.0408163265306123 1.2653061224489797 2.0 1.4489795918367347 1.2040816326530612 1.7346938775510203 1.2448979591836735 0.8775510204081632 1.9387755102040816 1.4285714285714286 1.1428571428571428 1.836734693877551
60 260.88331555940243 1.9795918367346939 0.8775510204081632 1.183673469387755 1.530612244897959 1.7346938775510203 1.7755102040816326 1.1428571428571428 0.9795918367346939 1.0408163265306123 1.2653061224489797 2.0 1.4489795918367347 1.2040816326530612 1.7346938775510203 1.2448979591836735 0.8775510204081632 1.9387755102040816 1.4285714285714286 1.1428571428571428 1.836734693877551
61 59.86248561860702 2.9693877551020407 1.316326530612245 1.7755102040816326 2.295918367346939 2.6020408163265305 2.663265306122449 1.7142857142857142 1.469387755102041 1.5612244897959184 1.8979591836734695 3.0 2.173469387755102 1.8061224489795917 2.6020408163265305 1.8673469387755102 1.316326530612245 2.9081632653061225 2.142857142857143 1.7142857142857142 2.7551020408163267
62 133.47298912050186 1.9795918367346939 0.8775510204081632 1.183673469387755 1.530612244897959 1.7346938775510203 1.7755102040816326 1.1428571428571428 0.9795918367346939 1.0408163265306123 1.2653061224489797 2.0 1.4489795918367347 1.2040816326530612 1.7346938775510203 1.2448979591836735 0.8775510204081632 1.9387755102040816 1.4285714285714286 1.1428571428571428 1.836734693877551
63 45.810061009722844 1.9795918367346939 0.8775510204081632 1.183673469387755 1.530612244897959 1.7346938775510203 1.7755102040816326 1.1428571428571428 0.9795918367346939 1.0408163265306123 1.2653061224489797 2.0 1.4489795918367347 1.2040816326530612 1.7346938775510203 1.2448979591836735 0.8775510204081632 1.9387755102040816 1.4285714285714286 1.1428571428571428 1.836734693877551
64 120.87207050998656 2.9693877551020407 1.316326530612245 1.7755102040816326 2.295918367346939 2.6020408163265305 2.663265306122449 1.7142857142857142 1.469387755102041 1.5612244897959184 1.8979591836734695 3.0 2.173469387755102 1.8061224489795917 2.6020408163265305 1.8673469387755102 1.316326530612245 2.9081632653061225 2.142857142857143 1.7142857142857142 2.7551020408163267
65 39.61859852567204 1.9795918367346939 0.8775510204081632 1.183673469387755 1.530612244897959 1.7346938775510203 1.7755102040816326 1.1428571428571428 0.9795918367346939 1.0408163265306123 1.2653061224489797 2.0 1.4489795918367347 1.2040816326530612 1.7346938775510203 1.2448979591836735 0.8775510204081632 1.9387755102040816 1.4285714285714286 1.1428571428571428 1.836734693877551
66 103.9853591294185 1.9795918367346939 0.8775510204081632 1.183673469387755 1.530612244897959 1.7346938775510203 1.7755102040816326 1.1428571428571428 0.9795918367346939 1.0408163265306123 1.2653061224489797 2.0 1.4489795918367347 1.2040816326530612 1.7346938775510203 1.2448979591836735 0.8775510204081632 1.9387755102040816 1.4285714285714286 1.1428571428571428 1.836734693877551
67 46.75843217594709 2.9693877551020407 1.316326530612245 1.7755102040816326 2.295918367346939 2.6020408163265305 2.663265306122449 1.7142857142857142 1.469387755102041 1.5612244897959184 1.8979591836734695 3.0 2.173469387755102 1.8061224489795917 2.6020408163265305 1.8673469387755102 1.316326530612245 2.9081632653061225 2.142857142857143 1.7142857142857142 2.7551020408163267
68 30.22298904521756 1.9795918367346939 0.8775510204081632 1.183673469387755 1.530612244897959 1.7346938775510203 1.7755102040816326 1.1428571428571428 0.9795918367346939 1.0408163265306123 1.2653061224489797 2.0 1.4489795918367347 1.2040816326530612 1.7346938775510203 1.2448979591836735 0.8775510204081632 1.9387755102040816 1.4285714285714286 1.1428571428571428 1.836734693877551
69 22.670186987787464 1.9795918367346939 0.8775510204081632 1.183673469387755 1.530612244897959 1.7346938775510203 1.7755102040816326 1.1428571428571428 0.9795918367346939 1.0408163265306123 1.2653061224489797 2.0 1.4489795918367347 1.2040816326530612 1.7346938775510203 1.2448979591836735 0.8775510204081632 1.9387755102040816 1.4285714285714286 1.1428571428571428 1.836734693877551
70 45.09521686866324 2.9693877551020407 1.316326530612245 1.7755102040816326 2.295918367346939 2.6020408163265305 2.663265306122449 1.7142857142857142 1.469387755102041 1.5612244897959184 1.8979591836734695 3.0 2.173469387755102 1.8061224489795917 2.6020408163265305 1.8673469387755102 1.316326530612245 2.9081632653061225 2.142857142857143 1.7142857142857142 2.7551020408163267
71 25.793931345414535 1.9795918367346939 0.8775510204081632 1.183673469387755 1.530612244897959 1.7346938775510203 1.7755102040816326 1.1428571428571428 0.9795918367346939 1.0408163265306123 1.2653061224489797 2.0 1.4489795918367347 1.2040816326530612 1.7346938775510203 1.2448979591836735 0.8775510204081632 1.9387755102040816 1.4285714285714286 1.1428571428571428 1.836734693877551
72 134.89900402230498 2.9693877551020407 1.316326530612245 1.7755102040816326 2.295918367346939 2.6020408163265305 2.663265306122449 1.7142857142857142 1.469387755102041 1.5612244897959184 1.8979591836734695 3.0 2.173469387755102 1.8061224489795917 2.6020408163265305 1.8673469387755102 1.316326530612245 2.9081632653061225 2.142857142857143 1.7142857142857142 2.7551020408163267
73 2.2720155935865143 1.9795918367346939 0.8775510204081632 1.183673469387755 1.530612244897959 1.7346938775510203 1.7755102040816326 1.1428571428571428 0.9795918367346939 1.0408163265306123 1.2653061224489797 2.0 1.4489795918367347 1.2040816326530612 1.7346938775510203 1.2448979591836735 0.8775510204081632 1.9387755102040816 1.4285714285714286 1.1428571428571428 1.836734693877551
74 97.27150035995963 2.9693877551020407 1.316326530612245 1.7755102040816326 2.295918367346939 2.6020408163265305 2.663265306122449 1.7142857142857142 1.469387755102041 1.5612244897959184 1.8979591836734695 3.0 2.173469387755102 1.8061224489795917 2.6020408163265305 1.8673469387755102 1.316326530612245 2.9081632653061225 2.142857142857143 1.7142857142857142 2.7551020408163267
75 378.0626831910153 2.9693877551020407 1.316326530612245 1.7755102040816326 2.295918367346939 2.6020408163265305 2.663265306122449 1.7142857142857142 1.469387755102041 1.5612244897959184 1.8979591836734695 3.0 2.173469387755102 1.8061224489795917 2.6020408163265305 1.8673469387755102 1.316326530612245 2.9081632653061225 2.142857142857143 1.7142857142857142 2.7551020408163267
76 112.8366920258234 2.9693877551020407 1.316326530612245 1.7755102040816326 2.295918367346939 2.6020408163265305 2.663265306122449 1.7142857142857142 1.469387755102041 1.5612244897959184 1.8979591836734695 3.0 2.173469387755102 1.8061224489795917 2.6020408163265305 1.8673469387755102 1.316326530612245 2.9081632653061225 2.142857142857143 1.7142857142857142 2.7551020408163267
77 67.26355787659247 2.9693877551020407 1.316326530612245 1.7755102040816326 2.295918367346939 2.6020408163265305 2.663265306122449 1.7142857142857142 1.469387755102041 1.5612244897959184 1.8979591836734695 3.0 2.173469387755102 1.8061224489795917 2.6020408163265305 1.8673469387755102 1.316326530612245 2.9081632653061225 2.142857142857143 1.7142857142857142 2.7551020408163267
78 42.15215785536225 2.9693877551020407 1.316326530612245 1.7755102040816326 2.295918367346939 2.6020408163265305 2.663265306122449 1.7142857142857142 1.469387755102041 1.5612244897959184 1.8979591836734695 3.0 2.173469387755102 1.8061224489795917 2.6020408163265305 1.8673469387755102 1.316326530612245 2.9081632653061225 2.142857142857143 1.7142857142857142 2.7551020408163267
79 46.908374573985846 1.9795918367346939 0.8775510204081632 1.183673469387755 1.530612244897959 1.7346938775510203 1.7755102040816326 1.1428571428571428 0.9795918367346939 1.0408163265306123 1.2653061224489797 2.0 1.4489795918367347 1.2040816326530612 1.7346938775510203 1.2448979591836735 0.8775510204081632 1.9387755102040816 1.4285714285714286 1.1428571428571428 1.836734693877551
