90 50
TREE NETWORK (nID nID Weight):
56 0 33
26 56 32
67 26 42
53 0 31
68 53 30
40 26 41
47 56 48
4 26 41
46 53 38
65 26 47
59 65 56
39 56 57
22 65 31
44 68 51
41 39 30
15 41 36
8 56 37
24 15 52
54 24 54
62 4 49
25 4 30
74 0 56
77 59 33
36 0 56
89 47 32
9 4 42
69 25 46
72 15 36
14 39 57
60 72 55
55 89 33
28 8 45
21 72 46
88 4 59
50 89 41
13 21 38
1 39 55
86 36 37
51 67 31
33 40 35
7 41 58
12 72 38
19 50 34
80 77 40
87 13 41
76 22 37
61 60 50
32 9 39
42 8 46
16 41 53
27 88 58
38 87 56
2 72 50
11 69 48
48 88 47
58 33 58
37 16 38
64 22 32
57 64 54
31 59 57
81 53 46
30 9 35
85 56 37
35 19 43
10 81 58
29 30 30
79 39 30
34 26 46
20 38 55
23 28 53
70 23 30
75 59 57
43 15 44
18 10 39
66 28 34
49 57 58
73 48 31
45 72 39
84 66 49
78 2 50
63 59 36
82 33 55
5 18 30
52 75 39
6 35 46
83 70 33
17 76 34
3 31 46
71 50 35
PROGRAMS ASSIGNED TO NODES (nID pID1 pID2 ...):
0 1 2 3 4 5 6 7 8 9 10 11 12 13 14 15 16 17 18 19 20 21 22 23 24 25 26 27 28 29 30 31 32 33 34 35 36 37 38 39 40 41 42 43 44 45 46 47 48 49 50
1 1 2 6 7 8 9 10 11 14 15 16 17 19 20 21 22 25 26 27 31 32 35 36 37 38 40 42 43 47 49 50
2 1 2 4 5 8 10 11 12 13 15 16 18 20 23 24 25 27 31 35 36 37 40 42 43 44 45 46 47 49
3 34 37 24 43 44
4 1 2 6 8 9 11 12 13 16 17 18 19 20 21 22 23 24 30 31 34 36 39 40 41 45 47 48 50
5 1 2 3 4 7 9 11 12 13 15 17 19 22 23 24 25 27 29 30 33 35 36 37 38 40 41 42 44 46 47 48 49 50
6 1 2 3 4 5 6 8 9 10 11 12 13 14 15 16 17 18 19 20 21 22 23 24 25 27 28 29 30 31 32 33 34 35 36 37 38 39 40 41 42 43 44 45 46 47 48 49 50
7 16 18 5 47
8 32 33 2 3 4 37 7 9 41 43 44 14 15 17 50 22 25 26 27
9 2 3 4 7 8 9 11 12 13 14 15 16 17 19 20 21 23 24 25 26 28 30 32 33 35 36 37 39 41 43 44 45 46 47 49 50
10 1 2 3 5 9 11 13 16 17 18 19 21 22 23 24 25 26 28 29 30 32 33 36 37 46 47 48 49 50
11 1 3 4 5 6 9 10 11 12 13 14 15 16 17 20 21 22 23 24 25 26 27 28 29 31 32 33 34 35 36 37 38 39 40 42 43 44 45 46 47 48 49 50
12 33 21 5 38 23 25 42 12 44 28 46 47
13 1 2 4 37 41 10 11 12 44 45 46 16 48 49 18 19 21 22 24 25 26 31
14 48 33 19 35 24 41 25 9 44 29 14 47
15 32 33 50 2 4 23
16 2 5 7 9 11 12 15 16 18 20 21 23 24 26 27 29 31 32 34 35 37 38 39 40 42 45 46 48 50
17 2 35 6 7 39 40 10 44 13 45 46 15 49 17 19 21 24 28 30
18 2 34 3 35 4 38 40 9 42 10 11 13 14 16 49 50 20 21 29
19 1 2 3 7 9 10 11 12 14 15 18 20 23 27 28 31 32 33 35 40 42 43 45 46 47
20 32 33 1 35 3 36 6 39 8 41 9 10 13 45 46 17 49 18 20 24 25 27 29 30
21 1 34 6 39 41 42 11 43 44 12 45 13 14 15 48 49 20 21 23 24 30
22 1 2 3 4 5 6 7 8 9 10 11 12 14 15 16 17 19 20 21 22 23 24 26 29 32 34 35 36 37 38 39 41 42 43 44 45 46 47 48 49 50
23 1 2 3 4 5 6 7 8 9 10 12 13 14 15 16 18 19 20 21 22 23 25 26 27 28 29 30 31 34 35 36 37 38 39 40 41 42 43 44 45 46 47 48 49 50
24 35 8 9 11 12 44 47 49 17 25 26 29 31
25 2 34 35 5 39 8 40 42 12 45 46 14 47 15 18 23 26 31
26 2 4 5 6 7 8 10 11 12 13 14 15 16 17 19 22 27 28 29 30 31 32 33 36 37 38 39 40 41 44 45 46 48 49 50
27 32 2 36 5 8 40 42 10 43 13 47 21 27
28 1 2 3 5 6 7 9 10 11 14 15 16 17 18 20 21 24 29 30 31 32 34 35 37 39 41 46 49 50
29 32 2 3 6 38 7 8 41 12 47 16 17 20 21 24 25 31
30 1 2 4 5 37 6 40 41 42 43 12 45 14 16 48 17 18 24 27 30 31
31 35 36 7 42 48 49 17 18 19 23 25 27 28 31
32 2 34 3 4 5 38 7 10 42 44 12 13 14 15 48 17 50 19 22 23 25 29 30
33 1 4 37 5 6 7 40 41 42 43 12 13 45 14 47 15 16 49 50 22 25 28 29 31
34 1 36 38 6 7 8 9 42 10 43 44 13 46 14 47 48 49 17 50 20 21 22 24 28
35 1 2 3 4 6 7 8 9 10 11 14 15 17 19 20 21 22 23 24 25 27 28 29 30 31 33 35 38 39 41 42 43 44 45 46 48 49 50
36 1 3 4 7 8 10 13 15 16 18 19 20 21 22 24 27 28 30 31 32 34 36 37 38 39 41 42 43 44 45 46 47 50
37 1 2 4 5 6 7 8 9 10 11 12 14 15 16 17 18 19 20 21 22 23 24 25 27 29 30 31 33 34 35 38 39 42 43 44 45 46 47 48 49 50
38 1 2 4 5 6 7 8 9 10 11 12 13 14 15 16 18 20 21 22 24 25 27 30 31 32 33 34 38 40 42 44 45 46 47 48 49 50
39 32 33 5 6 39 41 43 44 13 17 22 24 25 26 29 30 31
40 19 3 43 44 14
41 32 1 33 34 5 37 39 8 10 43 13 14 48 18 22 25 30
42 50 25
43 4 5 7 9 10 12 13 14 15 16 17 18 19 20 21 22 23 24 25 26 27 28 29 30 31 33 34 36 37 39 40 41 42 44 45 47 49 50
44 1 2 4 5 6 7 8 9 10 11 12 13 14 15 17 18 19 20 21 22 23 25 26 27 28 29 30 31 32 33 34 35 37 38 40 41 42 43 44 46 47 48 50
45 11
46 33 2 34 4 36 37 10 42 44 45 17 18 22
47 2 35 3 36 4 5 8 41 25 26 27 43
48 1 2 4 5 6 7 8 9 10 11 13 14 15 16 17 18 19 20 21 22 23 24 25 26 27 28 29 30 31 32 33 34 35 36 37 40 41 42 43 44 45 46 47 48 49 50
49 3 4 7 8 10 12 13 14 15 17 18 19 20 21 22 24 26 27 28 29 30 31 32 33 34 35 36 37 39 40 42 43 44 45 46 48 49 50
50 33 3 35 6 11 12 13 14 17 21 23 25 28
51 32 4 37 22 7 12 44 45 31
52 2 4 5 7 8 10 11 12 15 17 18 20 21 22 23 26 27 28 29 30 31 33 34 35 37 38 40 41 42 47 48 50
53 32 1 34 36 39 9 43 14 47 49 20 23 25
54 1 2 3 4 5 6 7 8 11 13 14 15 18 19 20 21 22 23 26 27 29 30 31 32 33 35 36 38 40 41 42 43 44 46 47 48 49 50
55 2 3 4 5 6 7 8 9 10 11 12 13 14 15 16 18 19 20 21 22 23 24 26 28 29 30 32 33 34 35 36 37 39 41 42 44 45 46 47 48
56 37 5 8 24 12
57 34 18
58 33 1 37 6 7 39 13 49 20 22 24 25 26
60 1 2 3 4 5 6 7 10 12 13 15 17 19 20 22 23 24 26 27 28 29 30 31 32 33 34 35 36 37 38 39 40 41 42 43 44 45 46 48 49 50
61 12
62 1 34 36 5 39 9 41 10 44 45 15 48 16 49 50 20 22 24 26 27 31
63 1 2 3 4 5 6 7 8 9 10 11 12 13 14 15 16 17 18 19 20 21 22 23 24 25 26 27 28 29 30 31 32 33 34 35 36 37 38 39 40 41 42 43 44 45 46 47 49 50
64 1 2 3 4 6 7 8 9 10 11 12 13 14 15 16 17 18 19 20 21 22 23 24 25 28 30 31 32 33 34 35 36 37 38 39 40 41 42 43 44 45 46 47 48 49 50
65 33 34 3 37 40 8 10 42 12 13 47 15 49 18 50 22 24 27 30
66 1 2 4 6 9 11 12 13 14 15 17 18 19 20 21 24 25 27 36 37 39 40 41 44 45 47 48 49 50
67 1 2 3 4 5 10 11 12 14 15 17 18 19 20 25 26 27 28 29 31 32 33 34 35 37 38 39 41 43 44 45 46 50
68 1 3 4 5 7 12 18 20 22 24 25 26 27 28 30 31 33 34 36 38 39 41 42 43 44 47 48 49 50
69 1 2 3 4 5 6 8 10 12 16 18 19 20 21 24 27 28 30 31 34 35 36 37 38 41 42 44 46 47 48 49 50
70 19 35 41 27
72 1 2 3 4 5 6 7 9 11 12 13 14 15 16 17 18 19 20 21 22 24 25 26 28 29 30 31 32 33 34 35 37 38 39 40 41 43 44 45 46 47 48 49 50
73 32 33 8 10 11 44 12 45 46 15 16 49 20 23 24 25 27 29 31
74 2 36 5 39 43 12 45 13 47 50 19 20 24 25 27 30
75 1 34 3 37 38 6 39 41 9 43 11 44 13 46 14 47 50 22 23 24 26 29
76 1 2 3 5 6 7 9 10 11 12 13 14 15 16 17 21 22 23 24 25 26 27 28 29 30 31 32 33 35 36 37 38 39 40 41 42 43 44 45 46 47 48 49 50
77 4 5 8 9 11 14 15 17 18 19 21 22 24 28 30 31 32 34 36 37 39 40 41 42 43 45 46 47 48 49
78 4 6 7 10 13 14 15 16 18 20 22 23 24 27 28 29 30 33 34 36 38 40 41 47 48 49 50
79 2 34 35 3 36 37 42 11 43 15 49 50 23 24 27 29 30
80 1 17 50 2 21 26 11 30
81 32 1 34 2 36 39 10 11 16 17 19 21 23 28 29
82 1 2 3 4 5 8 9 12 14 15 16 17 18 19 20 21 23 25 27 28 29 30 32 33 34 35 37 38 40 42 44 45 46 50
83 2 3 4 5 6 7 8 9 15 16 17 22 24 26 27 28 30 31 32 33 34 35 37 40 42 43 44 46 47 49
84 33 38 39 8 9 43 16 50 18 21 22 23 24 28
85 32 33 2 34 3 37 7 41 11 43 45 15 16 17 49 19 22 24 26 28 29 31
86 34 2 5 21 22 24 42 43 28 13 47 15
87 1 2 3 4 5 6 7 10 11 12 13 14 15 16 17 18 19 21 22 24 27 28 29 30 31 32 34 35 36 38 39 41 42 43 44 46 48 49 50
88 33 1 2 3 8 9 12 48 17 21 22 23 24 26 28 29
89 1 2 3 4 5 6 7 10 11 12 13 14 15 16 17 19 20 23 24 26 27 28 29 30 32 33 34 36 37 39 40 41 42 43 44 45 46 47 48 50
SIZE OF PROGRAMS (pID SIZE):
1 68.0
2 99.0
3 97.0
4 82.0
5 72.0
6 60.0
7 63.0
8 91.0
9 70.0
10 99.0
11 89.0
12 56.0
13 98.0
14 88.0
15 74.0
16 44.0
17 78.0
18 57.0
19 81.0
20 82.0
21 74.0
22 75.0
23 50.0
24 56.0
25 96.0
26 59.0
27 47.0
28 45.0
29 83.0
30 40.0
31 49.0
32 54.0
33 83.0
34 94.0
35 96.0
36 46.0
37 71.0
38 53.0
39 40.0
40 92.0
41 91.0
42 84.0
43 50.0
44 67.0
45 53.0
46 52.0
47 99.0
48 74.0
49 62.0
50 49.0
COST TO INSTALL SERVERS AND PROGRAMS ON NODES (COST_TO_INSTALL_SERVER COST_TO_INSTALL_pID1 ...):
0 11703.030303030304 2.0606060606060606 3.0 2.9393939393939394 2.484848484848485 2.1818181818181817 1.8181818181818181 1.9090909090909092 2.757575757575758 2.121212121212121 3.0 2.696969696969697 1.696969696969697 2.9696969696969697 2.6666666666666665 2.242424242424242 1.3333333333333333 2.3636363636363638 1.7272727272727273 2.4545454545454546 2.484848484848485 2.242424242424242 2.272727272727273 1.5151515151515151 1.696969696969697 2.909090909090909 1.7878787878787878 1.4242424242424243 1.3636363636363635 2.515151515151515 1.2121212121212122 1.4848484848484849 1.6363636363636365 2.515151515151515 2.8484848484848486 2.909090909090909 1.393939393939394 2.1515151515151514 1.606060606060606 1.2121212121212122 2.787878787878788 2.757575757575758 2.5454545454545454 1.5151515151515151 2.0303030303030303 1.606060606060606 1.5757575757575757 3.0 2.242424242424242 1.878787878787879 1.4848484848484849
1 72.77360585807432 2.0606060606060606 3.0 2.9393939393939394 2.484848484848485 2.1818181818181817 1.8181818181818181 1.9090909090909092 2.757575757575758 2.121212121212121 3.0 2.696969696969697 1.696969696969697 2.9696969696969697 2.6666666666666665 2.242424242424242 1.3333333333333333 2.3636363636363638 1.7272727272727273 2.4545454545454546 2.484848484848485 2.242424242424242 2.272727272727273 1.5151515151515151 1.696969696969697 2.909090909090909 1.7878787878787878 1.4242424242424243 1.3636363636363635 2.515151515151515 1.2121212121212122 1.4848484848484849 1.6363636363636365 2.515151515151515 2.8484848484848486 2.909090909090909 1.393939393939394 2.1515151515151514 1.606060606060606 1.2121212121212122 2.787878787878788 2.757575757575758 2.5454545454545454 1.5151515151515151 2.0303030303030303 1.606060606060606 1.5757575757575757 3.0 2.242424242424242 1.878787878787879 1.4848484848484849
2 473.9888036749765 2.0606060606060606 3.0 2.9393939393939394 2.484848484848485 2.1818181818181817 1.8181818181818181 1.9090909090909092 2.757575757575758 2.121212121212121 3.0 2.696969696969697 1.696969696969697 2.9696969696969697 2.6666666666666665 2.242424242424242 1.3333333333333333 2.3636363636363638 1.7272727272727273 2.4545454545454546 2.484848484848485 2.242424242424242 2.272727272727273 1.5151515151515151 1.696969696969697 2.909090909090909 1.7878787878787878 1.4242424242424243 1.3636363636363635 2.515151515151515 1.2121212121212122 1.4848484848484849 1.6363636363636365 2.515151515151515 2.8484848484848486 2.909090909090909 1.393939393939394 2.1515151515151514 1.606060606060606 1.2121212121212122 2.787878787878788 2.757575757575758 2.5454545454545454 1.5151515151515151 2.0303030303030303 1.606060606060606 1.5757575757575757 3.0 2.242424242424242 1.878787878787879 1.4848484848484849
3 55.38104073486913 2.0606060606060606 3.0 2.9393939393939394 2.484848484848485 2.1818181818181817 1.8181818181818181 1.9090909090909092 2.757575757575758 2.121212121212121 3.0 2.696969696969697 1.696969696969697 2.9696969696969697 2.6666666666666665 2.242424242424242 1.3333333333333333 2.3636363636363638 1.7272727272727273 2.4545454545454546 2.484848484848485 2.242424242424242 2.272727272727273 1.5151515151515151 1.696969696969697 2.909090909090909 1.7878787878787878 1.4242424242424243 1.3636363636363635 2.515151515151515 1.2121212121212122 1.4848484848484849 1.6363636363636365 2.515151515151515 2.8484848484848486 2.909090909090909 1.393939393939394 2.1515151515151514 1.606060606060606 1.2121212121212122 2.787878787878788 2.757575757575758 2.5454545454545454 1.5151515151515151 2.0303030303030303 1.606060606060606 1.5757575757575757 3.0 2.242424242424242 1.878787878787879 1.4848484848484849
4 423.2638347416502 2.0606060606060606 3.0 2.9393939393939394 2.484848484848485 2.1818181818181817 1.8181818181818181 1.9090909090909092 2.757575757575758 2.121212121212121 3.0 2.696969696969697 1.696969696969697 2.9696969696969697 2.6666666666666665 2.242424242424242 1.3333333333333333 2.3636363636363638 1.7272727272727273 2.4545454545454546 2.484848484848485 2.242424242424242 2.272727272727273 1.5151515151515151 1.696969696969697 2.909090909090909 1.7878787878787878 1.4242424242424243 1.3636363636363635 2.515151515151515 1.2121212121212122 1.4848484848484849 1.6363636363636365 2.515151515151515 2.8484848484848486 2.909090909090909 1.393939393939394 2.1515151515151514 1.606060606060606 1.2121212121212122 2.787878787878788 2.757575757575758 2.5454545454545454 1.5151515151515151 2.0303030303030303 1.606060606060606 1.5757575757575757 3.0 2.242424242424242 1.878787878787879 1.4848484848484849
5 269.7233369712974 1.3737373737373737 2.0 1.9595959595959596 1.6565656565656566 1.4545454545454546 1.2121212121212122 1.2727272727272727 1.8383838383838385 1.4141414141414141 2.0 1.797979797979798 1.1313131313131313 1.97979797979798 1.7777777777777777 1.494949494949495 0.8888888888888888 1.5757575757575757 1.1515151515151516 1.6363636363636365 1.6565656565656566 1.494949494949495 1.5151515151515151 1.0101010101010102 1.1313131313131313 1.9393939393939394 1.1919191919191918 0.9494949494949495 0.9090909090909091 1.6767676767676767 0.8080808080808081 0.98989898989899 1.0909090909090908 1.6767676767676767 1.898989898989899 1.9393939393939394 0.9292929292929293 1.4343434343434343 1.0707070707070707 0.8080808080808081 1.8585858585858586 1.8383838383838385 1.696969696969697 1.0101010101010102 1.3535353535353536 1.0707070707070707 1.0505050505050506 2.0 1.494949494949495 1.2525252525252526 0.98989898989899
6 735.9824561041271 2.0606060606060606 3.0 2.9393939393939394 2.484848484848485 2.1818181818181817 1.8181818181818181 1.9090909090909092 2.757575757575758 2.121212121212121 3.0 2.696969696969697 1.696969696969697 2.9696969696969697 2.6666666666666665 2.242424242424242 1.3333333333333333 2.3636363636363638 1.7272727272727273 2.4545454545454546 2.484848484848485 2.242424242424242 2.272727272727273 1.5151515151515151 1.696969696969697 2.909090909090909 1.7878787878787878 1.4242424242424243 1.3636363636363635 2.515151515151515 1.2121212121212122 1.4848484848484849 1.6363636363636365 2.515151515151515 2.8484848484848486 2.909090909090909 1.393939393939394 2.1515151515151514 1.606060606060606 1.2121212121212122 2.787878787878788 2.757575757575758 2.5454545454545454 1.5151515151515151 2.0303030303030303 1.606060606060606 1.5757575757575757 3.0 2.242424242424242 1.878787878787879 1.4848484848484849
7 17.079956134047396 2.0606060606060606 3.0 2.9393939393939394 2.484848484848485 2.1818181818181817 1.8181818181818181 1.9090909090909092 2.757575757575758 2.121212121212121 3.0 2.696969696969697 1.696969696969697 2.9696969696969697 2.6666666666666665 2.242424242424242 1.3333333333333333 2.3636363636363638 1.7272727272727273 2.4545454545454546 2.484848484848485 2.242424242424242 2.272727272727273 1.5151515151515151 1.696969696969697 2.909090909090909 1.7878787878787878 1.4242424242424243 1.3636363636363635 2.515151515151515 1.2121212121212122 1.4848484848484849 1.6363636363636365 2.515151515151515 2.8484848484848486 2.909090909090909 1.393939393939394 2.1515151515151514 1.606060606060606 1.2121212121212122 2.787878787878788 2.757575757575758 2.5454545454545454 1.5151515151515151 2.0303030303030303 1.606060606060606 1.5757575757575757 3.0 2.242424242424242 1.878787878787879 1.4848484848484849
8 269.0312964406174 2.0606060606060606 3.0 2.9393939393939394 2.484848484848485 2.1818181818181817 1.8181818181818181 1.9090909090909092 2.757575757575758 2.121212121212121 3.0 2.696969696969697 1.696969696969697 2.9696969696969697 2.6666666666666665 2.242424242424242 1.3333333333333333 2.3636363636363638 1.7272727272727273 2.4545454545454546 2.484848484848485 2.242424242424242 2.272727272727273 1.5151515151515151 1.696969696969697 2.909090909090909 1.7878787878787878 1.4242424242424243 1.3636363636363635 2.515151515151515 1.2121212121212122 1.4848484848484849 1.6363636363636365 2.515151515151515 2.8484848484848486 2.909090909090909 1.393939393939394 2.1515151515151514 1.606060606060606 1.2121212121212122 2.787878787878788 2.757575757575758 2.5454545454545454 1.5151515151515151 2.0303030303030303 1.606060606060606 1.5757575757575757 3.0 2.242424242424242 1.878787878787879 1.4848484848484849
9 605.7059753401918 2.0606060606060606 3.0 2.9393939393939394 2.484848484848485 2.1818181818181817 1.8181818181818181 1.9090909090909092 2.757575757575758 2.121212121212121 3.0 2.696969696969697 1.696969696969697 2.9696969696969697 2.6666666666666665 2.242424242424242 1.3333333333333333 2.3636363636363638 1.7272727272727273 2.4545454545454546 2.484848484848485 2.242424242424242 2.272727272727273 1.5151515151515151 1.696969696969697 2.909090909090909 1.7878787878787878 1.4242424242424243 1.3636363636363635 2.515151515151515 1.2121212121212122 1.4848484848484849 1.6363636363636365 2.515151515151515 2.8484848484848486 2.909090909090909 1.393939393939394 2.1515151515151514 1.606060606060606 1.2121212121212122 2.787878787878788 2.757575757575758 2.5454545454545454 1.5151515151515151 2.0303030303030303 1.606060606060606 1.5757575757575757 3.0 2.242424242424242 1.878787878787879 1.4848484848484849
10 227.12300205442776 1.3737373737373737 2.0 1.9595959595959596 1.6565656565656566 1.4545454545454546 1.2121212121212122 1.2727272727272727 1.8383838383838385 1.4141414141414141 2.0 1.797979797979798 1.1313131313131313 1.97979797979798 1.7777777777777777 1.494949494949495 0.8888888888888888 1.5757575757575757 1.1515151515151516 1.6363636363636365 1.6565656565656566 1.494949494949495 1.5151515151515151 1.0101010101010102 1.1313131313131313 1.9393939393939394 1.1919191919191918 0.9494949494949495 0.9090909090909091 1.6767676767676767 0.8080808080808081 0.98989898989899 1.0909090909090908 1.6767676767676767 1.898989898989899 1.9393939393939394 0.9292929292929293 1.4343434343434343 1.0707070707070707 0.8080808080808081 1.8585858585858586 1.8383838383838385 1.696969696969697 1.0101010101010102 1.3535353535353536 1.0707070707070707 1.0505050505050506 2.0 1.494949494949495 1.2525252525252526 0.98989898989899
11 378.8823507988883 2.0606060606060606 3.0 2.9393939393939394 2.484848484848485 2.1818181818181817 1.8181818181818181 1.9090909090909092 2.757575757575758 2.121212121212121 3.0 2.696969696969697 1.696969696969697 2.9696969696969697 2.6666666666666665 2.242424242424242 1.3333333333333333 2.3636363636363638 1.7272727272727273 2.4545454545454546 2.484848484848485 2.242424242424242 2.272727272727273 1.5151515151515151 1.696969696969697 2.909090909090909 1.7878787878787878 1.4242424242424243 1.3636363636363635 2.515151515151515 1.2121212121212122 1.4848484848484849 1.6363636363636365 2.515151515151515 2.8484848484848486 2.909090909090909 1.393939393939394 2.1515151515151514 1.606060606060606 1.2121212121212122 2.787878787878788 2.757575757575758 2.5454545454545454 1.5151515151515151 2.0303030303030303 1.606060606060606 1.5757575757575757 3.0 2.242424242424242 1.878787878787879 1.4848484848484849
12 168.53592574412866 1.3737373737373737 2.0 1.9595959595959596 1.6565656565656566 1.4545454545454546 1.2121212121212122 1.2727272727272727 1.8383838383838385 1.4141414141414141 2.0 1.797979797979798 1.1313131313131313 1.97979797979798 1.7777777777777777 1.494949494949495 0.8888888888888888 1.5757575757575757 1.1515151515151516 1.6363636363636365 1.6565656565656566 1.494949494949495 1.5151515151515151 1.0101010101010102 1.1313131313131313 1.9393939393939394 1.1919191919191918 0.9494949494949495 0.9090909090909091 1.6767676767676767 0.8080808080808081 0.98989898989899 1.0909090909090908 1.6767676767676767 1.898989898989899 1.9393939393939394 0.9292929292929293 1.4343434343434343 1.0707070707070707 0.8080808080808081 1.8585858585858586 1.8383838383838385 1.696969696969697 1.0101010101010102 1.3535353535353536 1.0707070707070707 1.0505050505050506 2.0 1.494949494949495 1.2525252525252526 0.98989898989899
13 980.0664423429029 2.0606060606060606 3.0 2.9393939393939394 2.484848484848485 2.1818181818181817 1.8181818181818181 1.9090909090909092 2.757575757575758 2.121212121212121 3.0 2.696969696969697 1.696969696969697 2.9696969696969697 2.6666666666666665 2.242424242424242 1.3333333333333333 2.3636363636363638 1.7272727272727273 2.4545454545454546 2.484848484848485 2.242424242424242 2.272727272727273 1.5151515151515151 1.696969696969697 2.909090909090909 1.7878787878787878 1.4242424242424243 1.3636363636363635 2.515151515151515 1.2121212121212122 1.4848484848484849 1.6363636363636365 2.515151515151515 2.8484848484848486 2.909090909090909 1.393939393939394 2.1515151515151514 1.606060606060606 1.2121212121212122 2.787878787878788 2.757575757575758 2.5454545454545454 1.5151515151515151 2.0303030303030303 1.606060606060606 1.5757575757575757 3.0 2.242424242424242 1.878787878787879 1.4848484848484849
14 89.57155409093711 2.0606060606060606 3.0 2.9393939393939394 2.484848484848485 2.1818181818181817 1.8181818181818181 1.9090909090909092 2.757575757575758 2.121212121212121 3.0 2.696969696969697 1.696969696969697 2.9696969696969697 2.6666666666666665 2.242424242424242 1.3333333333333333 2.3636363636363638 1.7272727272727273 2.4545454545454546 2.484848484848485 2.242424242424242 2.272727272727273 1.5151515151515151 1.696969696969697 2.909090909090909 1.7878787878787878 1.4242424242424243 1.3636363636363635 2.515151515151515 1.2121212121212122 1.4848484848484849 1.6363636363636365 2.515151515151515 2.8484848484848486 2.909090909090909 1.393939393939394 2.1515151515151514 1.606060606060606 1.2121212121212122 2.787878787878788 2.757575757575758 2.5454545454545454 1.5151515151515151 2.0303030303030303 1.606060606060606 1.5757575757575757 3.0 2.242424242424242 1.878787878787879 1.4848484848484849
15 293.2039712086121 1.3737373737373737 2.0 1.9595959595959596 1.6565656565656566 1.4545454545454546 1.2121212121212122 1.2727272727272727 1.8383838383838385 1.4141414141414141 2.0 1.797979797979798 1.1313131313131313 1.97979797979798 1.7777777777777777 1.494949494949495 0.8888888888888888 1.5757575757575757 1.1515151515151516 1.6363636363636365 1.6565656565656566 1.494949494949495 1.5151515151515151 1.0101010101010102 1.1313131313131313 1.9393939393939394 1.1919191919191918 0.9494949494949495 0.9090909090909091 1.6767676767676767 0.8080808080808081 0.98989898989899 1.0909090909090908 1.6767676767676767 1.898989898989899 1.9393939393939394 0.9292929292929293 1.4343434343434343 1.0707070707070707 0.8080808080808081 1.8585858585858586 1.8383838383838385 1.696969696969697 1.0101010101010102 1.3535353535353536 1.0707070707070707 1.0505050505050506 2.0 1.494949494949495 1.2525252525252526 0.98989898989899
16 450.6669665792636 1.3737373737373737 2.0 1.9595959595959596 1.6565656565656566 1.4545454545454546 1.2121212121212122 1.2727272727272727 1.8383838383838385 1.4141414141414141 2.0 1.797979797979798 1.1313131313131313 1.97979797979798 1.7777777777777777 1.494949494949495 0.8888888888888888 1.5757575757575757 1.1515151515151516 1.6363636363636365 1.6565656565656566 1.494949494949495 1.5151515151515151 1.0101010101010102 1.1313131313131313 1.9393939393939394 1.1919191919191918 0.9494949494949495 0.9090909090909091 1.6767676767676767 0.8080808080808081 0.98989898989899 1.0909090909090908 1.6767676767676767 1.898989898989899 1.9393939393939394 0.9292929292929293 1.4343434343434343 1.0707070707070707 0.8080808080808081 1.8585858585858586 1.8383838383838385 1.696969696969697 1.0101010101010102 1.3535353535353536 1.0707070707070707 1.0505050505050506 2.0 1.494949494949495 1.2525252525252526 0.98989898989899
17 272.8446873317135 1.3737373737373737 2.0 1.9595959595959596 1.6565656565656566 1.4545454545454546 1.2121212121212122 1.2727272727272727 1.8383838383838385 1.4141414141414141 2.0 1.797979797979798 1.1313131313131313 1.97979797979798 1.7777777777777777 1.494949494949495 0.8888888888888888 1.5757575757575757 1.1515151515151516 1.6363636363636365 1.6565656565656566 1.494949494949495 1.5151515151515151 1.0101010101010102 1.1313131313131313 1.9393939393939394 1.1919191919191918 0.9494949494949495 0.9090909090909091 1.6767676767676767 0.8080808080808081 0.98989898989899 1.0909090909090908 1.6767676767676767 1.898989898989899 1.9393939393939394 0.9292929292929293 1.4343434343434343 1.0707070707070707 0.8080808080808081 1.8585858585858586 1.8383838383838385 1.696969696969697 1.0101010101010102 1.3535353535353536 1.0707070707070707 1.0505050505050506 2.0 1.494949494949495 1.2525252525252526 0.98989898989899
18 338.26037330932445 2.0606060606060606 3.0 2.9393939393939394 2.484848484848485 2.1818181818181817 1.8181818181818181 1.9090909090909092 2.757575757575758 2.121212121212121 3.0 2.696969696969697 1.696969696969697 2.9696969696969697 2.6666666666666665 2.242424242424242 1.3333333333333333 2.3636363636363638 1.7272727272727273 2.4545454545454546 2.484848484848485 2.242424242424242 2.272727272727273 1.5151515151515151 1.696969696969697 2.909090909090909 1.7878787878787878 1.4242424242424243 1.3636363636363635 2.515151515151515 1.2121212121212122 1.4848484848484849 1.6363636363636365 2.515151515151515 2.8484848484848486 2.909090909090909 1.393939393939394 2.1515151515151514 1.606060606060606 1.2121212121212122 2.787878787878788 2.757575757575758 2.5454545454545454 1.5151515151515151 2.0303030303030303 1.606060606060606 1.5757575757575757 3.0 2.242424242424242 1.878787878787879 1.4848484848484849
19 589.2267537327673 1.3737373737373737 2.0 1.9595959595959596 1.6565656565656566 1.4545454545454546 1.2121212121212122 1.2727272727272727 1.8383838383838385 1.4141414141414141 2.0 1.797979797979798 1.1313131313131313 1.97979797979798 1.7777777777777777 1.494949494949495 0.8888888888888888 1.5757575757575757 1.1515151515151516 1.6363636363636365 1.6565656565656566 1.494949494949495 1.5151515151515151 1.0101010101010102 1.1313131313131313 1.9393939393939394 1.1919191919191918 0.9494949494949495 0.9090909090909091 1.6767676767676767 0.8080808080808081 0.98989898989899 1.0909090909090908 1.6767676767676767 1.898989898989899 1.9393939393939394 0.9292929292929293 1.4343434343434343 1.0707070707070707 0.8080808080808081 1.8585858585858586 1.8383838383838385 1.696969696969697 1.0101010101010102 1.3535353535353536 1.0707070707070707 1.0505050505050506 2.0 1.494949494949495 1.2525252525252526 0.98989898989899
20 348.71688128709974 1.3737373737373737 2.0 1.9595959595959596 1.6565656565656566 1.4545454545454546 1.2121212121212122 1.2727272727272727 1.8383838383838385 1.4141414141414141 2.0 1.797979797979798 1.1313131313131313 1.97979797979798 1.7777777777777777 1.494949494949495 0.8888888888888888 1.5757575757575757 1.1515151515151516 1.6363636363636365 1.6565656565656566 1.494949494949495 1.5151515151515151 1.0101010101010102 1.1313131313131313 1.9393939393939394 1.1919191919191918 0.9494949494949495 0.9090909090909091 1.6767676767676767 0.8080808080808081 0.98989898989899 1.0909090909090908 1.6767676767676767 1.898989898989899 1.9393939393939394 0.9292929292929293 1.4343434343434343 1.0707070707070707 0.8080808080808081 1.8585858585858586 1.8383838383838385 1.696969696969697 1.0101010101010102 1.3535353535353536 1.0707070707070707 1.0505050505050506 2.0 1.494949494949495 1.2525252525252526 0.98989898989899
21 634.0205320371625 1.3737373737373737 2.0 1.9595959595959596 1.6565656565656566 1.4545454545454546 1.2121212121212122 1.2727272727272727 1.8383838383838385 1.4141414141414141 2.0 1.797979797979798 1.1313131313131313 1.97979797979798 1.7777777777777777 1.494949494949495 0.8888888888888888 1.5757575757575757 1.1515151515151516 1.6363636363636365 1.6565656565656566 1.494949494949495 1.5151515151515151 1.0101010101010102 1.1313131313131313 1.9393939393939394 1.1919191919191918 0.9494949494949495 0.9090909090909091 1.6767676767676767 0.8080808080808081 0.98989898989899 1.0909090909090908 1.6767676767676767 1.898989898989899 1.9393939393939394 0.9292929292929293 1.4343434343434343 1.0707070707070707 0.8080808080808081 1.8585858585858586 1.8383838383838385 1.696969696969697 1.0101010101010102 1.3535353535353536 1.0707070707070707 1.0505050505050506 2.0 1.494949494949495 1.2525252525252526 0.98989898989899
22 622.2874204363407 2.0606060606060606 3.0 2.9393939393939394 2.484848484848485 2.1818181818181817 1.8181818181818181 1.9090909090909092 2.757575757575758 2.121212121212121 3.0 2.696969696969697 1.696969696969697 2.9696969696969697 2.6666666666666665 2.242424242424242 1.3333333333333333 2.3636363636363638 1.7272727272727273 2.4545454545454546 2.484848484848485 2.242424242424242 2.272727272727273 1.5151515151515151 1.696969696969697 2.909090909090909 1.7878787878787878 1.4242424242424243 1.3636363636363635 2.515151515151515 1.2121212121212122 1.4848484848484849 1.6363636363636365 2.515151515151515 2.8484848484848486 2.909090909090909 1.393939393939394 2.1515151515151514 1.606060606060606 1.2121212121212122 2.787878787878788 2.757575757575758 2.5454545454545454 1.5151515151515151 2.0303030303030303 1.606060606060606 1.5757575757575757 3.0 2.242424242424242 1.878787878787879 1.4848484848484849
23 471.1826285912585 2.0606060606060606 3.0 2.9393939393939394 2.484848484848485 2.1818181818181817 1.8181818181818181 1.9090909090909092 2.757575757575758 2.121212121212121 3.0 2.696969696969697 1.696969696969697 2.9696969696969697 2.6666666666666665 2.242424242424242 1.3333333333333333 2.3636363636363638 1.7272727272727273 2.4545454545454546 2.484848484848485 2.242424242424242 2.272727272727273 1.5151515151515151 1.696969696969697 2.909090909090909 1.7878787878787878 1.4242424242424243 1.3636363636363635 2.515151515151515 1.2121212121212122 1.4848484848484849 1.6363636363636365 2.515151515151515 2.8484848484848486 2.909090909090909 1.393939393939394 2.1515151515151514 1.606060606060606 1.2121212121212122 2.787878787878788 2.757575757575758 2.5454545454545454 1.5151515151515151 2.0303030303030303 1.606060606060606 1.5757575757575757 3.0 2.242424242424242 1.878787878787879 1.4848484848484849
24 373.81112634474607 1.3737373737373737 2.0 1.9595959595959596 1.6565656565656566 1.4545454545454546 1.2121212121212122 1.2727272727272727 1.8383838383838385 1.4141414141414141 2.0 1.797979797979798 1.1313131313131313 1.97979797979798 1.7777777777777777 1.494949494949495 0.8888888888888888 1.5757575757575757 1.1515151515151516 1.6363636363636365 1.6565656565656566 1.494949494949495 1.5151515151515151 1.0101010101010102 1.1313131313131313 1.9393939393939394 1.1919191919191918 0.9494949494949495 0.9090909090909091 1.6767676767676767 0.8080808080808081 0.98989898989899 1.0909090909090908 1.6767676767676767 1.898989898989899 1.9393939393939394 0.9292929292929293 1.4343434343434343 1.0707070707070707 0.8080808080808081 1.8585858585858586 1.8383838383838385 1.696969696969697 1.0101010101010102 1.3535353535353536 1.0707070707070707 1.0505050505050506 2.0 1.494949494949495 1.2525252525252526 0.98989898989899
25 536.1953732360485 1.3737373737373737 2.0 1.9595959595959596 1.6565656565656566 1.4545454545454546 1.2121212121212122 1.2727272727272727 1.8383838383838385 1.4141414141414141 2.0 1.797979797979798 1.1313131313131313 1.97979797979798 1.7777777777777777 1.494949494949495 0.8888888888888888 1.5757575757575757 1.1515151515151516 1.6363636363636365 1.6565656565656566 1.494949494949495 1.5151515151515151 1.0101010101010102 1.1313131313131313 1.9393939393939394 1.1919191919191918 0.9494949494949495 0.9090909090909091 1.6767676767676767 0.8080808080808081 0.98989898989899 1.0909090909090908 1.6767676767676767 1.898989898989899 1.9393939393939394 0.9292929292929293 1.4343434343434343 1.0707070707070707 0.8080808080808081 1.8585858585858586 1.8383838383838385 1.696969696969697 1.0101010101010102 1.3535353535353536 1.0707070707070707 1.0505050505050506 2.0 1.494949494949495 1.2525252525252526 0.98989898989899
26 115.88225287638932 1.3737373737373737 2.0 1.9595959595959596 1.6565656565656566 1.4545454545454546 1.2121212121212122 1.2727272727272727 1.8383838383838385 1.4141414141414141 2.0 1.797979797979798 1.1313131313131313 1.97979797979798 1.7777777777777777 1.494949494949495 0.8888888888888888 1.5757575757575757 1.1515151515151516 1.6363636363636365 1.6565656565656566 1.494949494949495 1.5151515151515151 1.0101010101010102 1.1313131313131313 1.9393939393939394 1.1919191919191918 0.9494949494949495 0.9090909090909091 1.6767676767676767 0.8080808080808081 0.98989898989899 1.0909090909090908 1.6767676767676767 1.898989898989899 1.9393939393939394 0.9292929292929293 1.4343434343434343 1.0707070707070707 0.8080808080808081 1.8585858585858586 1.8383838383838385 1.696969696969697 1.0101010101010102 1.3535353535353536 1.0707070707070707 1.0505050505050506 2.0 1.494949494949495 1.2525252525252526 0.98989898989899
27 124.8553916098533 2.0606060606060606 3.0 2.9393939393939394 2.484848484848485 2.1818181818181817 1.8181818181818181 1.9090909090909092 2.757575757575758 2.121212121212121 3.0 2.696969696969697 1.696969696969697 2.9696969696969697 2.6666666666666665 2.242424242424242 1.3333333333333333 2.3636363636363638 1.7272727272727273 2.4545454545454546 2.484848484848485 2.242424242424242 2.272727272727273 1.5151515151515151 1.696969696969697 2.909090909090909 1.7878787878787878 1.4242424242424243 1.3636363636363635 2.515151515151515 1.2121212121212122 1.4848484848484849 1.6363636363636365 2.515151515151515 2.8484848484848486 2.909090909090909 1.393939393939394 2.1515151515151514 1.606060606060606 1.2121212121212122 2.787878787878788 2.757575757575758 2.5454545454545454 1.5151515151515151 2.0303030303030303 1.606060606060606 1.5757575757575757 3.0 2.242424242424242 1.878787878787879 1.4848484848484849
28 396.8387586494291 1.3737373737373737 2.0 1.9595959595959596 1.6565656565656566 1.4545454545454546 1.2121212121212122 1.2727272727272727 1.8383838383838385 1.4141414141414141 2.0 1.797979797979798 1.1313131313131313 1.97979797979798 1.7777777777777777 1.494949494949495 0.8888888888888888 1.5757575757575757 1.1515151515151516 1.6363636363636365 1.6565656565656566 1.494949494949495 1.5151515151515151 1.0101010101010102 1.1313131313131313 1.9393939393939394 1.1919191919191918 0.9494949494949495 0.9090909090909091 1.6767676767676767 0.8080808080808081 0.98989898989899 1.0909090909090908 1.6767676767676767 1.898989898989899 1.9393939393939394 0.9292929292929293 1.4343434343434343 1.0707070707070707 0.8080808080808081 1.8585858585858586 1.8383838383838385 1.696969696969697 1.0101010101010102 1.3535353535353536 1.0707070707070707 1.0505050505050506 2.0 1.494949494949495 1.2525252525252526 0.98989898989899
29 222.63486621491097 2.0606060606060606 3.0 2.9393939393939394 2.484848484848485 2.1818181818181817 1.8181818181818181 1.9090909090909092 2.757575757575758 2.121212121212121 3.0 2.696969696969697 1.696969696969697 2.9696969696969697 2.6666666666666665 2.242424242424242 1.3333333333333333 2.3636363636363638 1.7272727272727273 2.4545454545454546 2.484848484848485 2.242424242424242 2.272727272727273 1.5151515151515151 1.696969696969697 2.909090909090909 1.7878787878787878 1.4242424242424243 1.3636363636363635 2.515151515151515 1.2121212121212122 1.4848484848484849 1.6363636363636365 2.515151515151515 2.8484848484848486 2.909090909090909 1.393939393939394 2.1515151515151514 1.606060606060606 1.2121212121212122 2.787878787878788 2.757575757575758 2.5454545454545454 1.5151515151515151 2.0303030303030303 1.606060606060606 1.5757575757575757 3.0 2.242424242424242 1.878787878787879 1.4848484848484849
30 305.3650428954073 1.3737373737373737 2.0 1.9595959595959596 1.6565656565656566 1.4545454545454546 1.2121212121212122 1.2727272727272727 1.8383838383838385 1.4141414141414141 2.0 1.797979797979798 1.1313131313131313 1.97979797979798 1.7777777777777777 1.494949494949495 0.8888888888888888 1.5757575757575757 1.1515151515151516 1.6363636363636365 1.6565656565656566 1.494949494949495 1.5151515151515151 1.0101010101010102 1.1313131313131313 1.9393939393939394 1.1919191919191918 0.9494949494949495 0.9090909090909091 1.6767676767676767 0.8080808080808081 0.98989898989899 1.0909090909090908 1.6767676767676767 1.898989898989899 1.9393939393939394 0.9292929292929293 1.4343434343434343 1.0707070707070707 0.8080808080808081 1.8585858585858586 1.8383838383838385 1.696969696969697 1.0101010101010102 1.3535353535353536 1.0707070707070707 1.0505050505050506 2.0 1.494949494949495 1.2525252525252526 0.98989898989899
31 204.94973702799837 2.0606060606060606 3.0 2.9393939393939394 2.484848484848485 2.1818181818181817 1.8181818181818181 1.9090909090909092 2.757575757575758 2.121212121212121 3.0 2.696969696969697 1.696969696969697 2.9696969696969697 2.6666666666666665 2.242424242424242 1.3333333333333333 2.3636363636363638 1.7272727272727273 2.4545454545454546 2.484848484848485 2.242424242424242 2.272727272727273 1.5151515151515151 1.696969696969697 2.909090909090909 1.7878787878787878 1.4242424242424243 1.3636363636363635 2.515151515151515 1.2121212121212122 1.4848484848484849 1.6363636363636365 2.515151515151515 2.8484848484848486 2.909090909090909 1.393939393939394 2.1515151515151514 1.606060606060606 1.2121212121212122 2.787878787878788 2.757575757575758 2.5454545454545454 1.5151515151515151 2.0303030303030303 1.606060606060606 1.5757575757575757 3.0 2.242424242424242 1.878787878787879 1.4848484848484849
32 343.04741260011383 1.3737373737373737 2.0 1.9595959595959596 1.6565656565656566 1.4545454545454546 1.2121212121212122 1.2727272727272727 1.8383838383838385 1.4141414141414141 2.0 1.797979797979798 1.1313131313131313 1.97979797979798 1.7777777777777777 1.494949494949495 0.8888888888888888 1.5757575757575757 1.1515151515151516 1.6363636363636365 1.6565656565656566 1.494949494949495 1.5151515151515151 1.0101010101010102 1.1313131313131313 1.9393939393939394 1.1919191919191918 0.9494949494949495 0.9090909090909091 1.6767676767676767 0.8080808080808081 0.98989898989899 1.0909090909090908 1.6767676767676767 1.898989898989899 1.9393939393939394 0.9292929292929293 1.4343434343434343 1.0707070707070707 0.8080808080808081 1.8585858585858586 1.8383838383838385 1.696969696969697 1.0101010101010102 1.3535353535353536 1.0707070707070707 1.0505050505050506 2.0 1.494949494949495 1.2525252525252526 0.98989898989899
33 421.2524709027297 2.0606060606060606 3.0 2.9393939393939394 2.484848484848485 2.1818181818181817 1.8181818181818181 1.9090909090909092 2.757575757575758 2.121212121212121 3.0 2.696969696969697 1.696969696969697 2.9696969696969697 2.6666666666666665 2.242424242424242 1.3333333333333333 2.3636363636363638 1.7272727272727273 2.4545454545454546 2.484848484848485 2.242424242424242 2.272727272727273 1.5151515151515151 1.696969696969697 2.909090909090909 1.7878787878787878 1.4242424242424243 1.3636363636363635 2.515151515151515 1.2121212121212122 1.4848484848484849 1.6363636363636365 2.515151515151515 2.8484848484848486 2.909090909090909 1.393939393939394 2.1515151515151514 1.606060606060606 1.2121212121212122 2.787878787878788 2.757575757575758 2.5454545454545454 1.5151515151515151 2.0303030303030303 1.606060606060606 1.5757575757575757 3.0 2.242424242424242 1.878787878787879 1.4848484848484849
34 128.89338000234733 1.3737373737373737 2.0 1.9595959595959596 1.6565656565656566 1.4545454545454546 1.2121212121212122 1.2727272727272727 1.8383838383838385 1.4141414141414141 2.0 1.797979797979798 1.1313131313131313 1.97979797979798 1.7777777777777777 1.494949494949495 0.8888888888888888 1.5757575757575757 1.1515151515151516 1.6363636363636365 1.6565656565656566 1.494949494949495 1.5151515151515151 1.0101010101010102 1.1313131313131313 1.9393939393939394 1.1919191919191918 0.9494949494949495 0.9090909090909091 1.6767676767676767 0.8080808080808081 0.98989898989899 1.0909090909090908 1.6767676767676767 1.898989898989899 1.9393939393939394 0.9292929292929293 1.4343434343434343 1.0707070707070707 0.8080808080808081 1.8585858585858586 1.8383838383838385 1.696969696969697 1.0101010101010102 1.3535353535353536 1.0707070707070707 1.0505050505050506 2.0 1.494949494949495 1.2525252525252526 0.98989898989899
35 425.18349089855053 1.3737373737373737 2.0 1.9595959595959596 1.6565656565656566 1.4545454545454546 1.2121212121212122 1.2727272727272727 1.8383838383838385 1.4141414141414141 2.0 1.797979797979798 1.1313131313131313 1.97979797979798 1.7777777777777777 1.494949494949495 0.8888888888888888 1.5757575757575757 1.1515151515151516 1.6363636363636365 1.6565656565656566 1.494949494949495 1.5151515151515151 1.0101010101010102 1.1313131313131313 1.9393939393939394 1.1919191919191918 0.9494949494949495 0.9090909090909091 1.6767676767676767 0.8080808080808081 0.98989898989899 1.0909090909090908 1.6767676767676767 1.898989898989899 1.9393939393939394 0.9292929292929293 1.4343434343434343 1.0707070707070707 0.8080808080808081 1.8585858585858586 1.8383838383838385 1.696969696969697 1.0101010101010102 1.3535353535353536 1.0707070707070707 1.0505050505050506 2.0 1.494949494949495 1.2525252525252526 0.98989898989899
36 24.85463067678677 1.3737373737373737 2.0 1.9595959595959596 1.6565656565656566 1.4545454545454546 1.2121212121212122 1.2727272727272727 1.8383838383838385 1.4141414141414141 2.0 1.797979797979798 1.1313131313131313 1.97979797979798 1.7777777777777777 1.494949494949495 0.8888888888888888 1.5757575757575757 1.1515151515151516 1.6363636363636365 1.6565656565656566 1.494949494949495 1.5151515151515151 1.0101010101010102 1.1313131313131313 1.9393939393939394 1.1919191919191918 0.9494949494949495 0.9090909090909091 1.6767676767676767 0.8080808080808081 0.98989898989899 1.0909090909090908 1.6767676767676767 1.898989898989899 1.9393939393939394 0.9292929292929293 1.4343434343434343 1.0707070707070707 0.8080808080808081 1.8585858585858586 1.8383838383838385 1.696969696969697 1.0101010101010102 1.3535353535353536 1.0707070707070707 1.0505050505050506 2.0 1.494949494949495 1.2525252525252526 0.98989898989899
37 505.7336187533828 2.0606060606060606 3.0 2.9393939393939394 2.484848484848485 2.1818181818181817 1.8181818181818181 1.9090909090909092 2.757575757575758 2.121212121212121 3.0 2.696969696969697 1.696969696969697 2.9696969696969697 2.6666666666666665 2.242424242424242 1.3333333333333333 2.3636363636363638 1.7272727272727273 2.4545454545454546 2.484848484848485 2.242424242424242 2.272727272727273 1.5151515151515151 1.696969696969697 2.909090909090909 1.7878787878787878 1.4242424242424243 1.3636363636363635 2.515151515151515 1.2121212121212122 1.4848484848484849 1.6363636363636365 2.515151515151515 2.8484848484848486 2.909090909090909 1.393939393939394 2.1515151515151514 1.606060606060606 1.2121212121212122 2.787878787878788 2.757575757575758 2.5454545454545454 1.5151515151515151 2.0303030303030303 1.606060606060606 1.5757575757575757 3.0 2.242424242424242 1.878787878787879 1.4848484848484849
38 511.1005490036937 2.0606060606060606 3.0 2.9393939393939394 2.484848484848485 2.1818181818181817 1.8181818181818181 1.9090909090909092 2.757575757575758 2.121212121212121 3.0 2.696969696969697 1.696969696969697 2.9696969696969697 2.6666666666666665 2.242424242424242 1.3333333333333333 2.3636363636363638 1.7272727272727273 2.4545454545454546 2.484848484848485 2.242424242424242 2.272727272727273 1.5151515151515151 1.696969696969697 2.909090909090909 1.7878787878787878 1.4242424242424243 1.3636363636363635 2.515151515151515 1.2121212121212122 1.4848484848484849 1.6363636363636365 2.515151515151515 2.8484848484848486 2.909090909090909 1.393939393939394 2.1515151515151514 1.606060606060606 1.2121212121212122 2.787878787878788 2.757575757575758 2.5454545454545454 1.5151515151515151 2.0303030303030303 1.606060606060606 1.5757575757575757 3.0 2.242424242424242 1.878787878787879 1.4848484848484849
39 229.06583065276146 1.3737373737373737 2.0 1.9595959595959596 1.6565656565656566 1.4545454545454546 1.2121212121212122 1.2727272727272727 1.8383838383838385 1.4141414141414141 2.0 1.797979797979798 1.1313131313131313 1.97979797979798 1.7777777777777777 1.494949494949495 0.8888888888888888 1.5757575757575757 1.1515151515151516 1.6363636363636365 1.6565656565656566 1.494949494949495 1.5151515151515151 1.0101010101010102 1.1313131313131313 1.9393939393939394 1.1919191919191918 0.9494949494949495 0.9090909090909091 1.6767676767676767 0.8080808080808081 0.98989898989899 1.0909090909090908 1.6767676767676767 1.898989898989899 1.9393939393939394 0.9292929292929293 1.4343434343434343 1.0707070707070707 0.8080808080808081 1.8585858585858586 1.8383838383838385 1.696969696969697 1.0101010101010102 1.3535353535353536 1.0707070707070707 1.0505050505050506 2.0 1.494949494949495 1.2525252525252526 0.98989898989899
40 215.2854387223959 2.0606060606060606 3.0 2.9393939393939394 2.484848484848485 2.1818181818181817 1.8181818181818181 1.9090909090909092 2.757575757575758 2.121212121212121 3.0 2.696969696969697 1.696969696969697 2.9696969696969697 2.6666666666666665 2.242424242424242 1.3333333333333333 2.3636363636363638 1.7272727272727273 2.4545454545454546 2.484848484848485 2.242424242424242 2.272727272727273 1.5151515151515151 1.696969696969697 2.909090909090909 1.7878787878787878 1.4242424242424243 1.3636363636363635 2.515151515151515 1.2121212121212122 1.4848484848484849 1.6363636363636365 2.515151515151515 2.8484848484848486 2.909090909090909 1.393939393939394 2.1515151515151514 1.606060606060606 1.2121212121212122 2.787878787878788 2.757575757575758 2.5454545454545454 1.5151515151515151 2.0303030303030303 1.606060606060606 1.5757575757575757 3.0 2.242424242424242 1.878787878787879 1.4848484848484849
41 309.12193307490804 2.0606060606060606 3.0 2.9393939393939394 2.484848484848485 2.1818181818181817 1.8181818181818181 1.9090909090909092 2.757575757575758 2.121212121212121 3.0 2.696969696969697 1.696969696969697 2.9696969696969697 2.6666666666666665 2.242424242424242 1.3333333333333333 2.3636363636363638 1.7272727272727273 2.4545454545454546 2.484848484848485 2.242424242424242 2.272727272727273 1.5151515151515151 1.696969696969697 2.909090909090909 1.7878787878787878 1.4242424242424243 1.3636363636363635 2.515151515151515 1.2121212121212122 1.4848484848484849 1.6363636363636365 2.515151515151515 2.8484848484848486 2.909090909090909 1.393939393939394 2.1515151515151514 1.606060606060606 1.2121212121212122 2.787878787878788 2.757575757575758 2.5454545454545454 1.5151515151515151 2.0303030303030303 1.606060606060606 1.5757575757575757 3.0 2.242424242424242 1.878787878787879 1.4848484848484849
42 8.7133065249406 2.0606060606060606 3.0 2.9393939393939394 2.484848484848485 2.1818181818181817 1.8181818181818181 1.9090909090909092 2.757575757575758 2.121212121212121 3.0 2.696969696969697 1.696969696969697 2.9696969696969697 2.6666666666666665 2.242424242424242 1.3333333333333333 2.3636363636363638 1.7272727272727273 2.4545454545454546 2.484848484848485 2.242424242424242 2.272727272727273 1.5151515151515151 1.696969696969697 2.909090909090909 1.7878787878787878 1.4242424242424243 1.3636363636363635 2.515151515151515 1.2121212121212122 1.4848484848484849 1.6363636363636365 2.515151515151515 2.8484848484848486 2.909090909090909 1.393939393939394 2.1515151515151514 1.606060606060606 1.2121212121212122 2.787878787878788 2.757575757575758 2.5454545454545454 1.5151515151515151 2.0303030303030303 1.606060606060606 1.5757575757575757 3.0 2.242424242424242 1.878787878787879 1.4848484848484849
43 325.0776428627975 2.0606060606060606 3.0 2.9393939393939394 2.484848484848485 2.1818181818181817 1.8181818181818181 1.9090909090909092 2.757575757575758 2.121212121212121 3.0 2.696969696969697 1.696969696969697 2.9696969696969697 2.6666666666666665 2.242424242424242 1.3333333333333333 2.3636363636363638 1.7272727272727273 2.4545454545454546 2.484848484848485 2.242424242424242 2.272727272727273 1.5151515151515151 1.696969696969697 2.909090909090909 1.7878787878787878 1.4242424242424243 1.3636363636363635 2.515151515151515 1.2121212121212122 1.4848484848484849 1.6363636363636365 2.515151515151515 2.8484848484848486 2.909090909090909 1.393939393939394 2.1515151515151514 1.606060606060606 1.2121212121212122 2.787878787878788 2.757575757575758 2.5454545454545454 1.5151515151515151 2.0303030303030303 1.606060606060606 1.5757575757575757 3.0 2.242424242424242 1.878787878787879 1.4848484848484849
44 210.9912645746138 2.0606060606060606 3.0 2.9393939393939394 2.484848484848485 2.1818181818181817 1.8181818181818181 1.9090909090909092 2.757575757575758 2.121212121212121 3.0 2.696969696969697 1.696969696969697 2.9696969696969697 2.6666666666666665 2.242424242424242 1.3333333333333333 2.3636363636363638 1.7272727272727273 2.4545454545454546 2.484848484848485 2.242424242424242 2.272727272727273 1.5151515151515151 1.696969696969697 2.909090909090909 1.7878787878787878 1.4242424242424243 1.3636363636363635 2.515151515151515 1.2121212121212122 1.4848484848484849 1.6363636363636365 2.515151515151515 2.8484848484848486 2.909090909090909 1.393939393939394 2.1515151515151514 1.606060606060606 1.2121212121212122 2.787878787878788 2.757575757575758 2.5454545454545454 1.5151515151515151 2.0303030303030303 1.606060606060606 1.5757575757575757 3.0 2.242424242424242 1.878787878787879 1.4848484848484849
45 12.33980991805149 2.0606060606060606 3.0 2.9393939393939394 2.484848484848485 2.1818181818181817 1.8181818181818181 1.9090909090909092 2.757575757575758 2.121212121212121 3.0 2.696969696969697 1.696969696969697 2.9696969696969697 2.6666666666666665 2.242424242424242 1.3333333333333333 2.3636363636363638 1.7272727272727273 2.4545454545454546 2.484848484848485 2.242424242424242 2.272727272727273 1.5151515151515151 1.696969696969697 2.909090909090909 1.7878787878787878 1.4242424242424243 1.3636363636363635 2.515151515151515 1.2121212121212122 1.4848484848484849 1.6363636363636365 2.515151515151515 2.8484848484848486 2.909090909090909 1.393939393939394 2.1515151515151514 1.606060606060606 1.2121212121212122 2.787878787878788 2.757575757575758 2.5454545454545454 1.5151515151515151 2.0303030303030303 1.606060606060606 1.5757575757575757 3.0 2.242424242424242 1.878787878787879 1.4848484848484849
46 58.341532352765384 2.0606060606060606 3.0 2.9393939393939394 2.484848484848485 2.1818181818181817 1.8181818181818181 1.9090909090909092 2.757575757575758 2.121212121212121 3.0 2.696969696969697 1.696969696969697 2.9696969696969697 2.6666666666666665 2.242424242424242 1.3333333333333333 2.3636363636363638 1.7272727272727273 2.4545454545454546 2.484848484848485 2.242424242424242 2.272727272727273 1.5151515151515151 1.696969696969697 2.909090909090909 1.7878787878787878 1.4242424242424243 1.3636363636363635 2.515151515151515 1.2121212121212122 1.4848484848484849 1.6363636363636365 2.515151515151515 2.8484848484848486 2.909090909090909 1.393939393939394 2.1515151515151514 1.606060606060606 1.2121212121212122 2.787878787878788 2.757575757575758 2.5454545454545454 1.5151515151515151 2.0303030303030303 1.606060606060606 1.5757575757575757 3.0 2.242424242424242 1.878787878787879 1.4848484848484849
47 162.0864654320319 1.3737373737373737 2.0 1.9595959595959596 1.6565656565656566 1.4545454545454546 1.2121212121212122 1.2727272727272727 1.8383838383838385 1.4141414141414141 2.0 1.797979797979798 1.1313131313131313 1.97979797979798 1.7777777777777777 1.494949494949495 0.8888888888888888 1.5757575757575757 1.1515151515151516 1.6363636363636365 1.6565656565656566 1.494949494949495 1.5151515151515151 1.0101010101010102 1.1313131313131313 1.9393939393939394 1.1919191919191918 0.9494949494949495 0.9090909090909091 1.6767676767676767 0.8080808080808081 0.98989898989899 1.0909090909090908 1.6767676767676767 1.898989898989899 1.9393939393939394 0.9292929292929293 1.4343434343434343 1.0707070707070707 0.8080808080808081 1.8585858585858586 1.8383838383838385 1.696969696969697 1.0101010101010102 1.3535353535353536 1.0707070707070707 1.0505050505050506 2.0 1.494949494949495 1.2525252525252526 0.98989898989899
48 677.5943281276938 1.3737373737373737 2.0 1.9595959595959596 1.6565656565656566 1.4545454545454546 1.2121212121212122 1.2727272727272727 1.8383838383838385 1.4141414141414141 2.0 1.797979797979798 1.1313131313131313 1.97979797979798 1.7777777777777777 1.494949494949495 0.8888888888888888 1.5757575757575757 1.1515151515151516 1.6363636363636365 1.6565656565656566 1.494949494949495 1.5151515151515151 1.0101010101010102 1.1313131313131313 1.9393939393939394 1.1919191919191918 0.9494949494949495 0.9090909090909091 1.6767676767676767 0.8080808080808081 0.98989898989899 1.0909090909090908 1.6767676767676767 1.898989898989899 1.9393939393939394 0.9292929292929293 1.4343434343434343 1.0707070707070707 0.8080808080808081 1.8585858585858586 1.8383838383838385 1.696969696969697 1.0101010101010102 1.3535353535353536 1.0707070707070707 1.0505050505050506 2.0 1.494949494949495 1.2525252525252526 0.98989898989899
49 784.7603180723095 2.0606060606060606 3.0 2.9393939393939394 2.484848484848485 2.1818181818181817 1.8181818181818181 1.9090909090909092 2.757575757575758 2.121212121212121 3.0 2.696969696969697 1.696969696969697 2.9696969696969697 2.6666666666666665 2.242424242424242 1.3333333333333333 2.3636363636363638 1.7272727272727273 2.4545454545454546 2.484848484848485 2.242424242424242 2.272727272727273 1.5151515151515151 1.696969696969697 2.909090909090909 1.7878787878787878 1.4242424242424243 1.3636363636363635 2.515151515151515 1.2121212121212122 1.4848484848484849 1.6363636363636365 2.515151515151515 2.8484848484848486 2.909090909090909 1.393939393939394 2.1515151515151514 1.606060606060606 1.2121212121212122 2.787878787878788 2.757575757575758 2.5454545454545454 1.5151515151515151 2.0303030303030303 1.606060606060606 1.5757575757575757 3.0 2.242424242424242 1.878787878787879 1.4848484848484849
50 538.3432483785236 1.3737373737373737 2.0 1.9595959595959596 1.6565656565656566 1.4545454545454546 1.2121212121212122 1.2727272727272727 1.8383838383838385 1.4141414141414141 2.0 1.797979797979798 1.1313131313131313 1.97979797979798 1.7777777777777777 1.494949494949495 0.8888888888888888 1.5757575757575757 1.1515151515151516 1.6363636363636365 1.6565656565656566 1.494949494949495 1.5151515151515151 1.0101010101010102 1.1313131313131313 1.9393939393939394 1.1919191919191918 0.9494949494949495 0.9090909090909091 1.6767676767676767 0.8080808080808081 0.98989898989899 1.0909090909090908 1.6767676767676767 1.898989898989899 1.9393939393939394 0.9292929292929293 1.4343434343434343 1.0707070707070707 0.8080808080808081 1.8585858585858586 1.8383838383838385 1.696969696969697 1.0101010101010102 1.3535353535353536 1.0707070707070707 1.0505050505050506 2.0 1.494949494949495 1.2525252525252526 0.98989898989899
51 64.31168884587679 2.0606060606060606 3.0 2.9393939393939394 2.484848484848485 2.1818181818181817 1.8181818181818181 1.9090909090909092 2.757575757575758 2.121212121212121 3.0 2.696969696969697 1.696969696969697 2.9696969696969697 2.6666666666666665 2.242424242424242 1.3333333333333333 2.3636363636363638 1.7272727272727273 2.4545454545454546 2.484848484848485 2.242424242424242 2.272727272727273 1.5151515151515151 1.696969696969697 2.909090909090909 1.7878787878787878 1.4242424242424243 1.3636363636363635 2.515151515151515 1.2121212121212122 1.4848484848484849 1.6363636363636365 2.515151515151515 2.8484848484848486 2.909090909090909 1.393939393939394 2.1515151515151514 1.606060606060606 1.2121212121212122 2.787878787878788 2.757575757575758 2.5454545454545454 1.5151515151515151 2.0303030303030303 1.606060606060606 1.5757575757575757 3.0 2.242424242424242 1.878787878787879 1.4848484848484849
52 427.2658880632075 1.3737373737373737 2.0 1.9595959595959596 1.6565656565656566 1.4545454545454546 1.2121212121212122 1.2727272727272727 1.8383838383838385 1.4141414141414141 2.0 1.797979797979798 1.1313131313131313 1.97979797979798 1.7777777777777777 1.494949494949495 0.8888888888888888 1.5757575757575757 1.1515151515151516 1.6363636363636365 1.6565656565656566 1.494949494949495 1.5151515151515151 1.0101010101010102 1.1313131313131313 1.9393939393939394 1.1919191919191918 0.9494949494949495 0.9090909090909091 1.6767676767676767 0.8080808080808081 0.98989898989899 1.0909090909090908 1.6767676767676767 1.898989898989899 1.9393939393939394 0.9292929292929293 1.4343434343434343 1.0707070707070707 0.8080808080808081 1.8585858585858586 1.8383838383838385 1.696969696969697 1.0101010101010102 1.3535353535353536 1.0707070707070707 1.0505050505050506 2.0 1.494949494949495 1.2525252525252526 0.98989898989899
53 122.55161568078461 1.3737373737373737 2.0 1.9595959595959596 1.6565656565656566 1.4545454545454546 1.2121212121212122 1.2727272727272727 1.8383838383838385 1.4141414141414141 2.0 1.797979797979798 1.1313131313131313 1.97979797979798 1.7777777777777777 1.494949494949495 0.8888888888888888 1.5757575757575757 1.1515151515151516 1.6363636363636365 1.6565656565656566 1.494949494949495 1.5151515151515151 1.0101010101010102 1.1313131313131313 1.9393939393939394 1.1919191919191918 0.9494949494949495 0.9090909090909091 1.6767676767676767 0.8080808080808081 0.98989898989899 1.0909090909090908 1.6767676767676767 1.898989898989899 1.9393939393939394 0.9292929292929293 1.4343434343434343 1.0707070707070707 0.8080808080808081 1.8585858585858586 1.8383838383838385 1.696969696969697 1.0101010101010102 1.3535353535353536 1.0707070707070707 1.0505050505050506 2.0 1.494949494949495 1.2525252525252526 0.98989898989899
54 552.8093261442 2.0606060606060606 3.0 2.9393939393939394 2.484848484848485 2.1818181818181817 1.8181818181818181 1.9090909090909092 2.757575757575758 2.121212121212121 3.0 2.696969696969697 1.696969696969697 2.9696969696969697 2.6666666666666665 2.242424242424242 1.3333333333333333 2.3636363636363638 1.7272727272727273 2.4545454545454546 2.484848484848485 2.242424242424242 2.272727272727273 1.5151515151515151 1.696969696969697 2.909090909090909 1.7878787878787878 1.4242424242424243 1.3636363636363635 2.515151515151515 1.2121212121212122 1.4848484848484849 1.6363636363636365 2.515151515151515 2.8484848484848486 2.909090909090909 1.393939393939394 2.1515151515151514 1.606060606060606 1.2121212121212122 2.787878787878788 2.757575757575758 2.5454545454545454 1.5151515151515151 2.0303030303030303 1.606060606060606 1.5757575757575757 3.0 2.242424242424242 1.878787878787879 1.4848484848484849
55 363.7474240421085 2.0606060606060606 3.0 2.9393939393939394 2.484848484848485 2.1818181818181817 1.8181818181818181 1.9090909090909092 2.757575757575758 2.121212121212121 3.0 2.696969696969697 1.696969696969697 2.9696969696969697 2.6666666666666665 2.242424242424242 1.3333333333333333 2.3636363636363638 1.7272727272727273 2.4545454545454546 2.484848484848485 2.242424242424242 2.272727272727273 1.5151515151515151 1.696969696969697 2.909090909090909 1.7878787878787878 1.4242424242424243 1.3636363636363635 2.515151515151515 1.2121212121212122 1.4848484848484849 1.6363636363636365 2.515151515151515 2.8484848484848486 2.909090909090909 1.393939393939394 2.1515151515151514 1.606060606060606 1.2121212121212122 2.787878787878788 2.757575757575758 2.5454545454545454 1.5151515151515151 2.0303030303030303 1.606060606060606 1.5757575757575757 3.0 2.242424242424242 1.878787878787879 1.4848484848484849
56 103.1478709748018 1.3737373737373737 2.0 1.9595959595959596 1.6565656565656566 1.4545454545454546 1.2121212121212122 1.2727272727272727 1.8383838383838385 1.4141414141414141 2.0 1.797979797979798 1.1313131313131313 1.97979797979798 1.7777777777777777 1.494949494949495 0.8888888888888888 1.5757575757575757 1.1515151515151516 1.6363636363636365 1.6565656565656566 1.494949494949495 1.5151515151515151 1.0101010101010102 1.1313131313131313 1.9393939393939394 1.1919191919191918 0.9494949494949495 0.9090909090909091 1.6767676767676767 0.8080808080808081 0.98989898989899 1.0909090909090908 1.6767676767676767 1.898989898989899 1.9393939393939394 0.9292929292929293 1.4343434343434343 1.0707070707070707 0.8080808080808081 1.8585858585858586 1.8383838383838385 1.696969696969697 1.0101010101010102 1.3535353535353536 1.0707070707070707 1.0505050505050506 2.0 1.494949494949495 1.2525252525252526 0.98989898989899
57 419.34072583244694 1.3737373737373737 2.0 1.9595959595959596 1.6565656565656566 1.4545454545454546 1.2121212121212122 1.2727272727272727 1.8383838383838385 1.4141414141414141 2.0 1.797979797979798 1.1313131313131313 1.97979797979798 1.7777777777777777 1.494949494949495 0.8888888888888888 1.5757575757575757 1.1515151515151516 1.6363636363636365 1.6565656565656566 1.494949494949495 1.5151515151515151 1.0101010101010102 1.1313131313131313 1.9393939393939394 1.1919191919191918 0.9494949494949495 0.9090909090909091 1.6767676767676767 0.8080808080808081 0.98989898989899 1.0909090909090908 1.6767676767676767 1.898989898989899 1.9393939393939394 0.9292929292929293 1.4343434343434343 1.0707070707070707 0.8080808080808081 1.8585858585858586 1.8383838383838385 1.696969696969697 1.0101010101010102 1.3535353535353536 1.0707070707070707 1.0505050505050506 2.0 1.494949494949495 1.2525252525252526 0.98989898989899
58 153.64718867027145 1.3737373737373737 2.0 1.9595959595959596 1.6565656565656566 1.4545454545454546 1.2121212121212122 1.2727272727272727 1.8383838383838385 1.4141414141414141 2.0 1.797979797979798 1.1313131313131313 1.97979797979798 1.7777777777777777 1.494949494949495 0.8888888888888888 1.5757575757575757 1.1515151515151516 1.6363636363636365 1.6565656565656566 1.494949494949495 1.5151515151515151 1.0101010101010102 1.1313131313131313 1.9393939393939394 1.1919191919191918 0.9494949494949495 0.9090909090909091 1.6767676767676767 0.8080808080808081 0.98989898989899 1.0909090909090908 1.6767676767676767 1.898989898989899 1.9393939393939394 0.9292929292929293 1.4343434343434343 1.0707070707070707 0.8080808080808081 1.8585858585858586 1.8383838383838385 1.696969696969697 1.0101010101010102 1.3535353535353536 1.0707070707070707 1.0505050505050506 2.0 1.494949494949495 1.2525252525252526 0.98989898989899
59 385.3751960885836 1.3737373737373737 2.0 1.9595959595959596 1.6565656565656566 1.4545454545454546 1.2121212121212122 1.2727272727272727 1.8383838383838385 1.4141414141414141 2.0 1.797979797979798 1.1313131313131313 1.97979797979798 1.7777777777777777 1.494949494949495 0.8888888888888888 1.5757575757575757 1.1515151515151516 1.6363636363636365 1.6565656565656566 1.494949494949495 1.5151515151515151 1.0101010101010102 1.1313131313131313 1.9393939393939394 1.1919191919191918 0.9494949494949495 0.9090909090909091 1.6767676767676767 0.8080808080808081 0.98989898989899 1.0909090909090908 1.6767676767676767 1.898989898989899 1.9393939393939394 0.9292929292929293 1.4343434343434343 1.0707070707070707 0.8080808080808081 1.8585858585858586 1.8383838383838385 1.696969696969697 1.0101010101010102 1.3535353535353536 1.0707070707070707 1.0505050505050506 2.0 1.494949494949495 1.2525252525252526 0.98989898989899
60 319.80858439420456 2.0606060606060606 3.0 2.9393939393939394 2.484848484848485 2.1818181818181817 1.8181818181818181 1.9090909090909092 2.757575757575758 2.121212121212121 3.0 2.696969696969697 1.696969696969697 2.9696969696969697 2.6666666666666665 2.242424242424242 1.3333333333333333 2.3636363636363638 1.7272727272727273 2.4545454545454546 2.484848484848485 2.242424242424242 2.272727272727273 1.5151515151515151 1.696969696969697 2.909090909090909 1.7878787878787878 1.4242424242424243 1.3636363636363635 2.515151515151515 1.2121212121212122 1.4848484848484849 1.6363636363636365 2.515151515151515 2.8484848484848486 2.909090909090909 1.393939393939394 2.1515151515151514 1.606060606060606 1.2121212121212122 2.787878787878788 2.757575757575758 2.5454545454545454 1.5151515151515151 2.0303030303030303 1.606060606060606 1.5757575757575757 3.0 2.242424242424242 1.878787878787879 1.4848484848484849
61 10.235844836059096 1.3737373737373737 2.0 1.9595959595959596 1.6565656565656566 1.4545454545454546 1.2121212121212122 1.2727272727272727 1.8383838383838385 1.4141414141414141 2.0 1.797979797979798 1.1313131313131313 1.97979797979798 1.7777777777777777 1.494949494949495 0.8888888888888888 1.5757575757575757 1.1515151515151516 1.6363636363636365 1.6565656565656566 1.494949494949495 1.5151515151515151 1.0101010101010102 1.1313131313131313 1.9393939393939394 1.1919191919191918 0.9494949494949495 0.9090909090909091 1.6767676767676767 0.8080808080808081 0.98989898989899 1.0909090909090908 1.6767676767676767 1.898989898989899 1.9393939393939394 0.9292929292929293 1.4343434343434343 1.0707070707070707 0.8080808080808081 1.8585858585858586 1.8383838383838385 1.696969696969697 1.0101010101010102 1.3535353535353536 1.0707070707070707 1.0505050505050506 2.0 1.494949494949495 1.2525252525252526 0.98989898989899
62 196.91335885381753 1.3737373737373737 2.0 1.9595959595959596 1.6565656565656566 1.4545454545454546 1.2121212121212122 1.2727272727272727 1.8383838383838385 1.4141414141414141 2.0 1.797979797979798 1.1313131313131313 1.97979797979798 1.7777777777777777 1.494949494949495 0.8888888888888888 1.5757575757575757 1.1515151515151516 1.6363636363636365 1.6565656565656566 1.494949494949495 1.5151515151515151 1.0101010101010102 1.1313131313131313 1.9393939393939394 1.1919191919191918 0.9494949494949495 0.9090909090909091 1.6767676767676767 0.8080808080808081 0.98989898989899 1.0909090909090908 1.6767676767676767 1.898989898989899 1.9393939393939394 0.9292929292929293 1.4343434343434343 1.0707070707070707 0.8080808080808081 1.8585858585858586 1.8383838383838385 1.696969696969697 1.0101010101010102 1.3535353535353536 1.0707070707070707 1.0505050505050506 2.0 1.494949494949495 1.2525252525252526 0.98989898989899
63 729.7674633906396 2.0606060606060606 3.0 2.9393939393939394 2.484848484848485 2.1818181818181817 1.8181818181818181 1.9090909090909092 2.757575757575758 2.121212121212121 3.0 2.696969696969697 1.696969696969697 2.9696969696969697 2.6666666666666665 2.242424242424242 1.3333333333333333 2.3636363636363638 1.7272727272727273 2.4545454545454546 2.484848484848485 2.242424242424242 2.272727272727273 1.5151515151515151 1.696969696969697 2.909090909090909 1.7878787878787878 1.4242424242424243 1.3636363636363635 2.515151515151515 1.2121212121212122 1.4848484848484849 1.6363636363636365 2.515151515151515 2.8484848484848486 2.909090909090909 1.393939393939394 2.1515151515151514 1.606060606060606 1.2121212121212122 2.787878787878788 2.757575757575758 2.5454545454545454 1.5151515151515151 2.0303030303030303 1.606060606060606 1.5757575757575757 3.0 2.242424242424242 1.878787878787879 1.4848484848484849
64 764.4054107357879 1.3737373737373737 2.0 1.9595959595959596 1.6565656565656566 1.4545454545454546 1.2121212121212122 1.2727272727272727 1.8383838383838385 1.4141414141414141 2.0 1.797979797979798 1.1313131313131313 1.97979797979798 1.7777777777777777 1.494949494949495 0.8888888888888888 1.5757575757575757 1.1515151515151516 1.6363636363636365 1.6565656565656566 1.494949494949495 1.5151515151515151 1.0101010101010102 1.1313131313131313 1.9393939393939394 1.1919191919191918 0.9494949494949495 0.9090909090909091 1.6767676767676767 0.8080808080808081 0.98989898989899 1.0909090909090908 1.6767676767676767 1.898989898989899 1.9393939393939394 0.9292929292929293 1.4343434343434343 1.0707070707070707 0.8080808080808081 1.8585858585858586 1.8383838383838385 1.696969696969697 1.0101010101010102 1.3535353535353536 1.0707070707070707 1.0505050505050506 2.0 1.494949494949495 1.2525252525252526 0.98989898989899
65 203.08669742278772 2.0606060606060606 3.0 2.9393939393939394 2.484848484848485 2.1818181818181817 1.8181818181818181 1.9090909090909092 2.757575757575758 2.121212121212121 3.0 2.696969696969697 1.696969696969697 2.9696969696969697 2.6666666666666665 2.242424242424242 1.3333333333333333 2.3636363636363638 1.7272727272727273 2.4545454545454546 2.484848484848485 2.242424242424242 2.272727272727273 1.5151515151515151 1.696969696969697 2.909090909090909 1.7878787878787878 1.4242424242424243 1.3636363636363635 2.515151515151515 1.2121212121212122 1.4848484848484849 1.6363636363636365 2.515151515151515 2.8484848484848486 2.909090909090909 1.393939393939394 2.1515151515151514 1.606060606060606 1.2121212121212122 2.787878787878788 2.757575757575758 2.5454545454545454 1.5151515151515151 2.0303030303030303 1.606060606060606 1.5757575757575757 3.0 2.242424242424242 1.878787878787879 1.4848484848484849
66 295.4252578536884 2.0606060606060606 3.0 2.9393939393939394 2.484848484848485 2.1818181818181817 1.8181818181818181 1.9090909090909092 2.757575757575758 2.121212121212121 3.0 2.696969696969697 1.696969696969697 2.9696969696969697 2.6666666666666665 2.242424242424242 1.3333333333333333 2.3636363636363638 1.7272727272727273 2.4545454545454546 2.484848484848485 2.242424242424242 2.272727272727273 1.5151515151515151 1.696969696969697 2.909090909090909 1.7878787878787878 1.4242424242424243 1.3636363636363635 2.515151515151515 1.2121212121212122 1.4848484848484849 1.6363636363636365 2.515151515151515 2.8484848484848486 2.909090909090909 1.393939393939394 2.1515151515151514 1.606060606060606 1.2121212121212122 2.787878787878788 2.757575757575758 2.5454545454545454 1.5151515151515151 2.0303030303030303 1.606060606060606 1.5757575757575757 3.0 2.242424242424242 1.878787878787879 1.4848484848484849
67 152.10587848360814 1.3737373737373737 2.0 1.9595959595959596 1.6565656565656566 1.4545454545454546 1.2121212121212122 1.2727272727272727 1.8383838383838385 1.4141414141414141 2.0 1.797979797979798 1.1313131313131313 1.97979797979798 1.7777777777777777 1.494949494949495 0.8888888888888888 1.5757575757575757 1.1515151515151516 1.6363636363636365 1.6565656565656566 1.494949494949495 1.5151515151515151 1.0101010101010102 1.1313131313131313 1.9393939393939394 1.1919191919191918 0.9494949494949495 0.9090909090909091 1.6767676767676767 0.8080808080808081 0.98989898989899 1.0909090909090908 1.6767676767676767 1.898989898989899 1.9393939393939394 0.9292929292929293 1.4343434343434343 1.0707070707070707 0.8080808080808081 1.8585858585858586 1.8383838383838385 1.696969696969697 1.0101010101010102 1.3535353535353536 1.0707070707070707 1.0505050505050506 2.0 1.494949494949495 1.2525252525252526 0.98989898989899
68 147.3015152370416 2.0606060606060606 3.0 2.9393939393939394 2.484848484848485 2.1818181818181817 1.8181818181818181 1.9090909090909092 2.757575757575758 2.121212121212121 3.0 2.696969696969697 1.696969696969697 2.9696969696969697 2.6666666666666665 2.242424242424242 1.3333333333333333 2.3636363636363638 1.7272727272727273 2.4545454545454546 2.484848484848485 2.242424242424242 2.272727272727273 1.5151515151515151 1.696969696969697 2.909090909090909 1.7878787878787878 1.4242424242424243 1.3636363636363635 2.515151515151515 1.2121212121212122 1.4848484848484849 1.6363636363636365 2.515151515151515 2.8484848484848486 2.909090909090909 1.393939393939394 2.1515151515151514 1.606060606060606 1.2121212121212122 2.787878787878788 2.757575757575758 2.5454545454545454 1.5151515151515151 2.0303030303030303 1.606060606060606 1.5757575757575757 3.0 2.242424242424242 1.878787878787879 1.4848484848484849
69 677.4412429974968 1.3737373737373737 2.0 1.9595959595959596 1.6565656565656566 1.4545454545454546 1.2121212121212122 1.2727272727272727 1.8383838383838385 1.4141414141414141 2.0 1.797979797979798 1.1313131313131313 1.97979797979798 1.7777777777777777 1.494949494949495 0.8888888888888888 1.5757575757575757 1.1515151515151516 1.6363636363636365 1.6565656565656566 1.494949494949495 1.5151515151515151 1.0101010101010102 1.1313131313131313 1.9393939393939394 1.1919191919191918 0.9494949494949495 0.9090909090909091 1.6767676767676767 0.8080808080808081 0.98989898989899 1.0909090909090908 1.6767676767676767 1.898989898989899 1.9393939393939394 0.9292929292929293 1.4343434343434343 1.0707070707070707 0.8080808080808081 1.8585858585858586 1.8383838383838385 1.696969696969697 1.0101010101010102 1.3535353535353536 1.0707070707070707 1.0505050505050506 2.0 1.494949494949495 1.2525252525252526 0.98989898989899
70 455.29894823949485 1.3737373737373737 2.0 1.9595959595959596 1.6565656565656566 1.4545454545454546 1.2121212121212122 1.2727272727272727 1.8383838383838385 1.4141414141414141 2.0 1.797979797979798 1.1313131313131313 1.97979797979798 1.7777777777777777 1.494949494949495 0.8888888888888888 1.5757575757575757 1.1515151515151516 1.6363636363636365 1.6565656565656566 1.494949494949495 1.5151515151515151 1.0101010101010102 1.1313131313131313 1.9393939393939394 1.1919191919191918 0.9494949494949495 0.9090909090909091 1.6767676767676767 0.8080808080808081 0.98989898989899 1.0909090909090908 1.6767676767676767 1.898989898989899 1.9393939393939394 0.9292929292929293 1.4343434343434343 1.0707070707070707 0.8080808080808081 1.8585858585858586 1.8383838383838385 1.696969696969697 1.0101010101010102 1.3535353535353536 1.0707070707070707 1.0505050505050506 2.0 1.494949494949495 1.2525252525252526 0.98989898989899
71 951.0 1.3737373737373737 2.0 1.9595959595959596 1.6565656565656566 1.4545454545454546 1.2121212121212122 1.2727272727272727 1.8383838383838385 1.4141414141414141 2.0 1.797979797979798 1.1313131313131313 1.97979797979798 1.7777777777777777 1.494949494949495 0.8888888888888888 1.5757575757575757 1.1515151515151516 1.6363636363636365 1.6565656565656566 1.494949494949495 1.5151515151515151 1.0101010101010102 1.1313131313131313 1.9393939393939394 1.1919191919191918 0.9494949494949495 0.9090909090909091 1.6767676767676767 0.8080808080808081 0.98989898989899 1.0909090909090908 1.6767676767676767 1.898989898989899 1.9393939393939394 0.9292929292929293 1.4343434343434343 1.0707070707070707 0.8080808080808081 1.8585858585858586 1.8383838383838385 1.696969696969697 1.0101010101010102 1.3535353535353536 1.0707070707070707 1.0505050505050506 2.0 1.494949494949495 1.2525252525252526 0.98989898989899
72 661.9098017082816 1.3737373737373737 2.0 1.9595959595959596 1.6565656565656566 1.4545454545454546 1.2121212121212122 1.2727272727272727 1.8383838383838385 1.4141414141414141 2.0 1.797979797979798 1.1313131313131313 1.97979797979798 1.7777777777777777 1.494949494949495 0.8888888888888888 1.5757575757575757 1.1515151515151516 1.6363636363636365 1.6565656565656566 1.494949494949495 1.5151515151515151 1.0101010101010102 1.1313131313131313 1.9393939393939394 1.1919191919191918 0.9494949494949495 0.9090909090909091 1.6767676767676767 0.8080808080808081 0.98989898989899 1.0909090909090908 1.6767676767676767 1.898989898989899 1.9393939393939394 0.9292929292929293 1.4343434343434343 1.0707070707070707 0.8080808080808081 1.8585858585858586 1.8383838383838385 1.696969696969697 1.0101010101010102 1.3535353535353536 1.0707070707070707 1.0505050505050506 2.0 1.494949494949495 1.2525252525252526 0.98989898989899
73 166.55569761182315 1.3737373737373737 2.0 1.9595959595959596 1.6565656565656566 1.4545454545454546 1.2121212121212122 1.2727272727272727 1.8383838383838385 1.4141414141414141 2.0 1.797979797979798 1.1313131313131313 1.97979797979798 1.7777777777777777 1.494949494949495 0.8888888888888888 1.5757575757575757 1.1515151515151516 1.6363636363636365 1.6565656565656566 1.494949494949495 1.5151515151515151 1.0101010101010102 1.1313131313131313 1.9393939393939394 1.1919191919191918 0.9494949494949495 0.9090909090909091 1.6767676767676767 0.8080808080808081 0.98989898989899 1.0909090909090908 1.6767676767676767 1.898989898989899 1.9393939393939394 0.9292929292929293 1.4343434343434343 1.0707070707070707 0.8080808080808081 1.8585858585858586 1.8383838383838385 1.696969696969697 1.0101010101010102 1.3535353535353536 1.0707070707070707 1.0505050505050506 2.0 1.494949494949495 1.2525252525252526 0.98989898989899
74 16.203180345071857 2.0606060606060606 3.0 2.9393939393939394 2.484848484848485 2.1818181818181817 1.8181818181818181 1.9090909090909092 2.757575757575758 2.121212121212121 3.0 2.696969696969697 1.696969696969697 2.9696969696969697 2.6666666666666665 2.242424242424242 1.3333333333333333 2.3636363636363638 1.7272727272727273 2.4545454545454546 2.484848484848485 2.242424242424242 2.272727272727273 1.5151515151515151 1.696969696969697 2.909090909090909 1.7878787878787878 1.4242424242424243 1.3636363636363635 2.515151515151515 1.2121212121212122 1.4848484848484849 1.6363636363636365 2.515151515151515 2.8484848484848486 2.909090909090909 1.393939393939394 2.1515151515151514 1.606060606060606 1.2121212121212122 2.787878787878788 2.757575757575758 2.5454545454545454 1.5151515151515151 2.0303030303030303 1.606060606060606 1.5757575757575757 3.0 2.242424242424242 1.878787878787879 1.4848484848484849
75 307.718852064534 1.3737373737373737 2.0 1.9595959595959596 1.6565656565656566 1.4545454545454546 1.2121212121212122 1.2727272727272727 1.8383838383838385 1.4141414141414141 2.0 1.797979797979798 1.1313131313131313 1.97979797979798 1.7777777777777777 1.494949494949495 0.8888888888888888 1.5757575757575757 1.1515151515151516 1.6363636363636365 1.6565656565656566 1.494949494949495 1.5151515151515151 1.0101010101010102 1.1313131313131313 1.9393939393939394 1.1919191919191918 0.9494949494949495 0.9090909090909091 1.6767676767676767 0.8080808080808081 0.98989898989899 1.0909090909090908 1.6767676767676767 1.898989898989899 1.9393939393939394 0.9292929292929293 1.4343434343434343 1.0707070707070707 0.8080808080808081 1.8585858585858586 1.8383838383838385 1.696969696969697 1.0101010101010102 1.3535353535353536 1.0707070707070707 1.0505050505050506 2.0 1.494949494949495 1.2525252525252526 0.98989898989899
76 563.2900397896631 1.3737373737373737 2.0 1.9595959595959596 1.6565656565656566 1.4545454545454546 1.2121212121212122 1.2727272727272727 1.8383838383838385 1.4141414141414141 2.0 1.797979797979798 1.1313131313131313 1.97979797979798 1.7777777777777777 1.494949494949495 0.8888888888888888 1.5757575757575757 1.1515151515151516 1.6363636363636365 1.6565656565656566 1.494949494949495 1.5151515151515151 1.0101010101010102 1.1313131313131313 1.9393939393939394 1.1919191919191918 0.9494949494949495 0.9090909090909091 1.6767676767676767 0.8080808080808081 0.98989898989899 1.0909090909090908 1.6767676767676767 1.898989898989899 1.9393939393939394 0.9292929292929293 1.4343434343434343 1.0707070707070707 0.8080808080808081 1.8585858585858586 1.8383838383838385 1.696969696969697 1.0101010101010102 1.3535353535353536 1.0707070707070707 1.0505050505050506 2.0 1.494949494949495 1.2525252525252526 0.98989898989899
77 390.2700399672135 2.0606060606060606 3.0 2.9393939393939394 2.484848484848485 2.1818181818181817 1.8181818181818181 1.9090909090909092 2.757575757575758 2.121212121212121 3.0 2.696969696969697 1.696969696969697 2.9696969696969697 2.6666666666666665 2.242424242424242 1.3333333333333333 2.3636363636363638 1.7272727272727273 2.4545454545454546 2.484848484848485 2.242424242424242 2.272727272727273 1.5151515151515151 1.696969696969697 2.909090909090909 1.7878787878787878 1.4242424242424243 1.3636363636363635 2.515151515151515 1.2121212121212122 1.4848484848484849 1.6363636363636365 2.515151515151515 2.8484848484848486 2.909090909090909 1.393939393939394 2.1515151515151514 1.606060606060606 1.2121212121212122 2.787878787878788 2.757575757575758 2.5454545454545454 1.5151515151515151 2.0303030303030303 1.606060606060606 1.5757575757575757 3.0 2.242424242424242 1.878787878787879 1.4848484848484849
78 414.14378879729765 2.0606060606060606 3.0 2.9393939393939394 2.484848484848485 2.1818181818181817 1.8181818181818181 1.9090909090909092 2.757575757575758 2.121212121212121 3.0 2.696969696969697 1.696969696969697 2.9696969696969697 2.6666666666666665 2.242424242424242 1.3333333333333333 2.3636363636363638 1.7272727272727273 2.4545454545454546 2.484848484848485 2.242424242424242 2.272727272727273 1.5151515151515151 1.696969696969697 2.909090909090909 1.7878787878787878 1.4242424242424243 1.3636363636363635 2.515151515151515 1.2121212121212122 1.4848484848484849 1.6363636363636365 2.515151515151515 2.8484848484848486 2.909090909090909 1.393939393939394 2.1515151515151514 1.606060606060606 1.2121212121212122 2.787878787878788 2.757575757575758 2.5454545454545454 1.5151515151515151 2.0303030303030303 1.606060606060606 1.5757575757575757 3.0 2.242424242424242 1.878787878787879 1.4848484848484849
79 57.30135969438114 1.3737373737373737 2.0 1.9595959595959596 1.6565656565656566 1.4545454545454546 1.2121212121212122 1.2727272727272727 1.8383838383838385 1.4141414141414141 2.0 1.797979797979798 1.1313131313131313 1.97979797979798 1.7777777777777777 1.494949494949495 0.8888888888888888 1.5757575757575757 1.1515151515151516 1.6363636363636365 1.6565656565656566 1.494949494949495 1.5151515151515151 1.0101010101010102 1.1313131313131313 1.9393939393939394 1.1919191919191918 0.9494949494949495 0.9090909090909091 1.6767676767676767 0.8080808080808081 0.98989898989899 1.0909090909090908 1.6767676767676767 1.898989898989899 1.9393939393939394 0.9292929292929293 1.4343434343434343 1.0707070707070707 0.8080808080808081 1.8585858585858586 1.8383838383838385 1.696969696969697 1.0101010101010102 1.3535353535353536 1.0707070707070707 1.0505050505050506 2.0 1.494949494949495 1.2525252525252526 0.98989898989899
80 91.0950768910019 1.3737373737373737 2.0 1.9595959595959596 1.6565656565656566 1.4545454545454546 1.2121212121212122 1.2727272727272727 1.8383838383838385 1.4141414141414141 2.0 1.797979797979798 1.1313131313131313 1.97979797979798 1.7777777777777777 1.494949494949495 0.8888888888888888 1.5757575757575757 1.1515151515151516 1.6363636363636365 1.6565656565656566 1.494949494949495 1.5151515151515151 1.0101010101010102 1.1313131313131313 1.9393939393939394 1.1919191919191918 0.9494949494949495 0.9090909090909091 1.6767676767676767 0.8080808080808081 0.98989898989899 1.0909090909090908 1.6767676767676767 1.898989898989899 1.9393939393939394 0.9292929292929293 1.4343434343434343 1.0707070707070707 0.8080808080808081 1.8585858585858586 1.8383838383838385 1.696969696969697 1.0101010101010102 1.3535353535353536 1.0707070707070707 1.0505050505050506 2.0 1.494949494949495 1.2525252525252526 0.98989898989899
81 149.83940618666946 1.3737373737373737 2.0 1.9595959595959596 1.6565656565656566 1.4545454545454546 1.2121212121212122 1.2727272727272727 1.8383838383838385 1.4141414141414141 2.0 1.797979797979798 1.1313131313131313 1.97979797979798 1.7777777777777777 1.494949494949495 0.8888888888888888 1.5757575757575757 1.1515151515151516 1.6363636363636365 1.6565656565656566 1.494949494949495 1.5151515151515151 1.0101010101010102 1.1313131313131313 1.9393939393939394 1.1919191919191918 0.9494949494949495 0.9090909090909091 1.6767676767676767 0.8080808080808081 0.98989898989899 1.0909090909090908 1.6767676767676767 1.898989898989899 1.9393939393939394 0.9292929292929293 1.4343434343434343 1.0707070707070707 0.8080808080808081 1.8585858585858586 1.8383838383838385 1.696969696969697 1.0101010101010102 1.3535353535353536 1.0707070707070707 1.0505050505050506 2.0 1.494949494949495 1.2525252525252526 0.98989898989899
82 285.9495400203202 2.0606060606060606 3.0 2.9393939393939394 2.484848484848485 2.1818181818181817 1.8181818181818181 1.9090909090909092 2.757575757575758 2.121212121212121 3.0 2.696969696969697 1.696969696969697 2.9696969696969697 2.6666666666666665 2.242424242424242 1.3333333333333333 2.3636363636363638 1.7272727272727273 2.4545454545454546 2.484848484848485 2.242424242424242 2.272727272727273 1.5151515151515151 1.696969696969697 2.909090909090909 1.7878787878787878 1.4242424242424243 1.3636363636363635 2.515151515151515 1.2121212121212122 1.4848484848484849 1.6363636363636365 2.515151515151515 2.8484848484848486 2.909090909090909 1.393939393939394 2.1515151515151514 1.606060606060606 1.2121212121212122 2.787878787878788 2.757575757575758 2.5454545454545454 1.5151515151515151 2.0303030303030303 1.606060606060606 1.5757575757575757 3.0 2.242424242424242 1.878787878787879 1.4848484848484849
83 504.4250763736368 2.0606060606060606 3.0 2.9393939393939394 2.484848484848485 2.1818181818181817 1.8181818181818181 1.9090909090909092 2.757575757575758 2.121212121212121 3.0 2.696969696969697 1.696969696969697 2.9696969696969697 2.6666666666666665 2.242424242424242 1.3333333333333333 2.3636363636363638 1.7272727272727273 2.4545454545454546 2.484848484848485 2.242424242424242 2.272727272727273 1.5151515151515151 1.696969696969697 2.909090909090909 1.7878787878787878 1.4242424242424243 1.3636363636363635 2.515151515151515 1.2121212121212122 1.4848484848484849 1.6363636363636365 2.515151515151515 2.8484848484848486 2.909090909090909 1.393939393939394 2.1515151515151514 1.606060606060606 1.2121212121212122 2.787878787878788 2.757575757575758 2.5454545454545454 1.5151515151515151 2.0303030303030303 1.606060606060606 1.5757575757575757 3.0 2.242424242424242 1.878787878787879 1.4848484848484849
84 160.62836951189433 2.0606060606060606 3.0 2.9393939393939394 2.484848484848485 2.1818181818181817 1.8181818181818181 1.9090909090909092 2.757575757575758 2.121212121212121 3.0 2.696969696969697 1.696969696969697 2.9696969696969697 2.6666666666666665 2.242424242424242 1.3333333333333333 2.3636363636363638 1.7272727272727273 2.4545454545454546 2.484848484848485 2.242424242424242 2.272727272727273 1.5151515151515151 1.696969696969697 2.909090909090909 1.7878787878787878 1.4242424242424243 1.3636363636363635 2.515151515151515 1.2121212121212122 1.4848484848484849 1.6363636363636365 2.515151515151515 2.8484848484848486 2.909090909090909 1.393939393939394 2.1515151515151514 1.606060606060606 1.2121212121212122 2.787878787878788 2.757575757575758 2.5454545454545454 1.5151515151515151 2.0303030303030303 1.606060606060606 1.5757575757575757 3.0 2.242424242424242 1.878787878787879 1.4848484848484849
85 112.68503227859011 1.3737373737373737 2.0 1.9595959595959596 1.6565656565656566 1.4545454545454546 1.2121212121212122 1.2727272727272727 1.8383838383838385 1.4141414141414141 2.0 1.797979797979798 1.1313131313131313 1.97979797979798 1.7777777777777777 1.494949494949495 0.8888888888888888 1.5757575757575757 1.1515151515151516 1.6363636363636365 1.6565656565656566 1.494949494949495 1.5151515151515151 1.0101010101010102 1.1313131313131313 1.9393939393939394 1.1919191919191918 0.9494949494949495 0.9090909090909091 1.6767676767676767 0.8080808080808081 0.98989898989899 1.0909090909090908 1.6767676767676767 1.898989898989899 1.9393939393939394 0.9292929292929293 1.4343434343434343 1.0707070707070707 0.8080808080808081 1.8585858585858586 1.8383838383838385 1.696969696969697 1.0101010101010102 1.3535353535353536 1.0707070707070707 1.0505050505050506 2.0 1.494949494949495 1.2525252525252526 0.98989898989899
86 57.42226589914459 1.3737373737373737 2.0 1.9595959595959596 1.6565656565656566 1.4545454545454546 1.2121212121212122 1.2727272727272727 1.8383838383838385 1.4141414141414141 2.0 1.797979797979798 1.1313131313131313 1.97979797979798 1.7777777777777777 1.494949494949495 0.8888888888888888 1.5757575757575757 1.1515151515151516 1.6363636363636365 1.6565656565656566 1.494949494949495 1.5151515151515151 1.0101010101010102 1.1313131313131313 1.9393939393939394 1.1919191919191918 0.9494949494949495 0.9090909090909091 1.6767676767676767 0.8080808080808081 0.98989898989899 1.0909090909090908 1.6767676767676767 1.898989898989899 1.9393939393939394 0.9292929292929293 1.4343434343434343 1.0707070707070707 0.8080808080808081 1.8585858585858586 1.8383838383838385 1.696969696969697 1.0101010101010102 1.3535353535353536 1.0707070707070707 1.0505050505050506 2.0 1.494949494949495 1.2525252525252526 0.98989898989899
87 691.3750397504937 2.0606060606060606 3.0 2.9393939393939394 2.484848484848485 2.1818181818181817 1.8181818181818181 1.9090909090909092 2.757575757575758 2.121212121212121 3.0 2.696969696969697 1.696969696969697 2.9696969696969697 2.6666666666666665 2.242424242424242 1.3333333333333333 2.3636363636363638 1.7272727272727273 2.4545454545454546 2.484848484848485 2.242424242424242 2.272727272727273 1.5151515151515151 1.696969696969697 2.909090909090909 1.7878787878787878 1.4242424242424243 1.3636363636363635 2.515151515151515 1.2121212121212122 1.4848484848484849 1.6363636363636365 2.515151515151515 2.8484848484848486 2.909090909090909 1.393939393939394 2.1515151515151514 1.606060606060606 1.2121212121212122 2.787878787878788 2.757575757575758 2.5454545454545454 1.5151515151515151 2.0303030303030303 1.606060606060606 1.5757575757575757 3.0 2.242424242424242 1.878787878787879 1.4848484848484849
88 196.07329873265473 1.3737373737373737 2.0 1.9595959595959596 1.6565656565656566 1.4545454545454546 1.2121212121212122 1.2727272727272727 1.8383838383838385 1.4141414141414141 2.0 1.797979797979798 1.1313131313131313 1.97979797979798 1.7777777777777777 1.494949494949495 0.8888888888888888 1.5757575757575757 1.1515151515151516 1.6363636363636365 1.6565656565656566 1.494949494949495 1.5151515151515151 1.0101010101010102 1.1313131313131313 1.9393939393939394 1.1919191919191918 0.9494949494949495 0.9090909090909091 1.6767676767676767 0.8080808080808081 0.98989898989899 1.0909090909090908 1.6767676767676767 1.898989898989899 1.9393939393939394 0.9292929292929293 1.4343434343434343 1.0707070707070707 0.8080808080808081 1.8585858585858586 1.8383838383838385 1.696969696969697 1.0101010101010102 1.3535353535353536 1.0707070707070707 1.0505050505050506 2.0 1.494949494949495 1.2525252525252526 0.98989898989899
89 358.16588637094833 2.0606060606060606 3.0 2.9393939393939394 2.484848484848485 2.1818181818181817 1.8181818181818181 1.9090909090909092 2.757575757575758 2.121212121212121 3.0 2.696969696969697 1.696969696969697 2.9696969696969697 2.6666666666666665 2.242424242424242 1.3333333333333333 2.3636363636363638 1.7272727272727273 2.4545454545454546 2.484848484848485 2.242424242424242 2.272727272727273 1.5151515151515151 1.696969696969697 2.909090909090909 1.7878787878787878 1.4242424242424243 1.3636363636363635 2.515151515151515 1.2121212121212122 1.4848484848484849 1.6363636363636365 2.515151515151515 2.8484848484848486 2.909090909090909 1.393939393939394 2.1515151515151514 1.606060606060606 1.2121212121212122 2.787878787878788 2.757575757575758 2.5454545454545454 1.5151515151515151 2.0303030303030303 1.606060606060606 1.5757575757575757 3.0 2.242424242424242 1.878787878787879 1.4848484848484849
