110 20
TREE NETWORK (nID nID Weight):
57 0 54
10 57 49
14 0 39
8 0 38
49 8 36
46 8 59
52 57 33
34 8 31
55 52 31
60 57 47
65 46 40
91 49 30
75 65 37
66 10 43
99 14 30
43 14 53
17 65 47
25 10 55
37 49 49
9 49 59
62 52 41
11 65 33
94 49 31
27 11 32
18 10 40
87 60 54
12 46 35
42 62 33
73 87 32
95 9 54
72 11 52
74 60 59
22 57 52
69 43 59
101 10 53
4 52 45
83 9 52
97 9 50
107 34 39
78 42 38
96 57 42
63 91 42
89 63 52
20 14 55
79 52 58
29 18 48
61 43 30
39 66 55
47 78 38
105 94 34
80 74 42
6 17 32
1 34 56
102 101 41
44 78 53
21 62 49
76 107 37
7 79 31
50 11 34
30 52 36
31 39 47
68 7 51
104 25 47
24 10 48
85 75 52
92 52 56
90 95 34
109 11 30
64 72 48
38 24 43
13 99 47
40 49 37
45 95 38
82 11 56
51 30 46
54 49 45
53 61 57
2 38 59
81 61 58
3 94 58
98 94 42
67 27 34
93 44 48
56 85 39
32 76 40
77 64 59
5 105 35
103 20 43
33 54 47
70 76 59
19 47 46
86 78 32
36 93 39
106 47 44
88 81 54
100 29 48
108 9 45
48 1 42
35 43 31
26 92 32
71 75 30
16 83 54
59 75 41
84 97 35
15 47 52
23 104 51
28 98 53
41 80 52
58 90 49
PROGRAMS ASSIGNED TO NODES (nID pID1 pID2 ...):
0 1 2 3 4 5 6 7 8 9 10 11 12 13 14 15 16 17 18 19 20
1 16 19 6 7 8 9 11 12
2 1 2 3 5 6 8 9 10 11 12 13 15 16 17 18 19 20
3 1 18 19 3 20 5 7 8 11 14
4 16 19 7 9 10
5 17
6 19 5 10
7 20 4 6 7 8 12
8 16 1 9 10 11 12
10 1 2 19 6 11 13
12 18 6 8 11
13 1 5 6 15
14 1 2 3 4 6 7 8 10 11 12 13 14 17 18 19 20
16 1 3 4 5 6 7 8 9 10 11 12 13 14 15 17 18 19 20
17 7 8 10 15
18 1 2 3 4 5 6 7 8 9 10 12 13 14 15 16 17 18 19 20
19 1 2 3 4 5 6 7 8 9 11 12 13 15 16 17 18 19 20
20 1 5 9 10 11 12 13 14 15 16 17 18 19 20
21 1 3 4 5 6 7 8 9 10 11 12 13 14 17 18 19 20
22 17 2 19 3 4 5 6 11 12 13 14
23 16 19 20 9 10 11 13 14 15
24 16 10
25 17 1 18 3 8 9 11 12 13
26 1 17 19 3 4 20 5 12
27 16 17 18 2 7 11 12 15
28 2 20 5 7 8 13 14
29 17 9 15
30 1 2 18 20 5 6 7 8 10 13 15
31 16 1 17 18 19 4 20 5 6 11 13 15
32 2 19 4 5 11 13 14
33 1 4 5 6 7 8 10 12 14 15 16 17 18 19 20
34 2 3 4 5 6 7 8 9 13 14 15 16 17 18 19 20
35 16 19 6 9 11 14
36 3 4 5 6 7 8 9 11 12 13 14 15 17 19
37 16 17 19 3 20 4 6 10 11 13 14 15
38 16 6 13 14
39 1 2 3 5 6 8 9 10 11 12 13 15 17 19 20
40 2 8 10
41 2 20 14
42 1 20 4 5 11 13 14
43 2 4 5 7 8 9 10 12 13 14 15 16 17 18 19 20
44 1 2 3 4 5 6 8 9 11 13 14 18 19 20
45 1 3 4 5 6 7 10 14 15 17 18 19 20
46 1 11
47 1 2 4 20 5 9 10 11 15
48 2 3 4 5 6 7 9 10 12 13 15 16 17 18 19 20
49 16 17 20 4 7 8 9 12 13
50 8 15
51 16 17 2 3 6 7 10 11 13 14
52 16 17 1 18 6 8 10 14 15
53 19 6 7
54 4
55 2 3 4 5 6 7 8 10 11 12 13 14 15 16 17 19 20
56 16 17 2 4 20 6 8 10 12 14
58 17 1 2 13
59 1 18 3 4 7 9 11 13 15
60 20 9
61 16 18 19 4 6 7 8 9 10 13 15
62 17 2 20 4 7 8 10 13
63 2 3 4 5 6 8 9 12 13 14 17 18 19
64 17 1 19 20 5 6 7 8 11 15
65 18 5 15
66 17 2 3 4 20 5 6 8 9 11 13 15
67 1 4 5 6 7 9 10 11 12 16 17 19 20
68 1 2 3 4 5 6 7 9 10 11 14 16 17 18 19 20
70 1 2 3 4 5 6 7 8 9 10 11 12 13 14 15 16 17 18
71 1 3 4 5 6 7 9 10 11 12 13 14 15 16 17 18 19 20
72 17 1 18 19 20 5 6 8 11 12 13
73 1 2 3 5 6 7 9 10 11 13 15 16 17 18 19 20
74 1 2 3 5 6 7 9 10 12 13 15 16 17 18 19 20
75 16 1 18 19 20 6 8 9 11 12 13 14
76 20 6 7 10 12 14 15
77 1 2 3 4 6 7 8 9 10 11 12 13 14 15 16 18 19 20
78 16 1 2 19 20 5 7 9 10 12 14 15
79 1 2 3 4 5 6 7 9 11 12 13 14 15 16 17 18 19 20
80 1 19
81 18 19 4 5 8 9 14
82 1 2 3 4 5 6 7 8 9 10 11 12 13 14 15 16 17 18 20
83 1 17 3 4 20 6 8 9 11 15
84 16 18 19 20 5 11 13 15
85 1 2 3 4 5 7 8 9 10 11 12 13 14 15 16 17 18 19 20
86 1 2 5 7 8 9 10 11 12 14 15 16 18 19 20
87 3 4 5 6 7 8 9 11 12 13 14 15 17 19 20
88 2 3 4 6 7 8 9 10 11 12 14 15 16 17 19 20
89 1 2 4 5 7 8 9 11 12 13 15 16 18 19 20
90 1 3 8 14
91 16 1 18 3 19 20 6 7 8 12 13 15
92 16 17 20 4 13
93 16 1 2 18 19 6 8 9 10 11 14 15
94 17 2 18 19 6 7 9 11 13 14 15
95 1 6 7 8 9 10 12 13 14 17 18 19 20
96 19 4 7 8 13
97 1 2 3 5 7 8 10 11 12 13 14 15 16 17 18 19 20
98 12
99 16 17 18 2 3 19 20 5 7 14
100 17 18 2 19 4 20 6 10 13
101 1 3 4 5 7 8 9 10 12 14 15 16 18 20
103 16 9 13 14
104 16 17 3 6 12 14 15
105 2
106 17 19 4 9 11 12 14 15
107 1 2 4 5 6 8 10 12 13 14 15 16 17 18 19 20
108 13
109 1 2 3 4 5 6 7 8 9 10 11 12 13 14 15 16 17 18 20
SIZE OF PROGRAMS (pID SIZE):
1 91.0
2 84.0
3 60.0
4 66.0
5 70.0
6 44.0
7 95.0
8 86.0
9 42.0
10 84.0
11 44.0
12 66.0
13 82.0
14 62.0
15 44.0
16 63.0
17 94.0
18 47.0
19 43.0
20 76.0
COST TO INSTALL SERVERS AND PROGRAMS ON NODES (COST_TO_INSTALL_SERVER COST_TO_INSTALL_pID1 ...):
0 5241.0526315789475 2.873684210526316 2.6526315789473682 1.894736842105263 2.0842105263157893 2.210526315789474 1.3894736842105264 3.0 2.7157894736842105 1.3263157894736841 2.6526315789473682 1.3894736842105264 2.0842105263157893 2.5894736842105264 1.9578947368421054 1.3894736842105264 1.9894736842105263 2.968421052631579 1.4842105263157894 1.3578947368421053 2.4
1 67.4692747117301 2.873684210526316 2.6526315789473682 1.894736842105263 2.0842105263157893 2.210526315789474 1.3894736842105264 3.0 2.7157894736842105 1.3263157894736841 2.6526315789473682 1.3894736842105264 2.0842105263157893 2.5894736842105264 1.9578947368421054 1.3894736842105264 1.9894736842105263 2.968421052631579 1.4842105263157894 1.3578947368421053 2.4
2 102.26059595809915 2.873684210526316 2.6526315789473682 1.894736842105263 2.0842105263157893 2.210526315789474 1.3894736842105264 3.0 2.7157894736842105 1.3263157894736841 2.6526315789473682 1.3894736842105264 2.0842105263157893 2.5894736842105264 1.9578947368421054 1.3894736842105264 1.9894736842105263 2.968421052631579 1.4842105263157894 1.3578947368421053 2.4
3 77.27760250711201 1.9157894736842105 1.768421052631579 1.263157894736842 1.3894736842105264 1.4736842105263157 0.9263157894736842 2.0 1.8105263157894738 0.8842105263157894 1.768421052631579 0.9263157894736842 1.3894736842105264 1.7263157894736842 1.305263157894737 0.9263157894736842 1.3263157894736841 1.9789473684210526 0.9894736842105263 0.9052631578947369 1.6
4 12.913087295299437 2.873684210526316 2.6526315789473682 1.894736842105263 2.0842105263157893 2.210526315789474 1.3894736842105264 3.0 2.7157894736842105 1.3263157894736841 2.6526315789473682 1.3894736842105264 2.0842105263157893 2.5894736842105264 1.9578947368421054 1.3894736842105264 1.9894736842105263 2.968421052631579 1.4842105263157894 1.3578947368421053 2.4
5 18.218245020796218 2.873684210526316 2.6526315789473682 1.894736842105263 2.0842105263157893 2.210526315789474 1.3894736842105264 3.0 2.7157894736842105 1.3263157894736841 2.6526315789473682 1.3894736842105264 2.0842105263157893 2.5894736842105264 1.9578947368421054 1.3894736842105264 1.9894736842105263 2.968421052631579 1.4842105263157894 1.3578947368421053 2.4
6 26.27321291803052 1.9157894736842105 1.768421052631579 1.263157894736842 1.3894736842105264 1.4736842105263157 0.9263157894736842 2.0 1.8105263157894738 0.8842105263157894 1.768421052631579 0.9263157894736842 1.3894736842105264 1.7263157894736842 1.305263157894737 0.9263157894736842 1.3263157894736841 1.9789473684210526 0.9894736842105263 0.9052631578947369 1.6
7 132.47704670749792 1.9157894736842105 1.768421052631579 1.263157894736842 1.3894736842105264 1.4736842105263157 0.9263157894736842 2.0 1.8105263157894738 0.8842105263157894 1.768421052631579 0.9263157894736842 1.3894736842105264 1.7263157894736842 1.305263157894737 0.9263157894736842 1.3263157894736841 1.9789473684210526 0.9894736842105263 0.9052631578947369 1.6
8 23.758433535700217 2.873684210526316 2.6526315789473682 1.894736842105263 2.0842105263157893 2.210526315789474 1.3894736842105264 3.0 2.7157894736842105 1.3263157894736841 2.6526315789473682 1.3894736842105264 2.0842105263157893 2.5894736842105264 1.9578947368421054 1.3894736842105264 1.9894736842105263 2.968421052631579 1.4842105263157894 1.3578947368421053 2.4
9 120.6319665230481 2.873684210526316 2.6526315789473682 1.894736842105263 2.0842105263157893 2.210526315789474 1.3894736842105264 3.0 2.7157894736842105 1.3263157894736841 2.6526315789473682 1.3894736842105264 2.0842105263157893 2.5894736842105264 1.9578947368421054 1.3894736842105264 1.9894736842105263 2.968421052631579 1.4842105263157894 1.3578947368421053 2.4
10 70.85608055706489 1.9157894736842105 1.768421052631579 1.263157894736842 1.3894736842105264 1.4736842105263157 0.9263157894736842 2.0 1.8105263157894738 0.8842105263157894 1.768421052631579 0.9263157894736842 1.3894736842105264 1.7263157894736842 1.305263157894737 0.9263157894736842 1.3263157894736841 1.9789473684210526 0.9894736842105263 0.9052631578947369 1.6
11 143.4011135762113 1.9157894736842105 1.768421052631579 1.263157894736842 1.3894736842105264 1.4736842105263157 0.9263157894736842 2.0 1.8105263157894738 0.8842105263157894 1.768421052631579 0.9263157894736842 1.3894736842105264 1.7263157894736842 1.305263157894737 0.9263157894736842 1.3263157894736841 1.9789473684210526 0.9894736842105263 0.9052631578947369 1.6
12 19.222309545821023 2.873684210526316 2.6526315789473682 1.894736842105263 2.0842105263157893 2.210526315789474 1.3894736842105264 3.0 2.7157894736842105 1.3263157894736841 2.6526315789473682 1.3894736842105264 2.0842105263157893 2.5894736842105264 1.9578947368421054 1.3894736842105264 1.9894736842105263 2.968421052631579 1.4842105263157894 1.3578947368421053 2.4
13 28.824467748278206 2.873684210526316 2.6526315789473682 1.894736842105263 2.0842105263157893 2.210526315789474 1.3894736842105264 3.0 2.7157894736842105 1.3263157894736841 2.6526315789473682 1.3894736842105264 2.0842105263157893 2.5894736842105264 1.9578947368421054 1.3894736842105264 1.9894736842105263 2.968421052631579 1.4842105263157894 1.3578947368421053 2.4
14 31.099536260787804 2.873684210526316 2.6526315789473682 1.894736842105263 2.0842105263157893 2.210526315789474 1.3894736842105264 3.0 2.7157894736842105 1.3263157894736841 2.6526315789473682 1.3894736842105264 2.0842105263157893 2.5894736842105264 1.9578947368421054 1.3894736842105264 1.9894736842105263 2.968421052631579 1.4842105263157894 1.3578947368421053 2.4
15 252.0 2.873684210526316 2.6526315789473682 1.894736842105263 2.0842105263157893 2.210526315789474 1.3894736842105264 3.0 2.7157894736842105 1.3263157894736841 2.6526315789473682 1.3894736842105264 2.0842105263157893 2.5894736842105264 1.9578947368421054 1.3894736842105264 1.9894736842105263 2.968421052631579 1.4842105263157894 1.3578947368421053 2.4
16 88.35972581810053 1.9157894736842105 1.768421052631579 1.263157894736842 1.3894736842105264 1.4736842105263157 0.9263157894736842 2.0 1.8105263157894738 0.8842105263157894 1.768421052631579 0.9263157894736842 1.3894736842105264 1.7263157894736842 1.305263157894737 0.9263157894736842 1.3263157894736841 1.9789473684210526 0.9894736842105263 0.9052631578947369 1.6
17 27.782085514448546 1.9157894736842105 1.768421052631579 1.263157894736842 1.3894736842105264 1.4736842105263157 0.9263157894736842 2.0 1.8105263157894738 0.8842105263157894 1.768421052631579 0.9263157894736842 1.3894736842105264 1.7263157894736842 1.305263157894737 0.9263157894736842 1.3263157894736841 1.9789473684210526 0.9894736842105263 0.9052631578947369 1.6
18 88.99189588956186 2.873684210526316 2.6526315789473682 1.894736842105263 2.0842105263157893 2.210526315789474 1.3894736842105264 3.0 2.7157894736842105 1.3263157894736841 2.6526315789473682 1.3894736842105264 2.0842105263157893 2.5894736842105264 1.9578947368421054 1.3894736842105264 1.9894736842105263 2.968421052631579 1.4842105263157894 1.3578947368421053 2.4
19 262.8087694148834 1.9157894736842105 1.768421052631579 1.263157894736842 1.3894736842105264 1.4736842105263157 0.9263157894736842 2.0 1.8105263157894738 0.8842105263157894 1.768421052631579 0.9263157894736842 1.3894736842105264 1.7263157894736842 1.305263157894737 0.9263157894736842 1.3263157894736841 1.9789473684210526 0.9894736842105263 0.9052631578947369 1.6
20 36.39651018393931 1.9157894736842105 1.768421052631579 1.263157894736842 1.3894736842105264 1.4736842105263157 0.9263157894736842 2.0 1.8105263157894738 0.8842105263157894 1.768421052631579 0.9263157894736842 1.3894736842105264 1.7263157894736842 1.305263157894737 0.9263157894736842 1.3263157894736841 1.9789473684210526 0.9894736842105263 0.9052631578947369 1.6
21 121.70243062265564 1.9157894736842105 1.768421052631579 1.263157894736842 1.3894736842105264 1.4736842105263157 0.9263157894736842 2.0 1.8105263157894738 0.8842105263157894 1.768421052631579 0.9263157894736842 1.3894736842105264 1.7263157894736842 1.305263157894737 0.9263157894736842 1.3263157894736841 1.9789473684210526 0.9894736842105263 0.9052631578947369 1.6
22 37.06650656838143 2.873684210526316 2.6526315789473682 1.894736842105263 2.0842105263157893 2.210526315789474 1.3894736842105264 3.0 2.7157894736842105 1.3263157894736841 2.6526315789473682 1.3894736842105264 2.0842105263157893 2.5894736842105264 1.9578947368421054 1.3894736842105264 1.9894736842105263 2.968421052631579 1.4842105263157894 1.3578947368421053 2.4
23 46.05904549846784 1.9157894736842105 1.768421052631579 1.263157894736842 1.3894736842105264 1.4736842105263157 0.9263157894736842 2.0 1.8105263157894738 0.8842105263157894 1.768421052631579 0.9263157894736842 1.3894736842105264 1.7263157894736842 1.305263157894737 0.9263157894736842 1.3263157894736841 1.9789473684210526 0.9894736842105263 0.9052631578947369 1.6
24 81.98141053554887 2.873684210526316 2.6526315789473682 1.894736842105263 2.0842105263157893 2.210526315789474 1.3894736842105264 3.0 2.7157894736842105 1.3263157894736841 2.6526315789473682 1.3894736842105264 2.0842105263157893 2.5894736842105264 1.9578947368421054 1.3894736842105264 1.9894736842105263 2.968421052631579 1.4842105263157894 1.3578947368421053 2.4
25 27.8931572147928 1.9157894736842105 1.768421052631579 1.263157894736842 1.3894736842105264 1.4736842105263157 0.9263157894736842 2.0 1.8105263157894738 0.8842105263157894 1.768421052631579 0.9263157894736842 1.3894736842105264 1.7263157894736842 1.305263157894737 0.9263157894736842 1.3263157894736841 1.9789473684210526 0.9894736842105263 0.9052631578947369 1.6
26 48.80715737009294 2.873684210526316 2.6526315789473682 1.894736842105263 2.0842105263157893 2.210526315789474 1.3894736842105264 3.0 2.7157894736842105 1.3263157894736841 2.6526315789473682 1.3894736842105264 2.0842105263157893 2.5894736842105264 1.9578947368421054 1.3894736842105264 1.9894736842105263 2.968421052631579 1.4842105263157894 1.3578947368421053 2.4
27 140.67110025620764 2.873684210526316 2.6526315789473682 1.894736842105263 2.0842105263157893 2.210526315789474 1.3894736842105264 3.0 2.7157894736842105 1.3263157894736841 2.6526315789473682 1.3894736842105264 2.0842105263157893 2.5894736842105264 1.9578947368421054 1.3894736842105264 1.9894736842105263 2.968421052631579 1.4842105263157894 1.3578947368421053 2.4
28 88.76544011817325 2.873684210526316 2.6526315789473682 1.894736842105263 2.0842105263157893 2.210526315789474 1.3894736842105264 3.0 2.7157894736842105 1.3263157894736841 2.6526315789473682 1.3894736842105264 2.0842105263157893 2.5894736842105264 1.9578947368421054 1.3894736842105264 1.9894736842105263 2.968421052631579 1.4842105263157894 1.3578947368421053 2.4
29 46.0745080115226 2.873684210526316 2.6526315789473682 1.894736842105263 2.0842105263157893 2.210526315789474 1.3894736842105264 3.0 2.7157894736842105 1.3263157894736841 2.6526315789473682 1.3894736842105264 2.0842105263157893 2.5894736842105264 1.9578947368421054 1.3894736842105264 1.9894736842105263 2.968421052631579 1.4842105263157894 1.3578947368421053 2.4
30 58.885733337490066 1.9157894736842105 1.768421052631579 1.263157894736842 1.3894736842105264 1.4736842105263157 0.9263157894736842 2.0 1.8105263157894738 0.8842105263157894 1.768421052631579 0.9263157894736842 1.3894736842105264 1.7263157894736842 1.305263157894737 0.9263157894736842 1.3263157894736841 1.9789473684210526 0.9894736842105263 0.9052631578947369 1.6
31 87.56486895902776 1.9157894736842105 1.768421052631579 1.263157894736842 1.3894736842105264 1.4736842105263157 0.9263157894736842 2.0 1.8105263157894738 0.8842105263157894 1.768421052631579 0.9263157894736842 1.3894736842105264 1.7263157894736842 1.305263157894737 0.9263157894736842 1.3263157894736841 1.9789473684210526 0.9894736842105263 0.9052631578947369 1.6
32 55.33365874253876 1.9157894736842105 1.768421052631579 1.263157894736842 1.3894736842105264 1.4736842105263157 0.9263157894736842 2.0 1.8105263157894738 0.8842105263157894 1.768421052631579 0.9263157894736842 1.3894736842105264 1.7263157894736842 1.305263157894737 0.9263157894736842 1.3263157894736841 1.9789473684210526 0.9894736842105263 0.9052631578947369 1.6
33 79.30205610206984 2.873684210526316 2.6526315789473682 1.894736842105263 2.0842105263157893 2.210526315789474 1.3894736842105264 3.0 2.7157894736842105 1.3263157894736841 2.6526315789473682 1.3894736842105264 2.0842105263157893 2.5894736842105264 1.9578947368421054 1.3894736842105264 1.9894736842105263 2.968421052631579 1.4842105263157894 1.3578947368421053 2.4
34 49.01083486012207 2.873684210526316 2.6526315789473682 1.894736842105263 2.0842105263157893 2.210526315789474 1.3894736842105264 3.0 2.7157894736842105 1.3263157894736841 2.6526315789473682 1.3894736842105264 2.0842105263157893 2.5894736842105264 1.9578947368421054 1.3894736842105264 1.9894736842105263 2.968421052631579 1.4842105263157894 1.3578947368421053 2.4
35 16.11203524645152 2.873684210526316 2.6526315789473682 1.894736842105263 2.0842105263157893 2.210526315789474 1.3894736842105264 3.0 2.7157894736842105 1.3263157894736841 2.6526315789473682 1.3894736842105264 2.0842105263157893 2.5894736842105264 1.9578947368421054 1.3894736842105264 1.9894736842105263 2.968421052631579 1.4842105263157894 1.3578947368421053 2.4
36 127.00626445188246 2.873684210526316 2.6526315789473682 1.894736842105263 2.0842105263157893 2.210526315789474 1.3894736842105264 3.0 2.7157894736842105 1.3263157894736841 2.6526315789473682 1.3894736842105264 2.0842105263157893 2.5894736842105264 1.9578947368421054 1.3894736842105264 1.9894736842105263 2.968421052631579 1.4842105263157894 1.3578947368421053 2.4
37 86.04313888833154 1.9157894736842105 1.768421052631579 1.263157894736842 1.3894736842105264 1.4736842105263157 0.9263157894736842 2.0 1.8105263157894738 0.8842105263157894 1.768421052631579 0.9263157894736842 1.3894736842105264 1.7263157894736842 1.305263157894737 0.9263157894736842 1.3263157894736841 1.9789473684210526 0.9894736842105263 0.9052631578947369 1.6
38 76.40197001364558 1.9157894736842105 1.768421052631579 1.263157894736842 1.3894736842105264 1.4736842105263157 0.9263157894736842 2.0 1.8105263157894738 0.8842105263157894 1.768421052631579 0.9263157894736842 1.3894736842105264 1.7263157894736842 1.305263157894737 0.9263157894736842 1.3263157894736841 1.9789473684210526 0.9894736842105263 0.9052631578947369 1.6
39 129.8106885264737 1.9157894736842105 1.768421052631579 1.263157894736842 1.3894736842105264 1.4736842105263157 0.9263157894736842 2.0 1.8105263157894738 0.8842105263157894 1.768421052631579 0.9263157894736842 1.3894736842105264 1.7263157894736842 1.305263157894737 0.9263157894736842 1.3263157894736841 1.9789473684210526 0.9894736842105263 0.9052631578947369 1.6
40 32.944724889645755 1.9157894736842105 1.768421052631579 1.263157894736842 1.3894736842105264 1.4736842105263157 0.9263157894736842 2.0 1.8105263157894738 0.8842105263157894 1.768421052631579 0.9263157894736842 1.3894736842105264 1.7263157894736842 1.305263157894737 0.9263157894736842 1.3263157894736841 1.9789473684210526 0.9894736842105263 0.9052631578947369 1.6
41 21.570236621795026 1.9157894736842105 1.768421052631579 1.263157894736842 1.3894736842105264 1.4736842105263157 0.9263157894736842 2.0 1.8105263157894738 0.8842105263157894 1.768421052631579 0.9263157894736842 1.3894736842105264 1.7263157894736842 1.305263157894737 0.9263157894736842 1.3263157894736841 1.9789473684210526 0.9894736842105263 0.9052631578947369 1.6
42 154.21003293616113 1.9157894736842105 1.768421052631579 1.263157894736842 1.3894736842105264 1.4736842105263157 0.9263157894736842 2.0 1.8105263157894738 0.8842105263157894 1.768421052631579 0.9263157894736842 1.3894736842105264 1.7263157894736842 1.305263157894737 0.9263157894736842 1.3263157894736841 1.9789473684210526 0.9894736842105263 0.9052631578947369 1.6
43 28.807214455284864 1.9157894736842105 1.768421052631579 1.263157894736842 1.3894736842105264 1.4736842105263157 0.9263157894736842 2.0 1.8105263157894738 0.8842105263157894 1.768421052631579 0.9263157894736842 1.3894736842105264 1.7263157894736842 1.305263157894737 0.9263157894736842 1.3263157894736841 1.9789473684210526 0.9894736842105263 0.9052631578947369 1.6
44 231.9717420130756 1.9157894736842105 1.768421052631579 1.263157894736842 1.3894736842105264 1.4736842105263157 0.9263157894736842 2.0 1.8105263157894738 0.8842105263157894 1.768421052631579 0.9263157894736842 1.3894736842105264 1.7263157894736842 1.305263157894737 0.9263157894736842 1.3263157894736841 1.9789473684210526 0.9894736842105263 0.9052631578947369 1.6
45 80.98585557594649 1.9157894736842105 1.768421052631579 1.263157894736842 1.3894736842105264 1.4736842105263157 0.9263157894736842 2.0 1.8105263157894738 0.8842105263157894 1.768421052631579 0.9263157894736842 1.3894736842105264 1.7263157894736842 1.305263157894737 0.9263157894736842 1.3263157894736841 1.9789473684210526 0.9894736842105263 0.9052631578947369 1.6
46 53.70308751778645 2.873684210526316 2.6526315789473682 1.894736842105263 2.0842105263157893 2.210526315789474 1.3894736842105264 3.0 2.7157894736842105 1.3263157894736841 2.6526315789473682 1.3894736842105264 2.0842105263157893 2.5894736842105264 1.9578947368421054 1.3894736842105264 1.9894736842105263 2.968421052631579 1.4842105263157894 1.3578947368421053 2.4
47 132.24138407474643 2.873684210526316 2.6526315789473682 1.894736842105263 2.0842105263157893 2.210526315789474 1.3894736842105264 3.0 2.7157894736842105 1.3263157894736841 2.6526315789473682 1.3894736842105264 2.0842105263157893 2.5894736842105264 1.9578947368421054 1.3894736842105264 1.9894736842105263 2.968421052631579 1.4842105263157894 1.3578947368421053 2.4
48 80.38223836241441 1.9157894736842105 1.768421052631579 1.263157894736842 1.3894736842105264 1.4736842105263157 0.9263157894736842 2.0 1.8105263157894738 0.8842105263157894 1.768421052631579 0.9263157894736842 1.3894736842105264 1.7263157894736842 1.305263157894737 0.9263157894736842 1.3263157894736841 1.9789473684210526 0.9894736842105263 0.9052631578947369 1.6
49 50.779196879552366 2.873684210526316 2.6526315789473682 1.894736842105263 2.0842105263157893 2.210526315789474 1.3894736842105264 3.0 2.7157894736842105 1.3263157894736841 2.6526315789473682 1.3894736842105264 2.0842105263157893 2.5894736842105264 1.9578947368421054 1.3894736842105264 1.9894736842105263 2.968421052631579 1.4842105263157894 1.3578947368421053 2.4
50 25.560856729514867 1.9157894736842105 1.768421052631579 1.263157894736842 1.3894736842105264 1.4736842105263157 0.9263157894736842 2.0 1.8105263157894738 0.8842105263157894 1.768421052631579 0.9263157894736842 1.3894736842105264 1.7263157894736842 1.305263157894737 0.9263157894736842 1.3263157894736841 1.9789473684210526 0.9894736842105263 0.9052631578947369 1.6
51 64.4410681143313 1.9157894736842105 1.768421052631579 1.263157894736842 1.3894736842105264 1.4736842105263157 0.9263157894736842 2.0 1.8105263157894738 0.8842105263157894 1.768421052631579 0.9263157894736842 1.3894736842105264 1.7263157894736842 1.305263157894737 0.9263157894736842 1.3263157894736841 1.9789473684210526 0.9894736842105263 0.9052631578947369 1.6
52 85.33113550653141 2.873684210526316 2.6526315789473682 1.894736842105263 2.0842105263157893 2.210526315789474 1.3894736842105264 3.0 2.7157894736842105 1.3263157894736841 2.6526315789473682 1.3894736842105264 2.0842105263157893 2.5894736842105264 1.9578947368421054 1.3894736842105264 1.9894736842105263 2.968421052631579 1.4842105263157894 1.3578947368421053 2.4
53 22.721427739187952 2.873684210526316 2.6526315789473682 1.894736842105263 2.0842105263157893 2.210526315789474 1.3894736842105264 3.0 2.7157894736842105 1.3263157894736841 2.6526315789473682 1.3894736842105264 2.0842105263157893 2.5894736842105264 1.9578947368421054 1.3894736842105264 1.9894736842105263 2.968421052631579 1.4842105263157894 1.3578947368421053 2.4
54 49.942639008298386 1.9157894736842105 1.768421052631579 1.263157894736842 1.3894736842105264 1.4736842105263157 0.9263157894736842 2.0 1.8105263157894738 0.8842105263157894 1.768421052631579 0.9263157894736842 1.3894736842105264 1.7263157894736842 1.305263157894737 0.9263157894736842 1.3263157894736841 1.9789473684210526 0.9894736842105263 0.9052631578947369 1.6
55 57.419525256558295 2.873684210526316 2.6526315789473682 1.894736842105263 2.0842105263157893 2.210526315789474 1.3894736842105264 3.0 2.7157894736842105 1.3263157894736841 2.6526315789473682 1.3894736842105264 2.0842105263157893 2.5894736842105264 1.9578947368421054 1.3894736842105264 1.9894736842105263 2.968421052631579 1.4842105263157894 1.3578947368421053 2.4
56 82.06032434134886 2.873684210526316 2.6526315789473682 1.894736842105263 2.0842105263157893 2.210526315789474 1.3894736842105264 3.0 2.7157894736842105 1.3263157894736841 2.6526315789473682 1.3894736842105264 2.0842105263157893 2.5894736842105264 1.9578947368421054 1.3894736842105264 1.9894736842105263 2.968421052631579 1.4842105263157894 1.3578947368421053 2.4
57 442.0 2.873684210526316 2.6526315789473682 1.894736842105263 2.0842105263157893 2.210526315789474 1.3894736842105264 3.0 2.7157894736842105 1.3263157894736841 2.6526315789473682 1.3894736842105264 2.0842105263157893 2.5894736842105264 1.9578947368421054 1.3894736842105264 1.9894736842105263 2.968421052631579 1.4842105263157894 1.3578947368421053 2.4
58 38.67352000260509 2.873684210526316 2.6526315789473682 1.894736842105263 2.0842105263157893 2.210526315789474 1.3894736842105264 3.0 2.7157894736842105 1.3263157894736841 2.6526315789473682 1.3894736842105264 2.0842105263157893 2.5894736842105264 1.9578947368421054 1.3894736842105264 1.9894736842105263 2.968421052631579 1.4842105263157894 1.3578947368421053 2.4
59 77.18293667269019 2.873684210526316 2.6526315789473682 1.894736842105263 2.0842105263157893 2.210526315789474 1.3894736842105264 3.0 2.7157894736842105 1.3263157894736841 2.6526315789473682 1.3894736842105264 2.0842105263157893 2.5894736842105264 1.9578947368421054 1.3894736842105264 1.9894736842105263 2.968421052631579 1.4842105263157894 1.3578947368421053 2.4
60 56.699362180686336 2.873684210526316 2.6526315789473682 1.894736842105263 2.0842105263157893 2.210526315789474 1.3894736842105264 3.0 2.7157894736842105 1.3263157894736841 2.6526315789473682 1.3894736842105264 2.0842105263157893 2.5894736842105264 1.9578947368421054 1.3894736842105264 1.9894736842105263 2.968421052631579 1.4842105263157894 1.3578947368421053 2.4
61 73.09870939418481 1.9157894736842105 1.768421052631579 1.263157894736842 1.3894736842105264 1.4736842105263157 0.9263157894736842 2.0 1.8105263157894738 0.8842105263157894 1.768421052631579 0.9263157894736842 1.3894736842105264 1.7263157894736842 1.305263157894737 0.9263157894736842 1.3263157894736841 1.9789473684210526 0.9894736842105263 0.9052631578947369 1.6
62 120.12286111856238 2.873684210526316 2.6526315789473682 1.894736842105263 2.0842105263157893 2.210526315789474 1.3894736842105264 3.0 2.7157894736842105 1.3263157894736841 2.6526315789473682 1.3894736842105264 2.0842105263157893 2.5894736842105264 1.9578947368421054 1.3894736842105264 1.9894736842105263 2.968421052631579 1.4842105263157894 1.3578947368421053 2.4
63 194.51084215986154 1.9157894736842105 1.768421052631579 1.263157894736842 1.3894736842105264 1.4736842105263157 0.9263157894736842 2.0 1.8105263157894738 0.8842105263157894 1.768421052631579 0.9263157894736842 1.3894736842105264 1.7263157894736842 1.305263157894737 0.9263157894736842 1.3263157894736841 1.9789473684210526 0.9894736842105263 0.9052631578947369 1.6
64 192.95032520792455 2.873684210526316 2.6526315789473682 1.894736842105263 2.0842105263157893 2.210526315789474 1.3894736842105264 3.0 2.7157894736842105 1.3263157894736841 2.6526315789473682 1.3894736842105264 2.0842105263157893 2.5894736842105264 1.9578947368421054 1.3894736842105264 1.9894736842105263 2.968421052631579 1.4842105263157894 1.3578947368421053 2.4
65 106.6793591582526 2.873684210526316 2.6526315789473682 1.894736842105263 2.0842105263157893 2.210526315789474 1.3894736842105264 3.0 2.7157894736842105 1.3263157894736841 2.6526315789473682 1.3894736842105264 2.0842105263157893 2.5894736842105264 1.9578947368421054 1.3894736842105264 1.9894736842105263 2.968421052631579 1.4842105263157894 1.3578947368421053 2.4
66 95.62032702687605 1.9157894736842105 1.768421052631579 1.263157894736842 1.3894736842105264 1.4736842105263157 0.9263157894736842 2.0 1.8105263157894738 0.8842105263157894 1.768421052631579 0.9263157894736842 1.3894736842105264 1.7263157894736842 1.305263157894737 0.9263157894736842 1.3263157894736841 1.9789473684210526 0.9894736842105263 0.9052631578947369 1.6
67 164.8205752973922 1.9157894736842105 1.768421052631579 1.263157894736842 1.3894736842105264 1.4736842105263157 0.9263157894736842 2.0 1.8105263157894738 0.8842105263157894 1.768421052631579 0.9263157894736842 1.3894736842105264 1.7263157894736842 1.305263157894737 0.9263157894736842 1.3263157894736841 1.9789473684210526 0.9894736842105263 0.9052631578947369 1.6
68 146.8365463606275 1.9157894736842105 1.768421052631579 1.263157894736842 1.3894736842105264 1.4736842105263157 0.9263157894736842 2.0 1.8105263157894738 0.8842105263157894 1.768421052631579 0.9263157894736842 1.3894736842105264 1.7263157894736842 1.305263157894737 0.9263157894736842 1.3263157894736841 1.9789473684210526 0.9894736842105263 0.9052631578947369 1.6
69 500.0 2.873684210526316 2.6526315789473682 1.894736842105263 2.0842105263157893 2.210526315789474 1.3894736842105264 3.0 2.7157894736842105 1.3263157894736841 2.6526315789473682 1.3894736842105264 2.0842105263157893 2.5894736842105264 1.9578947368421054 1.3894736842105264 1.9894736842105263 2.968421052631579 1.4842105263157894 1.3578947368421053 2.4
70 212.59375451305073 2.873684210526316 2.6526315789473682 1.894736842105263 2.0842105263157893 2.210526315789474 1.3894736842105264 3.0 2.7157894736842105 1.3263157894736841 2.6526315789473682 1.3894736842105264 2.0842105263157893 2.5894736842105264 1.9578947368421054 1.3894736842105264 1.9894736842105263 2.968421052631579 1.4842105263157894 1.3578947368421053 2.4
71 116.22099428711756 1.9157894736842105 1.768421052631579 1.263157894736842 1.3894736842105264 1.4736842105263157 0.9263157894736842 2.0 1.8105263157894738 0.8842105263157894 1.768421052631579 0.9263157894736842 1.3894736842105264 1.7263157894736842 1.305263157894737 0.9263157894736842 1.3263157894736841 1.9789473684210526 0.9894736842105263 0.9052631578947369 1.6
72 161.07179456036627 1.9157894736842105 1.768421052631579 1.263157894736842 1.3894736842105264 1.4736842105263157 0.9263157894736842 2.0 1.8105263157894738 0.8842105263157894 1.768421052631579 0.9263157894736842 1.3894736842105264 1.7263157894736842 1.305263157894737 0.9263157894736842 1.3263157894736841 1.9789473684210526 0.9894736842105263 0.9052631578947369 1.6
73 110.84884540277739 2.873684210526316 2.6526315789473682 1.894736842105263 2.0842105263157893 2.210526315789474 1.3894736842105264 3.0 2.7157894736842105 1.3263157894736841 2.6526315789473682 1.3894736842105264 2.0842105263157893 2.5894736842105264 1.9578947368421054 1.3894736842105264 1.9894736842105263 2.968421052631579 1.4842105263157894 1.3578947368421053 2.4
74 41.25033728937135 1.9157894736842105 1.768421052631579 1.263157894736842 1.3894736842105264 1.4736842105263157 0.9263157894736842 2.0 1.8105263157894738 0.8842105263157894 1.768421052631579 0.9263157894736842 1.3894736842105264 1.7263157894736842 1.305263157894737 0.9263157894736842 1.3263157894736841 1.9789473684210526 0.9894736842105263 0.9052631578947369 1.6
75 185.37130277191582 1.9157894736842105 1.768421052631579 1.263157894736842 1.3894736842105264 1.4736842105263157 0.9263157894736842 2.0 1.8105263157894738 0.8842105263157894 1.768421052631579 0.9263157894736842 1.3894736842105264 1.7263157894736842 1.305263157894737 0.9263157894736842 1.3263157894736841 1.9789473684210526 0.9894736842105263 0.9052631578947369 1.6
76 205.75912819475536 2.873684210526316 2.6526315789473682 1.894736842105263 2.0842105263157893 2.210526315789474 1.3894736842105264 3.0 2.7157894736842105 1.3263157894736841 2.6526315789473682 1.3894736842105264 2.0842105263157893 2.5894736842105264 1.9578947368421054 1.3894736842105264 1.9894736842105263 2.968421052631579 1.4842105263157894 1.3578947368421053 2.4
77 159.12798770682784 1.9157894736842105 1.768421052631579 1.263157894736842 1.3894736842105264 1.4736842105263157 0.9263157894736842 2.0 1.8105263157894738 0.8842105263157894 1.768421052631579 0.9263157894736842 1.3894736842105264 1.7263157894736842 1.305263157894737 0.9263157894736842 1.3263157894736841 1.9789473684210526 0.9894736842105263 0.9052631578947369 1.6
78 240.1828509295613 2.873684210526316 2.6526315789473682 1.894736842105263 2.0842105263157893 2.210526315789474 1.3894736842105264 3.0 2.7157894736842105 1.3263157894736841 2.6526315789473682 1.3894736842105264 2.0842105263157893 2.5894736842105264 1.9578947368421054 1.3894736842105264 1.9894736842105263 2.968421052631579 1.4842105263157894 1.3578947368421053 2.4
79 142.61463575407157 1.9157894736842105 1.768421052631579 1.263157894736842 1.3894736842105264 1.4736842105263157 0.9263157894736842 2.0 1.8105263157894738 0.8842105263157894 1.768421052631579 0.9263157894736842 1.3894736842105264 1.7263157894736842 1.305263157894737 0.9263157894736842 1.3263157894736841 1.9789473684210526 0.9894736842105263 0.9052631578947369 1.6
80 38.34034626782574 1.9157894736842105 1.768421052631579 1.263157894736842 1.3894736842105264 1.4736842105263157 0.9263157894736842 2.0 1.8105263157894738 0.8842105263157894 1.768421052631579 0.9263157894736842 1.3894736842105264 1.7263157894736842 1.305263157894737 0.9263157894736842 1.3263157894736841 1.9789473684210526 0.9894736842105263 0.9052631578947369 1.6
81 148.7948420824657 1.9157894736842105 1.768421052631579 1.263157894736842 1.3894736842105264 1.4736842105263157 0.9263157894736842 2.0 1.8105263157894738 0.8842105263157894 1.768421052631579 0.9263157894736842 1.3894736842105264 1.7263157894736842 1.305263157894737 0.9263157894736842 1.3263157894736841 1.9789473684210526 0.9894736842105263 0.9052631578947369 1.6
82 85.57835698537404 2.873684210526316 2.6526315789473682 1.894736842105263 2.0842105263157893 2.210526315789474 1.3894736842105264 3.0 2.7157894736842105 1.3263157894736841 2.6526315789473682 1.3894736842105264 2.0842105263157893 2.5894736842105264 1.9578947368421054 1.3894736842105264 1.9894736842105263 2.968421052631579 1.4842105263157894 1.3578947368421053 2.4
83 101.44755359069157 1.9157894736842105 1.768421052631579 1.263157894736842 1.3894736842105264 1.4736842105263157 0.9263157894736842 2.0 1.8105263157894738 0.8842105263157894 1.768421052631579 0.9263157894736842 1.3894736842105264 1.7263157894736842 1.305263157894737 0.9263157894736842 1.3263157894736841 1.9789473684210526 0.9894736842105263 0.9052631578947369 1.6
84 37.761890522501275 1.9157894736842105 1.768421052631579 1.263157894736842 1.3894736842105264 1.4736842105263157 0.9263157894736842 2.0 1.8105263157894738 0.8842105263157894 1.768421052631579 0.9263157894736842 1.3894736842105264 1.7263157894736842 1.305263157894737 0.9263157894736842 1.3263157894736841 1.9789473684210526 0.9894736842105263 0.9052631578947369 1.6
85 209.3440510758303 2.873684210526316 2.6526315789473682 1.894736842105263 2.0842105263157893 2.210526315789474 1.3894736842105264 3.0 2.7157894736842105 1.3263157894736841 2.6526315789473682 1.3894736842105264 2.0842105263157893 2.5894736842105264 1.9578947368421054 1.3894736842105264 1.9894736842105263 2.968421052631579 1.4842105263157894 1.3578947368421053 2.4
86 223.19926669578496 1.9157894736842105 1.768421052631579 1.263157894736842 1.3894736842105264 1.4736842105263157 0.9263157894736842 2.0 1.8105263157894738 0.8842105263157894 1.768421052631579 0.9263157894736842 1.3894736842105264 1.7263157894736842 1.305263157894737 0.9263157894736842 1.3263157894736841 1.9789473684210526 0.9894736842105263 0.9052631578947369 1.6
87 105.57936699969488 1.9157894736842105 1.768421052631579 1.263157894736842 1.3894736842105264 1.4736842105263157 0.9263157894736842 2.0 1.8105263157894738 0.8842105263157894 1.768421052631579 0.9263157894736842 1.3894736842105264 1.7263157894736842 1.305263157894737 0.9263157894736842 1.3263157894736841 1.9789473684210526 0.9894736842105263 0.9052631578947369 1.6
88 107.45177729516476 2.873684210526316 2.6526315789473682 1.894736842105263 2.0842105263157893 2.210526315789474 1.3894736842105264 3.0 2.7157894736842105 1.3263157894736841 2.6526315789473682 1.3894736842105264 2.0842105263157893 2.5894736842105264 1.9578947368421054 1.3894736842105264 1.9894736842105263 2.968421052631579 1.4842105263157894 1.3578947368421053 2.4
89 185.199510207579 1.9157894736842105 1.768421052631579 1.263157894736842 1.3894736842105264 1.4736842105263157 0.9263157894736842 2.0 1.8105263157894738 0.8842105263157894 1.768421052631579 0.9263157894736842 1.3894736842105264 1.7263157894736842 1.305263157894737 0.9263157894736842 1.3263157894736841 1.9789473684210526 0.9894736842105263 0.9052631578947369 1.6
90 100.22366726014953 2.873684210526316 2.6526315789473682 1.894736842105263 2.0842105263157893 2.210526315789474 1.3894736842105264 3.0 2.7157894736842105 1.3263157894736841 2.6526315789473682 1.3894736842105264 2.0842105263157893 2.5894736842105264 1.9578947368421054 1.3894736842105264 1.9894736842105263 2.968421052631579 1.4842105263157894 1.3578947368421053 2.4
91 69.53894148142162 1.9157894736842105 1.768421052631579 1.263157894736842 1.3894736842105264 1.4736842105263157 0.9263157894736842 2.0 1.8105263157894738 0.8842105263157894 1.768421052631579 0.9263157894736842 1.3894736842105264 1.7263157894736842 1.305263157894737 0.9263157894736842 1.3263157894736841 1.9789473684210526 0.9894736842105263 0.9052631578947369 1.6
92 68.34555581443637 2.873684210526316 2.6526315789473682 1.894736842105263 2.0842105263157893 2.210526315789474 1.3894736842105264 3.0 2.7157894736842105 1.3263157894736841 2.6526315789473682 1.3894736842105264 2.0842105263157893 2.5894736842105264 1.9578947368421054 1.3894736842105264 1.9894736842105263 2.968421052631579 1.4842105263157894 1.3578947368421053 2.4
93 230.84208865760098 2.873684210526316 2.6526315789473682 1.894736842105263 2.0842105263157893 2.210526315789474 1.3894736842105264 3.0 2.7157894736842105 1.3263157894736841 2.6526315789473682 1.3894736842105264 2.0842105263157893 2.5894736842105264 1.9578947368421054 1.3894736842105264 1.9894736842105263 2.968421052631579 1.4842105263157894 1.3578947368421053 2.4
94 68.71253451814553 1.9157894736842105 1.768421052631579 1.263157894736842 1.3894736842105264 1.4736842105263157 0.9263157894736842 2.0 1.8105263157894738 0.8842105263157894 1.768421052631579 0.9263157894736842 1.3894736842105264 1.7263157894736842 1.305263157894737 0.9263157894736842 1.3263157894736841 1.9789473684210526 0.9894736842105263 0.9052631578947369 1.6
95 147.9065049829362 2.873684210526316 2.6526315789473682 1.894736842105263 2.0842105263157893 2.210526315789474 1.3894736842105264 3.0 2.7157894736842105 1.3263157894736841 2.6526315789473682 1.3894736842105264 2.0842105263157893 2.5894736842105264 1.9578947368421054 1.3894736842105264 1.9894736842105263 2.968421052631579 1.4842105263157894 1.3578947368421053 2.4
96 18.11774685144855 2.873684210526316 2.6526315789473682 1.894736842105263 2.0842105263157893 2.210526315789474 1.3894736842105264 3.0 2.7157894736842105 1.3263157894736841 2.6526315789473682 1.3894736842105264 2.0842105263157893 2.5894736842105264 1.9578947368421054 1.3894736842105264 1.9894736842105263 2.968421052631579 1.4842105263157894 1.3578947368421053 2.4
97 157.13612529358602 1.9157894736842105 1.768421052631579 1.263157894736842 1.3894736842105264 1.4736842105263157 0.9263157894736842 2.0 1.8105263157894738 0.8842105263157894 1.768421052631579 0.9263157894736842 1.3894736842105264 1.7263157894736842 1.305263157894737 0.9263157894736842 1.3263157894736841 1.9789473684210526 0.9894736842105263 0.9052631578947369 1.6
98 69.49512640107103 2.873684210526316 2.6526315789473682 1.894736842105263 2.0842105263157893 2.210526315789474 1.3894736842105264 3.0 2.7157894736842105 1.3263157894736841 2.6526315789473682 1.3894736842105264 2.0842105263157893 2.5894736842105264 1.9578947368421054 1.3894736842105264 1.9894736842105263 2.968421052631579 1.4842105263157894 1.3578947368421053 2.4
99 17.786495017903103 2.873684210526316 2.6526315789473682 1.894736842105263 2.0842105263157893 2.210526315789474 1.3894736842105264 3.0 2.7157894736842105 1.3263157894736841 2.6526315789473682 1.3894736842105264 2.0842105263157893 2.5894736842105264 1.9578947368421054 1.3894736842105264 1.9894736842105263 2.968421052631579 1.4842105263157894 1.3578947368421053 2.4
100 40.086876356987524 2.873684210526316 2.6526315789473682 1.894736842105263 2.0842105263157893 2.210526315789474 1.3894736842105264 3.0 2.7157894736842105 1.3263157894736841 2.6526315789473682 1.3894736842105264 2.0842105263157893 2.5894736842105264 1.9578947368421054 1.3894736842105264 1.9894736842105263 2.968421052631579 1.4842105263157894 1.3578947368421053 2.4
101 75.79396477148796 2.873684210526316 2.6526315789473682 1.894736842105263 2.0842105263157893 2.210526315789474 1.3894736842105264 3.0 2.7157894736842105 1.3263157894736841 2.6526315789473682 1.3894736842105264 2.0842105263157893 2.5894736842105264 1.9578947368421054 1.3894736842105264 1.9894736842105263 2.968421052631579 1.4842105263157894 1.3578947368421053 2.4
102 939.0 2.873684210526316 2.6526315789473682 1.894736842105263 2.0842105263157893 2.210526315789474 1.3894736842105264 3.0 2.7157894736842105 1.3263157894736841 2.6526315789473682 1.3894736842105264 2.0842105263157893 2.5894736842105264 1.9578947368421054 1.3894736842105264 1.9894736842105263 2.968421052631579 1.4842105263157894 1.3578947368421053 2.4
103 27.656305932465727 1.9157894736842105 1.768421052631579 1.263157894736842 1.3894736842105264 1.4736842105263157 0.9263157894736842 2.0 1.8105263157894738 0.8842105263157894 1.768421052631579 0.9263157894736842 1.3894736842105264 1.7263157894736842 1.305263157894737 0.9263157894736842 1.3263157894736841 1.9789473684210526 0.9894736842105263 0.9052631578947369 1.6
104 74.77554649572642 1.9157894736842105 1.768421052631579 1.263157894736842 1.3894736842105264 1.4736842105263157 0.9263157894736842 2.0 1.8105263157894738 0.8842105263157894 1.768421052631579 0.9263157894736842 1.3894736842105264 1.7263157894736842 1.305263157894737 0.9263157894736842 1.3263157894736841 1.9789473684210526 0.9894736842105263 0.9052631578947369 1.6
105 23.488920511169653 1.9157894736842105 1.768421052631579 1.263157894736842 1.3894736842105264 1.4736842105263157 0.9263157894736842 2.0 1.8105263157894738 0.8842105263157894 1.768421052631579 0.9263157894736842 1.3894736842105264 1.7263157894736842 1.305263157894737 0.9263157894736842 1.3263157894736841 1.9789473684210526 0.9894736842105263 0.9052631578947369 1.6
106 113.37115152348164 1.9157894736842105 1.768421052631579 1.263157894736842 1.3894736842105264 1.4736842105263157 0.9263157894736842 2.0 1.8105263157894738 0.8842105263157894 1.768421052631579 0.9263157894736842 1.3894736842105264 1.7263157894736842 1.305263157894737 0.9263157894736842 1.3263157894736841 1.9789473684210526 0.9894736842105263 0.9052631578947369 1.6
107 154.720337987148 2.873684210526316 2.6526315789473682 1.894736842105263 2.0842105263157893 2.210526315789474 1.3894736842105264 3.0 2.7157894736842105 1.3263157894736841 2.6526315789473682 1.3894736842105264 2.0842105263157893 2.5894736842105264 1.9578947368421054 1.3894736842105264 1.9894736842105263 2.968421052631579 1.4842105263157894 1.3578947368421053 2.4
108 5.228292424350376 1.9157894736842105 1.768421052631579 1.263157894736842 1.3894736842105264 1.4736842105263157 0.9263157894736842 2.0 1.8105263157894738 0.8842105263157894 1.768421052631579 0.9263157894736842 1.3894736842105264 1.7263157894736842 1.305263157894737 0.9263157894736842 1.3263157894736841 1.9789473684210526 0.9894736842105263 0.9052631578947369 1.6
109 135.37502374823617 1.9157894736842105 1.768421052631579 1.263157894736842 1.3894736842105264 1.4736842105263157 0.9263157894736842 2.0 1.8105263157894738 0.8842105263157894 1.768421052631579 0.9263157894736842 1.3894736842105264 1.7263157894736842 1.305263157894737 0.9263157894736842 1.3263157894736841 1.9789473684210526 0.9894736842105263 0.9052631578947369 1.6
