140 30
TREE NETWORK (nID nID Weight):
44 0 32
80 0 57
47 44 39
115 80 38
18 80 38
121 115 55
107 44 56
66 115 57
83 115 46
104 0 34
72 83 31
24 121 51
110 18 53
33 104 49
139 115 42
5 80 38
55 115 56
19 121 32
106 80 47
68 24 52
64 0 37
20 80 34
130 72 45
61 104 54
93 20 55
120 107 58
89 115 52
112 68 48
51 24 58
27 44 41
59 27 40
1 83 53
29 20 46
62 106 31
11 121 52
70 115 33
92 24 50
135 24 42
15 92 47
102 18 39
2 135 47
40 120 36
85 93 38
117 115 35
25 0 44
57 62 43
30 107 48
98 104 56
37 115 31
31 24 41
86 121 36
136 51 40
22 61 38
133 0 35
67 40 59
71 72 55
60 25 31
74 20 48
45 104 57
100 2 31
122 115 55
42 47 50
114 30 37
77 57 53
63 139 45
43 110 49
21 18 38
132 110 44
41 62 54
82 112 41
103 15 43
113 103 30
35 103 35
46 33 54
36 29 30
119 132 30
10 62 43
105 51 30
14 19 43
48 37 59
8 70 52
76 44 31
137 8 43
16 19 36
75 104 48
94 107 35
7 2 53
54 29 33
125 59 51
123 54 39
49 27 50
65 104 38
124 122 59
32 22 38
128 27 35
87 11 47
95 43 30
13 95 43
129 18 44
12 55 48
53 114 36
52 135 52
78 98 48
81 124 50
116 98 34
38 113 56
50 93 55
90 60 33
88 21 33
23 29 40
118 94 41
34 107 31
91 61 47
4 70 42
111 31 44
131 36 38
84 46 58
101 131 50
58 106 30
109 55 38
96 54 39
134 71 54
9 124 35
69 94 59
26 66 44
127 101 57
17 119 54
79 44 45
56 11 53
28 42 53
97 33 37
108 105 43
6 120 52
138 84 35
99 47 47
126 40 53
39 9 52
3 1 58
73 56 39
PROGRAMS ASSIGNED TO NODES (nID pID1 pID2 ...):
0 1 2 3 4 5 6 7 8 9 10 11 12 13 14 15 16 17 18 19 20 21 22 23 24 25 26 27 28 29 30
1 1 3 5 6 10 11 14 15 16 17 18 21 24 27 28
2 4 27
3 2 3 4 5 6 7 13 15 20 22 26 28 29
6 14
7 1 2 3 4 5 6 7 9 10 11 12 13 14 16 17 18 20 23 25 26 27 28 30
8 19 20 6 7
9 1 3 4 21 22 8 9 25 10 26 27 30
10 16 17 2 8 24 11 15
11 21 6 8 9 27 13
12 2 4 6 9 11 13 14 15 19 22 25 27 29
13 1 4 5 6 11 12 13 14 15 18 21 23 25 27 29
14 1 2 5 7 9 10 11 12 13 16 18 21 22 24 25 26 27
15 2 3 4 5 6 7 8 10 11 12 13 14 15 17 18 19 20 21 22 23 24 25 26 28 29 30
16 6 26
17 2 4 5 8 11 14 16 17 18 21 26 28 29
18 1 3 6 10 11 16 17 19 20 21 22 24 25 26 27
19 2 3 6 7 8 9 10 15 16 17 18 22 23 24 26 27 30
20 2 3 4 5 6 7 8 9 10 11 12 13 14 16 17 19 20 21 22 23 24 25 26 27 28 29 30
21 1 2 3 5 6 7 9 11 12 18 20 21 22 23 26 28 29 30
22 1 17 5 22 6 7 23 26 12
23 1 3 4 6 8 9 10 11 14 15 16 17 18 19 21 22 23 24 25 26 27 28 29 30
24 17 4 6 8 13 14
25 19 3 4 5 7 8 9 10 13 14
26 2 21 7 8 10 29 13
27 1 2 3 4 5 6 7 8 9 11 12 13 14 15 16 17 18 19 20 21 22 23 25 26 27 28 29 30
28 2 3 22 23 8 24 27 13 29 30
29 16 21 24
30 1 2 4 5 8 9 11 12 14 15 16 18 22 23 25 30
31 1 2 3 4 5 6 7 8 10 14 17 18 19 20 22 24 25 30
32 1 2 3 4 5 6 7 8 9 10 11 12 13 14 15 17 18 19 22 23 24 25 28 29 30
33 16 1 2 19 20 10 27 12 13 30 15
34 1 2 3 20 21 6 22 23 24 10 11 13
35 3 19
36 1 2 23 9 26 28 29 14 15
37 18 21 6 9 25 13 29 15
38 16 22 7 8 12
39 1 2 5 6 7 10 11 13 14 15 16 17 20 21 22 24 26 27 29 30
40 20 23 26 28
41 20 10
42 1 2 4 5 6 8 9 12 13 15 17 19 24 25 29 30
43 11
44 1 2 5 6 7 8 11 12 13 14 19 20 21 23 25 27 29
45 22 30
46 1 2 4 5 6 7 8 9 10 11 12 14 15 16 18 19 20 21 22 23 24 25 26 27 29 30
47 18 4 23 8 24 28
48 9 28 13
49 1 3 4 6 7 10 12 13 14 15 16 18 19 20 21 22 23 24 25 26 27 28 29 30
50 17 3 24 25 27 28 13 14
51 18 2 26
52 17 3
53 1 2 5 7 8 9 10 11 12 13 15 16 17 18 20 21 22 23 25 26 27 28
54 1 3 4 5 6 7 9 12 13 14 15 16 17 18 19 20 21 22 25 26 27 29
55 1 2 3 4 6 7 10 11 12 14 18 20 27 30
56 18 20 7 30
57 27
58 2 5 23
59 1 4 5 6 7 8 9 10 11 12 13 14 15 16 17 18 19 20 22 23 24 26
60 19 13
61 21 5 8 12
62 16 18 19 6 8 25 9 11 28 14
63 1 5 6 7 11 12 13 14 15 17 23 24 28 29
64 16 21 24 28 13
65 1 3 4 5 6 7 8 9 11 12 15 16 23 24 25 28 30
67 18 6 10
68 17 19 11 12 28 29 14 15
69 1 2 3 5 8 9 11 13 15 16 17 18 19 21 22 23 24 26 28 30
70 1 7 8 9 12 18 19 20 22 23 25 26 28
71 1 2 3 4 5 6 7 8 9 10 11 12 13 14 15 16 17 18 20 21 22 23 24 25 26 27 28 29 30
72 1 4 5 6 7 8 9 10 11 12 14 15 16 17 18 19 20 21 22 23 24 25 26 28
74 2 3 4 6 7 8 9 10 11 14 15 16 17 18 19 20 21 22 23 24 26 27 28 30
75 1 2 3 4 5 6 7 8 9 10 12 13 14 15 16 17 18 20 21 22 23 24 25 26 27 28 29 30
76 21 24 9 26
77 1 2 3 4 6 7 8 11 12 15 16 17 18 19 20 21 22 23 24 26 27 28 29 30
78 2 3 4 5 7 11 13 15 19 20 21 25 28 29
79 24 10
80 2 4 5 7 8 9 11 13 15 16 17 18 19 20 21 22 23 24 26 28 29 30
81 1 6 22 8 30
82 2 6 8 9 10 11 14 15 16 17 18 21 22 24 25 28 30
83 1 2 3 6 7 9 11 12 13 17 20 22 24 25 26 27 29 30
84 1 3 4 5 6 7 8 9 10 11 12 13 14 15 16 17 18 19 20 22 23 24 25 26 27 28 29 30
85 16 17 18 19 3 23 8 10 28 29 14 15
86 1 3 4 5 6 7 8 9 10 11 12 13 14 15 16 17 18 20 21 22 23 25 27 28 29 30
87 6 7 10 11 13 14 16 17 18 19 20 21 22 23 24 26 27 30
88 17 28
89 2 3 4 5 6 7 8 9 11 12 13 14 15 16 18 19 20 21 22 25 26 27 28 29 30
90 2 4 7 8 9 11 12 13 14 15 17 18 19 21 22 23 24 25 28 29 30
91 1 2 3 4 5 6 7 8 9 10 11 12 13 14 15 16 17 18 19 20 21 22 23 25 26 27 28 29 30
92 2 6 7 10 11 12 13 14 15 16 18 19 20 22 25 27 28 29 30
93 1 2 3 4 5 6 7 8 9 10 11 12 13 14 15 16 17 18 19 20 22 23 24 25 26 27 29
94 1 2 3 4 5 6 7 8 9 10 11 12 13 14 15 16 17 18 19 20 21 22 23 24 25 26 27 28 29
95 3 6 7 8 11 15 17 18 20 23 25 26 27 28 29 30
96 1 2 3 4 5 6 10 11 12 13 14 15 16 17 19 20 21 22 23 24 25 26 27
97 1 3 4 5 6 7 8 10 11 13 14 15 17 18 19 21 23 24 26 29
98 2 5 8 10 12 13 14 15 16 17 18 19 20 23 24 25 26 29
99 16 27 13 15
100 2 4 8 9 15 21 22 23 24 27 28 29 30
102 17 1 3 21 5 24 10 26 28 29 14 15
103 2 4 5 6 7 8 12 14 18 19 22 24 26 28 30
104 1 2 3 5 7 11 17 19 21 23 24 25 30
105 1 17 3 22 26 12 28 14 15
106 4 21 22 6 23 8
107 1 2 3 4 5 6 7 8 9 10 11 12 13 14 15 16 18 20 21 23 24 25 26 27 28
109 3 4 5 6 7 8 9 12 13 14 15 16 17 18 19 22 24 25 26 29 30
111 2 6 7 10 12 13 14 15 16 17 18 19 20 22 24 25 26 27 30
112 17 20 10 26
113 5 6 7 9 12 13 14 16 18 22 23 24 26 27 28
114 1 2 4 6 7 8 9 11 12 13 16 17 18 19 20 21 24 26 28 30
115 11
116 2 3 4 5 6 8 10 12 14 15 17 18 19 20 21 22 23 24 26 27 29
117 19 21 8 10 28
118 2 3 4 9 11 12 14 15 17 20 21 23 25 27 30
119 1 2 3 5 6 9 10 14 15 16 17 18 19 20 22 24 28 29 30
120 17 2 22 6 26 15
121 1 2 4 5 6 8 9 10 11 12 13 14 16 19 21 22 27 28
122 1 3 4 6 7 8 9 10 15 17 18 20 21 22 23 24 25 26 27 28 29 30
123 2 4 6 7 9 10 11 12 14 17 18 20 22 23 25 26 29 30
124 5 21 6 9 26 10 27 14
125 2 3 4 6 7 8 9 10 11 12 13 14 15 16 17 18 19 20 21 22 23 24 25 26 27 28 29
126 1 2 3 4 5 6 8 16 17 20 21 23 24 25 28 29
127 1 5 6 7 12 14 15 16 18 19 20 21 22 23 28 29
128 3 4 5 7 10 11 12 13 18 21 22 23 24 25 30
129 3 4 7 8 11 15 16 17 21 24 25 26 27 28 29
130 1 2 3 5 6 7 8 9 10 12 13 14 16 17 18 19 20 21 22 23 24 25 26 27 28 29 30
131 2 4 6 9 10 11 12 15 17 19 20 21 22 23 25 26 27 29 30
132 18 3 21 22 7 23 8 25 26 11 14 15
133 4 5 6 7 8 9 10 13 14 16 17 18 19 20 22 23 25 26 27 28 30
134 1 2 3 6 8 10 11 12 13 15 16 17 19 20 21 23 26 28 29
135 17 2 19 4 5 23 9 10 27 13
136 17 18 3 19 23 13 14 15
137 16 17 1 3 19 21 23 8 9 11
138 1 2 3 4 5 7 8 9 10 11 12 13 14 15 16 17 18 19 20 21 22 23 24 25 26 27 28 29 30
139 4 20 22 28 13 29 30 14
SIZE OF PROGRAMS (pID SIZE):
1 91.0
2 42.0
3 84.0
4 41.0
5 95.0
6 42.0
7 62.0
8 90.0
9 60.0
10 89.0
11 57.0
12 95.0
13 93.0
14 55.0
15 84.0
16 65.0
17 41.0
18 79.0
19 61.0
20 81.0
21 92.0
22 54.0
23 82.0
24 88.0
25 98.0
26 74.0
27 46.0
28 76.0
29 74.0
30 84.0
COST TO INSTALL SERVERS AND PROGRAMS ON NODES (COST_TO_INSTALL_SERVER COST_TO_INSTALL_pID1 ...):
0 5438.775510204082 1.8571428571428572 0.8571428571428571 1.7142857142857142 0.8367346938775511 1.9387755102040816 0.8571428571428571 1.2653061224489797 1.836734693877551 1.2244897959183674 1.816326530612245 1.163265306122449 1.9387755102040816 1.8979591836734695 1.1224489795918366 1.7142857142857142 1.3265306122448979 0.8367346938775511 1.6122448979591837 1.2448979591836735 1.653061224489796 1.8775510204081634 1.1020408163265305 1.6734693877551021 1.7959183673469388 2.0 1.510204081632653 0.9387755102040817 1.5510204081632653 1.510204081632653 1.7142857142857142
1 86.49442578712721 1.8571428571428572 0.8571428571428571 1.7142857142857142 0.8367346938775511 1.9387755102040816 0.8571428571428571 1.2653061224489797 1.836734693877551 1.2244897959183674 1.816326530612245 1.163265306122449 1.9387755102040816 1.8979591836734695 1.1224489795918366 1.7142857142857142 1.3265306122448979 0.8367346938775511 1.6122448979591837 1.2448979591836735 1.653061224489796 1.8775510204081634 1.1020408163265305 1.6734693877551021 1.7959183673469388 2.0 1.510204081632653 0.9387755102040817 1.5510204081632653 1.510204081632653 1.7142857142857142
2 234.484558602463 1.8571428571428572 0.8571428571428571 1.7142857142857142 0.8367346938775511 1.9387755102040816 0.8571428571428571 1.2653061224489797 1.836734693877551 1.2244897959183674 1.816326530612245 1.163265306122449 1.9387755102040816 1.8979591836734695 1.1224489795918366 1.7142857142857142 1.3265306122448979 0.8367346938775511 1.6122448979591837 1.2448979591836735 1.653061224489796 1.8775510204081634 1.1020408163265305 1.6734693877551021 1.7959183673469388 2.0 1.510204081632653 0.9387755102040817 1.5510204081632653 1.510204081632653 1.7142857142857142
3 115.80443455777232 2.7857142857142856 1.2857142857142858 2.5714285714285716 1.2551020408163265 2.9081632653061225 1.2857142857142858 1.8979591836734695 2.7551020408163267 1.836734693877551 2.7244897959183674 1.7448979591836735 2.9081632653061225 2.8469387755102042 1.683673469387755 2.5714285714285716 1.989795918367347 1.2551020408163265 2.4183673469387754 1.8673469387755102 2.479591836734694 2.816326530612245 1.653061224489796 2.510204081632653 2.693877551020408 3.0 2.2653061224489797 1.4081632653061225 2.326530612244898 2.2653061224489797 2.5714285714285716
4 114.0 1.8571428571428572 0.8571428571428571 1.7142857142857142 0.8367346938775511 1.9387755102040816 0.8571428571428571 1.2653061224489797 1.836734693877551 1.2244897959183674 1.816326530612245 1.163265306122449 1.9387755102040816 1.8979591836734695 1.1224489795918366 1.7142857142857142 1.3265306122448979 0.8367346938775511 1.6122448979591837 1.2448979591836735 1.653061224489796 1.8775510204081634 1.1020408163265305 1.6734693877551021 1.7959183673469388 2.0 1.510204081632653 0.9387755102040817 1.5510204081632653 1.510204081632653 1.7142857142857142
5 359.0 1.8571428571428572 0.8571428571428571 1.7142857142857142 0.8367346938775511 1.9387755102040816 0.8571428571428571 1.2653061224489797 1.836734693877551 1.2244897959183674 1.816326530612245 1.163265306122449 1.9387755102040816 1.8979591836734695 1.1224489795918366 1.7142857142857142 1.3265306122448979 0.8367346938775511 1.6122448979591837 1.2448979591836735 1.653061224489796 1.8775510204081634 1.1020408163265305 1.6734693877551021 1.7959183673469388 2.0 1.510204081632653 0.9387755102040817 1.5510204081632653 1.510204081632653 1.7142857142857142
6 5.068840532226972 2.7857142857142856 1.2857142857142858 2.5714285714285716 1.2551020408163265 2.9081632653061225 1.2857142857142858 1.8979591836734695 2.7551020408163267 1.836734693877551 2.7244897959183674 1.7448979591836735 2.9081632653061225 2.8469387755102042 1.683673469387755 2.5714285714285716 1.989795918367347 1.2551020408163265 2.4183673469387754 1.8673469387755102 2.479591836734694 2.816326530612245 1.653061224489796 2.510204081632653 2.693877551020408 3.0 2.2653061224489797 1.4081632653061225 2.326530612244898 2.2653061224489797 2.5714285714285716
7 278.6154225666909 1.8571428571428572 0.8571428571428571 1.7142857142857142 0.8367346938775511 1.9387755102040816 0.8571428571428571 1.2653061224489797 1.836734693877551 1.2244897959183674 1.816326530612245 1.163265306122449 1.9387755102040816 1.8979591836734695 1.1224489795918366 1.7142857142857142 1.3265306122448979 0.8367346938775511 1.6122448979591837 1.2448979591836735 1.653061224489796 1.8775510204081634 1.1020408163265305 1.6734693877551021 1.7959183673469388 2.0 1.510204081632653 0.9387755102040817 1.5510204081632653 1.510204081632653 1.7142857142857142
8 108.10150550199162 2.7857142857142856 1.2857142857142858 2.5714285714285716 1.2551020408163265 2.9081632653061225 1.2857142857142858 1.8979591836734695 2.7551020408163267 1.836734693877551 2.7244897959183674 1.7448979591836735 2.9081632653061225 2.8469387755102042 1.683673469387755 2.5714285714285716 1.989795918367347 1.2551020408163265 2.4183673469387754 1.8673469387755102 2.479591836734694 2.816326530612245 1.653061224489796 2.510204081632653 2.693877551020408 3.0 2.2653061224489797 1.4081632653061225 2.326530612244898 2.2653061224489797 2.5714285714285716
9 230.48912403894883 1.8571428571428572 0.8571428571428571 1.7142857142857142 0.8367346938775511 1.9387755102040816 0.8571428571428571 1.2653061224489797 1.836734693877551 1.2244897959183674 1.816326530612245 1.163265306122449 1.9387755102040816 1.8979591836734695 1.1224489795918366 1.7142857142857142 1.3265306122448979 0.8367346938775511 1.6122448979591837 1.2448979591836735 1.653061224489796 1.8775510204081634 1.1020408163265305 1.6734693877551021 1.7959183673469388 2.0 1.510204081632653 0.9387755102040817 1.5510204081632653 1.510204081632653 1.7142857142857142
10 34.00742107185655 2.7857142857142856 1.2857142857142858 2.5714285714285716 1.2551020408163265 2.9081632653061225 1.2857142857142858 1.8979591836734695 2.7551020408163267 1.836734693877551 2.7244897959183674 1.7448979591836735 2.9081632653061225 2.8469387755102042 1.683673469387755 2.5714285714285716 1.989795918367347 1.2551020408163265 2.4183673469387754 1.8673469387755102 2.479591836734694 2.816326530612245 1.653061224489796 2.510204081632653 2.693877551020408 3.0 2.2653061224489797 1.4081632653061225 2.326530612244898 2.2653061224489797 2.5714285714285716
11 80.60982296606997 2.7857142857142856 1.2857142857142858 2.5714285714285716 1.2551020408163265 2.9081632653061225 1.2857142857142858 1.8979591836734695 2.7551020408163267 1.836734693877551 2.7244897959183674 1.7448979591836735 2.9081632653061225 2.8469387755102042 1.683673469387755 2.5714285714285716 1.989795918367347 1.2551020408163265 2.4183673469387754 1.8673469387755102 2.479591836734694 2.816326530612245 1.653061224489796 2.510204081632653 2.693877551020408 3.0 2.2653061224489797 1.4081632653061225 2.326530612244898 2.2653061224489797 2.5714285714285716
12 44.950205942380286 2.7857142857142856 1.2857142857142858 2.5714285714285716 1.2551020408163265 2.9081632653061225 1.2857142857142858 1.8979591836734695 2.7551020408163267 1.836734693877551 2.7244897959183674 1.7448979591836735 2.9081632653061225 2.8469387755102042 1.683673469387755 2.5714285714285716 1.989795918367347 1.2551020408163265 2.4183673469387754 1.8673469387755102 2.479591836734694 2.816326530612245 1.653061224489796 2.510204081632653 2.693877551020408 3.0 2.2653061224489797 1.4081632653061225 2.326530612244898 2.2653061224489797 2.5714285714285716
13 172.94644608931551 2.7857142857142856 1.2857142857142858 2.5714285714285716 1.2551020408163265 2.9081632653061225 1.2857142857142858 1.8979591836734695 2.7551020408163267 1.836734693877551 2.7244897959183674 1.7448979591836735 2.9081632653061225 2.8469387755102042 1.683673469387755 2.5714285714285716 1.989795918367347 1.2551020408163265 2.4183673469387754 1.8673469387755102 2.479591836734694 2.816326530612245 1.653061224489796 2.510204081632653 2.693877551020408 3.0 2.2653061224489797 1.4081632653061225 2.326530612244898 2.2653061224489797 2.5714285714285716
14 147.59689164279115 2.7857142857142856 1.2857142857142858 2.5714285714285716 1.2551020408163265 2.9081632653061225 1.2857142857142858 1.8979591836734695 2.7551020408163267 1.836734693877551 2.7244897959183674 1.7448979591836735 2.9081632653061225 2.8469387755102042 1.683673469387755 2.5714285714285716 1.989795918367347 1.2551020408163265 2.4183673469387754 1.8673469387755102 2.479591836734694 2.816326530612245 1.653061224489796 2.510204081632653 2.693877551020408 3.0 2.2653061224489797 1.4081632653061225 2.326530612244898 2.2653061224489797 2.5714285714285716
15 389.6345887155577 1.8571428571428572 0.8571428571428571 1.7142857142857142 0.8367346938775511 1.9387755102040816 0.8571428571428571 1.2653061224489797 1.836734693877551 1.2244897959183674 1.816326530612245 1.163265306122449 1.9387755102040816 1.8979591836734695 1.1224489795918366 1.7142857142857142 1.3265306122448979 0.8367346938775511 1.6122448979591837 1.2448979591836735 1.653061224489796 1.8775510204081634 1.1020408163265305 1.6734693877551021 1.7959183673469388 2.0 1.510204081632653 0.9387755102040817 1.5510204081632653 1.510204081632653 1.7142857142857142
16 19.669849332599377 1.8571428571428572 0.8571428571428571 1.7142857142857142 0.8367346938775511 1.9387755102040816 0.8571428571428571 1.2653061224489797 1.836734693877551 1.2244897959183674 1.816326530612245 1.163265306122449 1.9387755102040816 1.8979591836734695 1.1224489795918366 1.7142857142857142 1.3265306122448979 0.8367346938775511 1.6122448979591837 1.2448979591836735 1.653061224489796 1.8775510204081634 1.1020408163265305 1.6734693877551021 1.7959183673469388 2.0 1.510204081632653 0.9387755102040817 1.5510204081632653 1.510204081632653 1.7142857142857142
17 147.09943164559843 2.7857142857142856 1.2857142857142858 2.5714285714285716 1.2551020408163265 2.9081632653061225 1.2857142857142858 1.8979591836734695 2.7551020408163267 1.836734693877551 2.7244897959183674 1.7448979591836735 2.9081632653061225 2.8469387755102042 1.683673469387755 2.5714285714285716 1.989795918367347 1.2551020408163265 2.4183673469387754 1.8673469387755102 2.479591836734694 2.816326530612245 1.653061224489796 2.510204081632653 2.693877551020408 3.0 2.2653061224489797 1.4081632653061225 2.326530612244898 2.2653061224489797 2.5714285714285716
18 123.9336361766404 2.7857142857142856 1.2857142857142858 2.5714285714285716 1.2551020408163265 2.9081632653061225 1.2857142857142858 1.8979591836734695 2.7551020408163267 1.836734693877551 2.7244897959183674 1.7448979591836735 2.9081632653061225 2.8469387755102042 1.683673469387755 2.5714285714285716 1.989795918367347 1.2551020408163265 2.4183673469387754 1.8673469387755102 2.479591836734694 2.816326530612245 1.653061224489796 2.510204081632653 2.693877551020408 3.0 2.2653061224489797 1.4081632653061225 2.326530612244898 2.2653061224489797 2.5714285714285716
19 178.01016044378184 1.8571428571428572 0.8571428571428571 1.7142857142857142 0.8367346938775511 1.9387755102040816 0.8571428571428571 1.2653061224489797 1.836734693877551 1.2244897959183674 1.816326530612245 1.163265306122449 1.9387755102040816 1.8979591836734695 1.1224489795918366 1.7142857142857142 1.3265306122448979 0.8367346938775511 1.6122448979591837 1.2448979591836735 1.653061224489796 1.8775510204081634 1.1020408163265305 1.6734693877551021 1.7959183673469388 2.0 1.510204081632653 0.9387755102040817 1.5510204081632653 1.510204081632653 1.7142857142857142
20 57.30877223275449 1.8571428571428572 0.8571428571428571 1.7142857142857142 0.8367346938775511 1.9387755102040816 0.8571428571428571 1.2653061224489797 1.836734693877551 1.2244897959183674 1.816326530612245 1.163265306122449 1.9387755102040816 1.8979591836734695 1.1224489795918366 1.7142857142857142 1.3265306122448979 0.8367346938775511 1.6122448979591837 1.2448979591836735 1.653061224489796 1.8775510204081634 1.1020408163265305 1.6734693877551021 1.7959183673469388 2.0 1.510204081632653 0.9387755102040817 1.5510204081632653 1.510204081632653 1.7142857142857142
21 98.7994505167155 2.7857142857142856 1.2857142857142858 2.5714285714285716 1.2551020408163265 2.9081632653061225 1.2857142857142858 1.8979591836734695 2.7551020408163267 1.836734693877551 2.7244897959183674 1.7448979591836735 2.9081632653061225 2.8469387755102042 1.683673469387755 2.5714285714285716 1.989795918367347 1.2551020408163265 2.4183673469387754 1.8673469387755102 2.479591836734694 2.816326530612245 1.653061224489796 2.510204081632653 2.693877551020408 3.0 2.2653061224489797 1.4081632653061225 2.326530612244898 2.2653061224489797 2.5714285714285716
22 62.12565822861495 2.7857142857142856 1.2857142857142858 2.5714285714285716 1.2551020408163265 2.9081632653061225 1.2857142857142858 1.8979591836734695 2.7551020408163267 1.836734693877551 2.7244897959183674 1.7448979591836735 2.9081632653061225 2.8469387755102042 1.683673469387755 2.5714285714285716 1.989795918367347 1.2551020408163265 2.4183673469387754 1.8673469387755102 2.479591836734694 2.816326530612245 1.653061224489796 2.510204081632653 2.693877551020408 3.0 2.2653061224489797 1.4081632653061225 2.326530612244898 2.2653061224489797 2.5714285714285716
23 242.11906221862586 1.8571428571428572 0.8571428571428571 1.7142857142857142 0.8367346938775511 1.9387755102040816 0.8571428571428571 1.2653061224489797 1.836734693877551 1.2244897959183674 1.816326530612245 1.163265306122449 1.9387755102040816 1.8979591836734695 1.1224489795918366 1.7142857142857142 1.3265306122448979 0.8367346938775511 1.6122448979591837 1.2448979591836735 1.653061224489796 1.8775510204081634 1.1020408163265305 1.6734693877551021 1.7959183673469388 2.0 1.510204081632653 0.9387755102040817 1.5510204081632653 1.510204081632653 1.7142857142857142
24 273.1045665880196 1.8571428571428572 0.8571428571428571 1.7142857142857142 0.8367346938775511 1.9387755102040816 0.8571428571428571 1.2653061224489797 1.836734693877551 1.2244897959183674 1.816326530612245 1.163265306122449 1.9387755102040816 1.8979591836734695 1.1224489795918366 1.7142857142857142 1.3265306122448979 0.8367346938775511 1.6122448979591837 1.2448979591836735 1.653061224489796 1.8775510204081634 1.1020408163265305 1.6734693877551021 1.7959183673469388 2.0 1.510204081632653 0.9387755102040817 1.5510204081632653 1.510204081632653 1.7142857142857142
25 52.84180013227904 2.7857142857142856 1.2857142857142858 2.5714285714285716 1.2551020408163265 2.9081632653061225 1.2857142857142858 1.8979591836734695 2.7551020408163267 1.836734693877551 2.7244897959183674 1.7448979591836735 2.9081632653061225 2.8469387755102042 1.683673469387755 2.5714285714285716 1.989795918367347 1.2551020408163265 2.4183673469387754 1.8673469387755102 2.479591836734694 2.816326530612245 1.653061224489796 2.510204081632653 2.693877551020408 3.0 2.2653061224489797 1.4081632653061225 2.326530612244898 2.2653061224489797 2.5714285714285716
26 43.025450394971955 2.7857142857142856 1.2857142857142858 2.5714285714285716 1.2551020408163265 2.9081632653061225 1.2857142857142858 1.8979591836734695 2.7551020408163267 1.836734693877551 2.7244897959183674 1.7448979591836735 2.9081632653061225 2.8469387755102042 1.683673469387755 2.5714285714285716 1.989795918367347 1.2551020408163265 2.4183673469387754 1.8673469387755102 2.479591836734694 2.816326530612245 1.653061224489796 2.510204081632653 2.693877551020408 3.0 2.2653061224489797 1.4081632653061225 2.326530612244898 2.2653061224489797 2.5714285714285716
27 175.18117428216578 1.8571428571428572 0.8571428571428571 1.7142857142857142 0.8367346938775511 1.9387755102040816 0.8571428571428571 1.2653061224489797 1.836734693877551 1.2244897959183674 1.816326530612245 1.163265306122449 1.9387755102040816 1.8979591836734695 1.1224489795918366 1.7142857142857142 1.3265306122448979 0.8367346938775511 1.6122448979591837 1.2448979591836735 1.653061224489796 1.8775510204081634 1.1020408163265305 1.6734693877551021 1.7959183673469388 2.0 1.510204081632653 0.9387755102040817 1.5510204081632653 1.510204081632653 1.7142857142857142
28 81.65854388549377 2.7857142857142856 1.2857142857142858 2.5714285714285716 1.2551020408163265 2.9081632653061225 1.2857142857142858 1.8979591836734695 2.7551020408163267 1.836734693877551 2.7244897959183674 1.7448979591836735 2.9081632653061225 2.8469387755102042 1.683673469387755 2.5714285714285716 1.989795918367347 1.2551020408163265 2.4183673469387754 1.8673469387755102 2.479591836734694 2.816326530612245 1.653061224489796 2.510204081632653 2.693877551020408 3.0 2.2653061224489797 1.4081632653061225 2.326530612244898 2.2653061224489797 2.5714285714285716
29 119.32348512190043 1.8571428571428572 0.8571428571428571 1.7142857142857142 0.8367346938775511 1.9387755102040816 0.8571428571428571 1.2653061224489797 1.836734693877551 1.2244897959183674 1.816326530612245 1.163265306122449 1.9387755102040816 1.8979591836734695 1.1224489795918366 1.7142857142857142 1.3265306122448979 0.8367346938775511 1.6122448979591837 1.2448979591836735 1.653061224489796 1.8775510204081634 1.1020408163265305 1.6734693877551021 1.7959183673469388 2.0 1.510204081632653 0.9387755102040817 1.5510204081632653 1.510204081632653 1.7142857142857142
30 159.68833978996508 1.8571428571428572 0.8571428571428571 1.7142857142857142 0.8367346938775511 1.9387755102040816 0.8571428571428571 1.2653061224489797 1.836734693877551 1.2244897959183674 1.816326530612245 1.163265306122449 1.9387755102040816 1.8979591836734695 1.1224489795918366 1.7142857142857142 1.3265306122448979 0.8367346938775511 1.6122448979591837 1.2448979591836735 1.653061224489796 1.8775510204081634 1.1020408163265305 1.6734693877551021 1.7959183673469388 2.0 1.510204081632653 0.9387755102040817 1.5510204081632653 1.510204081632653 1.7142857142857142
31 253.63203852852104 1.8571428571428572 0.8571428571428571 1.7142857142857142 0.8367346938775511 1.9387755102040816 0.8571428571428571 1.2653061224489797 1.836734693877551 1.2244897959183674 1.816326530612245 1.163265306122449 1.9387755102040816 1.8979591836734695 1.1224489795918366 1.7142857142857142 1.3265306122448979 0.8367346938775511 1.6122448979591837 1.2448979591836735 1.653061224489796 1.8775510204081634 1.1020408163265305 1.6734693877551021 1.7959183673469388 2.0 1.510204081632653 0.9387755102040817 1.5510204081632653 1.510204081632653 1.7142857142857142
32 197.22162729730434 1.8571428571428572 0.8571428571428571 1.7142857142857142 0.8367346938775511 1.9387755102040816 0.8571428571428571 1.2653061224489797 1.836734693877551 1.2244897959183674 1.816326530612245 1.163265306122449 1.9387755102040816 1.8979591836734695 1.1224489795918366 1.7142857142857142 1.3265306122448979 0.8367346938775511 1.6122448979591837 1.2448979591836735 1.653061224489796 1.8775510204081634 1.1020408163265305 1.6734693877551021 1.7959183673469388 2.0 1.510204081632653 0.9387755102040817 1.5510204081632653 1.510204081632653 1.7142857142857142
33 164.28582624454623 2.7857142857142856 1.2857142857142858 2.5714285714285716 1.2551020408163265 2.9081632653061225 1.2857142857142858 1.8979591836734695 2.7551020408163267 1.836734693877551 2.7244897959183674 1.7448979591836735 2.9081632653061225 2.8469387755102042 1.683673469387755 2.5714285714285716 1.989795918367347 1.2551020408163265 2.4183673469387754 1.8673469387755102 2.479591836734694 2.816326530612245 1.653061224489796 2.510204081632653 2.693877551020408 3.0 2.2653061224489797 1.4081632653061225 2.326530612244898 2.2653061224489797 2.5714285714285716
34 90.70556381935532 1.8571428571428572 0.8571428571428571 1.7142857142857142 0.8367346938775511 1.9387755102040816 0.8571428571428571 1.2653061224489797 1.836734693877551 1.2244897959183674 1.816326530612245 1.163265306122449 1.9387755102040816 1.8979591836734695 1.1224489795918366 1.7142857142857142 1.3265306122448979 0.8367346938775511 1.6122448979591837 1.2448979591836735 1.653061224489796 1.8775510204081634 1.1020408163265305 1.6734693877551021 1.7959183673469388 2.0 1.510204081632653 0.9387755102040817 1.5510204081632653 1.510204081632653 1.7142857142857142
35 22.89075514487354 2.7857142857142856 1.2857142857142858 2.5714285714285716 1.2551020408163265 2.9081632653061225 1.2857142857142858 1.8979591836734695 2.7551020408163267 1.836734693877551 2.7244897959183674 1.7448979591836735 2.9081632653061225 2.8469387755102042 1.683673469387755 2.5714285714285716 1.989795918367347 1.2551020408163265 2.4183673469387754 1.8673469387755102 2.479591836734694 2.816326530612245 1.653061224489796 2.510204081632653 2.693877551020408 3.0 2.2653061224489797 1.4081632653061225 2.326530612244898 2.2653061224489797 2.5714285714285716
36 158.75244350759567 2.7857142857142856 1.2857142857142858 2.5714285714285716 1.2551020408163265 2.9081632653061225 1.2857142857142858 1.8979591836734695 2.7551020408163267 1.836734693877551 2.7244897959183674 1.7448979591836735 2.9081632653061225 2.8469387755102042 1.683673469387755 2.5714285714285716 1.989795918367347 1.2551020408163265 2.4183673469387754 1.8673469387755102 2.479591836734694 2.816326530612245 1.653061224489796 2.510204081632653 2.693877551020408 3.0 2.2653061224489797 1.4081632653061225 2.326530612244898 2.2653061224489797 2.5714285714285716
37 84.76351691510715 1.8571428571428572 0.8571428571428571 1.7142857142857142 0.8367346938775511 1.9387755102040816 0.8571428571428571 1.2653061224489797 1.836734693877551 1.2244897959183674 1.816326530612245 1.163265306122449 1.9387755102040816 1.8979591836734695 1.1224489795918366 1.7142857142857142 1.3265306122448979 0.8367346938775511 1.6122448979591837 1.2448979591836735 1.653061224489796 1.8775510204081634 1.1020408163265305 1.6734693877551021 1.7959183673469388 2.0 1.510204081632653 0.9387755102040817 1.5510204081632653 1.510204081632653 1.7142857142857142
38 100.50607027641502 2.7857142857142856 1.2857142857142858 2.5714285714285716 1.2551020408163265 2.9081632653061225 1.2857142857142858 1.8979591836734695 2.7551020408163267 1.836734693877551 2.7244897959183674 1.7448979591836735 2.9081632653061225 2.8469387755102042 1.683673469387755 2.5714285714285716 1.989795918367347 1.2551020408163265 2.4183673469387754 1.8673469387755102 2.479591836734694 2.816326530612245 1.653061224489796 2.510204081632653 2.693877551020408 3.0 2.2653061224489797 1.4081632653061225 2.326530612244898 2.2653061224489797 2.5714285714285716
39 152.66299032725246 2.7857142857142856 1.2857142857142858 2.5714285714285716 1.2551020408163265 2.9081632653061225 1.2857142857142858 1.8979591836734695 2.7551020408163267 1.836734693877551 2.7244897959183674 1.7448979591836735 2.9081632653061225 2.8469387755102042 1.683673469387755 2.5714285714285716 1.989795918367347 1.2551020408163265 2.4183673469387754 1.8673469387755102 2.479591836734694 2.816326530612245 1.653061224489796 2.510204081632653 2.693877551020408 3.0 2.2653061224489797 1.4081632653061225 2.326530612244898 2.2653061224489797 2.5714285714285716
40 216.32534908349632 1.8571428571428572 0.8571428571428571 1.7142857142857142 0.8367346938775511 1.9387755102040816 0.8571428571428571 1.2653061224489797 1.836734693877551 1.2244897959183674 1.816326530612245 1.163265306122449 1.9387755102040816 1.8979591836734695 1.1224489795918366 1.7142857142857142 1.3265306122448979 0.8367346938775511 1.6122448979591837 1.2448979591836735 1.653061224489796 1.8775510204081634 1.1020408163265305 1.6734693877551021 1.7959183673469388 2.0 1.510204081632653 0.9387755102040817 1.5510204081632653 1.510204081632653 1.7142857142857142
41 14.065700564819185 2.7857142857142856 1.2857142857142858 2.5714285714285716 1.2551020408163265 2.9081632653061225 1.2857142857142858 1.8979591836734695 2.7551020408163267 1.836734693877551 2.7244897959183674 1.7448979591836735 2.9081632653061225 2.8469387755102042 1.683673469387755 2.5714285714285716 1.989795918367347 1.2551020408163265 2.4183673469387754 1.8673469387755102 2.479591836734694 2.816326530612245 1.653061224489796 2.510204081632653 2.693877551020408 3.0 2.2653061224489797 1.4081632653061225 2.326530612244898 2.2653061224489797 2.5714285714285716
42 130.5075751747789 1.8571428571428572 0.8571428571428571 1.7142857142857142 0.8367346938775511 1.9387755102040816 0.8571428571428571 1.2653061224489797 1.836734693877551 1.2244897959183674 1.816326530612245 1.163265306122449 1.9387755102040816 1.8979591836734695 1.1224489795918366 1.7142857142857142 1.3265306122448979 0.8367346938775511 1.6122448979591837 1.2448979591836735 1.653061224489796 1.8775510204081634 1.1020408163265305 1.6734693877551021 1.7959183673469388 2.0 1.510204081632653 0.9387755102040817 1.5510204081632653 1.510204081632653 1.7142857142857142
43 182.58829917750106 1.8571428571428572 0.8571428571428571 1.7142857142857142 0.8367346938775511 1.9387755102040816 0.8571428571428571 1.2653061224489797 1.836734693877551 1.2244897959183674 1.816326530612245 1.163265306122449 1.9387755102040816 1.8979591836734695 1.1224489795918366 1.7142857142857142 1.3265306122448979 0.8367346938775511 1.6122448979591837 1.2448979591836735 1.653061224489796 1.8775510204081634 1.1020408163265305 1.6734693877551021 1.7959183673469388 2.0 1.510204081632653 0.9387755102040817 1.5510204081632653 1.510204081632653 1.7142857142857142
44 55.71649317278551 1.8571428571428572 0.8571428571428571 1.7142857142857142 0.8367346938775511 1.9387755102040816 0.8571428571428571 1.2653061224489797 1.836734693877551 1.2244897959183674 1.816326530612245 1.163265306122449 1.9387755102040816 1.8979591836734695 1.1224489795918366 1.7142857142857142 1.3265306122448979 0.8367346938775511 1.6122448979591837 1.2448979591836735 1.653061224489796 1.8775510204081634 1.1020408163265305 1.6734693877551021 1.7959183673469388 2.0 1.510204081632653 0.9387755102040817 1.5510204081632653 1.510204081632653 1.7142857142857142
45 8.416592054468055 1.8571428571428572 0.8571428571428571 1.7142857142857142 0.8367346938775511 1.9387755102040816 0.8571428571428571 1.2653061224489797 1.836734693877551 1.2244897959183674 1.816326530612245 1.163265306122449 1.9387755102040816 1.8979591836734695 1.1224489795918366 1.7142857142857142 1.3265306122448979 0.8367346938775511 1.6122448979591837 1.2448979591836735 1.653061224489796 1.8775510204081634 1.1020408163265305 1.6734693877551021 1.7959183673469388 2.0 1.510204081632653 0.9387755102040817 1.5510204081632653 1.510204081632653 1.7142857142857142
46 101.78397858505363 1.8571428571428572 0.8571428571428571 1.7142857142857142 0.8367346938775511 1.9387755102040816 0.8571428571428571 1.2653061224489797 1.836734693877551 1.2244897959183674 1.816326530612245 1.163265306122449 1.9387755102040816 1.8979591836734695 1.1224489795918366 1.7142857142857142 1.3265306122448979 0.8367346938775511 1.6122448979591837 1.2448979591836735 1.653061224489796 1.8775510204081634 1.1020408163265305 1.6734693877551021 1.7959183673469388 2.0 1.510204081632653 0.9387755102040817 1.5510204081632653 1.510204081632653 1.7142857142857142
47 43.555568162273545 1.8571428571428572 0.8571428571428571 1.7142857142857142 0.8367346938775511 1.9387755102040816 0.8571428571428571 1.2653061224489797 1.836734693877551 1.2244897959183674 1.816326530612245 1.163265306122449 1.9387755102040816 1.8979591836734695 1.1224489795918366 1.7142857142857142 1.3265306122448979 0.8367346938775511 1.6122448979591837 1.2448979591836735 1.653061224489796 1.8775510204081634 1.1020408163265305 1.6734693877551021 1.7959183673469388 2.0 1.510204081632653 0.9387755102040817 1.5510204081632653 1.510204081632653 1.7142857142857142
48 34.68083765502034 1.8571428571428572 0.8571428571428571 1.7142857142857142 0.8367346938775511 1.9387755102040816 0.8571428571428571 1.2653061224489797 1.836734693877551 1.2244897959183674 1.816326530612245 1.163265306122449 1.9387755102040816 1.8979591836734695 1.1224489795918366 1.7142857142857142 1.3265306122448979 0.8367346938775511 1.6122448979591837 1.2448979591836735 1.653061224489796 1.8775510204081634 1.1020408163265305 1.6734693877551021 1.7959183673469388 2.0 1.510204081632653 0.9387755102040817 1.5510204081632653 1.510204081632653 1.7142857142857142
49 153.8812557223286 2.7857142857142856 1.2857142857142858 2.5714285714285716 1.2551020408163265 2.9081632653061225 1.2857142857142858 1.8979591836734695 2.7551020408163267 1.836734693877551 2.7244897959183674 1.7448979591836735 2.9081632653061225 2.8469387755102042 1.683673469387755 2.5714285714285716 1.989795918367347 1.2551020408163265 2.4183673469387754 1.8673469387755102 2.479591836734694 2.816326530612245 1.653061224489796 2.510204081632653 2.693877551020408 3.0 2.2653061224489797 1.4081632653061225 2.326530612244898 2.2653061224489797 2.5714285714285716
50 31.315561814355537 1.8571428571428572 0.8571428571428571 1.7142857142857142 0.8367346938775511 1.9387755102040816 0.8571428571428571 1.2653061224489797 1.836734693877551 1.2244897959183674 1.816326530612245 1.163265306122449 1.9387755102040816 1.8979591836734695 1.1224489795918366 1.7142857142857142 1.3265306122448979 0.8367346938775511 1.6122448979591837 1.2448979591836735 1.653061224489796 1.8775510204081634 1.1020408163265305 1.6734693877551021 1.7959183673469388 2.0 1.510204081632653 0.9387755102040817 1.5510204081632653 1.510204081632653 1.7142857142857142
51 118.52924410789635 1.8571428571428572 0.8571428571428571 1.7142857142857142 0.8367346938775511 1.9387755102040816 0.8571428571428571 1.2653061224489797 1.836734693877551 1.2244897959183674 1.816326530612245 1.163265306122449 1.9387755102040816 1.8979591836734695 1.1224489795918366 1.7142857142857142 1.3265306122448979 0.8367346938775511 1.6122448979591837 1.2448979591836735 1.653061224489796 1.8775510204081634 1.1020408163265305 1.6734693877551021 1.7959183673469388 2.0 1.510204081632653 0.9387755102040817 1.5510204081632653 1.510204081632653 1.7142857142857142
52 15.30975116000582 1.8571428571428572 0.8571428571428571 1.7142857142857142 0.8367346938775511 1.9387755102040816 0.8571428571428571 1.2653061224489797 1.836734693877551 1.2244897959183674 1.816326530612245 1.163265306122449 1.9387755102040816 1.8979591836734695 1.1224489795918366 1.7142857142857142 1.3265306122448979 0.8367346938775511 1.6122448979591837 1.2448979591836735 1.653061224489796 1.8775510204081634 1.1020408163265305 1.6734693877551021 1.7959183673469388 2.0 1.510204081632653 0.9387755102040817 1.5510204081632653 1.510204081632653 1.7142857142857142
53 159.37462904656383 1.8571428571428572 0.8571428571428571 1.7142857142857142 0.8367346938775511 1.9387755102040816 0.8571428571428571 1.2653061224489797 1.836734693877551 1.2244897959183674 1.816326530612245 1.163265306122449 1.9387755102040816 1.8979591836734695 1.1224489795918366 1.7142857142857142 1.3265306122448979 0.8367346938775511 1.6122448979591837 1.2448979591836735 1.653061224489796 1.8775510204081634 1.1020408163265305 1.6734693877551021 1.7959183673469388 2.0 1.510204081632653 0.9387755102040817 1.5510204081632653 1.510204081632653 1.7142857142857142
54 212.84542249828112 2.7857142857142856 1.2857142857142858 2.5714285714285716 1.2551020408163265 2.9081632653061225 1.2857142857142858 1.8979591836734695 2.7551020408163267 1.836734693877551 2.7244897959183674 1.7448979591836735 2.9081632653061225 2.8469387755102042 1.683673469387755 2.5714285714285716 1.989795918367347 1.2551020408163265 2.4183673469387754 1.8673469387755102 2.479591836734694 2.816326530612245 1.653061224489796 2.510204081632653 2.693877551020408 3.0 2.2653061224489797 1.4081632653061225 2.326530612244898 2.2653061224489797 2.5714285714285716
55 89.77241782982 1.8571428571428572 0.8571428571428571 1.7142857142857142 0.8367346938775511 1.9387755102040816 0.8571428571428571 1.2653061224489797 1.836734693877551 1.2244897959183674 1.816326530612245 1.163265306122449 1.9387755102040816 1.8979591836734695 1.1224489795918366 1.7142857142857142 1.3265306122448979 0.8367346938775511 1.6122448979591837 1.2448979591836735 1.653061224489796 1.8775510204081634 1.1020408163265305 1.6734693877551021 1.7959183673469388 2.0 1.510204081632653 0.9387755102040817 1.5510204081632653 1.510204081632653 1.7142857142857142
56 30.32602305528052 2.7857142857142856 1.2857142857142858 2.5714285714285716 1.2551020408163265 2.9081632653061225 1.2857142857142858 1.8979591836734695 2.7551020408163267 1.836734693877551 2.7244897959183674 1.7448979591836735 2.9081632653061225 2.8469387755102042 1.683673469387755 2.5714285714285716 1.989795918367347 1.2551020408163265 2.4183673469387754 1.8673469387755102 2.479591836734694 2.816326530612245 1.653061224489796 2.510204081632653 2.693877551020408 3.0 2.2653061224489797 1.4081632653061225 2.326530612244898 2.2653061224489797 2.5714285714285716
57 161.430274203496 2.7857142857142856 1.2857142857142858 2.5714285714285716 1.2551020408163265 2.9081632653061225 1.2857142857142858 1.8979591836734695 2.7551020408163267 1.836734693877551 2.7244897959183674 1.7448979591836735 2.9081632653061225 2.8469387755102042 1.683673469387755 2.5714285714285716 1.989795918367347 1.2551020408163265 2.4183673469387754 1.8673469387755102 2.479591836734694 2.816326530612245 1.653061224489796 2.510204081632653 2.693877551020408 3.0 2.2653061224489797 1.4081632653061225 2.326530612244898 2.2653061224489797 2.5714285714285716
58 13.978758378301382 1.8571428571428572 0.8571428571428571 1.7142857142857142 0.8367346938775511 1.9387755102040816 0.8571428571428571 1.2653061224489797 1.836734693877551 1.2244897959183674 1.816326530612245 1.163265306122449 1.9387755102040816 1.8979591836734695 1.1224489795918366 1.7142857142857142 1.3265306122448979 0.8367346938775511 1.6122448979591837 1.2448979591836735 1.653061224489796 1.8775510204081634 1.1020408163265305 1.6734693877551021 1.7959183673469388 2.0 1.510204081632653 0.9387755102040817 1.5510204081632653 1.510204081632653 1.7142857142857142
59 213.22378913428673 1.8571428571428572 0.8571428571428571 1.7142857142857142 0.8367346938775511 1.9387755102040816 0.8571428571428571 1.2653061224489797 1.836734693877551 1.2244897959183674 1.816326530612245 1.163265306122449 1.9387755102040816 1.8979591836734695 1.1224489795918366 1.7142857142857142 1.3265306122448979 0.8367346938775511 1.6122448979591837 1.2448979591836735 1.653061224489796 1.8775510204081634 1.1020408163265305 1.6734693877551021 1.7959183673469388 2.0 1.510204081632653 0.9387755102040817 1.5510204081632653 1.510204081632653 1.7142857142857142
60 17.88305924806187 2.7857142857142856 1.2857142857142858 2.5714285714285716 1.2551020408163265 2.9081632653061225 1.2857142857142858 1.8979591836734695 2.7551020408163267 1.836734693877551 2.7244897959183674 1.7448979591836735 2.9081632653061225 2.8469387755102042 1.683673469387755 2.5714285714285716 1.989795918367347 1.2551020408163265 2.4183673469387754 1.8673469387755102 2.479591836734694 2.816326530612245 1.653061224489796 2.510204081632653 2.693877551020408 3.0 2.2653061224489797 1.4081632653061225 2.326530612244898 2.2653061224489797 2.5714285714285716
61 57.3003479059102 1.8571428571428572 0.8571428571428571 1.7142857142857142 0.8367346938775511 1.9387755102040816 0.8571428571428571 1.2653061224489797 1.836734693877551 1.2244897959183674 1.816326530612245 1.163265306122449 1.9387755102040816 1.8979591836734695 1.1224489795918366 1.7142857142857142 1.3265306122448979 0.8367346938775511 1.6122448979591837 1.2448979591836735 1.653061224489796 1.8775510204081634 1.1020408163265305 1.6734693877551021 1.7959183673469388 2.0 1.510204081632653 0.9387755102040817 1.5510204081632653 1.510204081632653 1.7142857142857142
62 97.34561160215364 1.8571428571428572 0.8571428571428571 1.7142857142857142 0.8367346938775511 1.9387755102040816 0.8571428571428571 1.2653061224489797 1.836734693877551 1.2244897959183674 1.816326530612245 1.163265306122449 1.9387755102040816 1.8979591836734695 1.1224489795918366 1.7142857142857142 1.3265306122448979 0.8367346938775511 1.6122448979591837 1.2448979591836735 1.653061224489796 1.8775510204081634 1.1020408163265305 1.6734693877551021 1.7959183673469388 2.0 1.510204081632653 0.9387755102040817 1.5510204081632653 1.510204081632653 1.7142857142857142
63 60.461318301775584 2.7857142857142856 1.2857142857142858 2.5714285714285716 1.2551020408163265 2.9081632653061225 1.2857142857142858 1.8979591836734695 2.7551020408163267 1.836734693877551 2.7244897959183674 1.7448979591836735 2.9081632653061225 2.8469387755102042 1.683673469387755 2.5714285714285716 1.989795918367347 1.2551020408163265 2.4183673469387754 1.8673469387755102 2.479591836734694 2.816326530612245 1.653061224489796 2.510204081632653 2.693877551020408 3.0 2.2653061224489797 1.4081632653061225 2.326530612244898 2.2653061224489797 2.5714285714285716
64 5.970800809945731 2.7857142857142856 1.2857142857142858 2.5714285714285716 1.2551020408163265 2.9081632653061225 1.2857142857142858 1.8979591836734695 2.7551020408163267 1.836734693877551 2.7244897959183674 1.7448979591836735 2.9081632653061225 2.8469387755102042 1.683673469387755 2.5714285714285716 1.989795918367347 1.2551020408163265 2.4183673469387754 1.8673469387755102 2.479591836734694 2.816326530612245 1.653061224489796 2.510204081632653 2.693877551020408 3.0 2.2653061224489797 1.4081632653061225 2.326530612244898 2.2653061224489797 2.5714285714285716
65 55.209644729151066 2.7857142857142856 1.2857142857142858 2.5714285714285716 1.2551020408163265 2.9081632653061225 1.2857142857142858 1.8979591836734695 2.7551020408163267 1.836734693877551 2.7244897959183674 1.7448979591836735 2.9081632653061225 2.8469387755102042 1.683673469387755 2.5714285714285716 1.989795918367347 1.2551020408163265 2.4183673469387754 1.8673469387755102 2.479591836734694 2.816326530612245 1.653061224489796 2.510204081632653 2.693877551020408 3.0 2.2653061224489797 1.4081632653061225 2.326530612244898 2.2653061224489797 2.5714285714285716
66 32.557808499864365 1.8571428571428572 0.8571428571428571 1.7142857142857142 0.8367346938775511 1.9387755102040816 0.8571428571428571 1.2653061224489797 1.836734693877551 1.2244897959183674 1.816326530612245 1.163265306122449 1.9387755102040816 1.8979591836734695 1.1224489795918366 1.7142857142857142 1.3265306122448979 0.8367346938775511 1.6122448979591837 1.2448979591836735 1.653061224489796 1.8775510204081634 1.1020408163265305 1.6734693877551021 1.7959183673469388 2.0 1.510204081632653 0.9387755102040817 1.5510204081632653 1.510204081632653 1.7142857142857142
67 20.077128682329345 2.7857142857142856 1.2857142857142858 2.5714285714285716 1.2551020408163265 2.9081632653061225 1.2857142857142858 1.8979591836734695 2.7551020408163267 1.836734693877551 2.7244897959183674 1.7448979591836735 2.9081632653061225 2.8469387755102042 1.683673469387755 2.5714285714285716 1.989795918367347 1.2551020408163265 2.4183673469387754 1.8673469387755102 2.479591836734694 2.816326530612245 1.653061224489796 2.510204081632653 2.693877551020408 3.0 2.2653061224489797 1.4081632653061225 2.326530612244898 2.2653061224489797 2.5714285714285716
68 77.45175178357576 2.7857142857142856 1.2857142857142858 2.5714285714285716 1.2551020408163265 2.9081632653061225 1.2857142857142858 1.8979591836734695 2.7551020408163267 1.836734693877551 2.7244897959183674 1.7448979591836735 2.9081632653061225 2.8469387755102042 1.683673469387755 2.5714285714285716 1.989795918367347 1.2551020408163265 2.4183673469387754 1.8673469387755102 2.479591836734694 2.816326530612245 1.653061224489796 2.510204081632653 2.693877551020408 3.0 2.2653061224489797 1.4081632653061225 2.326530612244898 2.2653061224489797 2.5714285714285716
69 153.51268259125266 1.8571428571428572 0.8571428571428571 1.7142857142857142 0.8367346938775511 1.9387755102040816 0.8571428571428571 1.2653061224489797 1.836734693877551 1.2244897959183674 1.816326530612245 1.163265306122449 1.9387755102040816 1.8979591836734695 1.1224489795918366 1.7142857142857142 1.3265306122448979 0.8367346938775511 1.6122448979591837 1.2448979591836735 1.653061224489796 1.8775510204081634 1.1020408163265305 1.6734693877551021 1.7959183673469388 2.0 1.510204081632653 0.9387755102040817 1.5510204081632653 1.510204081632653 1.7142857142857142
70 160.28635637594405 1.8571428571428572 0.8571428571428571 1.7142857142857142 0.8367346938775511 1.9387755102040816 0.8571428571428571 1.2653061224489797 1.836734693877551 1.2244897959183674 1.816326530612245 1.163265306122449 1.9387755102040816 1.8979591836734695 1.1224489795918366 1.7142857142857142 1.3265306122448979 0.8367346938775511 1.6122448979591837 1.2448979591836735 1.653061224489796 1.8775510204081634 1.1020408163265305 1.6734693877551021 1.7959183673469388 2.0 1.510204081632653 0.9387755102040817 1.5510204081632653 1.510204081632653 1.7142857142857142
71 231.5724277807524 2.7857142857142856 1.2857142857142858 2.5714285714285716 1.2551020408163265 2.9081632653061225 1.2857142857142858 1.8979591836734695 2.7551020408163267 1.836734693877551 2.7244897959183674 1.7448979591836735 2.9081632653061225 2.8469387755102042 1.683673469387755 2.5714285714285716 1.989795918367347 1.2551020408163265 2.4183673469387754 1.8673469387755102 2.479591836734694 2.816326530612245 1.653061224489796 2.510204081632653 2.693877551020408 3.0 2.2653061224489797 1.4081632653061225 2.326530612244898 2.2653061224489797 2.5714285714285716
72 261.94781530942345 1.8571428571428572 0.8571428571428571 1.7142857142857142 0.8367346938775511 1.9387755102040816 0.8571428571428571 1.2653061224489797 1.836734693877551 1.2244897959183674 1.816326530612245 1.163265306122449 1.9387755102040816 1.8979591836734695 1.1224489795918366 1.7142857142857142 1.3265306122448979 0.8367346938775511 1.6122448979591837 1.2448979591836735 1.653061224489796 1.8775510204081634 1.1020408163265305 1.6734693877551021 1.7959183673469388 2.0 1.510204081632653 0.9387755102040817 1.5510204081632653 1.510204081632653 1.7142857142857142
73 355.0 1.8571428571428572 0.8571428571428571 1.7142857142857142 0.8367346938775511 1.9387755102040816 0.8571428571428571 1.2653061224489797 1.836734693877551 1.2244897959183674 1.816326530612245 1.163265306122449 1.9387755102040816 1.8979591836734695 1.1224489795918366 1.7142857142857142 1.3265306122448979 0.8367346938775511 1.6122448979591837 1.2448979591836735 1.653061224489796 1.8775510204081634 1.1020408163265305 1.6734693877551021 1.7959183673469388 2.0 1.510204081632653 0.9387755102040817 1.5510204081632653 1.510204081632653 1.7142857142857142
74 80.2186105527559 2.7857142857142856 1.2857142857142858 2.5714285714285716 1.2551020408163265 2.9081632653061225 1.2857142857142858 1.8979591836734695 2.7551020408163267 1.836734693877551 2.7244897959183674 1.7448979591836735 2.9081632653061225 2.8469387755102042 1.683673469387755 2.5714285714285716 1.989795918367347 1.2551020408163265 2.4183673469387754 1.8673469387755102 2.479591836734694 2.816326530612245 1.653061224489796 2.510204081632653 2.693877551020408 3.0 2.2653061224489797 1.4081632653061225 2.326530612244898 2.2653061224489797 2.5714285714285716
75 131.35359053965496 1.8571428571428572 0.8571428571428571 1.7142857142857142 0.8367346938775511 1.9387755102040816 0.8571428571428571 1.2653061224489797 1.836734693877551 1.2244897959183674 1.816326530612245 1.163265306122449 1.9387755102040816 1.8979591836734695 1.1224489795918366 1.7142857142857142 1.3265306122448979 0.8367346938775511 1.6122448979591837 1.2448979591836735 1.653061224489796 1.8775510204081634 1.1020408163265305 1.6734693877551021 1.7959183673469388 2.0 1.510204081632653 0.9387755102040817 1.5510204081632653 1.510204081632653 1.7142857142857142
76 30.39374468064297 1.8571428571428572 0.8571428571428571 1.7142857142857142 0.8367346938775511 1.9387755102040816 0.8571428571428571 1.2653061224489797 1.836734693877551 1.2244897959183674 1.816326530612245 1.163265306122449 1.9387755102040816 1.8979591836734695 1.1224489795918366 1.7142857142857142 1.3265306122448979 0.8367346938775511 1.6122448979591837 1.2448979591836735 1.653061224489796 1.8775510204081634 1.1020408163265305 1.6734693877551021 1.7959183673469388 2.0 1.510204081632653 0.9387755102040817 1.5510204081632653 1.510204081632653 1.7142857142857142
77 248.8289116194487 2.7857142857142856 1.2857142857142858 2.5714285714285716 1.2551020408163265 2.9081632653061225 1.2857142857142858 1.8979591836734695 2.7551020408163267 1.836734693877551 2.7244897959183674 1.7448979591836735 2.9081632653061225 2.8469387755102042 1.683673469387755 2.5714285714285716 1.989795918367347 1.2551020408163265 2.4183673469387754 1.8673469387755102 2.479591836734694 2.816326530612245 1.653061224489796 2.510204081632653 2.693877551020408 3.0 2.2653061224489797 1.4081632653061225 2.326530612244898 2.2653061224489797 2.5714285714285716
78 104.92568219619751 2.7857142857142856 1.2857142857142858 2.5714285714285716 1.2551020408163265 2.9081632653061225 1.2857142857142858 1.8979591836734695 2.7551020408163267 1.836734693877551 2.7244897959183674 1.7448979591836735 2.9081632653061225 2.8469387755102042 1.683673469387755 2.5714285714285716 1.989795918367347 1.2551020408163265 2.4183673469387754 1.8673469387755102 2.479591836734694 2.816326530612245 1.653061224489796 2.510204081632653 2.693877551020408 3.0 2.2653061224489797 1.4081632653061225 2.326530612244898 2.2653061224489797 2.5714285714285716
79 9.805282910135528 2.7857142857142856 1.2857142857142858 2.5714285714285716 1.2551020408163265 2.9081632653061225 1.2857142857142858 1.8979591836734695 2.7551020408163267 1.836734693877551 2.7244897959183674 1.7448979591836735 2.9081632653061225 2.8469387755102042 1.683673469387755 2.5714285714285716 1.989795918367347 1.2551020408163265 2.4183673469387754 1.8673469387755102 2.479591836734694 2.816326530612245 1.653061224489796 2.510204081632653 2.693877551020408 3.0 2.2653061224489797 1.4081632653061225 2.326530612244898 2.2653061224489797 2.5714285714285716
80 9.101625728159803 2.7857142857142856 1.2857142857142858 2.5714285714285716 1.2551020408163265 2.9081632653061225 1.2857142857142858 1.8979591836734695 2.7551020408163267 1.836734693877551 2.7244897959183674 1.7448979591836735 2.9081632653061225 2.8469387755102042 1.683673469387755 2.5714285714285716 1.989795918367347 1.2551020408163265 2.4183673469387754 1.8673469387755102 2.479591836734694 2.816326530612245 1.653061224489796 2.510204081632653 2.693877551020408 3.0 2.2653061224489797 1.4081632653061225 2.326530612244898 2.2653061224489797 2.5714285714285716
81 36.70428598795134 2.7857142857142856 1.2857142857142858 2.5714285714285716 1.2551020408163265 2.9081632653061225 1.2857142857142858 1.8979591836734695 2.7551020408163267 1.836734693877551 2.7244897959183674 1.7448979591836735 2.9081632653061225 2.8469387755102042 1.683673469387755 2.5714285714285716 1.989795918367347 1.2551020408163265 2.4183673469387754 1.8673469387755102 2.479591836734694 2.816326530612245 1.653061224489796 2.510204081632653 2.693877551020408 3.0 2.2653061224489797 1.4081632653061225 2.326530612244898 2.2653061224489797 2.5714285714285716
82 145.13451988947068 2.7857142857142856 1.2857142857142858 2.5714285714285716 1.2551020408163265 2.9081632653061225 1.2857142857142858 1.8979591836734695 2.7551020408163267 1.836734693877551 2.7244897959183674 1.7448979591836735 2.9081632653061225 2.8469387755102042 1.683673469387755 2.5714285714285716 1.989795918367347 1.2551020408163265 2.4183673469387754 1.8673469387755102 2.479591836734694 2.816326530612245 1.653061224489796 2.510204081632653 2.693877551020408 3.0 2.2653061224489797 1.4081632653061225 2.326530612244898 2.2653061224489797 2.5714285714285716
83 74.06830585437041 1.8571428571428572 0.8571428571428571 1.7142857142857142 0.8367346938775511 1.9387755102040816 0.8571428571428571 1.2653061224489797 1.836734693877551 1.2244897959183674 1.816326530612245 1.163265306122449 1.9387755102040816 1.8979591836734695 1.1224489795918366 1.7142857142857142 1.3265306122448979 0.8367346938775511 1.6122448979591837 1.2448979591836735 1.653061224489796 1.8775510204081634 1.1020408163265305 1.6734693877551021 1.7959183673469388 2.0 1.510204081632653 0.9387755102040817 1.5510204081632653 1.510204081632653 1.7142857142857142
84 127.51081474197056 1.8571428571428572 0.8571428571428571 1.7142857142857142 0.8367346938775511 1.9387755102040816 0.8571428571428571 1.2653061224489797 1.836734693877551 1.2244897959183674 1.816326530612245 1.163265306122449 1.9387755102040816 1.8979591836734695 1.1224489795918366 1.7142857142857142 1.3265306122448979 0.8367346938775511 1.6122448979591837 1.2448979591836735 1.653061224489796 1.8775510204081634 1.1020408163265305 1.6734693877551021 1.7959183673469388 2.0 1.510204081632653 0.9387755102040817 1.5510204081632653 1.510204081632653 1.7142857142857142
85 109.73635893348046 2.7857142857142856 1.2857142857142858 2.5714285714285716 1.2551020408163265 2.9081632653061225 1.2857142857142858 1.8979591836734695 2.7551020408163267 1.836734693877551 2.7244897959183674 1.7448979591836735 2.9081632653061225 2.8469387755102042 1.683673469387755 2.5714285714285716 1.989795918367347 1.2551020408163265 2.4183673469387754 1.8673469387755102 2.479591836734694 2.816326530612245 1.653061224489796 2.510204081632653 2.693877551020408 3.0 2.2653061224489797 1.4081632653061225 2.326530612244898 2.2653061224489797 2.5714285714285716
86 254.20352582013695 1.8571428571428572 0.8571428571428571 1.7142857142857142 0.8367346938775511 1.9387755102040816 0.8571428571428571 1.2653061224489797 1.836734693877551 1.2244897959183674 1.816326530612245 1.163265306122449 1.9387755102040816 1.8979591836734695 1.1224489795918366 1.7142857142857142 1.3265306122448979 0.8367346938775511 1.6122448979591837 1.2448979591836735 1.653061224489796 1.8775510204081634 1.1020408163265305 1.6734693877551021 1.7959183673469388 2.0 1.510204081632653 0.9387755102040817 1.5510204081632653 1.510204081632653 1.7142857142857142
87 129.08245742384 2.7857142857142856 1.2857142857142858 2.5714285714285716 1.2551020408163265 2.9081632653061225 1.2857142857142858 1.8979591836734695 2.7551020408163267 1.836734693877551 2.7244897959183674 1.7448979591836735 2.9081632653061225 2.8469387755102042 1.683673469387755 2.5714285714285716 1.989795918367347 1.2551020408163265 2.4183673469387754 1.8673469387755102 2.479591836734694 2.816326530612245 1.653061224489796 2.510204081632653 2.693877551020408 3.0 2.2653061224489797 1.4081632653061225 2.326530612244898 2.2653061224489797 2.5714285714285716
88 19.645578027905913 2.7857142857142856 1.2857142857142858 2.5714285714285716 1.2551020408163265 2.9081632653061225 1.2857142857142858 1.8979591836734695 2.7551020408163267 1.836734693877551 2.7244897959183674 1.7448979591836735 2.9081632653061225 2.8469387755102042 1.683673469387755 2.5714285714285716 1.989795918367347 1.2551020408163265 2.4183673469387754 1.8673469387755102 2.479591836734694 2.816326530612245 1.653061224489796 2.510204081632653 2.693877551020408 3.0 2.2653061224489797 1.4081632653061225 2.326530612244898 2.2653061224489797 2.5714285714285716
89 173.91377049568854 2.7857142857142856 1.2857142857142858 2.5714285714285716 1.2551020408163265 2.9081632653061225 1.2857142857142858 1.8979591836734695 2.7551020408163267 1.836734693877551 2.7244897959183674 1.7448979591836735 2.9081632653061225 2.8469387755102042 1.683673469387755 2.5714285714285716 1.989795918367347 1.2551020408163265 2.4183673469387754 1.8673469387755102 2.479591836734694 2.816326530612245 1.653061224489796 2.510204081632653 2.693877551020408 3.0 2.2653061224489797 1.4081632653061225 2.326530612244898 2.2653061224489797 2.5714285714285716
90 146.56595115691513 2.7857142857142856 1.2857142857142858 2.5714285714285716 1.2551020408163265 2.9081632653061225 1.2857142857142858 1.8979591836734695 2.7551020408163267 1.836734693877551 2.7244897959183674 1.7448979591836735 2.9081632653061225 2.8469387755102042 1.683673469387755 2.5714285714285716 1.989795918367347 1.2551020408163265 2.4183673469387754 1.8673469387755102 2.479591836734694 2.816326530612245 1.653061224489796 2.510204081632653 2.693877551020408 3.0 2.2653061224489797 1.4081632653061225 2.326530612244898 2.2653061224489797 2.5714285714285716
91 217.57599162339116 2.7857142857142856 1.2857142857142858 2.5714285714285716 1.2551020408163265 2.9081632653061225 1.2857142857142858 1.8979591836734695 2.7551020408163267 1.836734693877551 2.7244897959183674 1.7448979591836735 2.9081632653061225 2.8469387755102042 1.683673469387755 2.5714285714285716 1.989795918367347 1.2551020408163265 2.4183673469387754 1.8673469387755102 2.479591836734694 2.816326530612245 1.653061224489796 2.510204081632653 2.693877551020408 3.0 2.2653061224489797 1.4081632653061225 2.326530612244898 2.2653061224489797 2.5714285714285716
92 335.7620370809529 1.8571428571428572 0.8571428571428571 1.7142857142857142 0.8367346938775511 1.9387755102040816 0.8571428571428571 1.2653061224489797 1.836734693877551 1.2244897959183674 1.816326530612245 1.163265306122449 1.9387755102040816 1.8979591836734695 1.1224489795918366 1.7142857142857142 1.3265306122448979 0.8367346938775511 1.6122448979591837 1.2448979591836735 1.653061224489796 1.8775510204081634 1.1020408163265305 1.6734693877551021 1.7959183673469388 2.0 1.510204081632653 0.9387755102040817 1.5510204081632653 1.510204081632653 1.7142857142857142
93 177.75004976691497 1.8571428571428572 0.8571428571428571 1.7142857142857142 0.8367346938775511 1.9387755102040816 0.8571428571428571 1.2653061224489797 1.836734693877551 1.2244897959183674 1.816326530612245 1.163265306122449 1.9387755102040816 1.8979591836734695 1.1224489795918366 1.7142857142857142 1.3265306122448979 0.8367346938775511 1.6122448979591837 1.2448979591836735 1.653061224489796 1.8775510204081634 1.1020408163265305 1.6734693877551021 1.7959183673469388 2.0 1.510204081632653 0.9387755102040817 1.5510204081632653 1.510204081632653 1.7142857142857142
94 242.63483358896758 2.7857142857142856 1.2857142857142858 2.5714285714285716 1.2551020408163265 2.9081632653061225 1.2857142857142858 1.8979591836734695 2.7551020408163267 1.836734693877551 2.7244897959183674 1.7448979591836735 2.9081632653061225 2.8469387755102042 1.683673469387755 2.5714285714285716 1.989795918367347 1.2551020408163265 2.4183673469387754 1.8673469387755102 2.479591836734694 2.816326530612245 1.653061224489796 2.510204081632653 2.693877551020408 3.0 2.2653061224489797 1.4081632653061225 2.326530612244898 2.2653061224489797 2.5714285714285716
95 266.9579894064839 2.7857142857142856 1.2857142857142858 2.5714285714285716 1.2551020408163265 2.9081632653061225 1.2857142857142858 1.8979591836734695 2.7551020408163267 1.836734693877551 2.7244897959183674 1.7448979591836735 2.9081632653061225 2.8469387755102042 1.683673469387755 2.5714285714285716 1.989795918367347 1.2551020408163265 2.4183673469387754 1.8673469387755102 2.479591836734694 2.816326530612245 1.653061224489796 2.510204081632653 2.693877551020408 3.0 2.2653061224489797 1.4081632653061225 2.326530612244898 2.2653061224489797 2.5714285714285716
96 247.12817557562278 2.7857142857142856 1.2857142857142858 2.5714285714285716 1.2551020408163265 2.9081632653061225 1.2857142857142858 1.8979591836734695 2.7551020408163267 1.836734693877551 2.7244897959183674 1.7448979591836735 2.9081632653061225 2.8469387755102042 1.683673469387755 2.5714285714285716 1.989795918367347 1.2551020408163265 2.4183673469387754 1.8673469387755102 2.479591836734694 2.816326530612245 1.653061224489796 2.510204081632653 2.693877551020408 3.0 2.2653061224489797 1.4081632653061225 2.326530612244898 2.2653061224489797 2.5714285714285716
97 103.92265510358109 2.7857142857142856 1.2857142857142858 2.5714285714285716 1.2551020408163265 2.9081632653061225 1.2857142857142858 1.8979591836734695 2.7551020408163267 1.836734693877551 2.7244897959183674 1.7448979591836735 2.9081632653061225 2.8469387755102042 1.683673469387755 2.5714285714285716 1.989795918367347 1.2551020408163265 2.4183673469387754 1.8673469387755102 2.479591836734694 2.816326530612245 1.653061224489796 2.510204081632653 2.693877551020408 3.0 2.2653061224489797 1.4081632653061225 2.326530612244898 2.2653061224489797 2.5714285714285716
98 94.31215873427712 1.8571428571428572 0.8571428571428571 1.7142857142857142 0.8367346938775511 1.9387755102040816 0.8571428571428571 1.2653061224489797 1.836734693877551 1.2244897959183674 1.816326530612245 1.163265306122449 1.9387755102040816 1.8979591836734695 1.1224489795918366 1.7142857142857142 1.3265306122448979 0.8367346938775511 1.6122448979591837 1.2448979591836735 1.653061224489796 1.8775510204081634 1.1020408163265305 1.6734693877551021 1.7959183673469388 2.0 1.510204081632653 0.9387755102040817 1.5510204081632653 1.510204081632653 1.7142857142857142
99 26.315084384689065 2.7857142857142856 1.2857142857142858 2.5714285714285716 1.2551020408163265 2.9081632653061225 1.2857142857142858 1.8979591836734695 2.7551020408163267 1.836734693877551 2.7244897959183674 1.7448979591836735 2.9081632653061225 2.8469387755102042 1.683673469387755 2.5714285714285716 1.989795918367347 1.2551020408163265 2.4183673469387754 1.8673469387755102 2.479591836734694 2.816326530612245 1.653061224489796 2.510204081632653 2.693877551020408 3.0 2.2653061224489797 1.4081632653061225 2.326530612244898 2.2653061224489797 2.5714285714285716
100 153.59647829949114 1.8571428571428572 0.8571428571428571 1.7142857142857142 0.8367346938775511 1.9387755102040816 0.8571428571428571 1.2653061224489797 1.836734693877551 1.2244897959183674 1.816326530612245 1.163265306122449 1.9387755102040816 1.8979591836734695 1.1224489795918366 1.7142857142857142 1.3265306122448979 0.8367346938775511 1.6122448979591837 1.2448979591836735 1.653061224489796 1.8775510204081634 1.1020408163265305 1.6734693877551021 1.7959183673469388 2.0 1.510204081632653 0.9387755102040817 1.5510204081632653 1.510204081632653 1.7142857142857142
101 154.69728029068756 1.8571428571428572 0.8571428571428571 1.7142857142857142 0.8367346938775511 1.9387755102040816 0.8571428571428571 1.2653061224489797 1.836734693877551 1.2244897959183674 1.816326530612245 1.163265306122449 1.9387755102040816 1.8979591836734695 1.1224489795918366 1.7142857142857142 1.3265306122448979 0.8367346938775511 1.6122448979591837 1.2448979591836735 1.653061224489796 1.8775510204081634 1.1020408163265305 1.6734693877551021 1.7959183673469388 2.0 1.510204081632653 0.9387755102040817 1.5510204081632653 1.510204081632653 1.7142857142857142
102 39.293745940701825 1.8571428571428572 0.8571428571428571 1.7142857142857142 0.8367346938775511 1.9387755102040816 0.8571428571428571 1.2653061224489797 1.836734693877551 1.2244897959183674 1.816326530612245 1.163265306122449 1.9387755102040816 1.8979591836734695 1.1224489795918366 1.7142857142857142 1.3265306122448979 0.8367346938775511 1.6122448979591837 1.2448979591836735 1.653061224489796 1.8775510204081634 1.1020408163265305 1.6734693877551021 1.7959183673469388 2.0 1.510204081632653 0.9387755102040817 1.5510204081632653 1.510204081632653 1.7142857142857142
103 270.1042422040677 2.7857142857142856 1.2857142857142858 2.5714285714285716 1.2551020408163265 2.9081632653061225 1.2857142857142858 1.8979591836734695 2.7551020408163267 1.836734693877551 2.7244897959183674 1.7448979591836735 2.9081632653061225 2.8469387755102042 1.683673469387755 2.5714285714285716 1.989795918367347 1.2551020408163265 2.4183673469387754 1.8673469387755102 2.479591836734694 2.816326530612245 1.653061224489796 2.510204081632653 2.693877551020408 3.0 2.2653061224489797 1.4081632653061225 2.326530612244898 2.2653061224489797 2.5714285714285716
104 52.99421777941741 1.8571428571428572 0.8571428571428571 1.7142857142857142 0.8367346938775511 1.9387755102040816 0.8571428571428571 1.2653061224489797 1.836734693877551 1.2244897959183674 1.816326530612245 1.163265306122449 1.9387755102040816 1.8979591836734695 1.1224489795918366 1.7142857142857142 1.3265306122448979 0.8367346938775511 1.6122448979591837 1.2448979591836735 1.653061224489796 1.8775510204081634 1.1020408163265305 1.6734693877551021 1.7959183673469388 2.0 1.510204081632653 0.9387755102040817 1.5510204081632653 1.510204081632653 1.7142857142857142
105 60.4338468555075 2.7857142857142856 1.2857142857142858 2.5714285714285716 1.2551020408163265 2.9081632653061225 1.2857142857142858 1.8979591836734695 2.7551020408163267 1.836734693877551 2.7244897959183674 1.7448979591836735 2.9081632653061225 2.8469387755102042 1.683673469387755 2.5714285714285716 1.989795918367347 1.2551020408163265 2.4183673469387754 1.8673469387755102 2.479591836734694 2.816326530612245 1.653061224489796 2.510204081632653 2.693877551020408 3.0 2.2653061224489797 1.4081632653061225 2.326530612244898 2.2653061224489797 2.5714285714285716
106 71.4320345343898 2.7857142857142856 1.2857142857142858 2.5714285714285716 1.2551020408163265 2.9081632653061225 1.2857142857142858 1.8979591836734695 2.7551020408163267 1.836734693877551 2.7244897959183674 1.7448979591836735 2.9081632653061225 2.8469387755102042 1.683673469387755 2.5714285714285716 1.989795918367347 1.2551020408163265 2.4183673469387754 1.8673469387755102 2.479591836734694 2.816326530612245 1.653061224489796 2.510204081632653 2.693877551020408 3.0 2.2653061224489797 1.4081632653061225 2.326530612244898 2.2653061224489797 2.5714285714285716
107 66.16793053305173 2.7857142857142856 1.2857142857142858 2.5714285714285716 1.2551020408163265 2.9081632653061225 1.2857142857142858 1.8979591836734695 2.7551020408163267 1.836734693877551 2.7244897959183674 1.7448979591836735 2.9081632653061225 2.8469387755102042 1.683673469387755 2.5714285714285716 1.989795918367347 1.2551020408163265 2.4183673469387754 1.8673469387755102 2.479591836734694 2.816326530612245 1.653061224489796 2.510204081632653 2.693877551020408 3.0 2.2653061224489797 1.4081632653061225 2.326530612244898 2.2653061224489797 2.5714285714285716
108 811.0 2.7857142857142856 1.2857142857142858 2.5714285714285716 1.2551020408163265 2.9081632653061225 1.2857142857142858 1.8979591836734695 2.7551020408163267 1.836734693877551 2.7244897959183674 1.7448979591836735 2.9081632653061225 2.8469387755102042 1.683673469387755 2.5714285714285716 1.989795918367347 1.2551020408163265 2.4183673469387754 1.8673469387755102 2.479591836734694 2.816326530612245 1.653061224489796 2.510204081632653 2.693877551020408 3.0 2.2653061224489797 1.4081632653061225 2.326530612244898 2.2653061224489797 2.5714285714285716
109 61.75399766204263 2.7857142857142856 1.2857142857142858 2.5714285714285716 1.2551020408163265 2.9081632653061225 1.2857142857142858 1.8979591836734695 2.7551020408163267 1.836734693877551 2.7244897959183674 1.7448979591836735 2.9081632653061225 2.8469387755102042 1.683673469387755 2.5714285714285716 1.989795918367347 1.2551020408163265 2.4183673469387754 1.8673469387755102 2.479591836734694 2.816326530612245 1.653061224489796 2.510204081632653 2.693877551020408 3.0 2.2653061224489797 1.4081632653061225 2.326530612244898 2.2653061224489797 2.5714285714285716
110 199.37524270964673 1.8571428571428572 0.8571428571428571 1.7142857142857142 0.8367346938775511 1.9387755102040816 0.8571428571428571 1.2653061224489797 1.836734693877551 1.2244897959183674 1.816326530612245 1.163265306122449 1.9387755102040816 1.8979591836734695 1.1224489795918366 1.7142857142857142 1.3265306122448979 0.8367346938775511 1.6122448979591837 1.2448979591836735 1.653061224489796 1.8775510204081634 1.1020408163265305 1.6734693877551021 1.7959183673469388 2.0 1.510204081632653 0.9387755102040817 1.5510204081632653 1.510204081632653 1.7142857142857142
111 183.2016178111222 2.7857142857142856 1.2857142857142858 2.5714285714285716 1.2551020408163265 2.9081632653061225 1.2857142857142858 1.8979591836734695 2.7551020408163267 1.836734693877551 2.7244897959183674 1.7448979591836735 2.9081632653061225 2.8469387755102042 1.683673469387755 2.5714285714285716 1.989795918367347 1.2551020408163265 2.4183673469387754 1.8673469387755102 2.479591836734694 2.816326530612245 1.653061224489796 2.510204081632653 2.693877551020408 3.0 2.2653061224489797 1.4081632653061225 2.326530612244898 2.2653061224489797 2.5714285714285716
112 121.20979670727529 2.7857142857142856 1.2857142857142858 2.5714285714285716 1.2551020408163265 2.9081632653061225 1.2857142857142858 1.8979591836734695 2.7551020408163267 1.836734693877551 2.7244897959183674 1.7448979591836735 2.9081632653061225 2.8469387755102042 1.683673469387755 2.5714285714285716 1.989795918367347 1.2551020408163265 2.4183673469387754 1.8673469387755102 2.479591836734694 2.816326530612245 1.653061224489796 2.510204081632653 2.693877551020408 3.0 2.2653061224489797 1.4081632653061225 2.326530612244898 2.2653061224489797 2.5714285714285716
113 233.4434157935252 1.8571428571428572 0.8571428571428571 1.7142857142857142 0.8367346938775511 1.9387755102040816 0.8571428571428571 1.2653061224489797 1.836734693877551 1.2244897959183674 1.816326530612245 1.163265306122449 1.9387755102040816 1.8979591836734695 1.1224489795918366 1.7142857142857142 1.3265306122448979 0.8367346938775511 1.6122448979591837 1.2448979591836735 1.653061224489796 1.8775510204081634 1.1020408163265305 1.6734693877551021 1.7959183673469388 2.0 1.510204081632653 0.9387755102040817 1.5510204081632653 1.510204081632653 1.7142857142857142
114 252.46964152836233 2.7857142857142856 1.2857142857142858 2.5714285714285716 1.2551020408163265 2.9081632653061225 1.2857142857142858 1.8979591836734695 2.7551020408163267 1.836734693877551 2.7244897959183674 1.7448979591836735 2.9081632653061225 2.8469387755102042 1.683673469387755 2.5714285714285716 1.989795918367347 1.2551020408163265 2.4183673469387754 1.8673469387755102 2.479591836734694 2.816326530612245 1.653061224489796 2.510204081632653 2.693877551020408 3.0 2.2653061224489797 1.4081632653061225 2.326530612244898 2.2653061224489797 2.5714285714285716
115 79.42561952393497 1.8571428571428572 0.8571428571428571 1.7142857142857142 0.8367346938775511 1.9387755102040816 0.8571428571428571 1.2653061224489797 1.836734693877551 1.2244897959183674 1.816326530612245 1.163265306122449 1.9387755102040816 1.8979591836734695 1.1224489795918366 1.7142857142857142 1.3265306122448979 0.8367346938775511 1.6122448979591837 1.2448979591836735 1.653061224489796 1.8775510204081634 1.1020408163265305 1.6734693877551021 1.7959183673469388 2.0 1.510204081632653 0.9387755102040817 1.5510204081632653 1.510204081632653 1.7142857142857142
116 144.90324445049077 2.7857142857142856 1.2857142857142858 2.5714285714285716 1.2551020408163265 2.9081632653061225 1.2857142857142858 1.8979591836734695 2.7551020408163267 1.836734693877551 2.7244897959183674 1.7448979591836735 2.9081632653061225 2.8469387755102042 1.683673469387755 2.5714285714285716 1.989795918367347 1.2551020408163265 2.4183673469387754 1.8673469387755102 2.479591836734694 2.816326530612245 1.653061224489796 2.510204081632653 2.693877551020408 3.0 2.2653061224489797 1.4081632653061225 2.326530612244898 2.2653061224489797 2.5714285714285716
117 39.17322975724434 2.7857142857142856 1.2857142857142858 2.5714285714285716 1.2551020408163265 2.9081632653061225 1.2857142857142858 1.8979591836734695 2.7551020408163267 1.836734693877551 2.7244897959183674 1.7448979591836735 2.9081632653061225 2.8469387755102042 1.683673469387755 2.5714285714285716 1.989795918367347 1.2551020408163265 2.4183673469387754 1.8673469387755102 2.479591836734694 2.816326530612245 1.653061224489796 2.510204081632653 2.693877551020408 3.0 2.2653061224489797 1.4081632653061225 2.326530612244898 2.2653061224489797 2.5714285714285716
118 169.43129634923204 1.8571428571428572 0.8571428571428571 1.7142857142857142 0.8367346938775511 1.9387755102040816 0.8571428571428571 1.2653061224489797 1.836734693877551 1.2244897959183674 1.816326530612245 1.163265306122449 1.9387755102040816 1.8979591836734695 1.1224489795918366 1.7142857142857142 1.3265306122448979 0.8367346938775511 1.6122448979591837 1.2448979591836735 1.653061224489796 1.8775510204081634 1.1020408163265305 1.6734693877551021 1.7959183673469388 2.0 1.510204081632653 0.9387755102040817 1.5510204081632653 1.510204081632653 1.7142857142857142
119 227.80562251111616 1.8571428571428572 0.8571428571428571 1.7142857142857142 0.8367346938775511 1.9387755102040816 0.8571428571428571 1.2653061224489797 1.836734693877551 1.2244897959183674 1.816326530612245 1.163265306122449 1.9387755102040816 1.8979591836734695 1.1224489795918366 1.7142857142857142 1.3265306122448979 0.8367346938775511 1.6122448979591837 1.2448979591836735 1.653061224489796 1.8775510204081634 1.1020408163265305 1.6734693877551021 1.7959183673469388 2.0 1.510204081632653 0.9387755102040817 1.5510204081632653 1.510204081632653 1.7142857142857142
120 146.53263896268413 2.7857142857142856 1.2857142857142858 2.5714285714285716 1.2551020408163265 2.9081632653061225 1.2857142857142858 1.8979591836734695 2.7551020408163267 1.836734693877551 2.7244897959183674 1.7448979591836735 2.9081632653061225 2.8469387755102042 1.683673469387755 2.5714285714285716 1.989795918367347 1.2551020408163265 2.4183673469387754 1.8673469387755102 2.479591836734694 2.816326530612245 1.653061224489796 2.510204081632653 2.693877551020408 3.0 2.2653061224489797 1.4081632653061225 2.326530612244898 2.2653061224489797 2.5714285714285716
121 86.47853725889445 2.7857142857142856 1.2857142857142858 2.5714285714285716 1.2551020408163265 2.9081632653061225 1.2857142857142858 1.8979591836734695 2.7551020408163267 1.836734693877551 2.7244897959183674 1.7448979591836735 2.9081632653061225 2.8469387755102042 1.683673469387755 2.5714285714285716 1.989795918367347 1.2551020408163265 2.4183673469387754 1.8673469387755102 2.479591836734694 2.816326530612245 1.653061224489796 2.510204081632653 2.693877551020408 3.0 2.2653061224489797 1.4081632653061225 2.326530612244898 2.2653061224489797 2.5714285714285716
122 166.52676123841033 1.8571428571428572 0.8571428571428571 1.7142857142857142 0.8367346938775511 1.9387755102040816 0.8571428571428571 1.2653061224489797 1.836734693877551 1.2244897959183674 1.816326530612245 1.163265306122449 1.9387755102040816 1.8979591836734695 1.1224489795918366 1.7142857142857142 1.3265306122448979 0.8367346938775511 1.6122448979591837 1.2448979591836735 1.653061224489796 1.8775510204081634 1.1020408163265305 1.6734693877551021 1.7959183673469388 2.0 1.510204081632653 0.9387755102040817 1.5510204081632653 1.510204081632653 1.7142857142857142
123 210.80942930096037 2.7857142857142856 1.2857142857142858 2.5714285714285716 1.2551020408163265 2.9081632653061225 1.2857142857142858 1.8979591836734695 2.7551020408163267 1.836734693877551 2.7244897959183674 1.7448979591836735 2.9081632653061225 2.8469387755102042 1.683673469387755 2.5714285714285716 1.989795918367347 1.2551020408163265 2.4183673469387754 1.8673469387755102 2.479591836734694 2.816326530612245 1.653061224489796 2.510204081632653 2.693877551020408 3.0 2.2653061224489797 1.4081632653061225 2.326530612244898 2.2653061224489797 2.5714285714285716
124 146.25947386334175 1.8571428571428572 0.8571428571428571 1.7142857142857142 0.8367346938775511 1.9387755102040816 0.8571428571428571 1.2653061224489797 1.836734693877551 1.2244897959183674 1.816326530612245 1.163265306122449 1.9387755102040816 1.8979591836734695 1.1224489795918366 1.7142857142857142 1.3265306122448979 0.8367346938775511 1.6122448979591837 1.2448979591836735 1.653061224489796 1.8775510204081634 1.1020408163265305 1.6734693877551021 1.7959183673469388 2.0 1.510204081632653 0.9387755102040817 1.5510204081632653 1.510204081632653 1.7142857142857142
125 213.64328432683942 2.7857142857142856 1.2857142857142858 2.5714285714285716 1.2551020408163265 2.9081632653061225 1.2857142857142858 1.8979591836734695 2.7551020408163267 1.836734693877551 2.7244897959183674 1.7448979591836735 2.9081632653061225 2.8469387755102042 1.683673469387755 2.5714285714285716 1.989795918367347 1.2551020408163265 2.4183673469387754 1.8673469387755102 2.479591836734694 2.816326530612245 1.653061224489796 2.510204081632653 2.693877551020408 3.0 2.2653061224489797 1.4081632653061225 2.326530612244898 2.2653061224489797 2.5714285714285716
126 219.47303265029237 1.8571428571428572 0.8571428571428571 1.7142857142857142 0.8367346938775511 1.9387755102040816 0.8571428571428571 1.2653061224489797 1.836734693877551 1.2244897959183674 1.816326530612245 1.163265306122449 1.9387755102040816 1.8979591836734695 1.1224489795918366 1.7142857142857142 1.3265306122448979 0.8367346938775511 1.6122448979591837 1.2448979591836735 1.653061224489796 1.8775510204081634 1.1020408163265305 1.6734693877551021 1.7959183673469388 2.0 1.510204081632653 0.9387755102040817 1.5510204081632653 1.510204081632653 1.7142857142857142
127 246.4716547317774 1.8571428571428572 0.8571428571428571 1.7142857142857142 0.8367346938775511 1.9387755102040816 0.8571428571428571 1.2653061224489797 1.836734693877551 1.2244897959183674 1.816326530612245 1.163265306122449 1.9387755102040816 1.8979591836734695 1.1224489795918366 1.7142857142857142 1.3265306122448979 0.8367346938775511 1.6122448979591837 1.2448979591836735 1.653061224489796 1.8775510204081634 1.1020408163265305 1.6734693877551021 1.7959183673469388 2.0 1.510204081632653 0.9387755102040817 1.5510204081632653 1.510204081632653 1.7142857142857142
128 160.77715054073252 1.8571428571428572 0.8571428571428571 1.7142857142857142 0.8367346938775511 1.9387755102040816 0.8571428571428571 1.2653061224489797 1.836734693877551 1.2244897959183674 1.816326530612245 1.163265306122449 1.9387755102040816 1.8979591836734695 1.1224489795918366 1.7142857142857142 1.3265306122448979 0.8367346938775511 1.6122448979591837 1.2448979591836735 1.653061224489796 1.8775510204081634 1.1020408163265305 1.6734693877551021 1.7959183673469388 2.0 1.510204081632653 0.9387755102040817 1.5510204081632653 1.510204081632653 1.7142857142857142
129 74.95493092225493 2.7857142857142856 1.2857142857142858 2.5714285714285716 1.2551020408163265 2.9081632653061225 1.2857142857142858 1.8979591836734695 2.7551020408163267 1.836734693877551 2.7244897959183674 1.7448979591836735 2.9081632653061225 2.8469387755102042 1.683673469387755 2.5714285714285716 1.989795918367347 1.2551020408163265 2.4183673469387754 1.8673469387755102 2.479591836734694 2.816326530612245 1.653061224489796 2.510204081632653 2.693877551020408 3.0 2.2653061224489797 1.4081632653061225 2.326530612244898 2.2653061224489797 2.5714285714285716
130 268.51859969927517 1.8571428571428572 0.8571428571428571 1.7142857142857142 0.8367346938775511 1.9387755102040816 0.8571428571428571 1.2653061224489797 1.836734693877551 1.2244897959183674 1.816326530612245 1.163265306122449 1.9387755102040816 1.8979591836734695 1.1224489795918366 1.7142857142857142 1.3265306122448979 0.8367346938775511 1.6122448979591837 1.2448979591836735 1.653061224489796 1.8775510204081634 1.1020408163265305 1.6734693877551021 1.7959183673469388 2.0 1.510204081632653 0.9387755102040817 1.5510204081632653 1.510204081632653 1.7142857142857142
131 368.42265583017354 1.8571428571428572 0.8571428571428571 1.7142857142857142 0.8367346938775511 1.9387755102040816 0.8571428571428571 1.2653061224489797 1.836734693877551 1.2244897959183674 1.816326530612245 1.163265306122449 1.9387755102040816 1.8979591836734695 1.1224489795918366 1.7142857142857142 1.3265306122448979 0.8367346938775511 1.6122448979591837 1.2448979591836735 1.653061224489796 1.8775510204081634 1.1020408163265305 1.6734693877551021 1.7959183673469388 2.0 1.510204081632653 0.9387755102040817 1.5510204081632653 1.510204081632653 1.7142857142857142
132 187.50231494427945 2.7857142857142856 1.2857142857142858 2.5714285714285716 1.2551020408163265 2.9081632653061225 1.2857142857142858 1.8979591836734695 2.7551020408163267 1.836734693877551 2.7244897959183674 1.7448979591836735 2.9081632653061225 2.8469387755102042 1.683673469387755 2.5714285714285716 1.989795918367347 1.2551020408163265 2.4183673469387754 1.8673469387755102 2.479591836734694 2.816326530612245 1.653061224489796 2.510204081632653 2.693877551020408 3.0 2.2653061224489797 1.4081632653061225 2.326530612244898 2.2653061224489797 2.5714285714285716
133 35.40954347207496 2.7857142857142856 1.2857142857142858 2.5714285714285716 1.2551020408163265 2.9081632653061225 1.2857142857142858 1.8979591836734695 2.7551020408163267 1.836734693877551 2.7244897959183674 1.7448979591836735 2.9081632653061225 2.8469387755102042 1.683673469387755 2.5714285714285716 1.989795918367347 1.2551020408163265 2.4183673469387754 1.8673469387755102 2.479591836734694 2.816326530612245 1.653061224489796 2.510204081632653 2.693877551020408 3.0 2.2653061224489797 1.4081632653061225 2.326530612244898 2.2653061224489797 2.5714285714285716
134 131.55240280525197 1.8571428571428572 0.8571428571428571 1.7142857142857142 0.8367346938775511 1.9387755102040816 0.8571428571428571 1.2653061224489797 1.836734693877551 1.2244897959183674 1.816326530612245 1.163265306122449 1.9387755102040816 1.8979591836734695 1.1224489795918366 1.7142857142857142 1.3265306122448979 0.8367346938775511 1.6122448979591837 1.2448979591836735 1.653061224489796 1.8775510204081634 1.1020408163265305 1.6734693877551021 1.7959183673469388 2.0 1.510204081632653 0.9387755102040817 1.5510204081632653 1.510204081632653 1.7142857142857142
135 133.93722813944487 2.7857142857142856 1.2857142857142858 2.5714285714285716 1.2551020408163265 2.9081632653061225 1.2857142857142858 1.8979591836734695 2.7551020408163267 1.836734693877551 2.7244897959183674 1.7448979591836735 2.9081632653061225 2.8469387755102042 1.683673469387755 2.5714285714285716 1.989795918367347 1.2551020408163265 2.4183673469387754 1.8673469387755102 2.479591836734694 2.816326530612245 1.653061224489796 2.510204081632653 2.693877551020408 3.0 2.2653061224489797 1.4081632653061225 2.326530612244898 2.2653061224489797 2.5714285714285716
136 42.68236984582935 2.7857142857142856 1.2857142857142858 2.5714285714285716 1.2551020408163265 2.9081632653061225 1.2857142857142858 1.8979591836734695 2.7551020408163267 1.836734693877551 2.7244897959183674 1.7448979591836735 2.9081632653061225 2.8469387755102042 1.683673469387755 2.5714285714285716 1.989795918367347 1.2551020408163265 2.4183673469387754 1.8673469387755102 2.479591836734694 2.816326530612245 1.653061224489796 2.510204081632653 2.693877551020408 3.0 2.2653061224489797 1.4081632653061225 2.326530612244898 2.2653061224489797 2.5714285714285716
137 82.71229538962092 2.7857142857142856 1.2857142857142858 2.5714285714285716 1.2551020408163265 2.9081632653061225 1.2857142857142858 1.8979591836734695 2.7551020408163267 1.836734693877551 2.7244897959183674 1.7448979591836735 2.9081632653061225 2.8469387755102042 1.683673469387755 2.5714285714285716 1.989795918367347 1.2551020408163265 2.4183673469387754 1.8673469387755102 2.479591836734694 2.816326530612245 1.653061224489796 2.510204081632653 2.693877551020408 3.0 2.2653061224489797 1.4081632653061225 2.326530612244898 2.2653061224489797 2.5714285714285716
138 238.00645696585048 2.7857142857142856 1.2857142857142858 2.5714285714285716 1.2551020408163265 2.9081632653061225 1.2857142857142858 1.8979591836734695 2.7551020408163267 1.836734693877551 2.7244897959183674 1.7448979591836735 2.9081632653061225 2.8469387755102042 1.683673469387755 2.5714285714285716 1.989795918367347 1.2551020408163265 2.4183673469387754 1.8673469387755102 2.479591836734694 2.816326530612245 1.653061224489796 2.510204081632653 2.693877551020408 3.0 2.2653061224489797 1.4081632653061225 2.326530612244898 2.2653061224489797 2.5714285714285716
139 104.54640511580142 2.7857142857142856 1.2857142857142858 2.5714285714285716 1.2551020408163265 2.9081632653061225 1.2857142857142858 1.8979591836734695 2.7551020408163267 1.836734693877551 2.7244897959183674 1.7448979591836735 2.9081632653061225 2.8469387755102042 1.683673469387755 2.5714285714285716 1.989795918367347 1.2551020408163265 2.4183673469387754 1.8673469387755102 2.479591836734694 2.816326530612245 1.653061224489796 2.510204081632653 2.693877551020408 3.0 2.2653061224489797 1.4081632653061225 2.326530612244898 2.2653061224489797 2.5714285714285716
