90 50
TREE NETWORK (nID nID Weight):
1 0 57.0 
47 0 54.0 
54 0 43.0 
55 54 38.0 
63 0 48.0 
2 1 54.0 
61 54 58.0 
75 0 54.0 
4 1 52.0 
5 4 59.0 
64 63 52.0 
25 4 53.0 
76 75 52.0 
77 76 31.0 
26 25 47.0 
82 76 31.0 
48 47 38.0 
6 5 48.0 
70 63 34.0 
28 25 49.0 
7 6 57.0 
49 48 57.0 
29 28 43.0 
8 7 35.0 
10 7 38.0 
22 5 51.0 
23 22 33.0 
35 25 58.0 
84 76 40.0 
50 48 48.0 
27 26 32.0 
71 63 31.0 
44 4 54.0 
85 76 43.0 
40 25 37.0 
12 6 37.0 
56 55 43.0 
46 1 40.0 
72 63 56.0 
65 64 55.0 
51 50 45.0 
17 6 56.0 
78 77 41.0 
79 77 48.0 
80 79 47.0 
18 17 37.0 
41 40 49.0 
24 23 45.0 
36 35 42.0 
57 55 30.0 
31 28 52.0 
58 55 40.0 
30 29 45.0 
42 25 30.0 
32 31 58.0 
88 0 47.0 
87 76 40.0 
66 64 35.0 
3 2 30.0 
19 6 40.0 
13 12 50.0 
20 19 54.0 
67 64 33.0 
38 35 47.0 
81 77 36.0 
59 55 40.0 
9 8 45.0 
73 63 52.0 
43 25 34.0 
60 59 40.0 
11 7 45.0 
45 4 40.0 
39 35 46.0 
21 20 56.0 
68 64 51.0 
33 28 40.0 
86 85 40.0 
89 0 46.0 
37 36 46.0 
69 68 56.0 
83 82 45.0 
62 54 55.0 
52 47 50.0 
34 33 48.0 
53 47 50.0 
14 13 50.0 
74 73 33.0 
16 12 53.0 
15 14 57.0 
PROGRAMS ASSIGNED TO NODES (nID pID1 pID2 ...):
0 1 2 3 4 5 6 7 8 9 10 11 12 13 14 15 16 17 18 19 20 21 22 23 24 25 26 27 28 29 30 31 32 33 34 35 36 37 38 39 40 41 42 43 44 45 46 47 48 49 50  
66 1 8 41  
50 9 13 14 16 17 19 21 22 25 27 36 39 40 41 42 45  
87 2 3 4 5 6 7 8 9 10 11 12 13 14 15 16 18 21 23 24 25 26 27 28 29 30 31 32 33 35 36 37 38 39 40 41 42 43 44 45 46 47 48 49 50  
1 1 5 6 7 8 12 14 15 16 17 18 19 20 21 23 24 26 27 28 29 30 31 33 34 36 37 38 39 41 42 43 44 45 47 49 50  
74 4 5 6 7 11 14 16 20 22 23 24 26 27 33 34 36 37 38 39 41 46 47 48 50  
73 1 2 3 4 5 7 10 11 12 14 15 16 18 19 20 21 23 24 25 26 28 30 33 34 35 36 38 39 40 41 42 43 44 45 46 48 49  
29 1 3 4 5 6 7 10 11 13 14 15 17 19 20 21 23 24 25 26 27 28 30 31 33 34 35 36 38 42 44 45 46 47 48 49 50  
16 2 3 4 5 6 7 8 9 10 11 12 13 14 15 16 17 18 20 21 22 23 24 25 26 27 28 31 32 33 34 35 36 37 38 39 40 42 43 44 45 46 49 50  
38 31 37  
61 1 2 8 10 19 20 21 25 30 37 45 50  
25 1 2 3 4 6 7 8 9 10 11 12 13 14 15 16 17 18 19 20 21 22 23 25 26 27 28 29 30 31 32 33 34 35 36 37 39 40 42 43 45 47 48 49 50  
17 1 2 4 5 10 11 12 13 16 17 18 19 20 22 24 25 29 31 35 36 38 39 42 43 44 47 49 50  
78 1 2 3 6 7 8 10 11 12 13 14 17 29 30 31 36 37 38 39 40 43 44 46 49  
52 1 3 4 5 7 8 9 11 12 13 14 15 16 18 19 20 22 23 24 25 26 27 28 29 30 31 32 33 34 35 36 38 39 40 41 42 43 44 45 46 47 48 49  
32 2 3 4 5 6 7 8 10 11 12 13 14 15 16 17 18 19 20 21 22 23 24 25 26 28 29 32 33 34 35 36 37 38 39 40 41 42 43 44 45 46 47 48 49  
51 1 2 3 5 6 7 8 9 10 12 13 14 17 18 20 22 23 24 25 26 29 30 31 32 33 34 35 37 38 41 42 44 45 47 48 50  
48 2 4 5 6 7 8 10 12 13 14 16 18 19 20 23 25 26 27 28 29 32 33 35 36 37 38 39 40 41 43 44 45 46 47 48 50  
33 4 5 9 12 14 17 22 23 24 26 27 30 35 36 37 38 44 46  
53 1 2 7 8 9 12 13 20 32 35 40 41 44 47 48 50  
69 3 17 18 19 37 42 43 48  
85 2 3 4 5 6 7 9 12 14 15 16 17 19 21 22 23 28 30 31 32 33 37 40 46  
10 1 2 3 4 5 6 7 8 9 10 11 13 14 15 16 17 18 19 22 25 28 30 31 32 33 34 35 36 37 38 40 44 45 47 48 49 50  
88 2 20 45  
24 1 2 3 5 6 7 8 9 10 11 12 13 14 15 16 17 18 19 20 21 23 24 26 27 29 30 31 32 33 34 35 38 39 41 42 43 44 45 46 47 48 49 50  
89 1 2 3 4 5 6 9 10 12 13 18 19 20 21 23 25 26 27 28 30 31 33 34 35 36 37 39 40 41 42 43 44 46 49  
42 5  
34 18 36 44  
83 1 2 3 4 5 6 7 8 9 11 12 13 14 15 16 19 21 22 23 24 25 26 27 28 29 30 31 32 33 34 35 36 38 39 40 41 43 45 46 47 48 49 50  
41 1 2 5 8 9 13 14 15 16 20 21 24 27 34 38 40 42 44 46 47 48 50  
19 1 4 11  
36 1 2 9 20 21 31 34 35 40 44 48 49 50  
20 3 5 13 16 42  
81 1 2 4 12 15 17 25 29 32 33 36 37 42 44 45 47 49  
35 1 4 7 9 10 11 12 13 17 18 19 20 21 23 24 25 27 28 32 34 40 41 42 43 45 46 47 48  
14 14 17 20 22 23 24 46 49  
84 3 7 10 11 14 16 19 20 21 24 27 30 37 46 48 49 50  
75 1 5 18 26 37 39 41  
86 4 5 6 8 9 15 19 21 30 34 36 38 39 40 41 42 46 47 48  
3 1 2 5 7 9 12 18 19 20 22 23 31 33 35 37 38 40 46 47 48 49  
23 3 8 11 13 29 34 36 40 45  
2 1 2 5 6 9 10 11 13 14 16 17 18 21 24 27 28 29 30 31 32 33 34 35 36 37 38 39 40 41 45 47 48 50  
67 1 3 4 5 6 7 8 9 10 11 12 13 14 15 16 17 18 19 20 21 22 24 25 26 27 28 29 30 32 33 34 35 36 37 38 40 41 42 43 44 45 46 47 48 49 50  
63 1 2 3 4 5 6 8 9 10 12 13 14 17 18 19 20 21 22 23 24 25 26 27 29 31 32 33 34 35 36 37 38 39 40 43 44 45 46 47 48 49 50  
77 2 6 8 9 10 11 12 13 14 15 17 18 19 20 22 23 24 25 26 27 31 32 33 34 38 39 41 42 43 44 45 47 49  
7 1 4 6 7 9 10 12 13 14 17 18 19 20 23 24 26 27 29 30 31 32 33 36 37 39 40 41 42 43 47 49  
28 1 2 3 4 5 6 7 8 9 10 11 12 13 14 15 17 18 19 20 22 23 24 25 27 28 29 30 31 32 33 34 35 37 38 39 40 41 42 43 44 45 46 47 48 49 50  
71 1 2 5 14 21 23 31 35 38 44 48  
18 8 11 15 33  
56 1 3 4 5 6 7 10 11 12 13 15 16 17 19 21 22 23 24 26 28 29 30 32 33 34 36 37 39 44 45 48 49 50  
6 1 2 3 4 5 6 7 8 9 10 11 12 13 14 15 16 17 18 19 20 21 22 23 24 25 27 28 29 30 31 32 33 34 35 36 37 38 39 40 41 42 43 44 45 46 47 48 49 50  
65 1 2 3 5 6 8 10 11 13 14 15 17 18 21 22 23 24 25 26 27 28 29 30 31 32 33 35 37 38 39 42 44 45 46 47 48 49 50  
44 1 2 3 12 13 14 17 19 21 22 23 26 27 31 37 39 41 46 47 48  
80 17 34 36  
5 1 2 3 5 6 8 9 10 11 13 14 15 16 18 20 21 23 24 25 27 28 29 31 34 35 36 38 39 41 42 43 44 45 46 48  
13 1 2 3 4 5 6 7 8 9 10 12 13 15 16 17 18 20 21 22 23 25 26 28 30 32 33 34 35 36 37 38 39 40 41 43 45 46 47 49 50  
64 1 2 4 10 13 14 15 16 17 21 24 25 28 29 30 34 35 36 38 39 41 42 45 47 48 49 50  
68 1 4 5 9 10 13 15 18 19 20 22 24 25 27 28 30 31 35 38 39 40 41 42 43 45 48 49  
45 1 2 3 4 5 6 7 9 12 14 15 16 18 19 20 21 22 23 24 25 26 27 28 29 30 31 32 33 34 35 37 38 39 41 42 43 44 45 46 47 48 49 50  
27 1 2 3 4 5 6 7 8 9 10 12 13 14 15 16 17 19 20 21 22 23 24 25 26 27 28 29 31 32 34 35 36 37 38 39 40 41 42 43 44 45 46 47 48 49 50  
12 2 4 6 7 8 9 10 11 14 21 22 24 26 27 28 29 31 32 34 36 37 38 40 42 43 45 46 48 50  
72 1 2 4 6 8 9 11 17 19 23 24 25 26 32 33 35 37 39 43 46 48  
47 1 2 3 4 5 6 8 9 10 11 12 13 15 16 18 19 24 25 26 27 28 29 30 32 33 34 35 36 38 41 42 43 46 47 48 49 50  
82 2 3 4 6 8 10 11 18 19 20 21 22 23 31 36 37 38 40 44 46 47 49  
21 1 2 3 4 5 6 7 8 9 10 11 12 13 14 15 16 17 18 19 20 22 23 24 26 27 28 29 30 31 32 33 34 35 36 37 38 39 40 41 42 43 45 46 47 48 49  
46 1 2 3 4 5 6 7 8 9 10 11 12 13 15 16 18 19 20 21 22 23 24 25 26 27 28 29 30 32 34 35 36 37 41 43 45 47 49 50  
31 1 9 11 20 43  
37  
4 1 2 3 7 8 9 10 11 12 14 15 16 18 20 21 22 26 28 31 33 35 36 37 41 42 43 44 50  
58 3 6 9 10 17 20 25 26 27 29 33 37 38 39 41 44 45 46 49  
22 1 3 5 7 10 13 14 15 17 19 22 25 26 27 31 32 34 39 40 41 44 47 49 50  
79 5 7 10 13 14 15 20 30 31 32 36 37 44 47  
54 1 5 7 8 12 15 18 25 31 32 44  
59 5 8 10 14 16 19 21 23 26 28 36 38 39 45 47 49 50  
9 5 7 8 9 11 12 13 15 17 18 20 22 24 25 27 28 32 37 38 39 41 44 49  
43 1 2 3 5 6 8 9 11 12 14 16 23 25 27 28 33 36 37 38 42 44 47 48 50  
70 1 3 4 5 6 7 8 9 10 11 12 13 15 16 18 19 23 24 25 26 27 29 30 31 32 34 35 36 37 38 39 40 41 43 44 45 46 47 48 49  
39 3 7 8 9 14 22 24 27 28 29 31 36 40  
76 6 8 9 15 17 19 22 24 27 32 33 34 35 37 41 43 44 45 47 50  
15 5 14 16 22 31 41 44 45 49  
57 1 2 4 6 7 11 12 13 14 15 20 21 22 23 30 32 36 37 38 40 41 43 45 48 50  
62 7 13 14 20 34 39 42 43 44 48 49  
60 19 23  
55 3 4 6 7 8 9 10 13 14 16 17 18 19 20 21 22 24 25 26 27 28 30 32 34 36 37 38 40 41 43 44 45 47 48 49 50  
30 2 3 6 7 8 9 10 11 12 13 15 16 17 22 23 26 27 28 29 33 34 35 36 37 39 41 43 44 47 49  
8 40  
49 1 2 3 5 7 8 9 10 11 12 13 14 15 17 18 20 21 22 23 24 25 26 27 28 29 30 32 33 34 35 36 37 39 40 41 42 43 44 45 46 47 49 50  
26 1 3 4 5 6 7 8 9 11 12 13 14 15 16 17 18 19 20 21 22 23 24 25 26 27 28 29 30 31 32 35 36 37 38 39 40 42 43 44 46 47 48 49 50  
11 2 5 6 8 9 10 12 13 14 15 18 22 24 26 27 37 38 40 42 45 47 48 49  
40  
SIZE OF PROGRAMS (pID SIZE):
1 60.0 
2 44.0 
3 41.0 
4 47.0 
5 46.0 
6 73.0 
7 82.0 
8 74.0 
9 91.0 
10 80.0 
11 60.0 
12 55.0 
13 74.0 
14 46.0 
15 99.0 
16 40.0 
17 94.0 
18 48.0 
19 66.0 
20 69.0 
21 56.0 
22 67.0 
23 86.0 
24 50.0 
25 76.0 
26 43.0 
27 57.0 
28 80.0 
29 89.0 
30 52.0 
31 71.0 
32 90.0 
33 66.0 
34 84.0 
35 79.0 
36 48.0 
37 85.0 
38 88.0 
39 93.0 
40 51.0 
41 66.0 
42 43.0 
43 93.0 
44 73.0 
45 63.0 
46 41.0 
47 71.0 
48 76.0 
49 80.0 
50 70.0 
COST_INSTALL_SERVER_AND_PROGRAMS :
0 11230.30303030303 1.8181818181818181 1.3333333333333333 1.2424242424242424 1.4242424242424243 1.393939393939394 2.212121212121212 2.484848484848485 2.242424242424242 2.757575757575758 2.4242424242424243 1.8181818181818181 1.6666666666666667 2.242424242424242 1.393939393939394 3.0 1.2121212121212122 2.8484848484848486 1.4545454545454546 2.0 2.090909090909091 1.696969696969697 2.0303030303030303 2.606060606060606 1.5151515151515151 2.303030303030303 1.303030303030303 1.7272727272727273 2.4242424242424243 2.696969696969697 1.5757575757575757 2.1515151515151514 2.727272727272727 2.0 2.5454545454545454 2.393939393939394 1.4545454545454546 2.5757575757575757 2.6666666666666665 2.8181818181818183 1.5454545454545454 2.0 1.303030303030303 2.8181818181818183 2.212121212121212 1.9090909090909092 1.2424242424242424 2.1515151515151514 2.303030303030303 2.4242424242424243 2.121212121212121  
66 2.299950049950049 1.8181818181818181 1.3333333333333333 1.2424242424242424 1.4242424242424243 1.393939393939394 2.212121212121212 2.484848484848485 2.242424242424242 2.757575757575758 2.4242424242424243 1.8181818181818181 1.6666666666666667 2.242424242424242 1.393939393939394 3.0 1.2121212121212122 2.8484848484848486 1.4545454545454546 2.0 2.090909090909091 1.696969696969697 2.0303030303030303 2.606060606060606 1.5151515151515151 2.303030303030303 1.303030303030303 1.7272727272727273 2.4242424242424243 2.696969696969697 1.5757575757575757 2.1515151515151514 2.727272727272727 2.0 2.5454545454545454 2.393939393939394 1.4545454545454546 2.5757575757575757 2.6666666666666665 2.8181818181818183 1.5454545454545454 2.0 1.303030303030303 2.8181818181818183 2.212121212121212 1.9090909090909092 1.2424242424242424 2.1515151515151514 2.303030303030303 2.4242424242424243 2.121212121212121  
50 164.0432676042724 1.2121212121212122 0.8888888888888888 0.8282828282828283 0.9494949494949495 0.9292929292929293 1.4747474747474747 1.6565656565656566 1.494949494949495 1.8383838383838385 1.6161616161616161 1.2121212121212122 1.1111111111111112 1.494949494949495 0.9292929292929293 2.0 0.8080808080808081 1.898989898989899 0.9696969696969697 1.3333333333333333 1.393939393939394 1.1313131313131313 1.3535353535353536 1.7373737373737375 1.0101010101010102 1.5353535353535352 0.8686868686868687 1.1515151515151516 1.6161616161616161 1.797979797979798 1.0505050505050506 1.4343434343434343 1.8181818181818181 1.3333333333333333 1.696969696969697 1.595959595959596 0.9696969696969697 1.7171717171717171 1.7777777777777777 1.878787878787879 1.0303030303030303 1.3333333333333333 0.8686868686868687 1.878787878787879 1.4747474747474747 1.2727272727272727 0.8282828282828283 1.4343434343434343 1.5353535353535352 1.6161616161616161 1.4141414141414141  
87 79.11522576189249 1.2121212121212122 0.8888888888888888 0.8282828282828283 0.9494949494949495 0.9292929292929293 1.4747474747474747 1.6565656565656566 1.494949494949495 1.8383838383838385 1.6161616161616161 1.2121212121212122 1.1111111111111112 1.494949494949495 0.9292929292929293 2.0 0.8080808080808081 1.898989898989899 0.9696969696969697 1.3333333333333333 1.393939393939394 1.1313131313131313 1.3535353535353536 1.7373737373737375 1.0101010101010102 1.5353535353535352 0.8686868686868687 1.1515151515151516 1.6161616161616161 1.797979797979798 1.0505050505050506 1.4343434343434343 1.8181818181818181 1.3333333333333333 1.696969696969697 1.595959595959596 0.9696969696969697 1.7171717171717171 1.7777777777777777 1.878787878787879 1.0303030303030303 1.3333333333333333 0.8686868686868687 1.878787878787879 1.4747474747474747 1.2727272727272727 0.8282828282828283 1.4343434343434343 1.5353535353535352 1.6161616161616161 1.4141414141414141  
1 73.0 1.8181818181818181 1.3333333333333333 1.2424242424242424 1.4242424242424243 1.393939393939394 2.212121212121212 2.484848484848485 2.242424242424242 2.757575757575758 2.4242424242424243 1.8181818181818181 1.6666666666666667 2.242424242424242 1.393939393939394 3.0 1.2121212121212122 2.8484848484848486 1.4545454545454546 2.0 2.090909090909091 1.696969696969697 2.0303030303030303 2.606060606060606 1.5151515151515151 2.303030303030303 1.303030303030303 1.7272727272727273 2.4242424242424243 2.696969696969697 1.5757575757575757 2.1515151515151514 2.727272727272727 2.0 2.5454545454545454 2.393939393939394 1.4545454545454546 2.5757575757575757 2.6666666666666665 2.8181818181818183 1.5454545454545454 2.0 1.303030303030303 2.8181818181818183 2.212121212121212 1.9090909090909092 1.2424242424242424 2.1515151515151514 2.303030303030303 2.4242424242424243 2.121212121212121  
74 26.14903846153845 1.8181818181818181 1.3333333333333333 1.2424242424242424 1.4242424242424243 1.393939393939394 2.212121212121212 2.484848484848485 2.242424242424242 2.757575757575758 2.4242424242424243 1.8181818181818181 1.6666666666666667 2.242424242424242 1.393939393939394 3.0 1.2121212121212122 2.8484848484848486 1.4545454545454546 2.0 2.090909090909091 1.696969696969697 2.0303030303030303 2.606060606060606 1.5151515151515151 2.303030303030303 1.303030303030303 1.7272727272727273 2.4242424242424243 2.696969696969697 1.5757575757575757 2.1515151515151514 2.727272727272727 2.0 2.5454545454545454 2.393939393939394 1.4545454545454546 2.5757575757575757 2.6666666666666665 2.8181818181818183 1.5454545454545454 2.0 1.303030303030303 2.8181818181818183 2.212121212121212 1.9090909090909092 1.2424242424242424 2.1515151515151514 2.303030303030303 2.4242424242424243 2.121212121212121  
73 29.245414812460222 1.8181818181818181 1.3333333333333333 1.2424242424242424 1.4242424242424243 1.393939393939394 2.212121212121212 2.484848484848485 2.242424242424242 2.757575757575758 2.4242424242424243 1.8181818181818181 1.6666666666666667 2.242424242424242 1.393939393939394 3.0 1.2121212121212122 2.8484848484848486 1.4545454545454546 2.0 2.090909090909091 1.696969696969697 2.0303030303030303 2.606060606060606 1.5151515151515151 2.303030303030303 1.303030303030303 1.7272727272727273 2.4242424242424243 2.696969696969697 1.5757575757575757 2.1515151515151514 2.727272727272727 2.0 2.5454545454545454 2.393939393939394 1.4545454545454546 2.5757575757575757 2.6666666666666665 2.8181818181818183 1.5454545454545454 2.0 1.303030303030303 2.8181818181818183 2.212121212121212 1.9090909090909092 1.2424242424242424 2.1515151515151514 2.303030303030303 2.4242424242424243 2.121212121212121  
29 217.1652285882989 1.8181818181818181 1.3333333333333333 1.2424242424242424 1.4242424242424243 1.393939393939394 2.212121212121212 2.484848484848485 2.242424242424242 2.757575757575758 2.4242424242424243 1.8181818181818181 1.6666666666666667 2.242424242424242 1.393939393939394 3.0 1.2121212121212122 2.8484848484848486 1.4545454545454546 2.0 2.090909090909091 1.696969696969697 2.0303030303030303 2.606060606060606 1.5151515151515151 2.303030303030303 1.303030303030303 1.7272727272727273 2.4242424242424243 2.696969696969697 1.5757575757575757 2.1515151515151514 2.727272727272727 2.0 2.5454545454545454 2.393939393939394 1.4545454545454546 2.5757575757575757 2.6666666666666665 2.8181818181818183 1.5454545454545454 2.0 1.303030303030303 2.8181818181818183 2.212121212121212 1.9090909090909092 1.2424242424242424 2.1515151515151514 2.303030303030303 2.4242424242424243 2.121212121212121  
16 268.19174305011137 1.8181818181818181 1.3333333333333333 1.2424242424242424 1.4242424242424243 1.393939393939394 2.212121212121212 2.484848484848485 2.242424242424242 2.757575757575758 2.4242424242424243 1.8181818181818181 1.6666666666666667 2.242424242424242 1.393939393939394 3.0 1.2121212121212122 2.8484848484848486 1.4545454545454546 2.0 2.090909090909091 1.696969696969697 2.0303030303030303 2.606060606060606 1.5151515151515151 2.303030303030303 1.303030303030303 1.7272727272727273 2.4242424242424243 2.696969696969697 1.5757575757575757 2.1515151515151514 2.727272727272727 2.0 2.5454545454545454 2.393939393939394 1.4545454545454546 2.5757575757575757 2.6666666666666665 2.8181818181818183 1.5454545454545454 2.0 1.303030303030303 2.8181818181818183 2.212121212121212 1.9090909090909092 1.2424242424242424 2.1515151515151514 2.303030303030303 2.4242424242424243 2.121212121212121  
38 9.629710722556545 1.8181818181818181 1.3333333333333333 1.2424242424242424 1.4242424242424243 1.393939393939394 2.212121212121212 2.484848484848485 2.242424242424242 2.757575757575758 2.4242424242424243 1.8181818181818181 1.6666666666666667 2.242424242424242 1.393939393939394 3.0 1.2121212121212122 2.8484848484848486 1.4545454545454546 2.0 2.090909090909091 1.696969696969697 2.0303030303030303 2.606060606060606 1.5151515151515151 2.303030303030303 1.303030303030303 1.7272727272727273 2.4242424242424243 2.696969696969697 1.5757575757575757 2.1515151515151514 2.727272727272727 2.0 2.5454545454545454 2.393939393939394 1.4545454545454546 2.5757575757575757 2.6666666666666665 2.8181818181818183 1.5454545454545454 2.0 1.303030303030303 2.8181818181818183 2.212121212121212 1.9090909090909092 1.2424242424242424 2.1515151515151514 2.303030303030303 2.4242424242424243 2.121212121212121  
61 6.795193779756728 1.8181818181818181 1.3333333333333333 1.2424242424242424 1.4242424242424243 1.393939393939394 2.212121212121212 2.484848484848485 2.242424242424242 2.757575757575758 2.4242424242424243 1.8181818181818181 1.6666666666666667 2.242424242424242 1.393939393939394 3.0 1.2121212121212122 2.8484848484848486 1.4545454545454546 2.0 2.090909090909091 1.696969696969697 2.0303030303030303 2.606060606060606 1.5151515151515151 2.303030303030303 1.303030303030303 1.7272727272727273 2.4242424242424243 2.696969696969697 1.5757575757575757 2.1515151515151514 2.727272727272727 2.0 2.5454545454545454 2.393939393939394 1.4545454545454546 2.5757575757575757 2.6666666666666665 2.8181818181818183 1.5454545454545454 2.0 1.303030303030303 2.8181818181818183 2.212121212121212 1.9090909090909092 1.2424242424242424 2.1515151515151514 2.303030303030303 2.4242424242424243 2.121212121212121  
25 42.437639589739625 1.8181818181818181 1.3333333333333333 1.2424242424242424 1.4242424242424243 1.393939393939394 2.212121212121212 2.484848484848485 2.242424242424242 2.757575757575758 2.4242424242424243 1.8181818181818181 1.6666666666666667 2.242424242424242 1.393939393939394 3.0 1.2121212121212122 2.8484848484848486 1.4545454545454546 2.0 2.090909090909091 1.696969696969697 2.0303030303030303 2.606060606060606 1.5151515151515151 2.303030303030303 1.303030303030303 1.7272727272727273 2.4242424242424243 2.696969696969697 1.5757575757575757 2.1515151515151514 2.727272727272727 2.0 2.5454545454545454 2.393939393939394 1.4545454545454546 2.5757575757575757 2.6666666666666665 2.8181818181818183 1.5454545454545454 2.0 1.303030303030303 2.8181818181818183 2.212121212121212 1.9090909090909092 1.2424242424242424 2.1515151515151514 2.303030303030303 2.4242424242424243 2.121212121212121  
17 63.97999886139173 1.8181818181818181 1.3333333333333333 1.2424242424242424 1.4242424242424243 1.393939393939394 2.212121212121212 2.484848484848485 2.242424242424242 2.757575757575758 2.4242424242424243 1.8181818181818181 1.6666666666666667 2.242424242424242 1.393939393939394 3.0 1.2121212121212122 2.8484848484848486 1.4545454545454546 2.0 2.090909090909091 1.696969696969697 2.0303030303030303 2.606060606060606 1.5151515151515151 2.303030303030303 1.303030303030303 1.7272727272727273 2.4242424242424243 2.696969696969697 1.5757575757575757 2.1515151515151514 2.727272727272727 2.0 2.5454545454545454 2.393939393939394 1.4545454545454546 2.5757575757575757 2.6666666666666665 2.8181818181818183 1.5454545454545454 2.0 1.303030303030303 2.8181818181818183 2.212121212121212 1.9090909090909092 1.2424242424242424 2.1515151515151514 2.303030303030303 2.4242424242424243 2.121212121212121  
78 144.19613406656288 1.2121212121212122 0.8888888888888888 0.8282828282828283 0.9494949494949495 0.9292929292929293 1.4747474747474747 1.6565656565656566 1.494949494949495 1.8383838383838385 1.6161616161616161 1.2121212121212122 1.1111111111111112 1.494949494949495 0.9292929292929293 2.0 0.8080808080808081 1.898989898989899 0.9696969696969697 1.3333333333333333 1.393939393939394 1.1313131313131313 1.3535353535353536 1.7373737373737375 1.0101010101010102 1.5353535353535352 0.8686868686868687 1.1515151515151516 1.6161616161616161 1.797979797979798 1.0505050505050506 1.4343434343434343 1.8181818181818181 1.3333333333333333 1.696969696969697 1.595959595959596 0.9696969696969697 1.7171717171717171 1.7777777777777777 1.878787878787879 1.0303030303030303 1.3333333333333333 0.8686868686868687 1.878787878787879 1.4747474747474747 1.2727272727272727 0.8282828282828283 1.4343434343434343 1.5353535353535352 1.6161616161616161 1.4141414141414141  
52 8.156635445362731 1.8181818181818181 1.3333333333333333 1.2424242424242424 1.4242424242424243 1.393939393939394 2.212121212121212 2.484848484848485 2.242424242424242 2.757575757575758 2.4242424242424243 1.8181818181818181 1.6666666666666667 2.242424242424242 1.393939393939394 3.0 1.2121212121212122 2.8484848484848486 1.4545454545454546 2.0 2.090909090909091 1.696969696969697 2.0303030303030303 2.606060606060606 1.5151515151515151 2.303030303030303 1.303030303030303 1.7272727272727273 2.4242424242424243 2.696969696969697 1.5757575757575757 2.1515151515151514 2.727272727272727 2.0 2.5454545454545454 2.393939393939394 1.4545454545454546 2.5757575757575757 2.6666666666666665 2.8181818181818183 1.5454545454545454 2.0 1.303030303030303 2.8181818181818183 2.212121212121212 1.9090909090909092 1.2424242424242424 2.1515151515151514 2.303030303030303 2.4242424242424243 2.121212121212121  
32 247.32183118265039 1.8181818181818181 1.3333333333333333 1.2424242424242424 1.4242424242424243 1.393939393939394 2.212121212121212 2.484848484848485 2.242424242424242 2.757575757575758 2.4242424242424243 1.8181818181818181 1.6666666666666667 2.242424242424242 1.393939393939394 3.0 1.2121212121212122 2.8484848484848486 1.4545454545454546 2.0 2.090909090909091 1.696969696969697 2.0303030303030303 2.606060606060606 1.5151515151515151 2.303030303030303 1.303030303030303 1.7272727272727273 2.4242424242424243 2.696969696969697 1.5757575757575757 2.1515151515151514 2.727272727272727 2.0 2.5454545454545454 2.393939393939394 1.4545454545454546 2.5757575757575757 2.6666666666666665 2.8181818181818183 1.5454545454545454 2.0 1.303030303030303 2.8181818181818183 2.212121212121212 1.9090909090909092 1.2424242424242424 2.1515151515151514 2.303030303030303 2.4242424242424243 2.121212121212121  
51 104.16884680733367 1.2121212121212122 0.8888888888888888 0.8282828282828283 0.9494949494949495 0.9292929292929293 1.4747474747474747 1.6565656565656566 1.494949494949495 1.8383838383838385 1.6161616161616161 1.2121212121212122 1.1111111111111112 1.494949494949495 0.9292929292929293 2.0 0.8080808080808081 1.898989898989899 0.9696969696969697 1.3333333333333333 1.393939393939394 1.1313131313131313 1.3535353535353536 1.7373737373737375 1.0101010101010102 1.5353535353535352 0.8686868686868687 1.1515151515151516 1.6161616161616161 1.797979797979798 1.0505050505050506 1.4343434343434343 1.8181818181818181 1.3333333333333333 1.696969696969697 1.595959595959596 0.9696969696969697 1.7171717171717171 1.7777777777777777 1.878787878787879 1.0303030303030303 1.3333333333333333 0.8686868686868687 1.878787878787879 1.4747474747474747 1.2727272727272727 0.8282828282828283 1.4343434343434343 1.5353535353535352 1.6161616161616161 1.4141414141414141  
48 54.155735546034876 1.8181818181818181 1.3333333333333333 1.2424242424242424 1.4242424242424243 1.393939393939394 2.212121212121212 2.484848484848485 2.242424242424242 2.757575757575758 2.4242424242424243 1.8181818181818181 1.6666666666666667 2.242424242424242 1.393939393939394 3.0 1.2121212121212122 2.8484848484848486 1.4545454545454546 2.0 2.090909090909091 1.696969696969697 2.0303030303030303 2.606060606060606 1.5151515151515151 2.303030303030303 1.303030303030303 1.7272727272727273 2.4242424242424243 2.696969696969697 1.5757575757575757 2.1515151515151514 2.727272727272727 2.0 2.5454545454545454 2.393939393939394 1.4545454545454546 2.5757575757575757 2.6666666666666665 2.8181818181818183 1.5454545454545454 2.0 1.303030303030303 2.8181818181818183 2.212121212121212 1.9090909090909092 1.2424242424242424 2.1515151515151514 2.303030303030303 2.4242424242424243 2.121212121212121  
33 87.02553688190086 1.2121212121212122 0.8888888888888888 0.8282828282828283 0.9494949494949495 0.9292929292929293 1.4747474747474747 1.6565656565656566 1.494949494949495 1.8383838383838385 1.6161616161616161 1.2121212121212122 1.1111111111111112 1.494949494949495 0.9292929292929293 2.0 0.8080808080808081 1.898989898989899 0.9696969696969697 1.3333333333333333 1.393939393939394 1.1313131313131313 1.3535353535353536 1.7373737373737375 1.0101010101010102 1.5353535353535352 0.8686868686868687 1.1515151515151516 1.6161616161616161 1.797979797979798 1.0505050505050506 1.4343434343434343 1.8181818181818181 1.3333333333333333 1.696969696969697 1.595959595959596 0.9696969696969697 1.7171717171717171 1.7777777777777777 1.878787878787879 1.0303030303030303 1.3333333333333333 0.8686868686868687 1.878787878787879 1.4747474747474747 1.2727272727272727 0.8282828282828283 1.4343434343434343 1.5353535353535352 1.6161616161616161 1.4141414141414141  
53 6.578431372549018 1.8181818181818181 1.3333333333333333 1.2424242424242424 1.4242424242424243 1.393939393939394 2.212121212121212 2.484848484848485 2.242424242424242 2.757575757575758 2.4242424242424243 1.8181818181818181 1.6666666666666667 2.242424242424242 1.393939393939394 3.0 1.2121212121212122 2.8484848484848486 1.4545454545454546 2.0 2.090909090909091 1.696969696969697 2.0303030303030303 2.606060606060606 1.5151515151515151 2.303030303030303 1.303030303030303 1.7272727272727273 2.4242424242424243 2.696969696969697 1.5757575757575757 2.1515151515151514 2.727272727272727 2.0 2.5454545454545454 2.393939393939394 1.4545454545454546 2.5757575757575757 2.6666666666666665 2.8181818181818183 1.5454545454545454 2.0 1.303030303030303 2.8181818181818183 2.212121212121212 1.9090909090909092 1.2424242424242424 2.1515151515151514 2.303030303030303 2.4242424242424243 2.121212121212121  
69 10.600675876411174 1.8181818181818181 1.3333333333333333 1.2424242424242424 1.4242424242424243 1.393939393939394 2.212121212121212 2.484848484848485 2.242424242424242 2.757575757575758 2.4242424242424243 1.8181818181818181 1.6666666666666667 2.242424242424242 1.393939393939394 3.0 1.2121212121212122 2.8484848484848486 1.4545454545454546 2.0 2.090909090909091 1.696969696969697 2.0303030303030303 2.606060606060606 1.5151515151515151 2.303030303030303 1.303030303030303 1.7272727272727273 2.4242424242424243 2.696969696969697 1.5757575757575757 2.1515151515151514 2.727272727272727 2.0 2.5454545454545454 2.393939393939394 1.4545454545454546 2.5757575757575757 2.6666666666666665 2.8181818181818183 1.5454545454545454 2.0 1.303030303030303 2.8181818181818183 2.212121212121212 1.9090909090909092 1.2424242424242424 2.1515151515151514 2.303030303030303 2.4242424242424243 2.121212121212121  
85 44.34318232307292 1.8181818181818181 1.3333333333333333 1.2424242424242424 1.4242424242424243 1.393939393939394 2.212121212121212 2.484848484848485 2.242424242424242 2.757575757575758 2.4242424242424243 1.8181818181818181 1.6666666666666667 2.242424242424242 1.393939393939394 3.0 1.2121212121212122 2.8484848484848486 1.4545454545454546 2.0 2.090909090909091 1.696969696969697 2.0303030303030303 2.606060606060606 1.5151515151515151 2.303030303030303 1.303030303030303 1.7272727272727273 2.4242424242424243 2.696969696969697 1.5757575757575757 2.1515151515151514 2.727272727272727 2.0 2.5454545454545454 2.393939393939394 1.4545454545454546 2.5757575757575757 2.6666666666666665 2.8181818181818183 1.5454545454545454 2.0 1.303030303030303 2.8181818181818183 2.212121212121212 1.9090909090909092 1.2424242424242424 2.1515151515151514 2.303030303030303 2.4242424242424243 2.121212121212121  
10 94.3481842937569 1.2121212121212122 0.8888888888888888 0.8282828282828283 0.9494949494949495 0.9292929292929293 1.4747474747474747 1.6565656565656566 1.494949494949495 1.8383838383838385 1.6161616161616161 1.2121212121212122 1.1111111111111112 1.494949494949495 0.9292929292929293 2.0 0.8080808080808081 1.898989898989899 0.9696969696969697 1.3333333333333333 1.393939393939394 1.1313131313131313 1.3535353535353536 1.7373737373737375 1.0101010101010102 1.5353535353535352 0.8686868686868687 1.1515151515151516 1.6161616161616161 1.797979797979798 1.0505050505050506 1.4343434343434343 1.8181818181818181 1.3333333333333333 1.696969696969697 1.595959595959596 0.9696969696969697 1.7171717171717171 1.7777777777777777 1.878787878787879 1.0303030303030303 1.3333333333333333 0.8686868686868687 1.878787878787879 1.4747474747474747 1.2727272727272727 0.8282828282828283 1.4343434343434343 1.5353535353535352 1.6161616161616161 1.4141414141414141  
88 81.0 1.8181818181818181 1.3333333333333333 1.2424242424242424 1.4242424242424243 1.393939393939394 2.212121212121212 2.484848484848485 2.242424242424242 2.757575757575758 2.4242424242424243 1.8181818181818181 1.6666666666666667 2.242424242424242 1.393939393939394 3.0 1.2121212121212122 2.8484848484848486 1.4545454545454546 2.0 2.090909090909091 1.696969696969697 2.0303030303030303 2.606060606060606 1.5151515151515151 2.303030303030303 1.303030303030303 1.7272727272727273 2.4242424242424243 2.696969696969697 1.5757575757575757 2.1515151515151514 2.727272727272727 2.0 2.5454545454545454 2.393939393939394 1.4545454545454546 2.5757575757575757 2.6666666666666665 2.8181818181818183 1.5454545454545454 2.0 1.303030303030303 2.8181818181818183 2.212121212121212 1.9090909090909092 1.2424242424242424 2.1515151515151514 2.303030303030303 2.4242424242424243 2.121212121212121  
24 387.307653363395 1.2121212121212122 0.8888888888888888 0.8282828282828283 0.9494949494949495 0.9292929292929293 1.4747474747474747 1.6565656565656566 1.494949494949495 1.8383838383838385 1.6161616161616161 1.2121212121212122 1.1111111111111112 1.494949494949495 0.9292929292929293 2.0 0.8080808080808081 1.898989898989899 0.9696969696969697 1.3333333333333333 1.393939393939394 1.1313131313131313 1.3535353535353536 1.7373737373737375 1.0101010101010102 1.5353535353535352 0.8686868686868687 1.1515151515151516 1.6161616161616161 1.797979797979798 1.0505050505050506 1.4343434343434343 1.8181818181818181 1.3333333333333333 1.696969696969697 1.595959595959596 0.9696969696969697 1.7171717171717171 1.7777777777777777 1.878787878787879 1.0303030303030303 1.3333333333333333 0.8686868686868687 1.878787878787879 1.4747474747474747 1.2727272727272727 0.8282828282828283 1.4343434343434343 1.5353535353535352 1.6161616161616161 1.4141414141414141  
89 3.4564558629775965 1.2121212121212122 0.8888888888888888 0.8282828282828283 0.9494949494949495 0.9292929292929293 1.4747474747474747 1.6565656565656566 1.494949494949495 1.8383838383838385 1.6161616161616161 1.2121212121212122 1.1111111111111112 1.494949494949495 0.9292929292929293 2.0 0.8080808080808081 1.898989898989899 0.9696969696969697 1.3333333333333333 1.393939393939394 1.1313131313131313 1.3535353535353536 1.7373737373737375 1.0101010101010102 1.5353535353535352 0.8686868686868687 1.1515151515151516 1.6161616161616161 1.797979797979798 1.0505050505050506 1.4343434343434343 1.8181818181818181 1.3333333333333333 1.696969696969697 1.595959595959596 0.9696969696969697 1.7171717171717171 1.7777777777777777 1.878787878787879 1.0303030303030303 1.3333333333333333 0.8686868686868687 1.878787878787879 1.4747474747474747 1.2727272727272727 0.8282828282828283 1.4343434343434343 1.5353535353535352 1.6161616161616161 1.4141414141414141  
42 0.9490793582451975 1.2121212121212122 0.8888888888888888 0.8282828282828283 0.9494949494949495 0.9292929292929293 1.4747474747474747 1.6565656565656566 1.494949494949495 1.8383838383838385 1.6161616161616161 1.2121212121212122 1.1111111111111112 1.494949494949495 0.9292929292929293 2.0 0.8080808080808081 1.898989898989899 0.9696969696969697 1.3333333333333333 1.393939393939394 1.1313131313131313 1.3535353535353536 1.7373737373737375 1.0101010101010102 1.5353535353535352 0.8686868686868687 1.1515151515151516 1.6161616161616161 1.797979797979798 1.0505050505050506 1.4343434343434343 1.8181818181818181 1.3333333333333333 1.696969696969697 1.595959595959596 0.9696969696969697 1.7171717171717171 1.7777777777777777 1.878787878787879 1.0303030303030303 1.3333333333333333 0.8686868686868687 1.878787878787879 1.4747474747474747 1.2727272727272727 0.8282828282828283 1.4343434343434343 1.5353535353535352 1.6161616161616161 1.4141414141414141  
34 4.643157698982815 1.8181818181818181 1.3333333333333333 1.2424242424242424 1.4242424242424243 1.393939393939394 2.212121212121212 2.484848484848485 2.242424242424242 2.757575757575758 2.4242424242424243 1.8181818181818181 1.6666666666666667 2.242424242424242 1.393939393939394 3.0 1.2121212121212122 2.8484848484848486 1.4545454545454546 2.0 2.090909090909091 1.696969696969697 2.0303030303030303 2.606060606060606 1.5151515151515151 2.303030303030303 1.303030303030303 1.7272727272727273 2.4242424242424243 2.696969696969697 1.5757575757575757 2.1515151515151514 2.727272727272727 2.0 2.5454545454545454 2.393939393939394 1.4545454545454546 2.5757575757575757 2.6666666666666665 2.8181818181818183 1.5454545454545454 2.0 1.303030303030303 2.8181818181818183 2.212121212121212 1.9090909090909092 1.2424242424242424 2.1515151515151514 2.303030303030303 2.4242424242424243 2.121212121212121  
83 227.5559974586075 1.2121212121212122 0.8888888888888888 0.8282828282828283 0.9494949494949495 0.9292929292929293 1.4747474747474747 1.6565656565656566 1.494949494949495 1.8383838383838385 1.6161616161616161 1.2121212121212122 1.1111111111111112 1.494949494949495 0.9292929292929293 2.0 0.8080808080808081 1.898989898989899 0.9696969696969697 1.3333333333333333 1.393939393939394 1.1313131313131313 1.3535353535353536 1.7373737373737375 1.0101010101010102 1.5353535353535352 0.8686868686868687 1.1515151515151516 1.6161616161616161 1.797979797979798 1.0505050505050506 1.4343434343434343 1.8181818181818181 1.3333333333333333 1.696969696969697 1.595959595959596 0.9696969696969697 1.7171717171717171 1.7777777777777777 1.878787878787879 1.0303030303030303 1.3333333333333333 0.8686868686868687 1.878787878787879 1.4747474747474747 1.2727272727272727 0.8282828282828283 1.4343434343434343 1.5353535353535352 1.6161616161616161 1.4141414141414141  
41 66.1449370069848 1.8181818181818181 1.3333333333333333 1.2424242424242424 1.4242424242424243 1.393939393939394 2.212121212121212 2.484848484848485 2.242424242424242 2.757575757575758 2.4242424242424243 1.8181818181818181 1.6666666666666667 2.242424242424242 1.393939393939394 3.0 1.2121212121212122 2.8484848484848486 1.4545454545454546 2.0 2.090909090909091 1.696969696969697 2.0303030303030303 2.606060606060606 1.5151515151515151 2.303030303030303 1.303030303030303 1.7272727272727273 2.4242424242424243 2.696969696969697 1.5757575757575757 2.1515151515151514 2.727272727272727 2.0 2.5454545454545454 2.393939393939394 1.4545454545454546 2.5757575757575757 2.6666666666666665 2.8181818181818183 1.5454545454545454 2.0 1.303030303030303 2.8181818181818183 2.212121212121212 1.9090909090909092 1.2424242424242424 2.1515151515151514 2.303030303030303 2.4242424242424243 2.121212121212121  
19 225.66073165699635 1.2121212121212122 0.8888888888888888 0.8282828282828283 0.9494949494949495 0.9292929292929293 1.4747474747474747 1.6565656565656566 1.494949494949495 1.8383838383838385 1.6161616161616161 1.2121212121212122 1.1111111111111112 1.494949494949495 0.9292929292929293 2.0 0.8080808080808081 1.898989898989899 0.9696969696969697 1.3333333333333333 1.393939393939394 1.1313131313131313 1.3535353535353536 1.7373737373737375 1.0101010101010102 1.5353535353535352 0.8686868686868687 1.1515151515151516 1.6161616161616161 1.797979797979798 1.0505050505050506 1.4343434343434343 1.8181818181818181 1.3333333333333333 1.696969696969697 1.595959595959596 0.9696969696969697 1.7171717171717171 1.7777777777777777 1.878787878787879 1.0303030303030303 1.3333333333333333 0.8686868686868687 1.878787878787879 1.4747474747474747 1.2727272727272727 0.8282828282828283 1.4343434343434343 1.5353535353535352 1.6161616161616161 1.4141414141414141  
36 73.73510423484156 1.8181818181818181 1.3333333333333333 1.2424242424242424 1.4242424242424243 1.393939393939394 2.212121212121212 2.484848484848485 2.242424242424242 2.757575757575758 2.4242424242424243 1.8181818181818181 1.6666666666666667 2.242424242424242 1.393939393939394 3.0 1.2121212121212122 2.8484848484848486 1.4545454545454546 2.0 2.090909090909091 1.696969696969697 2.0303030303030303 2.606060606060606 1.5151515151515151 2.303030303030303 1.303030303030303 1.7272727272727273 2.4242424242424243 2.696969696969697 1.5757575757575757 2.1515151515151514 2.727272727272727 2.0 2.5454545454545454 2.393939393939394 1.4545454545454546 2.5757575757575757 2.6666666666666665 2.8181818181818183 1.5454545454545454 2.0 1.303030303030303 2.8181818181818183 2.212121212121212 1.9090909090909092 1.2424242424242424 2.1515151515151514 2.303030303030303 2.4242424242424243 2.121212121212121  
20 122.19272260130761 1.8181818181818181 1.3333333333333333 1.2424242424242424 1.4242424242424243 1.393939393939394 2.212121212121212 2.484848484848485 2.242424242424242 2.757575757575758 2.4242424242424243 1.8181818181818181 1.6666666666666667 2.242424242424242 1.393939393939394 3.0 1.2121212121212122 2.8484848484848486 1.4545454545454546 2.0 2.090909090909091 1.696969696969697 2.0303030303030303 2.606060606060606 1.5151515151515151 2.303030303030303 1.303030303030303 1.7272727272727273 2.4242424242424243 2.696969696969697 1.5757575757575757 2.1515151515151514 2.727272727272727 2.0 2.5454545454545454 2.393939393939394 1.4545454545454546 2.5757575757575757 2.6666666666666665 2.8181818181818183 1.5454545454545454 2.0 1.303030303030303 2.8181818181818183 2.212121212121212 1.9090909090909092 1.2424242424242424 2.1515151515151514 2.303030303030303 2.4242424242424243 2.121212121212121  
81 99.34564763525343 1.8181818181818181 1.3333333333333333 1.2424242424242424 1.4242424242424243 1.393939393939394 2.212121212121212 2.484848484848485 2.242424242424242 2.757575757575758 2.4242424242424243 1.8181818181818181 1.6666666666666667 2.242424242424242 1.393939393939394 3.0 1.2121212121212122 2.8484848484848486 1.4545454545454546 2.0 2.090909090909091 1.696969696969697 2.0303030303030303 2.606060606060606 1.5151515151515151 2.303030303030303 1.303030303030303 1.7272727272727273 2.4242424242424243 2.696969696969697 1.5757575757575757 2.1515151515151514 2.727272727272727 2.0 2.5454545454545454 2.393939393939394 1.4545454545454546 2.5757575757575757 2.6666666666666665 2.8181818181818183 1.5454545454545454 2.0 1.303030303030303 2.8181818181818183 2.212121212121212 1.9090909090909092 1.2424242424242424 2.1515151515151514 2.303030303030303 2.4242424242424243 2.121212121212121  
35 38.27577041509859 1.8181818181818181 1.3333333333333333 1.2424242424242424 1.4242424242424243 1.393939393939394 2.212121212121212 2.484848484848485 2.242424242424242 2.757575757575758 2.4242424242424243 1.8181818181818181 1.6666666666666667 2.242424242424242 1.393939393939394 3.0 1.2121212121212122 2.8484848484848486 1.4545454545454546 2.0 2.090909090909091 1.696969696969697 2.0303030303030303 2.606060606060606 1.5151515151515151 2.303030303030303 1.303030303030303 1.7272727272727273 2.4242424242424243 2.696969696969697 1.5757575757575757 2.1515151515151514 2.727272727272727 2.0 2.5454545454545454 2.393939393939394 1.4545454545454546 2.5757575757575757 2.6666666666666665 2.8181818181818183 1.5454545454545454 2.0 1.303030303030303 2.8181818181818183 2.212121212121212 1.9090909090909092 1.2424242424242424 2.1515151515151514 2.303030303030303 2.4242424242424243 2.121212121212121  
14 97.44556720490979 1.2121212121212122 0.8888888888888888 0.8282828282828283 0.9494949494949495 0.9292929292929293 1.4747474747474747 1.6565656565656566 1.494949494949495 1.8383838383838385 1.6161616161616161 1.2121212121212122 1.1111111111111112 1.494949494949495 0.9292929292929293 2.0 0.8080808080808081 1.898989898989899 0.9696969696969697 1.3333333333333333 1.393939393939394 1.1313131313131313 1.3535353535353536 1.7373737373737375 1.0101010101010102 1.5353535353535352 0.8686868686868687 1.1515151515151516 1.6161616161616161 1.797979797979798 1.0505050505050506 1.4343434343434343 1.8181818181818181 1.3333333333333333 1.696969696969697 1.595959595959596 0.9696969696969697 1.7171717171717171 1.7777777777777777 1.878787878787879 1.0303030303030303 1.3333333333333333 0.8686868686868687 1.878787878787879 1.4747474747474747 1.2727272727272727 0.8282828282828283 1.4343434343434343 1.5353535353535352 1.6161616161616161 1.4141414141414141  
84 21.59731049814384 1.8181818181818181 1.3333333333333333 1.2424242424242424 1.4242424242424243 1.393939393939394 2.212121212121212 2.484848484848485 2.242424242424242 2.757575757575758 2.4242424242424243 1.8181818181818181 1.6666666666666667 2.242424242424242 1.393939393939394 3.0 1.2121212121212122 2.8484848484848486 1.4545454545454546 2.0 2.090909090909091 1.696969696969697 2.0303030303030303 2.606060606060606 1.5151515151515151 2.303030303030303 1.303030303030303 1.7272727272727273 2.4242424242424243 2.696969696969697 1.5757575757575757 2.1515151515151514 2.727272727272727 2.0 2.5454545454545454 2.393939393939394 1.4545454545454546 2.5757575757575757 2.6666666666666665 2.8181818181818183 1.5454545454545454 2.0 1.303030303030303 2.8181818181818183 2.212121212121212 1.9090909090909092 1.2424242424242424 2.1515151515151514 2.303030303030303 2.4242424242424243 2.121212121212121  
75 18.488096652802533 1.8181818181818181 1.3333333333333333 1.2424242424242424 1.4242424242424243 1.393939393939394 2.212121212121212 2.484848484848485 2.242424242424242 2.757575757575758 2.4242424242424243 1.8181818181818181 1.6666666666666667 2.242424242424242 1.393939393939394 3.0 1.2121212121212122 2.8484848484848486 1.4545454545454546 2.0 2.090909090909091 1.696969696969697 2.0303030303030303 2.606060606060606 1.5151515151515151 2.303030303030303 1.303030303030303 1.7272727272727273 2.4242424242424243 2.696969696969697 1.5757575757575757 2.1515151515151514 2.727272727272727 2.0 2.5454545454545454 2.393939393939394 1.4545454545454546 2.5757575757575757 2.6666666666666665 2.8181818181818183 1.5454545454545454 2.0 1.303030303030303 2.8181818181818183 2.212121212121212 1.9090909090909092 1.2424242424242424 2.1515151515151514 2.303030303030303 2.4242424242424243 2.121212121212121  
86 88.07890040084807 1.8181818181818181 1.3333333333333333 1.2424242424242424 1.4242424242424243 1.393939393939394 2.212121212121212 2.484848484848485 2.242424242424242 2.757575757575758 2.4242424242424243 1.8181818181818181 1.6666666666666667 2.242424242424242 1.393939393939394 3.0 1.2121212121212122 2.8484848484848486 1.4545454545454546 2.0 2.090909090909091 1.696969696969697 2.0303030303030303 2.606060606060606 1.5151515151515151 2.303030303030303 1.303030303030303 1.7272727272727273 2.4242424242424243 2.696969696969697 1.5757575757575757 2.1515151515151514 2.727272727272727 2.0 2.5454545454545454 2.393939393939394 1.4545454545454546 2.5757575757575757 2.6666666666666665 2.8181818181818183 1.5454545454545454 2.0 1.303030303030303 2.8181818181818183 2.212121212121212 1.9090909090909092 1.2424242424242424 2.1515151515151514 2.303030303030303 2.4242424242424243 2.121212121212121  
3 49.60334058286213 1.2121212121212122 0.8888888888888888 0.8282828282828283 0.9494949494949495 0.9292929292929293 1.4747474747474747 1.6565656565656566 1.494949494949495 1.8383838383838385 1.6161616161616161 1.2121212121212122 1.1111111111111112 1.494949494949495 0.9292929292929293 2.0 0.8080808080808081 1.898989898989899 0.9696969696969697 1.3333333333333333 1.393939393939394 1.1313131313131313 1.3535353535353536 1.7373737373737375 1.0101010101010102 1.5353535353535352 0.8686868686868687 1.1515151515151516 1.6161616161616161 1.797979797979798 1.0505050505050506 1.4343434343434343 1.8181818181818181 1.3333333333333333 1.696969696969697 1.595959595959596 0.9696969696969697 1.7171717171717171 1.7777777777777777 1.878787878787879 1.0303030303030303 1.3333333333333333 0.8686868686868687 1.878787878787879 1.4747474747474747 1.2727272727272727 0.8282828282828283 1.4343434343434343 1.5353535353535352 1.6161616161616161 1.4141414141414141  
23 311.2269433212475 1.2121212121212122 0.8888888888888888 0.8282828282828283 0.9494949494949495 0.9292929292929293 1.4747474747474747 1.6565656565656566 1.494949494949495 1.8383838383838385 1.6161616161616161 1.2121212121212122 1.1111111111111112 1.494949494949495 0.9292929292929293 2.0 0.8080808080808081 1.898989898989899 0.9696969696969697 1.3333333333333333 1.393939393939394 1.1313131313131313 1.3535353535353536 1.7373737373737375 1.0101010101010102 1.5353535353535352 0.8686868686868687 1.1515151515151516 1.6161616161616161 1.797979797979798 1.0505050505050506 1.4343434343434343 1.8181818181818181 1.3333333333333333 1.696969696969697 1.595959595959596 0.9696969696969697 1.7171717171717171 1.7777777777777777 1.878787878787879 1.0303030303030303 1.3333333333333333 0.8686868686868687 1.878787878787879 1.4747474747474747 1.2727272727272727 0.8282828282828283 1.4343434343434343 1.5353535353535352 1.6161616161616161 1.4141414141414141  
2 31.152461962988294 1.2121212121212122 0.8888888888888888 0.8282828282828283 0.9494949494949495 0.9292929292929293 1.4747474747474747 1.6565656565656566 1.494949494949495 1.8383838383838385 1.6161616161616161 1.2121212121212122 1.1111111111111112 1.494949494949495 0.9292929292929293 2.0 0.8080808080808081 1.898989898989899 0.9696969696969697 1.3333333333333333 1.393939393939394 1.1313131313131313 1.3535353535353536 1.7373737373737375 1.0101010101010102 1.5353535353535352 0.8686868686868687 1.1515151515151516 1.6161616161616161 1.797979797979798 1.0505050505050506 1.4343434343434343 1.8181818181818181 1.3333333333333333 1.696969696969697 1.595959595959596 0.9696969696969697 1.7171717171717171 1.7777777777777777 1.878787878787879 1.0303030303030303 1.3333333333333333 0.8686868686868687 1.878787878787879 1.4747474747474747 1.2727272727272727 0.8282828282828283 1.4343434343434343 1.5353535353535352 1.6161616161616161 1.4141414141414141  
67 85.85727012349356 1.2121212121212122 0.8888888888888888 0.8282828282828283 0.9494949494949495 0.9292929292929293 1.4747474747474747 1.6565656565656566 1.494949494949495 1.8383838383838385 1.6161616161616161 1.2121212121212122 1.1111111111111112 1.494949494949495 0.9292929292929293 2.0 0.8080808080808081 1.898989898989899 0.9696969696969697 1.3333333333333333 1.393939393939394 1.1313131313131313 1.3535353535353536 1.7373737373737375 1.0101010101010102 1.5353535353535352 0.8686868686868687 1.1515151515151516 1.6161616161616161 1.797979797979798 1.0505050505050506 1.4343434343434343 1.8181818181818181 1.3333333333333333 1.696969696969697 1.595959595959596 0.9696969696969697 1.7171717171717171 1.7777777777777777 1.878787878787879 1.0303030303030303 1.3333333333333333 0.8686868686868687 1.878787878787879 1.4747474747474747 1.2727272727272727 0.8282828282828283 1.4343434343434343 1.5353535353535352 1.6161616161616161 1.4141414141414141  
63 9.214795008912667 1.8181818181818181 1.3333333333333333 1.2424242424242424 1.4242424242424243 1.393939393939394 2.212121212121212 2.484848484848485 2.242424242424242 2.757575757575758 2.4242424242424243 1.8181818181818181 1.6666666666666667 2.242424242424242 1.393939393939394 3.0 1.2121212121212122 2.8484848484848486 1.4545454545454546 2.0 2.090909090909091 1.696969696969697 2.0303030303030303 2.606060606060606 1.5151515151515151 2.303030303030303 1.303030303030303 1.7272727272727273 2.4242424242424243 2.696969696969697 1.5757575757575757 2.1515151515151514 2.727272727272727 2.0 2.5454545454545454 2.393939393939394 1.4545454545454546 2.5757575757575757 2.6666666666666665 2.8181818181818183 1.5454545454545454 2.0 1.303030303030303 2.8181818181818183 2.212121212121212 1.9090909090909092 1.2424242424242424 2.1515151515151514 2.303030303030303 2.4242424242424243 2.121212121212121  
77 93.18383785005652 1.8181818181818181 1.3333333333333333 1.2424242424242424 1.4242424242424243 1.393939393939394 2.212121212121212 2.484848484848485 2.242424242424242 2.757575757575758 2.4242424242424243 1.8181818181818181 1.6666666666666667 2.242424242424242 1.393939393939394 3.0 1.2121212121212122 2.8484848484848486 1.4545454545454546 2.0 2.090909090909091 1.696969696969697 2.0303030303030303 2.606060606060606 1.5151515151515151 2.303030303030303 1.303030303030303 1.7272727272727273 2.4242424242424243 2.696969696969697 1.5757575757575757 2.1515151515151514 2.727272727272727 2.0 2.5454545454545454 2.393939393939394 1.4545454545454546 2.5757575757575757 2.6666666666666665 2.8181818181818183 1.5454545454545454 2.0 1.303030303030303 2.8181818181818183 2.212121212121212 1.9090909090909092 1.2424242424242424 2.1515151515151514 2.303030303030303 2.4242424242424243 2.121212121212121  
7 205.5302509767218 1.8181818181818181 1.3333333333333333 1.2424242424242424 1.4242424242424243 1.393939393939394 2.212121212121212 2.484848484848485 2.242424242424242 2.757575757575758 2.4242424242424243 1.8181818181818181 1.6666666666666667 2.242424242424242 1.393939393939394 3.0 1.2121212121212122 2.8484848484848486 1.4545454545454546 2.0 2.090909090909091 1.696969696969697 2.0303030303030303 2.606060606060606 1.5151515151515151 2.303030303030303 1.303030303030303 1.7272727272727273 2.4242424242424243 2.696969696969697 1.5757575757575757 2.1515151515151514 2.727272727272727 2.0 2.5454545454545454 2.393939393939394 1.4545454545454546 2.5757575757575757 2.6666666666666665 2.8181818181818183 1.5454545454545454 2.0 1.303030303030303 2.8181818181818183 2.212121212121212 1.9090909090909092 1.2424242424242424 2.1515151515151514 2.303030303030303 2.4242424242424243 2.121212121212121  
28 197.7491285076842 1.8181818181818181 1.3333333333333333 1.2424242424242424 1.4242424242424243 1.393939393939394 2.212121212121212 2.484848484848485 2.242424242424242 2.757575757575758 2.4242424242424243 1.8181818181818181 1.6666666666666667 2.242424242424242 1.393939393939394 3.0 1.2121212121212122 2.8484848484848486 1.4545454545454546 2.0 2.090909090909091 1.696969696969697 2.0303030303030303 2.606060606060606 1.5151515151515151 2.303030303030303 1.303030303030303 1.7272727272727273 2.4242424242424243 2.696969696969697 1.5757575757575757 2.1515151515151514 2.727272727272727 2.0 2.5454545454545454 2.393939393939394 1.4545454545454546 2.5757575757575757 2.6666666666666665 2.8181818181818183 1.5454545454545454 2.0 1.303030303030303 2.8181818181818183 2.212121212121212 1.9090909090909092 1.2424242424242424 2.1515151515151514 2.303030303030303 2.4242424242424243 2.121212121212121  
71 10.463658765070056 1.8181818181818181 1.3333333333333333 1.2424242424242424 1.4242424242424243 1.393939393939394 2.212121212121212 2.484848484848485 2.242424242424242 2.757575757575758 2.4242424242424243 1.8181818181818181 1.6666666666666667 2.242424242424242 1.393939393939394 3.0 1.2121212121212122 2.8484848484848486 1.4545454545454546 2.0 2.090909090909091 1.696969696969697 2.0303030303030303 2.606060606060606 1.5151515151515151 2.303030303030303 1.303030303030303 1.7272727272727273 2.4242424242424243 2.696969696969697 1.5757575757575757 2.1515151515151514 2.727272727272727 2.0 2.5454545454545454 2.393939393939394 1.4545454545454546 2.5757575757575757 2.6666666666666665 2.8181818181818183 1.5454545454545454 2.0 1.303030303030303 2.8181818181818183 2.212121212121212 1.9090909090909092 1.2424242424242424 2.1515151515151514 2.303030303030303 2.4242424242424243 2.121212121212121  
18 29.31757185135307 1.8181818181818181 1.3333333333333333 1.2424242424242424 1.4242424242424243 1.393939393939394 2.212121212121212 2.484848484848485 2.242424242424242 2.757575757575758 2.4242424242424243 1.8181818181818181 1.6666666666666667 2.242424242424242 1.393939393939394 3.0 1.2121212121212122 2.8484848484848486 1.4545454545454546 2.0 2.090909090909091 1.696969696969697 2.0303030303030303 2.606060606060606 1.5151515151515151 2.303030303030303 1.303030303030303 1.7272727272727273 2.4242424242424243 2.696969696969697 1.5757575757575757 2.1515151515151514 2.727272727272727 2.0 2.5454545454545454 2.393939393939394 1.4545454545454546 2.5757575757575757 2.6666666666666665 2.8181818181818183 1.5454545454545454 2.0 1.303030303030303 2.8181818181818183 2.212121212121212 1.9090909090909092 1.2424242424242424 2.1515151515151514 2.303030303030303 2.4242424242424243 2.121212121212121  
56 141.1190268296035 1.2121212121212122 0.8888888888888888 0.8282828282828283 0.9494949494949495 0.9292929292929293 1.4747474747474747 1.6565656565656566 1.494949494949495 1.8383838383838385 1.6161616161616161 1.2121212121212122 1.1111111111111112 1.494949494949495 0.9292929292929293 2.0 0.8080808080808081 1.898989898989899 0.9696969696969697 1.3333333333333333 1.393939393939394 1.1313131313131313 1.3535353535353536 1.7373737373737375 1.0101010101010102 1.5353535353535352 0.8686868686868687 1.1515151515151516 1.6161616161616161 1.797979797979798 1.0505050505050506 1.4343434343434343 1.8181818181818181 1.3333333333333333 1.696969696969697 1.595959595959596 0.9696969696969697 1.7171717171717171 1.7777777777777777 1.878787878787879 1.0303030303030303 1.3333333333333333 0.8686868686868687 1.878787878787879 1.4747474747474747 1.2727272727272727 0.8282828282828283 1.4343434343434343 1.5353535353535352 1.6161616161616161 1.4141414141414141  
6 76.63940437714378 1.2121212121212122 0.8888888888888888 0.8282828282828283 0.9494949494949495 0.9292929292929293 1.4747474747474747 1.6565656565656566 1.494949494949495 1.8383838383838385 1.6161616161616161 1.2121212121212122 1.1111111111111112 1.494949494949495 0.9292929292929293 2.0 0.8080808080808081 1.898989898989899 0.9696969696969697 1.3333333333333333 1.393939393939394 1.1313131313131313 1.3535353535353536 1.7373737373737375 1.0101010101010102 1.5353535353535352 0.8686868686868687 1.1515151515151516 1.6161616161616161 1.797979797979798 1.0505050505050506 1.4343434343434343 1.8181818181818181 1.3333333333333333 1.696969696969697 1.595959595959596 0.9696969696969697 1.7171717171717171 1.7777777777777777 1.878787878787879 1.0303030303030303 1.3333333333333333 0.8686868686868687 1.878787878787879 1.4747474747474747 1.2727272727272727 0.8282828282828283 1.4343434343434343 1.5353535353535352 1.6161616161616161 1.4141414141414141  
65 120.23511386049853 1.2121212121212122 0.8888888888888888 0.8282828282828283 0.9494949494949495 0.9292929292929293 1.4747474747474747 1.6565656565656566 1.494949494949495 1.8383838383838385 1.6161616161616161 1.2121212121212122 1.1111111111111112 1.494949494949495 0.9292929292929293 2.0 0.8080808080808081 1.898989898989899 0.9696969696969697 1.3333333333333333 1.393939393939394 1.1313131313131313 1.3535353535353536 1.7373737373737375 1.0101010101010102 1.5353535353535352 0.8686868686868687 1.1515151515151516 1.6161616161616161 1.797979797979798 1.0505050505050506 1.4343434343434343 1.8181818181818181 1.3333333333333333 1.696969696969697 1.595959595959596 0.9696969696969697 1.7171717171717171 1.7777777777777777 1.878787878787879 1.0303030303030303 1.3333333333333333 0.8686868686868687 1.878787878787879 1.4747474747474747 1.2727272727272727 0.8282828282828283 1.4343434343434343 1.5353535353535352 1.6161616161616161 1.4141414141414141  
44 39.50859880859882 1.2121212121212122 0.8888888888888888 0.8282828282828283 0.9494949494949495 0.9292929292929293 1.4747474747474747 1.6565656565656566 1.494949494949495 1.8383838383838385 1.6161616161616161 1.2121212121212122 1.1111111111111112 1.494949494949495 0.9292929292929293 2.0 0.8080808080808081 1.898989898989899 0.9696969696969697 1.3333333333333333 1.393939393939394 1.1313131313131313 1.3535353535353536 1.7373737373737375 1.0101010101010102 1.5353535353535352 0.8686868686868687 1.1515151515151516 1.6161616161616161 1.797979797979798 1.0505050505050506 1.4343434343434343 1.8181818181818181 1.3333333333333333 1.696969696969697 1.595959595959596 0.9696969696969697 1.7171717171717171 1.7777777777777777 1.878787878787879 1.0303030303030303 1.3333333333333333 0.8686868686868687 1.878787878787879 1.4747474747474747 1.2727272727272727 0.8282828282828283 1.4343434343434343 1.5353535353535352 1.6161616161616161 1.4141414141414141  
80 16.618279214367067 1.2121212121212122 0.8888888888888888 0.8282828282828283 0.9494949494949495 0.9292929292929293 1.4747474747474747 1.6565656565656566 1.494949494949495 1.8383838383838385 1.6161616161616161 1.2121212121212122 1.1111111111111112 1.494949494949495 0.9292929292929293 2.0 0.8080808080808081 1.898989898989899 0.9696969696969697 1.3333333333333333 1.393939393939394 1.1313131313131313 1.3535353535353536 1.7373737373737375 1.0101010101010102 1.5353535353535352 0.8686868686868687 1.1515151515151516 1.6161616161616161 1.797979797979798 1.0505050505050506 1.4343434343434343 1.8181818181818181 1.3333333333333333 1.696969696969697 1.595959595959596 0.9696969696969697 1.7171717171717171 1.7777777777777777 1.878787878787879 1.0303030303030303 1.3333333333333333 0.8686868686868687 1.878787878787879 1.4747474747474747 1.2727272727272727 0.8282828282828283 1.4343434343434343 1.5353535353535352 1.6161616161616161 1.4141414141414141  
5 84.18464997597079 1.8181818181818181 1.3333333333333333 1.2424242424242424 1.4242424242424243 1.393939393939394 2.212121212121212 2.484848484848485 2.242424242424242 2.757575757575758 2.4242424242424243 1.8181818181818181 1.6666666666666667 2.242424242424242 1.393939393939394 3.0 1.2121212121212122 2.8484848484848486 1.4545454545454546 2.0 2.090909090909091 1.696969696969697 2.0303030303030303 2.606060606060606 1.5151515151515151 2.303030303030303 1.303030303030303 1.7272727272727273 2.4242424242424243 2.696969696969697 1.5757575757575757 2.1515151515151514 2.727272727272727 2.0 2.5454545454545454 2.393939393939394 1.4545454545454546 2.5757575757575757 2.6666666666666665 2.8181818181818183 1.5454545454545454 2.0 1.303030303030303 2.8181818181818183 2.212121212121212 1.9090909090909092 1.2424242424242424 2.1515151515151514 2.303030303030303 2.4242424242424243 2.121212121212121  
13 144.58780239420625 1.2121212121212122 0.8888888888888888 0.8282828282828283 0.9494949494949495 0.9292929292929293 1.4747474747474747 1.6565656565656566 1.494949494949495 1.8383838383838385 1.6161616161616161 1.2121212121212122 1.1111111111111112 1.494949494949495 0.9292929292929293 2.0 0.8080808080808081 1.898989898989899 0.9696969696969697 1.3333333333333333 1.393939393939394 1.1313131313131313 1.3535353535353536 1.7373737373737375 1.0101010101010102 1.5353535353535352 0.8686868686868687 1.1515151515151516 1.6161616161616161 1.797979797979798 1.0505050505050506 1.4343434343434343 1.8181818181818181 1.3333333333333333 1.696969696969697 1.595959595959596 0.9696969696969697 1.7171717171717171 1.7777777777777777 1.878787878787879 1.0303030303030303 1.3333333333333333 0.8686868686868687 1.878787878787879 1.4747474747474747 1.2727272727272727 0.8282828282828283 1.4343434343434343 1.5353535353535352 1.6161616161616161 1.4141414141414141  
64 11.178303395950445 1.8181818181818181 1.3333333333333333 1.2424242424242424 1.4242424242424243 1.393939393939394 2.212121212121212 2.484848484848485 2.242424242424242 2.757575757575758 2.4242424242424243 1.8181818181818181 1.6666666666666667 2.242424242424242 1.393939393939394 3.0 1.2121212121212122 2.8484848484848486 1.4545454545454546 2.0 2.090909090909091 1.696969696969697 2.0303030303030303 2.606060606060606 1.5151515151515151 2.303030303030303 1.303030303030303 1.7272727272727273 2.4242424242424243 2.696969696969697 1.5757575757575757 2.1515151515151514 2.727272727272727 2.0 2.5454545454545454 2.393939393939394 1.4545454545454546 2.5757575757575757 2.6666666666666665 2.8181818181818183 1.5454545454545454 2.0 1.303030303030303 2.8181818181818183 2.212121212121212 1.9090909090909092 1.2424242424242424 2.1515151515151514 2.303030303030303 2.4242424242424243 2.121212121212121  
68 88.40053749618501 1.2121212121212122 0.8888888888888888 0.8282828282828283 0.9494949494949495 0.9292929292929293 1.4747474747474747 1.6565656565656566 1.494949494949495 1.8383838383838385 1.6161616161616161 1.2121212121212122 1.1111111111111112 1.494949494949495 0.9292929292929293 2.0 0.8080808080808081 1.898989898989899 0.9696969696969697 1.3333333333333333 1.393939393939394 1.1313131313131313 1.3535353535353536 1.7373737373737375 1.0101010101010102 1.5353535353535352 0.8686868686868687 1.1515151515151516 1.6161616161616161 1.797979797979798 1.0505050505050506 1.4343434343434343 1.8181818181818181 1.3333333333333333 1.696969696969697 1.595959595959596 0.9696969696969697 1.7171717171717171 1.7777777777777777 1.878787878787879 1.0303030303030303 1.3333333333333333 0.8686868686868687 1.878787878787879 1.4747474747474747 1.2727272727272727 0.8282828282828283 1.4343434343434343 1.5353535353535352 1.6161616161616161 1.4141414141414141  
45 74.39985222114412 1.2121212121212122 0.8888888888888888 0.8282828282828283 0.9494949494949495 0.9292929292929293 1.4747474747474747 1.6565656565656566 1.494949494949495 1.8383838383838385 1.6161616161616161 1.2121212121212122 1.1111111111111112 1.494949494949495 0.9292929292929293 2.0 0.8080808080808081 1.898989898989899 0.9696969696969697 1.3333333333333333 1.393939393939394 1.1313131313131313 1.3535353535353536 1.7373737373737375 1.0101010101010102 1.5353535353535352 0.8686868686868687 1.1515151515151516 1.6161616161616161 1.797979797979798 1.0505050505050506 1.4343434343434343 1.8181818181818181 1.3333333333333333 1.696969696969697 1.595959595959596 0.9696969696969697 1.7171717171717171 1.7777777777777777 1.878787878787879 1.0303030303030303 1.3333333333333333 0.8686868686868687 1.878787878787879 1.4747474747474747 1.2727272727272727 0.8282828282828283 1.4343434343434343 1.5353535353535352 1.6161616161616161 1.4141414141414141  
27 330.74704665000576 1.2121212121212122 0.8888888888888888 0.8282828282828283 0.9494949494949495 0.9292929292929293 1.4747474747474747 1.6565656565656566 1.494949494949495 1.8383838383838385 1.6161616161616161 1.2121212121212122 1.1111111111111112 1.494949494949495 0.9292929292929293 2.0 0.8080808080808081 1.898989898989899 0.9696969696969697 1.3333333333333333 1.393939393939394 1.1313131313131313 1.3535353535353536 1.7373737373737375 1.0101010101010102 1.5353535353535352 0.8686868686868687 1.1515151515151516 1.6161616161616161 1.797979797979798 1.0505050505050506 1.4343434343434343 1.8181818181818181 1.3333333333333333 1.696969696969697 1.595959595959596 0.9696969696969697 1.7171717171717171 1.7777777777777777 1.878787878787879 1.0303030303030303 1.3333333333333333 0.8686868686868687 1.878787878787879 1.4747474747474747 1.2727272727272727 0.8282828282828283 1.4343434343434343 1.5353535353535352 1.6161616161616161 1.4141414141414141  
12 274.76231888043895 1.2121212121212122 0.8888888888888888 0.8282828282828283 0.9494949494949495 0.9292929292929293 1.4747474747474747 1.6565656565656566 1.494949494949495 1.8383838383838385 1.6161616161616161 1.2121212121212122 1.1111111111111112 1.494949494949495 0.9292929292929293 2.0 0.8080808080808081 1.898989898989899 0.9696969696969697 1.3333333333333333 1.393939393939394 1.1313131313131313 1.3535353535353536 1.7373737373737375 1.0101010101010102 1.5353535353535352 0.8686868686868687 1.1515151515151516 1.6161616161616161 1.797979797979798 1.0505050505050506 1.4343434343434343 1.8181818181818181 1.3333333333333333 1.696969696969697 1.595959595959596 0.9696969696969697 1.7171717171717171 1.7777777777777777 1.878787878787879 1.0303030303030303 1.3333333333333333 0.8686868686868687 1.878787878787879 1.4747474747474747 1.2727272727272727 0.8282828282828283 1.4343434343434343 1.5353535353535352 1.6161616161616161 1.4141414141414141  
72 15.079941460055093 1.8181818181818181 1.3333333333333333 1.2424242424242424 1.4242424242424243 1.393939393939394 2.212121212121212 2.484848484848485 2.242424242424242 2.757575757575758 2.4242424242424243 1.8181818181818181 1.6666666666666667 2.242424242424242 1.393939393939394 3.0 1.2121212121212122 2.8484848484848486 1.4545454545454546 2.0 2.090909090909091 1.696969696969697 2.0303030303030303 2.606060606060606 1.5151515151515151 2.303030303030303 1.303030303030303 1.7272727272727273 2.4242424242424243 2.696969696969697 1.5757575757575757 2.1515151515151514 2.727272727272727 2.0 2.5454545454545454 2.393939393939394 1.4545454545454546 2.5757575757575757 2.6666666666666665 2.8181818181818183 1.5454545454545454 2.0 1.303030303030303 2.8181818181818183 2.212121212121212 1.9090909090909092 1.2424242424242424 2.1515151515151514 2.303030303030303 2.4242424242424243 2.121212121212121  
47 33.0 1.8181818181818181 1.3333333333333333 1.2424242424242424 1.4242424242424243 1.393939393939394 2.212121212121212 2.484848484848485 2.242424242424242 2.757575757575758 2.4242424242424243 1.8181818181818181 1.6666666666666667 2.242424242424242 1.393939393939394 3.0 1.2121212121212122 2.8484848484848486 1.4545454545454546 2.0 2.090909090909091 1.696969696969697 2.0303030303030303 2.606060606060606 1.5151515151515151 2.303030303030303 1.303030303030303 1.7272727272727273 2.4242424242424243 2.696969696969697 1.5757575757575757 2.1515151515151514 2.727272727272727 2.0 2.5454545454545454 2.393939393939394 1.4545454545454546 2.5757575757575757 2.6666666666666665 2.8181818181818183 1.5454545454545454 2.0 1.303030303030303 2.8181818181818183 2.212121212121212 1.9090909090909092 1.2424242424242424 2.1515151515151514 2.303030303030303 2.4242424242424243 2.121212121212121  
82 140.57839576791193 1.2121212121212122 0.8888888888888888 0.8282828282828283 0.9494949494949495 0.9292929292929293 1.4747474747474747 1.6565656565656566 1.494949494949495 1.8383838383838385 1.6161616161616161 1.2121212121212122 1.1111111111111112 1.494949494949495 0.9292929292929293 2.0 0.8080808080808081 1.898989898989899 0.9696969696969697 1.3333333333333333 1.393939393939394 1.1313131313131313 1.3535353535353536 1.7373737373737375 1.0101010101010102 1.5353535353535352 0.8686868686868687 1.1515151515151516 1.6161616161616161 1.797979797979798 1.0505050505050506 1.4343434343434343 1.8181818181818181 1.3333333333333333 1.696969696969697 1.595959595959596 0.9696969696969697 1.7171717171717171 1.7777777777777777 1.878787878787879 1.0303030303030303 1.3333333333333333 0.8686868686868687 1.878787878787879 1.4747474747474747 1.2727272727272727 0.8282828282828283 1.4343434343434343 1.5353535353535352 1.6161616161616161 1.4141414141414141  
21 191.65776512399876 1.2121212121212122 0.8888888888888888 0.8282828282828283 0.9494949494949495 0.9292929292929293 1.4747474747474747 1.6565656565656566 1.494949494949495 1.8383838383838385 1.6161616161616161 1.2121212121212122 1.1111111111111112 1.494949494949495 0.9292929292929293 2.0 0.8080808080808081 1.898989898989899 0.9696969696969697 1.3333333333333333 1.393939393939394 1.1313131313131313 1.3535353535353536 1.7373737373737375 1.0101010101010102 1.5353535353535352 0.8686868686868687 1.1515151515151516 1.6161616161616161 1.797979797979798 1.0505050505050506 1.4343434343434343 1.8181818181818181 1.3333333333333333 1.696969696969697 1.595959595959596 0.9696969696969697 1.7171717171717171 1.7777777777777777 1.878787878787879 1.0303030303030303 1.3333333333333333 0.8686868686868687 1.878787878787879 1.4747474747474747 1.2727272727272727 0.8282828282828283 1.4343434343434343 1.5353535353535352 1.6161616161616161 1.4141414141414141  
46 24.987816985645935 1.8181818181818181 1.3333333333333333 1.2424242424242424 1.4242424242424243 1.393939393939394 2.212121212121212 2.484848484848485 2.242424242424242 2.757575757575758 2.4242424242424243 1.8181818181818181 1.6666666666666667 2.242424242424242 1.393939393939394 3.0 1.2121212121212122 2.8484848484848486 1.4545454545454546 2.0 2.090909090909091 1.696969696969697 2.0303030303030303 2.606060606060606 1.5151515151515151 2.303030303030303 1.303030303030303 1.7272727272727273 2.4242424242424243 2.696969696969697 1.5757575757575757 2.1515151515151514 2.727272727272727 2.0 2.5454545454545454 2.393939393939394 1.4545454545454546 2.5757575757575757 2.6666666666666665 2.8181818181818183 1.5454545454545454 2.0 1.303030303030303 2.8181818181818183 2.212121212121212 1.9090909090909092 1.2424242424242424 2.1515151515151514 2.303030303030303 2.4242424242424243 2.121212121212121  
31 270.1528504123613 1.2121212121212122 0.8888888888888888 0.8282828282828283 0.9494949494949495 0.9292929292929293 1.4747474747474747 1.6565656565656566 1.494949494949495 1.8383838383838385 1.6161616161616161 1.2121212121212122 1.1111111111111112 1.494949494949495 0.9292929292929293 2.0 0.8080808080808081 1.898989898989899 0.9696969696969697 1.3333333333333333 1.393939393939394 1.1313131313131313 1.3535353535353536 1.7373737373737375 1.0101010101010102 1.5353535353535352 0.8686868686868687 1.1515151515151516 1.6161616161616161 1.797979797979798 1.0505050505050506 1.4343434343434343 1.8181818181818181 1.3333333333333333 1.696969696969697 1.595959595959596 0.9696969696969697 1.7171717171717171 1.7777777777777777 1.878787878787879 1.0303030303030303 1.3333333333333333 0.8686868686868687 1.878787878787879 1.4747474747474747 1.2727272727272727 0.8282828282828283 1.4343434343434343 1.5353535353535352 1.6161616161616161 1.4141414141414141  
37 18.0 1.8181818181818181 1.3333333333333333 1.2424242424242424 1.4242424242424243 1.393939393939394 2.212121212121212 2.484848484848485 2.242424242424242 2.757575757575758 2.4242424242424243 1.8181818181818181 1.6666666666666667 2.242424242424242 1.393939393939394 3.0 1.2121212121212122 2.8484848484848486 1.4545454545454546 2.0 2.090909090909091 1.696969696969697 2.0303030303030303 2.606060606060606 1.5151515151515151 2.303030303030303 1.303030303030303 1.7272727272727273 2.4242424242424243 2.696969696969697 1.5757575757575757 2.1515151515151514 2.727272727272727 2.0 2.5454545454545454 2.393939393939394 1.4545454545454546 2.5757575757575757 2.6666666666666665 2.8181818181818183 1.5454545454545454 2.0 1.303030303030303 2.8181818181818183 2.212121212121212 1.9090909090909092 1.2424242424242424 2.1515151515151514 2.303030303030303 2.4242424242424243 2.121212121212121  
4 56.27823940765114 1.2121212121212122 0.8888888888888888 0.8282828282828283 0.9494949494949495 0.9292929292929293 1.4747474747474747 1.6565656565656566 1.494949494949495 1.8383838383838385 1.6161616161616161 1.2121212121212122 1.1111111111111112 1.494949494949495 0.9292929292929293 2.0 0.8080808080808081 1.898989898989899 0.9696969696969697 1.3333333333333333 1.393939393939394 1.1313131313131313 1.3535353535353536 1.7373737373737375 1.0101010101010102 1.5353535353535352 0.8686868686868687 1.1515151515151516 1.6161616161616161 1.797979797979798 1.0505050505050506 1.4343434343434343 1.8181818181818181 1.3333333333333333 1.696969696969697 1.595959595959596 0.9696969696969697 1.7171717171717171 1.7777777777777777 1.878787878787879 1.0303030303030303 1.3333333333333333 0.8686868686868687 1.878787878787879 1.4747474747474747 1.2727272727272727 0.8282828282828283 1.4343434343434343 1.5353535353535352 1.6161616161616161 1.4141414141414141  
58 44.62655391120508 1.2121212121212122 0.8888888888888888 0.8282828282828283 0.9494949494949495 0.9292929292929293 1.4747474747474747 1.6565656565656566 1.494949494949495 1.8383838383838385 1.6161616161616161 1.2121212121212122 1.1111111111111112 1.494949494949495 0.9292929292929293 2.0 0.8080808080808081 1.898989898989899 0.9696969696969697 1.3333333333333333 1.393939393939394 1.1313131313131313 1.3535353535353536 1.7373737373737375 1.0101010101010102 1.5353535353535352 0.8686868686868687 1.1515151515151516 1.6161616161616161 1.797979797979798 1.0505050505050506 1.4343434343434343 1.8181818181818181 1.3333333333333333 1.696969696969697 1.595959595959596 0.9696969696969697 1.7171717171717171 1.7777777777777777 1.878787878787879 1.0303030303030303 1.3333333333333333 0.8686868686868687 1.878787878787879 1.4747474747474747 1.2727272727272727 0.8282828282828283 1.4343434343434343 1.5353535353535352 1.6161616161616161 1.4141414141414141  
22 183.51142443761552 1.2121212121212122 0.8888888888888888 0.8282828282828283 0.9494949494949495 0.9292929292929293 1.4747474747474747 1.6565656565656566 1.494949494949495 1.8383838383838385 1.6161616161616161 1.2121212121212122 1.1111111111111112 1.494949494949495 0.9292929292929293 2.0 0.8080808080808081 1.898989898989899 0.9696969696969697 1.3333333333333333 1.393939393939394 1.1313131313131313 1.3535353535353536 1.7373737373737375 1.0101010101010102 1.5353535353535352 0.8686868686868687 1.1515151515151516 1.6161616161616161 1.797979797979798 1.0505050505050506 1.4343434343434343 1.8181818181818181 1.3333333333333333 1.696969696969697 1.595959595959596 0.9696969696969697 1.7171717171717171 1.7777777777777777 1.878787878787879 1.0303030303030303 1.3333333333333333 0.8686868686868687 1.878787878787879 1.4747474747474747 1.2727272727272727 0.8282828282828283 1.4343434343434343 1.5353535353535352 1.6161616161616161 1.4141414141414141  
79 29.42984696623216 1.8181818181818181 1.3333333333333333 1.2424242424242424 1.4242424242424243 1.393939393939394 2.212121212121212 2.484848484848485 2.242424242424242 2.757575757575758 2.4242424242424243 1.8181818181818181 1.6666666666666667 2.242424242424242 1.393939393939394 3.0 1.2121212121212122 2.8484848484848486 1.4545454545454546 2.0 2.090909090909091 1.696969696969697 2.0303030303030303 2.606060606060606 1.5151515151515151 2.303030303030303 1.303030303030303 1.7272727272727273 2.4242424242424243 2.696969696969697 1.5757575757575757 2.1515151515151514 2.727272727272727 2.0 2.5454545454545454 2.393939393939394 1.4545454545454546 2.5757575757575757 2.6666666666666665 2.8181818181818183 1.5454545454545454 2.0 1.303030303030303 2.8181818181818183 2.212121212121212 1.9090909090909092 1.2424242424242424 2.1515151515151514 2.303030303030303 2.4242424242424243 2.121212121212121  
54 32.0 1.8181818181818181 1.3333333333333333 1.2424242424242424 1.4242424242424243 1.393939393939394 2.212121212121212 2.484848484848485 2.242424242424242 2.757575757575758 2.4242424242424243 1.8181818181818181 1.6666666666666667 2.242424242424242 1.393939393939394 3.0 1.2121212121212122 2.8484848484848486 1.4545454545454546 2.0 2.090909090909091 1.696969696969697 2.0303030303030303 2.606060606060606 1.5151515151515151 2.303030303030303 1.303030303030303 1.7272727272727273 2.4242424242424243 2.696969696969697 1.5757575757575757 2.1515151515151514 2.727272727272727 2.0 2.5454545454545454 2.393939393939394 1.4545454545454546 2.5757575757575757 2.6666666666666665 2.8181818181818183 1.5454545454545454 2.0 1.303030303030303 2.8181818181818183 2.212121212121212 1.9090909090909092 1.2424242424242424 2.1515151515151514 2.303030303030303 2.4242424242424243 2.121212121212121  
59 59.38970807627479 1.2121212121212122 0.8888888888888888 0.8282828282828283 0.9494949494949495 0.9292929292929293 1.4747474747474747 1.6565656565656566 1.494949494949495 1.8383838383838385 1.6161616161616161 1.2121212121212122 1.1111111111111112 1.494949494949495 0.9292929292929293 2.0 0.8080808080808081 1.898989898989899 0.9696969696969697 1.3333333333333333 1.393939393939394 1.1313131313131313 1.3535353535353536 1.7373737373737375 1.0101010101010102 1.5353535353535352 0.8686868686868687 1.1515151515151516 1.6161616161616161 1.797979797979798 1.0505050505050506 1.4343434343434343 1.8181818181818181 1.3333333333333333 1.696969696969697 1.595959595959596 0.9696969696969697 1.7171717171717171 1.7777777777777777 1.878787878787879 1.0303030303030303 1.3333333333333333 0.8686868686868687 1.878787878787879 1.4747474747474747 1.2727272727272727 0.8282828282828283 1.4343434343434343 1.5353535353535352 1.6161616161616161 1.4141414141414141  
9 240.42715347622172 1.8181818181818181 1.3333333333333333 1.2424242424242424 1.4242424242424243 1.393939393939394 2.212121212121212 2.484848484848485 2.242424242424242 2.757575757575758 2.4242424242424243 1.8181818181818181 1.6666666666666667 2.242424242424242 1.393939393939394 3.0 1.2121212121212122 2.8484848484848486 1.4545454545454546 2.0 2.090909090909091 1.696969696969697 2.0303030303030303 2.606060606060606 1.5151515151515151 2.303030303030303 1.303030303030303 1.7272727272727273 2.4242424242424243 2.696969696969697 1.5757575757575757 2.1515151515151514 2.727272727272727 2.0 2.5454545454545454 2.393939393939394 1.4545454545454546 2.5757575757575757 2.6666666666666665 2.8181818181818183 1.5454545454545454 2.0 1.303030303030303 2.8181818181818183 2.212121212121212 1.9090909090909092 1.2424242424242424 2.1515151515151514 2.303030303030303 2.4242424242424243 2.121212121212121  
43 100.0754988867861 1.8181818181818181 1.3333333333333333 1.2424242424242424 1.4242424242424243 1.393939393939394 2.212121212121212 2.484848484848485 2.242424242424242 2.757575757575758 2.4242424242424243 1.8181818181818181 1.6666666666666667 2.242424242424242 1.393939393939394 3.0 1.2121212121212122 2.8484848484848486 1.4545454545454546 2.0 2.090909090909091 1.696969696969697 2.0303030303030303 2.606060606060606 1.5151515151515151 2.303030303030303 1.303030303030303 1.7272727272727273 2.4242424242424243 2.696969696969697 1.5757575757575757 2.1515151515151514 2.727272727272727 2.0 2.5454545454545454 2.393939393939394 1.4545454545454546 2.5757575757575757 2.6666666666666665 2.8181818181818183 1.5454545454545454 2.0 1.303030303030303 2.8181818181818183 2.212121212121212 1.9090909090909092 1.2424242424242424 2.1515151515151514 2.303030303030303 2.4242424242424243 2.121212121212121  
70 90.98458192035123 1.2121212121212122 0.8888888888888888 0.8282828282828283 0.9494949494949495 0.9292929292929293 1.4747474747474747 1.6565656565656566 1.494949494949495 1.8383838383838385 1.6161616161616161 1.2121212121212122 1.1111111111111112 1.494949494949495 0.9292929292929293 2.0 0.8080808080808081 1.898989898989899 0.9696969696969697 1.3333333333333333 1.393939393939394 1.1313131313131313 1.3535353535353536 1.7373737373737375 1.0101010101010102 1.5353535353535352 0.8686868686868687 1.1515151515151516 1.6161616161616161 1.797979797979798 1.0505050505050506 1.4343434343434343 1.8181818181818181 1.3333333333333333 1.696969696969697 1.595959595959596 0.9696969696969697 1.7171717171717171 1.7777777777777777 1.878787878787879 1.0303030303030303 1.3333333333333333 0.8686868686868687 1.878787878787879 1.4747474747474747 1.2727272727272727 0.8282828282828283 1.4343434343434343 1.5353535353535352 1.6161616161616161 1.4141414141414141  
39 28.017806309586785 1.8181818181818181 1.3333333333333333 1.2424242424242424 1.4242424242424243 1.393939393939394 2.212121212121212 2.484848484848485 2.242424242424242 2.757575757575758 2.4242424242424243 1.8181818181818181 1.6666666666666667 2.242424242424242 1.393939393939394 3.0 1.2121212121212122 2.8484848484848486 1.4545454545454546 2.0 2.090909090909091 1.696969696969697 2.0303030303030303 2.606060606060606 1.5151515151515151 2.303030303030303 1.303030303030303 1.7272727272727273 2.4242424242424243 2.696969696969697 1.5757575757575757 2.1515151515151514 2.727272727272727 2.0 2.5454545454545454 2.393939393939394 1.4545454545454546 2.5757575757575757 2.6666666666666665 2.8181818181818183 1.5454545454545454 2.0 1.303030303030303 2.8181818181818183 2.212121212121212 1.9090909090909092 1.2424242424242424 2.1515151515151514 2.303030303030303 2.4242424242424243 2.121212121212121  
76 12.963613002828682 1.8181818181818181 1.3333333333333333 1.2424242424242424 1.4242424242424243 1.393939393939394 2.212121212121212 2.484848484848485 2.242424242424242 2.757575757575758 2.4242424242424243 1.8181818181818181 1.6666666666666667 2.242424242424242 1.393939393939394 3.0 1.2121212121212122 2.8484848484848486 1.4545454545454546 2.0 2.090909090909091 1.696969696969697 2.0303030303030303 2.606060606060606 1.5151515151515151 2.303030303030303 1.303030303030303 1.7272727272727273 2.4242424242424243 2.696969696969697 1.5757575757575757 2.1515151515151514 2.727272727272727 2.0 2.5454545454545454 2.393939393939394 1.4545454545454546 2.5757575757575757 2.6666666666666665 2.8181818181818183 1.5454545454545454 2.0 1.303030303030303 2.8181818181818183 2.212121212121212 1.9090909090909092 1.2424242424242424 2.1515151515151514 2.303030303030303 2.4242424242424243 2.121212121212121  
15 35.55569203152612 1.8181818181818181 1.3333333333333333 1.2424242424242424 1.4242424242424243 1.393939393939394 2.212121212121212 2.484848484848485 2.242424242424242 2.757575757575758 2.4242424242424243 1.8181818181818181 1.6666666666666667 2.242424242424242 1.393939393939394 3.0 1.2121212121212122 2.8484848484848486 1.4545454545454546 2.0 2.090909090909091 1.696969696969697 2.0303030303030303 2.606060606060606 1.5151515151515151 2.303030303030303 1.303030303030303 1.7272727272727273 2.4242424242424243 2.696969696969697 1.5757575757575757 2.1515151515151514 2.727272727272727 2.0 2.5454545454545454 2.393939393939394 1.4545454545454546 2.5757575757575757 2.6666666666666665 2.8181818181818183 1.5454545454545454 2.0 1.303030303030303 2.8181818181818183 2.212121212121212 1.9090909090909092 1.2424242424242424 2.1515151515151514 2.303030303030303 2.4242424242424243 2.121212121212121  
57 78.4173036266059 1.8181818181818181 1.3333333333333333 1.2424242424242424 1.4242424242424243 1.393939393939394 2.212121212121212 2.484848484848485 2.242424242424242 2.757575757575758 2.4242424242424243 1.8181818181818181 1.6666666666666667 2.242424242424242 1.393939393939394 3.0 1.2121212121212122 2.8484848484848486 1.4545454545454546 2.0 2.090909090909091 1.696969696969697 2.0303030303030303 2.606060606060606 1.5151515151515151 2.303030303030303 1.303030303030303 1.7272727272727273 2.4242424242424243 2.696969696969697 1.5757575757575757 2.1515151515151514 2.727272727272727 2.0 2.5454545454545454 2.393939393939394 1.4545454545454546 2.5757575757575757 2.6666666666666665 2.8181818181818183 1.5454545454545454 2.0 1.303030303030303 2.8181818181818183 2.212121212121212 1.9090909090909092 1.2424242424242424 2.1515151515151514 2.303030303030303 2.4242424242424243 2.121212121212121  
62 9.50505285412262 1.8181818181818181 1.3333333333333333 1.2424242424242424 1.4242424242424243 1.393939393939394 2.212121212121212 2.484848484848485 2.242424242424242 2.757575757575758 2.4242424242424243 1.8181818181818181 1.6666666666666667 2.242424242424242 1.393939393939394 3.0 1.2121212121212122 2.8484848484848486 1.4545454545454546 2.0 2.090909090909091 1.696969696969697 2.0303030303030303 2.606060606060606 1.5151515151515151 2.303030303030303 1.303030303030303 1.7272727272727273 2.4242424242424243 2.696969696969697 1.5757575757575757 2.1515151515151514 2.727272727272727 2.0 2.5454545454545454 2.393939393939394 1.4545454545454546 2.5757575757575757 2.6666666666666665 2.8181818181818183 1.5454545454545454 2.0 1.303030303030303 2.8181818181818183 2.212121212121212 1.9090909090909092 1.2424242424242424 2.1515151515151514 2.303030303030303 2.4242424242424243 2.121212121212121  
60 3.1586469344608883 1.8181818181818181 1.3333333333333333 1.2424242424242424 1.4242424242424243 1.393939393939394 2.212121212121212 2.484848484848485 2.242424242424242 2.757575757575758 2.4242424242424243 1.8181818181818181 1.6666666666666667 2.242424242424242 1.393939393939394 3.0 1.2121212121212122 2.8484848484848486 1.4545454545454546 2.0 2.090909090909091 1.696969696969697 2.0303030303030303 2.606060606060606 1.5151515151515151 2.303030303030303 1.303030303030303 1.7272727272727273 2.4242424242424243 2.696969696969697 1.5757575757575757 2.1515151515151514 2.727272727272727 2.0 2.5454545454545454 2.393939393939394 1.4545454545454546 2.5757575757575757 2.6666666666666665 2.8181818181818183 1.5454545454545454 2.0 1.303030303030303 2.8181818181818183 2.212121212121212 1.9090909090909092 1.2424242424242424 2.1515151515151514 2.303030303030303 2.4242424242424243 2.121212121212121  
55 115.68568696450426 1.2121212121212122 0.8888888888888888 0.8282828282828283 0.9494949494949495 0.9292929292929293 1.4747474747474747 1.6565656565656566 1.494949494949495 1.8383838383838385 1.6161616161616161 1.2121212121212122 1.1111111111111112 1.494949494949495 0.9292929292929293 2.0 0.8080808080808081 1.898989898989899 0.9696969696969697 1.3333333333333333 1.393939393939394 1.1313131313131313 1.3535353535353536 1.7373737373737375 1.0101010101010102 1.5353535353535352 0.8686868686868687 1.1515151515151516 1.6161616161616161 1.797979797979798 1.0505050505050506 1.4343434343434343 1.8181818181818181 1.3333333333333333 1.696969696969697 1.595959595959596 0.9696969696969697 1.7171717171717171 1.7777777777777777 1.878787878787879 1.0303030303030303 1.3333333333333333 0.8686868686868687 1.878787878787879 1.4747474747474747 1.2727272727272727 0.8282828282828283 1.4343434343434343 1.5353535353535352 1.6161616161616161 1.4141414141414141  
30 179.20155645340276 1.2121212121212122 0.8888888888888888 0.8282828282828283 0.9494949494949495 0.9292929292929293 1.4747474747474747 1.6565656565656566 1.494949494949495 1.8383838383838385 1.6161616161616161 1.2121212121212122 1.1111111111111112 1.494949494949495 0.9292929292929293 2.0 0.8080808080808081 1.898989898989899 0.9696969696969697 1.3333333333333333 1.393939393939394 1.1313131313131313 1.3535353535353536 1.7373737373737375 1.0101010101010102 1.5353535353535352 0.8686868686868687 1.1515151515151516 1.6161616161616161 1.797979797979798 1.0505050505050506 1.4343434343434343 1.8181818181818181 1.3333333333333333 1.696969696969697 1.595959595959596 0.9696969696969697 1.7171717171717171 1.7777777777777777 1.878787878787879 1.0303030303030303 1.3333333333333333 0.8686868686868687 1.878787878787879 1.4747474747474747 1.2727272727272727 0.8282828282828283 1.4343434343434343 1.5353535353535352 1.6161616161616161 1.4141414141414141  
8 167.44360323856944 1.8181818181818181 1.3333333333333333 1.2424242424242424 1.4242424242424243 1.393939393939394 2.212121212121212 2.484848484848485 2.242424242424242 2.757575757575758 2.4242424242424243 1.8181818181818181 1.6666666666666667 2.242424242424242 1.393939393939394 3.0 1.2121212121212122 2.8484848484848486 1.4545454545454546 2.0 2.090909090909091 1.696969696969697 2.0303030303030303 2.606060606060606 1.5151515151515151 2.303030303030303 1.303030303030303 1.7272727272727273 2.4242424242424243 2.696969696969697 1.5757575757575757 2.1515151515151514 2.727272727272727 2.0 2.5454545454545454 2.393939393939394 1.4545454545454546 2.5757575757575757 2.6666666666666665 2.8181818181818183 1.5454545454545454 2.0 1.303030303030303 2.8181818181818183 2.212121212121212 1.9090909090909092 1.2424242424242424 2.1515151515151514 2.303030303030303 2.4242424242424243 2.121212121212121  
49 62.03056884635831 1.2121212121212122 0.8888888888888888 0.8282828282828283 0.9494949494949495 0.9292929292929293 1.4747474747474747 1.6565656565656566 1.494949494949495 1.8383838383838385 1.6161616161616161 1.2121212121212122 1.1111111111111112 1.494949494949495 0.9292929292929293 2.0 0.8080808080808081 1.898989898989899 0.9696969696969697 1.3333333333333333 1.393939393939394 1.1313131313131313 1.3535353535353536 1.7373737373737375 1.0101010101010102 1.5353535353535352 0.8686868686868687 1.1515151515151516 1.6161616161616161 1.797979797979798 1.0505050505050506 1.4343434343434343 1.8181818181818181 1.3333333333333333 1.696969696969697 1.595959595959596 0.9696969696969697 1.7171717171717171 1.7777777777777777 1.878787878787879 1.0303030303030303 1.3333333333333333 0.8686868686868687 1.878787878787879 1.4747474747474747 1.2727272727272727 0.8282828282828283 1.4343434343434343 1.5353535353535352 1.6161616161616161 1.4141414141414141  
26 153.94163139840953 1.2121212121212122 0.8888888888888888 0.8282828282828283 0.9494949494949495 0.9292929292929293 1.4747474747474747 1.6565656565656566 1.494949494949495 1.8383838383838385 1.6161616161616161 1.2121212121212122 1.1111111111111112 1.494949494949495 0.9292929292929293 2.0 0.8080808080808081 1.898989898989899 0.9696969696969697 1.3333333333333333 1.393939393939394 1.1313131313131313 1.3535353535353536 1.7373737373737375 1.0101010101010102 1.5353535353535352 0.8686868686868687 1.1515151515151516 1.6161616161616161 1.797979797979798 1.0505050505050506 1.4343434343434343 1.8181818181818181 1.3333333333333333 1.696969696969697 1.595959595959596 0.9696969696969697 1.7171717171717171 1.7777777777777777 1.878787878787879 1.0303030303030303 1.3333333333333333 0.8686868686868687 1.878787878787879 1.4747474747474747 1.2727272727272727 0.8282828282828283 1.4343434343434343 1.5353535353535352 1.6161616161616161 1.4141414141414141  
11 101.09306412093208 1.8181818181818181 1.3333333333333333 1.2424242424242424 1.4242424242424243 1.393939393939394 2.212121212121212 2.484848484848485 2.242424242424242 2.757575757575758 2.4242424242424243 1.8181818181818181 1.6666666666666667 2.242424242424242 1.393939393939394 3.0 1.2121212121212122 2.8484848484848486 1.4545454545454546 2.0 2.090909090909091 1.696969696969697 2.0303030303030303 2.606060606060606 1.5151515151515151 2.303030303030303 1.303030303030303 1.7272727272727273 2.4242424242424243 2.696969696969697 1.5757575757575757 2.1515151515151514 2.727272727272727 2.0 2.5454545454545454 2.393939393939394 1.4545454545454546 2.5757575757575757 2.6666666666666665 2.8181818181818183 1.5454545454545454 2.0 1.303030303030303 2.8181818181818183 2.212121212121212 1.9090909090909092 1.2424242424242424 2.1515151515151514 2.303030303030303 2.4242424242424243 2.121212121212121  
40 38.01287874095719 1.8181818181818181 1.3333333333333333 1.2424242424242424 1.4242424242424243 1.393939393939394 2.212121212121212 2.484848484848485 2.242424242424242 2.757575757575758 2.4242424242424243 1.8181818181818181 1.6666666666666667 2.242424242424242 1.393939393939394 3.0 1.2121212121212122 2.8484848484848486 1.4545454545454546 2.0 2.090909090909091 1.696969696969697 2.0303030303030303 2.606060606060606 1.5151515151515151 2.303030303030303 1.303030303030303 1.7272727272727273 2.4242424242424243 2.696969696969697 1.5757575757575757 2.1515151515151514 2.727272727272727 2.0 2.5454545454545454 2.393939393939394 1.4545454545454546 2.5757575757575757 2.6666666666666665 2.8181818181818183 1.5454545454545454 2.0 1.303030303030303 2.8181818181818183 2.212121212121212 1.9090909090909092 1.2424242424242424 2.1515151515151514 2.303030303030303 2.4242424242424243 2.121212121212121  
