70 30
TREE NETWORK (nID nID Weight):
1 0 53.0 
2 1 43.0 
50 0 46.0 
26 1 49.0 
3 2 54.0 
61 0 58.0 
27 26 37.0 
42 1 56.0 
43 42 38.0 
51 50 36.0 
4 3 45.0 
28 26 35.0 
29 28 53.0 
49 1 49.0 
5 4 51.0 
44 43 39.0 
45 44 56.0 
20 2 51.0 
30 29 37.0 
62 61 39.0 
63 62 38.0 
6 4 48.0 
36 28 50.0 
37 36 53.0 
64 62 36.0 
52 51 59.0 
21 2 33.0 
39 26 53.0 
13 3 39.0 
14 3 36.0 
34 29 55.0 
46 44 55.0 
55 51 39.0 
53 52 47.0 
22 2 58.0 
7 6 42.0 
65 61 45.0 
10 4 34.0 
12 4 42.0 
23 2 30.0 
18 3 30.0 
31 30 53.0 
15 14 42.0 
32 31 34.0 
40 26 41.0 
8 6 51.0 
38 28 50.0 
25 2 56.0 
11 10 48.0 
35 29 48.0 
68 61 55.0 
56 51 32.0 
66 65 55.0 
47 44 53.0 
67 66 53.0 
57 51 34.0 
16 15 40.0 
19 18 39.0 
24 23 54.0 
58 57 43.0 
60 50 33.0 
33 31 54.0 
41 40 51.0 
9 8 46.0 
59 57 58.0 
69 61 33.0 
54 52 38.0 
17 16 34.0 
48 42 32.0 
PROGRAMS ASSIGNED TO NODES (nID pID1 pID2 ...):
0 1 2 3 4 5 6 7 8 9 10 11 12 13 14 15 16 17 18 19 20 21 22 23 24 25 26 27 28 29 30  
10 2 5 8 11 14 16 18 19 20 23 30  
20 1 2 4 6 8 9 11 12 14 15 16 17 18 19 20 22 24 29 30  
26  
38 9 12 18 19 20 21 25  
48 1 2 3 4 6 7 8 9 11 12 13 15 16 18 19 21 22 23 24 25 27 28 29 30  
32 1 2 3 4 5 7 8 9 10 11 12 14 15 17 18 19 20 21 22 23 24 25 26 27 29 30  
8 1 2 5 7 9 10 11 13 14 15 18 20 21 23  
58 1 6 16  
43 1 23  
34 1 2 3 4 5 6 8 9 10 12 13 14 15 16 17 18 19 20 21 22 23 24 25 26 27 28 29 30  
24 9 11 13 14 19 28  
49 1 2 3 4 5 6 7 8 9 10 11 12 13 14 15 16 17 18 19 20 21 22 23 26 27 28 29 30  
61 3 4 6 7 8 11 12 13 14 15 16 17 18 19 21 22 23 25 28 29 30  
59 1 2 3 4 6 7 8 9 10 11 12 13 14 15 16 17 18 19 20 21 22 23 24 25 26 27 28 29 30  
16 2 4 5 6 8 9 10 11 13 14 16 18 19 20 23 24 25 26 29  
11 7 18 19 26 29  
55 1 3 4 5 6 8 9 10 11 12 13 14 15 16 17 18 19 20 23 24 26 27 28 29 30  
22 2 4 5 6 7 8 11 13 14 15 16 17 20 23 24 27 28 29  
30  
4 12 16 20 27  
1 1 2 3 5 6 7 8 9 10 11 12 13 15 16 17 18 19 20 23 25 26 27 29 30  
64 5 9 30  
36 4 9 13 19 24 28 30  
65 1 4 5 6 7 9 10 11 13 14 15 16 18 19 20 24 26 27  
45 3 7 8 9 10 12 13 15 17 18 19 20 21 22 24 25 27 28 29 30  
37 1 6 8 23  
9 2 3 4 6 7 9 10 14 15 16 19 20 22 26 27 28 29 30  
50 1 2 5 6 8 9 10 14 15 17 21 23 24 25 26 27 28 29 30  
51 2 3 4 6 7 9 10 12 13 15 16 17 18 19 20 22 23 24 26 27 29  
28 1 6 10 12 13 18 19 20 22 23 24 27 28 29 30  
63 1 2 3 5 6 7 8 9 10 13 16 21 22 23 27 30  
17 1 2 3 5 6 8 12 13 14 16 17 18 19 20 21 22 23 24 25 28 30  
40 5 10 13 23  
27 1 2 3 4 5 6 7 8 9 10 13 14 15 16 17 18 19 20 21 22 23 26 27 28 29 30  
66 3 11 12 16 18 21 22 23 26  
31 3 7 10 13 14 15 18 19 21 25 29  
67 1 7 19 26 27  
54 1 6 9 23 24  
5 1 3 4 5 6 7 8 9 10 11 12 13 15 16 18 20 21 22 23 24 26 27 28 29 30  
21 9 19  
47 1 2 3 4 6 8 9 10 11 12 13 14 15 18 19 21 23 24 25 26 27 28 29 30  
39 1 2 3 4 5 6 9 10 12 13 14 16 17 18 20 21 22 23 24 25 27 29 30  
68 2 8 9 12 16 18 23  
19 1 3 4 5 10 12 13 14 16 19 24 26 27 28 29  
60 1 2 3 4 9 10 11 13 14 15 16 17 18 19 21 23 26 28 30  
42 6 7 11 12 14 19 22 23 29  
33 1 2 3 4 5 6 7 8 10 11 12 14 15 16 17 18 20 22 23 24 25 26 27 28 29 30  
62 4 5 6 7 8 9 10 11 12 13 14 15 16 17 19 20 21 23 25 26 27 28 29  
2 4 6 11 12 15 20 21 22 27  
57 4 12 21  
6 7 9 19 20 21 24 26 30  
35 1 2 3 4 8 9 10 14 15 17 18 19 20 23 24 25 27 29 30  
25 2 3 4 6 7 8 9 12 13 16 17 18 19 20 21 22 24 27 29 30  
14 2 3 5 7 11 12 13 14 17 20 23  
3 4 5 6 7 12 16 17 18 20 22 23 24 25 26 28 29 30  
15 1 2 3 4 5 6 7 8 10 11 13 14 15 16 18 24 29 30  
12 3 4 5 7 10 13 17 19 22 25 26  
13 1 3 13 15 19 21 30  
18 1 3 4 5 6 7 8 10 12 14 15 16 17 18 19 20 21 22 23 24 25 26 28 30  
7 2 8 15 23 25 27  
56 4 10 20 23  
53 3 4 13 24 29  
52 1 2 3 4 6 10 12 13 14 15 16 17 18 21 22 26 27 28 29 30  
41 8  
46 3 4 9 11 13 16 20 22 23 29  
44 1 2 3 4 5 6 7 8 9 10 11 12 13 15 16 17 18 19 20 21 22 23 24 25 26 27 28 29 30  
23  
29 1 4 5 6 7 8 9 10 11 13 19 23 25 29  
69 1 3 4 21 29  
SIZE OF PROGRAMS (pID SIZE):
1 82.0 
2 96.0 
3 40.0 
4 59.0 
5 46.0 
6 48.0 
7 53.0 
8 87.0 
9 97.0 
10 40.0 
11 40.0 
12 44.0 
13 54.0 
14 67.0 
15 79.0 
16 80.0 
17 50.0 
18 60.0 
19 48.0 
20 59.0 
21 74.0 
22 84.0 
23 96.0 
24 71.0 
25 71.0 
26 41.0 
27 55.0 
28 56.0 
29 73.0 
30 97.0 
COST_INSTALL_SERVER_AND_PROGRAMS :
0 7021.649484536083 2.536082474226804 2.9690721649484537 1.2371134020618557 1.824742268041237 1.422680412371134 1.4845360824742269 1.6391752577319587 2.6907216494845363 3.0 1.2371134020618557 1.2371134020618557 1.3608247422680413 1.6701030927835052 2.0721649484536084 2.443298969072165 2.4742268041237114 1.5463917525773196 1.8556701030927836 1.4845360824742269 1.824742268041237 2.288659793814433 2.597938144329897 2.9690721649484537 2.195876288659794 2.195876288659794 1.268041237113402 1.7010309278350515 1.731958762886598 2.2577319587628866 3.0  
10 48.58398139489419 2.536082474226804 2.9690721649484537 1.2371134020618557 1.824742268041237 1.422680412371134 1.4845360824742269 1.6391752577319587 2.6907216494845363 3.0 1.2371134020618557 1.2371134020618557 1.3608247422680413 1.6701030927835052 2.0721649484536084 2.443298969072165 2.4742268041237114 1.5463917525773196 1.8556701030927836 1.4845360824742269 1.824742268041237 2.288659793814433 2.597938144329897 2.9690721649484537 2.195876288659794 2.195876288659794 1.268041237113402 1.7010309278350515 1.731958762886598 2.2577319587628866 3.0  
20 38.657161754882594 2.536082474226804 2.9690721649484537 1.2371134020618557 1.824742268041237 1.422680412371134 1.4845360824742269 1.6391752577319587 2.6907216494845363 3.0 1.2371134020618557 1.2371134020618557 1.3608247422680413 1.6701030927835052 2.0721649484536084 2.443298969072165 2.4742268041237114 1.5463917525773196 1.8556701030927836 1.4845360824742269 1.824742268041237 2.288659793814433 2.597938144329897 2.9690721649484537 2.195876288659794 2.195876288659794 1.268041237113402 1.7010309278350515 1.731958762886598 2.2577319587628866 3.0  
26 35.50594371060006 1.690721649484536 1.9793814432989691 0.8247422680412371 1.2164948453608246 0.9484536082474226 0.9896907216494846 1.092783505154639 1.7938144329896908 2.0 0.8247422680412371 0.8247422680412371 0.9072164948453608 1.1134020618556701 1.3814432989690721 1.6288659793814433 1.6494845360824741 1.0309278350515463 1.2371134020618557 0.9896907216494846 1.2164948453608246 1.5257731958762886 1.731958762886598 1.9793814432989691 1.4639175257731958 1.4639175257731958 0.845360824742268 1.134020618556701 1.1546391752577319 1.5051546391752577 2.0  
38 23.85076946238523 2.536082474226804 2.9690721649484537 1.2371134020618557 1.824742268041237 1.422680412371134 1.4845360824742269 1.6391752577319587 2.6907216494845363 3.0 1.2371134020618557 1.2371134020618557 1.3608247422680413 1.6701030927835052 2.0721649484536084 2.443298969072165 2.4742268041237114 1.5463917525773196 1.8556701030927836 1.4845360824742269 1.824742268041237 2.288659793814433 2.597938144329897 2.9690721649484537 2.195876288659794 2.195876288659794 1.268041237113402 1.7010309278350515 1.731958762886598 2.2577319587628866 3.0  
48 45.15538006780228 1.690721649484536 1.9793814432989691 0.8247422680412371 1.2164948453608246 0.9484536082474226 0.9896907216494846 1.092783505154639 1.7938144329896908 2.0 0.8247422680412371 0.8247422680412371 0.9072164948453608 1.1134020618556701 1.3814432989690721 1.6288659793814433 1.6494845360824741 1.0309278350515463 1.2371134020618557 0.9896907216494846 1.2164948453608246 1.5257731958762886 1.731958762886598 1.9793814432989691 1.4639175257731958 1.4639175257731958 0.845360824742268 1.134020618556701 1.1546391752577319 1.5051546391752577 2.0  
32 269.4047581692377 1.690721649484536 1.9793814432989691 0.8247422680412371 1.2164948453608246 0.9484536082474226 0.9896907216494846 1.092783505154639 1.7938144329896908 2.0 0.8247422680412371 0.8247422680412371 0.9072164948453608 1.1134020618556701 1.3814432989690721 1.6288659793814433 1.6494845360824741 1.0309278350515463 1.2371134020618557 0.9896907216494846 1.2164948453608246 1.5257731958762886 1.731958762886598 1.9793814432989691 1.4639175257731958 1.4639175257731958 0.845360824742268 1.134020618556701 1.1546391752577319 1.5051546391752577 2.0  
8 131.55738617152483 2.536082474226804 2.9690721649484537 1.2371134020618557 1.824742268041237 1.422680412371134 1.4845360824742269 1.6391752577319587 2.6907216494845363 3.0 1.2371134020618557 1.2371134020618557 1.3608247422680413 1.6701030927835052 2.0721649484536084 2.443298969072165 2.4742268041237114 1.5463917525773196 1.8556701030927836 1.4845360824742269 1.824742268041237 2.288659793814433 2.597938144329897 2.9690721649484537 2.195876288659794 2.195876288659794 1.268041237113402 1.7010309278350515 1.731958762886598 2.2577319587628866 3.0  
58 13.703076268711236 1.690721649484536 1.9793814432989691 0.8247422680412371 1.2164948453608246 0.9484536082474226 0.9896907216494846 1.092783505154639 1.7938144329896908 2.0 0.8247422680412371 0.8247422680412371 0.9072164948453608 1.1134020618556701 1.3814432989690721 1.6288659793814433 1.6494845360824741 1.0309278350515463 1.2371134020618557 0.9896907216494846 1.2164948453608246 1.5257731958762886 1.731958762886598 1.9793814432989691 1.4639175257731958 1.4639175257731958 0.845360824742268 1.134020618556701 1.1546391752577319 1.5051546391752577 2.0  
43 26.82483583901714 2.536082474226804 2.9690721649484537 1.2371134020618557 1.824742268041237 1.422680412371134 1.4845360824742269 1.6391752577319587 2.6907216494845363 3.0 1.2371134020618557 1.2371134020618557 1.3608247422680413 1.6701030927835052 2.0721649484536084 2.443298969072165 2.4742268041237114 1.5463917525773196 1.8556701030927836 1.4845360824742269 1.824742268041237 2.288659793814433 2.597938144329897 2.9690721649484537 2.195876288659794 2.195876288659794 1.268041237113402 1.7010309278350515 1.731958762886598 2.2577319587628866 3.0  
34 160.0243314409788 1.690721649484536 1.9793814432989691 0.8247422680412371 1.2164948453608246 0.9484536082474226 0.9896907216494846 1.092783505154639 1.7938144329896908 2.0 0.8247422680412371 0.8247422680412371 0.9072164948453608 1.1134020618556701 1.3814432989690721 1.6288659793814433 1.6494845360824741 1.0309278350515463 1.2371134020618557 0.9896907216494846 1.2164948453608246 1.5257731958762886 1.731958762886598 1.9793814432989691 1.4639175257731958 1.4639175257731958 0.845360824742268 1.134020618556701 1.1546391752577319 1.5051546391752577 2.0  
24 16.628395114543586 2.536082474226804 2.9690721649484537 1.2371134020618557 1.824742268041237 1.422680412371134 1.4845360824742269 1.6391752577319587 2.6907216494845363 3.0 1.2371134020618557 1.2371134020618557 1.3608247422680413 1.6701030927835052 2.0721649484536084 2.443298969072165 2.4742268041237114 1.5463917525773196 1.8556701030927836 1.4845360824742269 1.824742268041237 2.288659793814433 2.597938144329897 2.9690721649484537 2.195876288659794 2.195876288659794 1.268041237113402 1.7010309278350515 1.731958762886598 2.2577319587628866 3.0  
49 33.328462481183344 1.690721649484536 1.9793814432989691 0.8247422680412371 1.2164948453608246 0.9484536082474226 0.9896907216494846 1.092783505154639 1.7938144329896908 2.0 0.8247422680412371 0.8247422680412371 0.9072164948453608 1.1134020618556701 1.3814432989690721 1.6288659793814433 1.6494845360824741 1.0309278350515463 1.2371134020618557 0.9896907216494846 1.2164948453608246 1.5257731958762886 1.731958762886598 1.9793814432989691 1.4639175257731958 1.4639175257731958 0.845360824742268 1.134020618556701 1.1546391752577319 1.5051546391752577 2.0  
61 34.0 1.690721649484536 1.9793814432989691 0.8247422680412371 1.2164948453608246 0.9484536082474226 0.9896907216494846 1.092783505154639 1.7938144329896908 2.0 0.8247422680412371 0.8247422680412371 0.9072164948453608 1.1134020618556701 1.3814432989690721 1.6288659793814433 1.6494845360824741 1.0309278350515463 1.2371134020618557 0.9896907216494846 1.2164948453608246 1.5257731958762886 1.731958762886598 1.9793814432989691 1.4639175257731958 1.4639175257731958 0.845360824742268 1.134020618556701 1.1546391752577319 1.5051546391752577 2.0  
59 115.75709119700645 2.536082474226804 2.9690721649484537 1.2371134020618557 1.824742268041237 1.422680412371134 1.4845360824742269 1.6391752577319587 2.6907216494845363 3.0 1.2371134020618557 1.2371134020618557 1.3608247422680413 1.6701030927835052 2.0721649484536084 2.443298969072165 2.4742268041237114 1.5463917525773196 1.8556701030927836 1.4845360824742269 1.824742268041237 2.288659793814433 2.597938144329897 2.9690721649484537 2.195876288659794 2.195876288659794 1.268041237113402 1.7010309278350515 1.731958762886598 2.2577319587628866 3.0  
16 215.49713148639867 1.690721649484536 1.9793814432989691 0.8247422680412371 1.2164948453608246 0.9484536082474226 0.9896907216494846 1.092783505154639 1.7938144329896908 2.0 0.8247422680412371 0.8247422680412371 0.9072164948453608 1.1134020618556701 1.3814432989690721 1.6288659793814433 1.6494845360824741 1.0309278350515463 1.2371134020618557 0.9896907216494846 1.2164948453608246 1.5257731958762886 1.731958762886598 1.9793814432989691 1.4639175257731958 1.4639175257731958 0.845360824742268 1.134020618556701 1.1546391752577319 1.5051546391752577 2.0  
11 35.059701408089744 1.690721649484536 1.9793814432989691 0.8247422680412371 1.2164948453608246 0.9484536082474226 0.9896907216494846 1.092783505154639 1.7938144329896908 2.0 0.8247422680412371 0.8247422680412371 0.9072164948453608 1.1134020618556701 1.3814432989690721 1.6288659793814433 1.6494845360824741 1.0309278350515463 1.2371134020618557 0.9896907216494846 1.2164948453608246 1.5257731958762886 1.731958762886598 1.9793814432989691 1.4639175257731958 1.4639175257731958 0.845360824742268 1.134020618556701 1.1546391752577319 1.5051546391752577 2.0  
55 42.172038281627785 2.536082474226804 2.9690721649484537 1.2371134020618557 1.824742268041237 1.422680412371134 1.4845360824742269 1.6391752577319587 2.6907216494845363 3.0 1.2371134020618557 1.2371134020618557 1.3608247422680413 1.6701030927835052 2.0721649484536084 2.443298969072165 2.4742268041237114 1.5463917525773196 1.8556701030927836 1.4845360824742269 1.824742268041237 2.288659793814433 2.597938144329897 2.9690721649484537 2.195876288659794 2.195876288659794 1.268041237113402 1.7010309278350515 1.731958762886598 2.2577319587628866 3.0  
22 44.57954996946655 1.690721649484536 1.9793814432989691 0.8247422680412371 1.2164948453608246 0.9484536082474226 0.9896907216494846 1.092783505154639 1.7938144329896908 2.0 0.8247422680412371 0.8247422680412371 0.9072164948453608 1.1134020618556701 1.3814432989690721 1.6288659793814433 1.6494845360824741 1.0309278350515463 1.2371134020618557 0.9896907216494846 1.2164948453608246 1.5257731958762886 1.731958762886598 1.9793814432989691 1.4639175257731958 1.4639175257731958 0.845360824742268 1.134020618556701 1.1546391752577319 1.5051546391752577 2.0  
30 53.57332029079312 2.536082474226804 2.9690721649484537 1.2371134020618557 1.824742268041237 1.422680412371134 1.4845360824742269 1.6391752577319587 2.6907216494845363 3.0 1.2371134020618557 1.2371134020618557 1.3608247422680413 1.6701030927835052 2.0721649484536084 2.443298969072165 2.4742268041237114 1.5463917525773196 1.8556701030927836 1.4845360824742269 1.824742268041237 2.288659793814433 2.597938144329897 2.9690721649484537 2.195876288659794 2.195876288659794 1.268041237113402 1.7010309278350515 1.731958762886598 2.2577319587628866 3.0  
4 43.38401917651817 2.536082474226804 2.9690721649484537 1.2371134020618557 1.824742268041237 1.422680412371134 1.4845360824742269 1.6391752577319587 2.6907216494845363 3.0 1.2371134020618557 1.2371134020618557 1.3608247422680413 1.6701030927835052 2.0721649484536084 2.443298969072165 2.4742268041237114 1.5463917525773196 1.8556701030927836 1.4845360824742269 1.824742268041237 2.288659793814433 2.597938144329897 2.9690721649484537 2.195876288659794 2.195876288659794 1.268041237113402 1.7010309278350515 1.731958762886598 2.2577319587628866 3.0  
1 75.0 2.536082474226804 2.9690721649484537 1.2371134020618557 1.824742268041237 1.422680412371134 1.4845360824742269 1.6391752577319587 2.6907216494845363 3.0 1.2371134020618557 1.2371134020618557 1.3608247422680413 1.6701030927835052 2.0721649484536084 2.443298969072165 2.4742268041237114 1.5463917525773196 1.8556701030927836 1.4845360824742269 1.824742268041237 2.288659793814433 2.597938144329897 2.9690721649484537 2.195876288659794 2.195876288659794 1.268041237113402 1.7010309278350515 1.731958762886598 2.2577319587628866 3.0  
64 6.605494635711486 1.690721649484536 1.9793814432989691 0.8247422680412371 1.2164948453608246 0.9484536082474226 0.9896907216494846 1.092783505154639 1.7938144329896908 2.0 0.8247422680412371 0.8247422680412371 0.9072164948453608 1.1134020618556701 1.3814432989690721 1.6288659793814433 1.6494845360824741 1.0309278350515463 1.2371134020618557 0.9896907216494846 1.2164948453608246 1.5257731958762886 1.731958762886598 1.9793814432989691 1.4639175257731958 1.4639175257731958 0.845360824742268 1.134020618556701 1.1546391752577319 1.5051546391752577 2.0  
36 24.941944035346108 1.690721649484536 1.9793814432989691 0.8247422680412371 1.2164948453608246 0.9484536082474226 0.9896907216494846 1.092783505154639 1.7938144329896908 2.0 0.8247422680412371 0.8247422680412371 0.9072164948453608 1.1134020618556701 1.3814432989690721 1.6288659793814433 1.6494845360824741 1.0309278350515463 1.2371134020618557 0.9896907216494846 1.2164948453608246 1.5257731958762886 1.731958762886598 1.9793814432989691 1.4639175257731958 1.4639175257731958 0.845360824742268 1.134020618556701 1.1546391752577319 1.5051546391752577 2.0  
65 4.132520210398813 2.536082474226804 2.9690721649484537 1.2371134020618557 1.824742268041237 1.422680412371134 1.4845360824742269 1.6391752577319587 2.6907216494845363 3.0 1.2371134020618557 1.2371134020618557 1.3608247422680413 1.6701030927835052 2.0721649484536084 2.443298969072165 2.4742268041237114 1.5463917525773196 1.8556701030927836 1.4845360824742269 1.824742268041237 2.288659793814433 2.597938144329897 2.9690721649484537 2.195876288659794 2.195876288659794 1.268041237113402 1.7010309278350515 1.731958762886598 2.2577319587628866 3.0  
45 52.56633971370681 2.536082474226804 2.9690721649484537 1.2371134020618557 1.824742268041237 1.422680412371134 1.4845360824742269 1.6391752577319587 2.6907216494845363 3.0 1.2371134020618557 1.2371134020618557 1.3608247422680413 1.6701030927835052 2.0721649484536084 2.443298969072165 2.4742268041237114 1.5463917525773196 1.8556701030927836 1.4845360824742269 1.824742268041237 2.288659793814433 2.597938144329897 2.9690721649484537 2.195876288659794 2.195876288659794 1.268041237113402 1.7010309278350515 1.731958762886598 2.2577319587628866 3.0  
37 29.643157227411493 1.690721649484536 1.9793814432989691 0.8247422680412371 1.2164948453608246 0.9484536082474226 0.9896907216494846 1.092783505154639 1.7938144329896908 2.0 0.8247422680412371 0.8247422680412371 0.9072164948453608 1.1134020618556701 1.3814432989690721 1.6288659793814433 1.6494845360824741 1.0309278350515463 1.2371134020618557 0.9896907216494846 1.2164948453608246 1.5257731958762886 1.731958762886598 1.9793814432989691 1.4639175257731958 1.4639175257731958 0.845360824742268 1.134020618556701 1.1546391752577319 1.5051546391752577 2.0  
9 89.79906465226446 1.690721649484536 1.9793814432989691 0.8247422680412371 1.2164948453608246 0.9484536082474226 0.9896907216494846 1.092783505154639 1.7938144329896908 2.0 0.8247422680412371 0.8247422680412371 0.9072164948453608 1.1134020618556701 1.3814432989690721 1.6288659793814433 1.6494845360824741 1.0309278350515463 1.2371134020618557 0.9896907216494846 1.2164948453608246 1.5257731958762886 1.731958762886598 1.9793814432989691 1.4639175257731958 1.4639175257731958 0.845360824742268 1.134020618556701 1.1546391752577319 1.5051546391752577 2.0  
50 1.7102160176978272 1.690721649484536 1.9793814432989691 0.8247422680412371 1.2164948453608246 0.9484536082474226 0.9896907216494846 1.092783505154639 1.7938144329896908 2.0 0.8247422680412371 0.8247422680412371 0.9072164948453608 1.1134020618556701 1.3814432989690721 1.6288659793814433 1.6494845360824741 1.0309278350515463 1.2371134020618557 0.9896907216494846 1.2164948453608246 1.5257731958762886 1.731958762886598 1.9793814432989691 1.4639175257731958 1.4639175257731958 0.845360824742268 1.134020618556701 1.1546391752577319 1.5051546391752577 2.0  
51 45.91957377230901 1.690721649484536 1.9793814432989691 0.8247422680412371 1.2164948453608246 0.9484536082474226 0.9896907216494846 1.092783505154639 1.7938144329896908 2.0 0.8247422680412371 0.8247422680412371 0.9072164948453608 1.1134020618556701 1.3814432989690721 1.6288659793814433 1.6494845360824741 1.0309278350515463 1.2371134020618557 0.9896907216494846 1.2164948453608246 1.5257731958762886 1.731958762886598 1.9793814432989691 1.4639175257731958 1.4639175257731958 0.845360824742268 1.134020618556701 1.1546391752577319 1.5051546391752577 2.0  
28 67.94066941480017 2.536082474226804 2.9690721649484537 1.2371134020618557 1.824742268041237 1.422680412371134 1.4845360824742269 1.6391752577319587 2.6907216494845363 3.0 1.2371134020618557 1.2371134020618557 1.3608247422680413 1.6701030927835052 2.0721649484536084 2.443298969072165 2.4742268041237114 1.5463917525773196 1.8556701030927836 1.4845360824742269 1.824742268041237 2.288659793814433 2.597938144329897 2.9690721649484537 2.195876288659794 2.195876288659794 1.268041237113402 1.7010309278350515 1.731958762886598 2.2577319587628866 3.0  
63 28.21178333134522 2.536082474226804 2.9690721649484537 1.2371134020618557 1.824742268041237 1.422680412371134 1.4845360824742269 1.6391752577319587 2.6907216494845363 3.0 1.2371134020618557 1.2371134020618557 1.3608247422680413 1.6701030927835052 2.0721649484536084 2.443298969072165 2.4742268041237114 1.5463917525773196 1.8556701030927836 1.4845360824742269 1.824742268041237 2.288659793814433 2.597938144329897 2.9690721649484537 2.195876288659794 2.195876288659794 1.268041237113402 1.7010309278350515 1.731958762886598 2.2577319587628866 3.0  
17 80.4850939863723 1.690721649484536 1.9793814432989691 0.8247422680412371 1.2164948453608246 0.9484536082474226 0.9896907216494846 1.092783505154639 1.7938144329896908 2.0 0.8247422680412371 0.8247422680412371 0.9072164948453608 1.1134020618556701 1.3814432989690721 1.6288659793814433 1.6494845360824741 1.0309278350515463 1.2371134020618557 0.9896907216494846 1.2164948453608246 1.5257731958762886 1.731958762886598 1.9793814432989691 1.4639175257731958 1.4639175257731958 0.845360824742268 1.134020618556701 1.1546391752577319 1.5051546391752577 2.0  
40 11.9844723383302 2.536082474226804 2.9690721649484537 1.2371134020618557 1.824742268041237 1.422680412371134 1.4845360824742269 1.6391752577319587 2.6907216494845363 3.0 1.2371134020618557 1.2371134020618557 1.3608247422680413 1.6701030927835052 2.0721649484536084 2.443298969072165 2.4742268041237114 1.5463917525773196 1.8556701030927836 1.4845360824742269 1.824742268041237 2.288659793814433 2.597938144329897 2.9690721649484537 2.195876288659794 2.195876288659794 1.268041237113402 1.7010309278350515 1.731958762886598 2.2577319587628866 3.0  
27 56.59664806345552 2.536082474226804 2.9690721649484537 1.2371134020618557 1.824742268041237 1.422680412371134 1.4845360824742269 1.6391752577319587 2.6907216494845363 3.0 1.2371134020618557 1.2371134020618557 1.3608247422680413 1.6701030927835052 2.0721649484536084 2.443298969072165 2.4742268041237114 1.5463917525773196 1.8556701030927836 1.4845360824742269 1.824742268041237 2.288659793814433 2.597938144329897 2.9690721649484537 2.195876288659794 2.195876288659794 1.268041237113402 1.7010309278350515 1.731958762886598 2.2577319587628866 3.0  
66 20.07711983478071 2.536082474226804 2.9690721649484537 1.2371134020618557 1.824742268041237 1.422680412371134 1.4845360824742269 1.6391752577319587 2.6907216494845363 3.0 1.2371134020618557 1.2371134020618557 1.3608247422680413 1.6701030927835052 2.0721649484536084 2.443298969072165 2.4742268041237114 1.5463917525773196 1.8556701030927836 1.4845360824742269 1.824742268041237 2.288659793814433 2.597938144329897 2.9690721649484537 2.195876288659794 2.195876288659794 1.268041237113402 1.7010309278350515 1.731958762886598 2.2577319587628866 3.0  
31 142.78633920236007 1.690721649484536 1.9793814432989691 0.8247422680412371 1.2164948453608246 0.9484536082474226 0.9896907216494846 1.092783505154639 1.7938144329896908 2.0 0.8247422680412371 0.8247422680412371 0.9072164948453608 1.1134020618556701 1.3814432989690721 1.6288659793814433 1.6494845360824741 1.0309278350515463 1.2371134020618557 0.9896907216494846 1.2164948453608246 1.5257731958762886 1.731958762886598 1.9793814432989691 1.4639175257731958 1.4639175257731958 0.845360824742268 1.134020618556701 1.1546391752577319 1.5051546391752577 2.0  
67 12.294411828850654 2.536082474226804 2.9690721649484537 1.2371134020618557 1.824742268041237 1.422680412371134 1.4845360824742269 1.6391752577319587 2.6907216494845363 3.0 1.2371134020618557 1.2371134020618557 1.3608247422680413 1.6701030927835052 2.0721649484536084 2.443298969072165 2.4742268041237114 1.5463917525773196 1.8556701030927836 1.4845360824742269 1.824742268041237 2.288659793814433 2.597938144329897 2.9690721649484537 2.195876288659794 2.195876288659794 1.268041237113402 1.7010309278350515 1.731958762886598 2.2577319587628866 3.0  
54 13.26842423660558 1.690721649484536 1.9793814432989691 0.8247422680412371 1.2164948453608246 0.9484536082474226 0.9896907216494846 1.092783505154639 1.7938144329896908 2.0 0.8247422680412371 0.8247422680412371 0.9072164948453608 1.1134020618556701 1.3814432989690721 1.6288659793814433 1.6494845360824741 1.0309278350515463 1.2371134020618557 0.9896907216494846 1.2164948453608246 1.5257731958762886 1.731958762886598 1.9793814432989691 1.4639175257731958 1.4639175257731958 0.845360824742268 1.134020618556701 1.1546391752577319 1.5051546391752577 2.0  
5 65.0800401422224 1.690721649484536 1.9793814432989691 0.8247422680412371 1.2164948453608246 0.9484536082474226 0.9896907216494846 1.092783505154639 1.7938144329896908 2.0 0.8247422680412371 0.8247422680412371 0.9072164948453608 1.1134020618556701 1.3814432989690721 1.6288659793814433 1.6494845360824741 1.0309278350515463 1.2371134020618557 0.9896907216494846 1.2164948453608246 1.5257731958762886 1.731958762886598 1.9793814432989691 1.4639175257731958 1.4639175257731958 0.845360824742268 1.134020618556701 1.1546391752577319 1.5051546391752577 2.0  
21 1.8052036173974269 2.536082474226804 2.9690721649484537 1.2371134020618557 1.824742268041237 1.422680412371134 1.4845360824742269 1.6391752577319587 2.6907216494845363 3.0 1.2371134020618557 1.2371134020618557 1.3608247422680413 1.6701030927835052 2.0721649484536084 2.443298969072165 2.4742268041237114 1.5463917525773196 1.8556701030927836 1.4845360824742269 1.824742268041237 2.288659793814433 2.597938144329897 2.9690721649484537 2.195876288659794 2.195876288659794 1.268041237113402 1.7010309278350515 1.731958762886598 2.2577319587628866 3.0  
47 137.574750684542 2.536082474226804 2.9690721649484537 1.2371134020618557 1.824742268041237 1.422680412371134 1.4845360824742269 1.6391752577319587 2.6907216494845363 3.0 1.2371134020618557 1.2371134020618557 1.3608247422680413 1.6701030927835052 2.0721649484536084 2.443298969072165 2.4742268041237114 1.5463917525773196 1.8556701030927836 1.4845360824742269 1.824742268041237 2.288659793814433 2.597938144329897 2.9690721649484537 2.195876288659794 2.195876288659794 1.268041237113402 1.7010309278350515 1.731958762886598 2.2577319587628866 3.0  
39 68.0345891770441 1.690721649484536 1.9793814432989691 0.8247422680412371 1.2164948453608246 0.9484536082474226 0.9896907216494846 1.092783505154639 1.7938144329896908 2.0 0.8247422680412371 0.8247422680412371 0.9072164948453608 1.1134020618556701 1.3814432989690721 1.6288659793814433 1.6494845360824741 1.0309278350515463 1.2371134020618557 0.9896907216494846 1.2164948453608246 1.5257731958762886 1.731958762886598 1.9793814432989691 1.4639175257731958 1.4639175257731958 0.845360824742268 1.134020618556701 1.1546391752577319 1.5051546391752577 2.0  
68 1.3845716317099197 2.536082474226804 2.9690721649484537 1.2371134020618557 1.824742268041237 1.422680412371134 1.4845360824742269 1.6391752577319587 2.6907216494845363 3.0 1.2371134020618557 1.2371134020618557 1.3608247422680413 1.6701030927835052 2.0721649484536084 2.443298969072165 2.4742268041237114 1.5463917525773196 1.8556701030927836 1.4845360824742269 1.824742268041237 2.288659793814433 2.597938144329897 2.9690721649484537 2.195876288659794 2.195876288659794 1.268041237113402 1.7010309278350515 1.731958762886598 2.2577319587628866 3.0  
19 22.775278941057564 2.536082474226804 2.9690721649484537 1.2371134020618557 1.824742268041237 1.422680412371134 1.4845360824742269 1.6391752577319587 2.6907216494845363 3.0 1.2371134020618557 1.2371134020618557 1.3608247422680413 1.6701030927835052 2.0721649484536084 2.443298969072165 2.4742268041237114 1.5463917525773196 1.8556701030927836 1.4845360824742269 1.824742268041237 2.288659793814433 2.597938144329897 2.9690721649484537 2.195876288659794 2.195876288659794 1.268041237113402 1.7010309278350515 1.731958762886598 2.2577319587628866 3.0  
60 27.84557271504828 2.536082474226804 2.9690721649484537 1.2371134020618557 1.824742268041237 1.422680412371134 1.4845360824742269 1.6391752577319587 2.6907216494845363 3.0 1.2371134020618557 1.2371134020618557 1.3608247422680413 1.6701030927835052 2.0721649484536084 2.443298969072165 2.4742268041237114 1.5463917525773196 1.8556701030927836 1.4845360824742269 1.824742268041237 2.288659793814433 2.597938144329897 2.9690721649484537 2.195876288659794 2.195876288659794 1.268041237113402 1.7010309278350515 1.731958762886598 2.2577319587628866 3.0  
42 21.546926298206245 1.690721649484536 1.9793814432989691 0.8247422680412371 1.2164948453608246 0.9484536082474226 0.9896907216494846 1.092783505154639 1.7938144329896908 2.0 0.8247422680412371 0.8247422680412371 0.9072164948453608 1.1134020618556701 1.3814432989690721 1.6288659793814433 1.6494845360824741 1.0309278350515463 1.2371134020618557 0.9896907216494846 1.2164948453608246 1.5257731958762886 1.731958762886598 1.9793814432989691 1.4639175257731958 1.4639175257731958 0.845360824742268 1.134020618556701 1.1546391752577319 1.5051546391752577 2.0  
33 119.98471397899146 2.536082474226804 2.9690721649484537 1.2371134020618557 1.824742268041237 1.422680412371134 1.4845360824742269 1.6391752577319587 2.6907216494845363 3.0 1.2371134020618557 1.2371134020618557 1.3608247422680413 1.6701030927835052 2.0721649484536084 2.443298969072165 2.4742268041237114 1.5463917525773196 1.8556701030927836 1.4845360824742269 1.824742268041237 2.288659793814433 2.597938144329897 2.9690721649484537 2.195876288659794 2.195876288659794 1.268041237113402 1.7010309278350515 1.731958762886598 2.2577319587628866 3.0  
62 40.01289516307231 1.690721649484536 1.9793814432989691 0.8247422680412371 1.2164948453608246 0.9484536082474226 0.9896907216494846 1.092783505154639 1.7938144329896908 2.0 0.8247422680412371 0.8247422680412371 0.9072164948453608 1.1134020618556701 1.3814432989690721 1.6288659793814433 1.6494845360824741 1.0309278350515463 1.2371134020618557 0.9896907216494846 1.2164948453608246 1.5257731958762886 1.731958762886598 1.9793814432989691 1.4639175257731958 1.4639175257731958 0.845360824742268 1.134020618556701 1.1546391752577319 1.5051546391752577 2.0  
2 18.49350163352936 2.536082474226804 2.9690721649484537 1.2371134020618557 1.824742268041237 1.422680412371134 1.4845360824742269 1.6391752577319587 2.6907216494845363 3.0 1.2371134020618557 1.2371134020618557 1.3608247422680413 1.6701030927835052 2.0721649484536084 2.443298969072165 2.4742268041237114 1.5463917525773196 1.8556701030927836 1.4845360824742269 1.824742268041237 2.288659793814433 2.597938144329897 2.9690721649484537 2.195876288659794 2.195876288659794 1.268041237113402 1.7010309278350515 1.731958762886598 2.2577319587628866 3.0  
57 94.29124587780224 2.536082474226804 2.9690721649484537 1.2371134020618557 1.824742268041237 1.422680412371134 1.4845360824742269 1.6391752577319587 2.6907216494845363 3.0 1.2371134020618557 1.2371134020618557 1.3608247422680413 1.6701030927835052 2.0721649484536084 2.443298969072165 2.4742268041237114 1.5463917525773196 1.8556701030927836 1.4845360824742269 1.824742268041237 2.288659793814433 2.597938144329897 2.9690721649484537 2.195876288659794 2.195876288659794 1.268041237113402 1.7010309278350515 1.731958762886598 2.2577319587628866 3.0  
6 109.88549395687689 1.690721649484536 1.9793814432989691 0.8247422680412371 1.2164948453608246 0.9484536082474226 0.9896907216494846 1.092783505154639 1.7938144329896908 2.0 0.8247422680412371 0.8247422680412371 0.9072164948453608 1.1134020618556701 1.3814432989690721 1.6288659793814433 1.6494845360824741 1.0309278350515463 1.2371134020618557 0.9896907216494846 1.2164948453608246 1.5257731958762886 1.731958762886598 1.9793814432989691 1.4639175257731958 1.4639175257731958 0.845360824742268 1.134020618556701 1.1546391752577319 1.5051546391752577 2.0  
35 40.67039451415656 2.536082474226804 2.9690721649484537 1.2371134020618557 1.824742268041237 1.422680412371134 1.4845360824742269 1.6391752577319587 2.6907216494845363 3.0 1.2371134020618557 1.2371134020618557 1.3608247422680413 1.6701030927835052 2.0721649484536084 2.443298969072165 2.4742268041237114 1.5463917525773196 1.8556701030927836 1.4845360824742269 1.824742268041237 2.288659793814433 2.597938144329897 2.9690721649484537 2.195876288659794 2.195876288659794 1.268041237113402 1.7010309278350515 1.731958762886598 2.2577319587628866 3.0  
25 33.64716299245935 2.536082474226804 2.9690721649484537 1.2371134020618557 1.824742268041237 1.422680412371134 1.4845360824742269 1.6391752577319587 2.6907216494845363 3.0 1.2371134020618557 1.2371134020618557 1.3608247422680413 1.6701030927835052 2.0721649484536084 2.443298969072165 2.4742268041237114 1.5463917525773196 1.8556701030927836 1.4845360824742269 1.824742268041237 2.288659793814433 2.597938144329897 2.9690721649484537 2.195876288659794 2.195876288659794 1.268041237113402 1.7010309278350515 1.731958762886598 2.2577319587628866 3.0  
14 79.76851071391691 2.536082474226804 2.9690721649484537 1.2371134020618557 1.824742268041237 1.422680412371134 1.4845360824742269 1.6391752577319587 2.6907216494845363 3.0 1.2371134020618557 1.2371134020618557 1.3608247422680413 1.6701030927835052 2.0721649484536084 2.443298969072165 2.4742268041237114 1.5463917525773196 1.8556701030927836 1.4845360824742269 1.824742268041237 2.288659793814433 2.597938144329897 2.9690721649484537 2.195876288659794 2.195876288659794 1.268041237113402 1.7010309278350515 1.731958762886598 2.2577319587628866 3.0  
3 34.15251049924512 2.536082474226804 2.9690721649484537 1.2371134020618557 1.824742268041237 1.422680412371134 1.4845360824742269 1.6391752577319587 2.6907216494845363 3.0 1.2371134020618557 1.2371134020618557 1.3608247422680413 1.6701030927835052 2.0721649484536084 2.443298969072165 2.4742268041237114 1.5463917525773196 1.8556701030927836 1.4845360824742269 1.824742268041237 2.288659793814433 2.597938144329897 2.9690721649484537 2.195876288659794 2.195876288659794 1.268041237113402 1.7010309278350515 1.731958762886598 2.2577319587628866 3.0  
15 194.84229051162845 2.536082474226804 2.9690721649484537 1.2371134020618557 1.824742268041237 1.422680412371134 1.4845360824742269 1.6391752577319587 2.6907216494845363 3.0 1.2371134020618557 1.2371134020618557 1.3608247422680413 1.6701030927835052 2.0721649484536084 2.443298969072165 2.4742268041237114 1.5463917525773196 1.8556701030927836 1.4845360824742269 1.824742268041237 2.288659793814433 2.597938144329897 2.9690721649484537 2.195876288659794 2.195876288659794 1.268041237113402 1.7010309278350515 1.731958762886598 2.2577319587628866 3.0  
12 54.0044928978365 2.536082474226804 2.9690721649484537 1.2371134020618557 1.824742268041237 1.422680412371134 1.4845360824742269 1.6391752577319587 2.6907216494845363 3.0 1.2371134020618557 1.2371134020618557 1.3608247422680413 1.6701030927835052 2.0721649484536084 2.443298969072165 2.4742268041237114 1.5463917525773196 1.8556701030927836 1.4845360824742269 1.824742268041237 2.288659793814433 2.597938144329897 2.9690721649484537 2.195876288659794 2.195876288659794 1.268041237113402 1.7010309278350515 1.731958762886598 2.2577319587628866 3.0  
13 14.431165186657744 2.536082474226804 2.9690721649484537 1.2371134020618557 1.824742268041237 1.422680412371134 1.4845360824742269 1.6391752577319587 2.6907216494845363 3.0 1.2371134020618557 1.2371134020618557 1.3608247422680413 1.6701030927835052 2.0721649484536084 2.443298969072165 2.4742268041237114 1.5463917525773196 1.8556701030927836 1.4845360824742269 1.824742268041237 2.288659793814433 2.597938144329897 2.9690721649484537 2.195876288659794 2.195876288659794 1.268041237113402 1.7010309278350515 1.731958762886598 2.2577319587628866 3.0  
18 64.66317718952342 1.690721649484536 1.9793814432989691 0.8247422680412371 1.2164948453608246 0.9484536082474226 0.9896907216494846 1.092783505154639 1.7938144329896908 2.0 0.8247422680412371 0.8247422680412371 0.9072164948453608 1.1134020618556701 1.3814432989690721 1.6288659793814433 1.6494845360824741 1.0309278350515463 1.2371134020618557 0.9896907216494846 1.2164948453608246 1.5257731958762886 1.731958762886598 1.9793814432989691 1.4639175257731958 1.4639175257731958 0.845360824742268 1.134020618556701 1.1546391752577319 1.5051546391752577 2.0  
7 34.056691577583855 2.536082474226804 2.9690721649484537 1.2371134020618557 1.824742268041237 1.422680412371134 1.4845360824742269 1.6391752577319587 2.6907216494845363 3.0 1.2371134020618557 1.2371134020618557 1.3608247422680413 1.6701030927835052 2.0721649484536084 2.443298969072165 2.4742268041237114 1.5463917525773196 1.8556701030927836 1.4845360824742269 1.824742268041237 2.288659793814433 2.597938144329897 2.9690721649484537 2.195876288659794 2.195876288659794 1.268041237113402 1.7010309278350515 1.731958762886598 2.2577319587628866 3.0  
56 4.583304385178544 1.690721649484536 1.9793814432989691 0.8247422680412371 1.2164948453608246 0.9484536082474226 0.9896907216494846 1.092783505154639 1.7938144329896908 2.0 0.8247422680412371 0.8247422680412371 0.9072164948453608 1.1134020618556701 1.3814432989690721 1.6288659793814433 1.6494845360824741 1.0309278350515463 1.2371134020618557 0.9896907216494846 1.2164948453608246 1.5257731958762886 1.731958762886598 1.9793814432989691 1.4639175257731958 1.4639175257731958 0.845360824742268 1.134020618556701 1.1546391752577319 1.5051546391752577 2.0  
53 5.062200591022836 2.536082474226804 2.9690721649484537 1.2371134020618557 1.824742268041237 1.422680412371134 1.4845360824742269 1.6391752577319587 2.6907216494845363 3.0 1.2371134020618557 1.2371134020618557 1.3608247422680413 1.6701030927835052 2.0721649484536084 2.443298969072165 2.4742268041237114 1.5463917525773196 1.8556701030927836 1.4845360824742269 1.824742268041237 2.288659793814433 2.597938144329897 2.9690721649484537 2.195876288659794 2.195876288659794 1.268041237113402 1.7010309278350515 1.731958762886598 2.2577319587628866 3.0  
52 21.222809626551378 1.690721649484536 1.9793814432989691 0.8247422680412371 1.2164948453608246 0.9484536082474226 0.9896907216494846 1.092783505154639 1.7938144329896908 2.0 0.8247422680412371 0.8247422680412371 0.9072164948453608 1.1134020618556701 1.3814432989690721 1.6288659793814433 1.6494845360824741 1.0309278350515463 1.2371134020618557 0.9896907216494846 1.2164948453608246 1.5257731958762886 1.731958762886598 1.9793814432989691 1.4639175257731958 1.4639175257731958 0.845360824742268 1.134020618556701 1.1546391752577319 1.5051546391752577 2.0  
41 4.360831022006063 1.690721649484536 1.9793814432989691 0.8247422680412371 1.2164948453608246 0.9484536082474226 0.9896907216494846 1.092783505154639 1.7938144329896908 2.0 0.8247422680412371 0.8247422680412371 0.9072164948453608 1.1134020618556701 1.3814432989690721 1.6288659793814433 1.6494845360824741 1.0309278350515463 1.2371134020618557 0.9896907216494846 1.2164948453608246 1.5257731958762886 1.731958762886598 1.9793814432989691 1.4639175257731958 1.4639175257731958 0.845360824742268 1.134020618556701 1.1546391752577319 1.5051546391752577 2.0  
46 34.368572784331 2.536082474226804 2.9690721649484537 1.2371134020618557 1.824742268041237 1.422680412371134 1.4845360824742269 1.6391752577319587 2.6907216494845363 3.0 1.2371134020618557 1.2371134020618557 1.3608247422680413 1.6701030927835052 2.0721649484536084 2.443298969072165 2.4742268041237114 1.5463917525773196 1.8556701030927836 1.4845360824742269 1.824742268041237 2.288659793814433 2.597938144329897 2.9690721649484537 2.195876288659794 2.195876288659794 1.268041237113402 1.7010309278350515 1.731958762886598 2.2577319587628866 3.0  
44 125.25210816758661 1.690721649484536 1.9793814432989691 0.8247422680412371 1.2164948453608246 0.9484536082474226 0.9896907216494846 1.092783505154639 1.7938144329896908 2.0 0.8247422680412371 0.8247422680412371 0.9072164948453608 1.1134020618556701 1.3814432989690721 1.6288659793814433 1.6494845360824741 1.0309278350515463 1.2371134020618557 0.9896907216494846 1.2164948453608246 1.5257731958762886 1.731958762886598 1.9793814432989691 1.4639175257731958 1.4639175257731958 0.845360824742268 1.134020618556701 1.1546391752577319 1.5051546391752577 2.0  
23 8.791397380147828 1.690721649484536 1.9793814432989691 0.8247422680412371 1.2164948453608246 0.9484536082474226 0.9896907216494846 1.092783505154639 1.7938144329896908 2.0 0.8247422680412371 0.8247422680412371 0.9072164948453608 1.1134020618556701 1.3814432989690721 1.6288659793814433 1.6494845360824741 1.0309278350515463 1.2371134020618557 0.9896907216494846 1.2164948453608246 1.5257731958762886 1.731958762886598 1.9793814432989691 1.4639175257731958 1.4639175257731958 0.845360824742268 1.134020618556701 1.1546391752577319 1.5051546391752577 2.0  
29 88.42291916218076 1.690721649484536 1.9793814432989691 0.8247422680412371 1.2164948453608246 0.9484536082474226 0.9896907216494846 1.092783505154639 1.7938144329896908 2.0 0.8247422680412371 0.8247422680412371 0.9072164948453608 1.1134020618556701 1.3814432989690721 1.6288659793814433 1.6494845360824741 1.0309278350515463 1.2371134020618557 0.9896907216494846 1.2164948453608246 1.5257731958762886 1.731958762886598 1.9793814432989691 1.4639175257731958 1.4639175257731958 0.845360824742268 1.134020618556701 1.1546391752577319 1.5051546391752577 2.0  
69 10.009237055948752 1.690721649484536 1.9793814432989691 0.8247422680412371 1.2164948453608246 0.9484536082474226 0.9896907216494846 1.092783505154639 1.7938144329896908 2.0 0.8247422680412371 0.8247422680412371 0.9072164948453608 1.1134020618556701 1.3814432989690721 1.6288659793814433 1.6494845360824741 1.0309278350515463 1.2371134020618557 0.9896907216494846 1.2164948453608246 1.5257731958762886 1.731958762886598 1.9793814432989691 1.4639175257731958 1.4639175257731958 0.845360824742268 1.134020618556701 1.1546391752577319 1.5051546391752577 2.0  
