50 40
TREE NETWORK (nID nID Weight):
1 0 40.0 
9 0 31.0 
10 9 53.0 
19 9 55.0 
20 19 48.0 
2 1 38.0 
11 10 39.0 
40 0 47.0 
45 0 42.0 
33 9 35.0 
30 19 39.0 
3 1 48.0 
34 9 34.0 
21 20 49.0 
12 11 35.0 
41 40 41.0 
13 12 55.0 
36 9 39.0 
8 1 34.0 
37 9 52.0 
47 0 44.0 
46 45 54.0 
22 20 31.0 
48 0 41.0 
15 10 47.0 
49 48 44.0 
38 37 52.0 
23 22 42.0 
26 22 53.0 
16 10 58.0 
42 41 43.0 
17 10 31.0 
29 22 50.0 
4 3 38.0 
31 30 50.0 
27 26 36.0 
7 3 59.0 
43 41 41.0 
28 27 41.0 
5 4 54.0 
18 17 40.0 
14 11 49.0 
35 34 44.0 
39 37 57.0 
6 4 47.0 
32 31 36.0 
24 23 35.0 
25 23 52.0 
44 43 47.0 
PROGRAMS ASSIGNED TO NODES (nID pID1 pID2 ...):
0 1 2 3 4 5 6 7 8 9 10 11 12 13 14 15 16 17 18 19 20 21 22 23 24 25 26 27 28 29 30 31 32 33 34 35 36 37 38 39 40  
26 2 3 4 5 6 8 9 12 14 15 16 17 19 21 23 24 25 28 29 30 31 33 35 38 39  
33 3 4 5 6 7 9 12 13 14 15 16 18 19 20 21 23 24 25 26 27 28 29 30 32 33 34 37 38 39 40  
31 2 3 5 7 12 13 15 17 18 20 22 24 29 30 34 35 37 38  
10 3 7 8 11 13 15 18 20 21 22 24 25 27 29 33 34 35 37 39  
17  
23 1 3 4 7 12 13 14 16 17 18 22 23 26 27 28 29 30 31 32 35 36 37 39 40  
25 1 2 5 7 9 10 11 13 15 16 17 18 19 20 21 23 24 25 26 27 28 29 30 31 32 33 34 36 38 40  
27 1 5 6 8 11 12 15 17 19 20 23 25 27 28 30 32 39 40  
9 7 11 23 24 28 29 30 36  
3 1 2 3 4 5 6 7 9 10 11 12 13 14 15 16 17 18 19 20 21 22 23 24 25 27 28 29 30 31 32 33 34 35 36 37 38 40  
21 3 7 10 11 12 13 14 15 16 17 20 22 23 24 28 29 30 33 34 36 37 39  
30 1 3 4 6 7 8 9 10 11 12 13 14 15 16 18 19 20 22 23 24 25 26 27 28 29 30 31 32 33 34 36 37 38 39 40  
49 1 3 9 10 12 14 15 16 17 18 19 20 22 24 25 27 29 31 32 34 40  
37 3 5 6 8 9 10 11 14 15 16 17 19 20 21 22 23 25 26 27 29 30 31 32 33 34 36 37 38 40  
35 3 11 14 15 18 20 22 28 30 31 34 35 37  
20 3 6 7 11 15 18 19 26 27 28 31 33 34 36 40  
40 1 7 8 16 18 23 28 32 36  
4 6 7 13 18 20 23 24 25 29 30 31 37 39 40  
39 9 19 20 24 26 27 36 37 38 39  
2 3 5 6 8 19 20 21 22 33 35 38 39  
19 4 6 9 10 11 13 15 16 17 20 25 32 33 37 38  
16 1 3 5 8 11 12 13 16 17 18 19 22 23 24 26 28 29 30 32 36 37 38 39 40  
48 1 4 6 8 11 14 19 23 24 28 29 30 31 33 34 37  
5 2 4 5 14 37  
1 1 2 3 5 6 7 8 9 11 12 13 14 15 16 17 18 19 20 21 22 23 24 25 26 27 28 29 30 31 32 33 34 36 37 38 39  
14 18 21 23 24 25 29 30 32 34 36 39  
45 2 4 7 8 9 10 11 13 14 15 16 17 18 20 21 22 23 24 25 28 30 31 32 34 35 36 37 38 39 40  
43 5 6 7 11 16 18 19 20 25 28 30 32 33 34 35 36 39  
32 1 2 3 4 5 6 7 8 9 10 11 12 13 14 15 16 17 18 19 21 23 24 25 27 32 33 34 35 36 37 38 39 40  
15 2 3 4 5 6 8 10 11 12 13 14 16 17 18 20 22 23 26 27 28 29 31 33 34 35 37 38 39  
36 2 3 4 5 6 8 9 10 11 12 13 14 15 16 17 18 19 20 21 22 23 24 25 26 27 28 29 30 32 33 34 35 36 37 40  
46 1 2 3 5 7 8 11 12 13 14 15 17 18 19 20 21 22 23 24 28 30 31 32 34 36 37 40  
8 2 3 6 7 9 10 12 15 16 18 20 21 24 25 28 29 31 32 33 34 36 37 38 39 40  
18 2 7 10 11 13 15 17 18 19 20 21 23 25 26 27 28 29 30 34 35 36 38 40  
34 2 3 4 5 6 7 8 9 10 11 13 14 15 18 19 20 21 23 27 28 29 30 31 32 34 35 36 37 39 40  
41 2 3 6 7 8 9 10 11 12 13 14 15 16 17 18 19 20 21 22 23 24 25 26 28 29 30 31 32 33 34 35 36 37 38 40  
11 3 7 12 17 20 23 26 31 35 38  
22 1 2 3 4 6 7 8 10 11 12 14 15 16 17 18 19 21 22 23 24 25 27 29 30 31 32 33 34 35 36 37 38 39 40  
44 1 5 6 9 10 13 17 18 19 24 25 27 31 36 39 40  
28  
6 4 6 9 14 24 29 31 38  
7 30  
24 2 3 4 5 6 7 8 10 11 13 14 15 17 20 21 22 23 24 25 27 29 30 31 32 33 34 35 36 37 38 40  
38 1 2 3 4 5 6 7 9 10 11 12 13 14 16 17 18 19 20 22 23 24 26 27 28 29 31 32 33 34 35 36 37 38 39  
29 1 3 5 6 7 8 9 11 13 14 16 19 20 24 26 27 30 31 33 39 40  
42 2 3 5 8 9 12 13 16 17 18 20 22 23 24 25 28 29 30 31 32 33 36 37 38 39 40  
47 1 2 3 4 5 9 10 11 13 14 15 17 19 21 23 24 26 27 28 29 31 34 35 36 37 39 40  
13 7 10 11 13 19 21 28 29 38 39  
12 1 2 3 4 5 7 8 9 10 11 12 13 14 15 16 17 18 19 20 21 22 23 25 26 27 28 29 30 31 32 33 34 35 36 37 38 39 40  
SIZE OF PROGRAMS (pID SIZE):
1 47.0 
2 88.0 
3 53.0 
4 79.0 
5 57.0 
6 63.0 
7 50.0 
8 62.0 
9 74.0 
10 76.0 
11 90.0 
12 55.0 
13 44.0 
14 69.0 
15 51.0 
16 53.0 
17 56.0 
18 48.0 
19 86.0 
20 71.0 
21 68.0 
22 87.0 
23 90.0 
24 77.0 
25 42.0 
26 71.0 
27 47.0 
28 82.0 
29 46.0 
30 82.0 
31 96.0 
32 68.0 
33 73.0 
34 77.0 
35 62.0 
36 89.0 
37 76.0 
38 95.0 
39 95.0 
40 87.0 
COST_INSTALL_SERVER_AND_PROGRAMS :
0 6795.833333333333 0.9791666666666666 1.8333333333333333 1.1041666666666667 1.6458333333333333 1.1875 1.3125 1.0416666666666667 1.2916666666666667 1.5416666666666667 1.5833333333333333 1.875 1.1458333333333333 0.9166666666666666 1.4375 1.0625 1.1041666666666667 1.1666666666666667 1.0 1.7916666666666667 1.4791666666666667 1.4166666666666667 1.8125 1.875 1.6041666666666667 0.875 1.4791666666666667 0.9791666666666666 1.7083333333333333 0.9583333333333334 1.7083333333333333 2.0 1.4166666666666667 1.5208333333333333 1.6041666666666667 1.2916666666666667 1.8541666666666667 1.5833333333333333 1.9791666666666667 1.9791666666666667 1.8125  
26 223.90958169645327 0.9791666666666666 1.8333333333333333 1.1041666666666667 1.6458333333333333 1.1875 1.3125 1.0416666666666667 1.2916666666666667 1.5416666666666667 1.5833333333333333 1.875 1.1458333333333333 0.9166666666666666 1.4375 1.0625 1.1041666666666667 1.1666666666666667 1.0 1.7916666666666667 1.4791666666666667 1.4166666666666667 1.8125 1.875 1.6041666666666667 0.875 1.4791666666666667 0.9791666666666666 1.7083333333333333 0.9583333333333334 1.7083333333333333 2.0 1.4166666666666667 1.5208333333333333 1.6041666666666667 1.2916666666666667 1.8541666666666667 1.5833333333333333 1.9791666666666667 1.9791666666666667 1.8125  
33 58.661573602646065 1.46875 2.75 1.65625 2.46875 1.78125 1.96875 1.5625 1.9375 2.3125 2.375 2.8125 1.71875 1.375 2.15625 1.59375 1.65625 1.75 1.5 2.6875 2.21875 2.125 2.71875 2.8125 2.40625 1.3125 2.21875 1.46875 2.5625 1.4375 2.5625 3.0 2.125 2.28125 2.40625 1.9375 2.78125 2.375 2.96875 2.96875 2.71875  
31 83.83694215681037 1.46875 2.75 1.65625 2.46875 1.78125 1.96875 1.5625 1.9375 2.3125 2.375 2.8125 1.71875 1.375 2.15625 1.59375 1.65625 1.75 1.5 2.6875 2.21875 2.125 2.71875 2.8125 2.40625 1.3125 2.21875 1.46875 2.5625 1.4375 2.5625 3.0 2.125 2.28125 2.40625 1.9375 2.78125 2.375 2.96875 2.96875 2.71875  
10 23.331793324970683 1.46875 2.75 1.65625 2.46875 1.78125 1.96875 1.5625 1.9375 2.3125 2.375 2.8125 1.71875 1.375 2.15625 1.59375 1.65625 1.75 1.5 2.6875 2.21875 2.125 2.71875 2.8125 2.40625 1.3125 2.21875 1.46875 2.5625 1.4375 2.5625 3.0 2.125 2.28125 2.40625 1.9375 2.78125 2.375 2.96875 2.96875 2.71875  
17 42.48132164232098 0.9791666666666666 1.8333333333333333 1.1041666666666667 1.6458333333333333 1.1875 1.3125 1.0416666666666667 1.2916666666666667 1.5416666666666667 1.5833333333333333 1.875 1.1458333333333333 0.9166666666666666 1.4375 1.0625 1.1041666666666667 1.1666666666666667 1.0 1.7916666666666667 1.4791666666666667 1.4166666666666667 1.8125 1.875 1.6041666666666667 0.875 1.4791666666666667 0.9791666666666666 1.7083333333333333 0.9583333333333334 1.7083333333333333 2.0 1.4166666666666667 1.5208333333333333 1.6041666666666667 1.2916666666666667 1.8541666666666667 1.5833333333333333 1.9791666666666667 1.9791666666666667 1.8125  
23 298.47186085878445 0.9791666666666666 1.8333333333333333 1.1041666666666667 1.6458333333333333 1.1875 1.3125 1.0416666666666667 1.2916666666666667 1.5416666666666667 1.5833333333333333 1.875 1.1458333333333333 0.9166666666666666 1.4375 1.0625 1.1041666666666667 1.1666666666666667 1.0 1.7916666666666667 1.4791666666666667 1.4166666666666667 1.8125 1.875 1.6041666666666667 0.875 1.4791666666666667 0.9791666666666666 1.7083333333333333 0.9583333333333334 1.7083333333333333 2.0 1.4166666666666667 1.5208333333333333 1.6041666666666667 1.2916666666666667 1.8541666666666667 1.5833333333333333 1.9791666666666667 1.9791666666666667 1.8125  
25 257.78947359287434 1.46875 2.75 1.65625 2.46875 1.78125 1.96875 1.5625 1.9375 2.3125 2.375 2.8125 1.71875 1.375 2.15625 1.59375 1.65625 1.75 1.5 2.6875 2.21875 2.125 2.71875 2.8125 2.40625 1.3125 2.21875 1.46875 2.5625 1.4375 2.5625 3.0 2.125 2.28125 2.40625 1.9375 2.78125 2.375 2.96875 2.96875 2.71875  
27 105.56146777522325 1.46875 2.75 1.65625 2.46875 1.78125 1.96875 1.5625 1.9375 2.3125 2.375 2.8125 1.71875 1.375 2.15625 1.59375 1.65625 1.75 1.5 2.6875 2.21875 2.125 2.71875 2.8125 2.40625 1.3125 2.21875 1.46875 2.5625 1.4375 2.5625 3.0 2.125 2.28125 2.40625 1.9375 2.78125 2.375 2.96875 2.96875 2.71875  
9 15.736759113558884 0.9791666666666666 1.8333333333333333 1.1041666666666667 1.6458333333333333 1.1875 1.3125 1.0416666666666667 1.2916666666666667 1.5416666666666667 1.5833333333333333 1.875 1.1458333333333333 0.9166666666666666 1.4375 1.0625 1.1041666666666667 1.1666666666666667 1.0 1.7916666666666667 1.4791666666666667 1.4166666666666667 1.8125 1.875 1.6041666666666667 0.875 1.4791666666666667 0.9791666666666666 1.7083333333333333 0.9583333333333334 1.7083333333333333 2.0 1.4166666666666667 1.5208333333333333 1.6041666666666667 1.2916666666666667 1.8541666666666667 1.5833333333333333 1.9791666666666667 1.9791666666666667 1.8125  
3 45.267900641025655 1.46875 2.75 1.65625 2.46875 1.78125 1.96875 1.5625 1.9375 2.3125 2.375 2.8125 1.71875 1.375 2.15625 1.59375 1.65625 1.75 1.5 2.6875 2.21875 2.125 2.71875 2.8125 2.40625 1.3125 2.21875 1.46875 2.5625 1.4375 2.5625 3.0 2.125 2.28125 2.40625 1.9375 2.78125 2.375 2.96875 2.96875 2.71875  
21 51.773903780050844 0.9791666666666666 1.8333333333333333 1.1041666666666667 1.6458333333333333 1.1875 1.3125 1.0416666666666667 1.2916666666666667 1.5416666666666667 1.5833333333333333 1.875 1.1458333333333333 0.9166666666666666 1.4375 1.0625 1.1041666666666667 1.1666666666666667 1.0 1.7916666666666667 1.4791666666666667 1.4166666666666667 1.8125 1.875 1.6041666666666667 0.875 1.4791666666666667 0.9791666666666666 1.7083333333333333 0.9583333333333334 1.7083333333333333 2.0 1.4166666666666667 1.5208333333333333 1.6041666666666667 1.2916666666666667 1.8541666666666667 1.5833333333333333 1.9791666666666667 1.9791666666666667 1.8125  
30 139.82837833488298 0.9791666666666666 1.8333333333333333 1.1041666666666667 1.6458333333333333 1.1875 1.3125 1.0416666666666667 1.2916666666666667 1.5416666666666667 1.5833333333333333 1.875 1.1458333333333333 0.9166666666666666 1.4375 1.0625 1.1041666666666667 1.1666666666666667 1.0 1.7916666666666667 1.4791666666666667 1.4166666666666667 1.8125 1.875 1.6041666666666667 0.875 1.4791666666666667 0.9791666666666666 1.7083333333333333 0.9583333333333334 1.7083333333333333 2.0 1.4166666666666667 1.5208333333333333 1.6041666666666667 1.2916666666666667 1.8541666666666667 1.5833333333333333 1.9791666666666667 1.9791666666666667 1.8125  
49 30.355364341866547 0.9791666666666666 1.8333333333333333 1.1041666666666667 1.6458333333333333 1.1875 1.3125 1.0416666666666667 1.2916666666666667 1.5416666666666667 1.5833333333333333 1.875 1.1458333333333333 0.9166666666666666 1.4375 1.0625 1.1041666666666667 1.1666666666666667 1.0 1.7916666666666667 1.4791666666666667 1.4166666666666667 1.8125 1.875 1.6041666666666667 0.875 1.4791666666666667 0.9791666666666666 1.7083333333333333 0.9583333333333334 1.7083333333333333 2.0 1.4166666666666667 1.5208333333333333 1.6041666666666667 1.2916666666666667 1.8541666666666667 1.5833333333333333 1.9791666666666667 1.9791666666666667 1.8125  
37 50.54613493312353 0.9791666666666666 1.8333333333333333 1.1041666666666667 1.6458333333333333 1.1875 1.3125 1.0416666666666667 1.2916666666666667 1.5416666666666667 1.5833333333333333 1.875 1.1458333333333333 0.9166666666666666 1.4375 1.0625 1.1041666666666667 1.1666666666666667 1.0 1.7916666666666667 1.4791666666666667 1.4166666666666667 1.8125 1.875 1.6041666666666667 0.875 1.4791666666666667 0.9791666666666666 1.7083333333333333 0.9583333333333334 1.7083333333333333 2.0 1.4166666666666667 1.5208333333333333 1.6041666666666667 1.2916666666666667 1.8541666666666667 1.5833333333333333 1.9791666666666667 1.9791666666666667 1.8125  
35 48.00335805876605 0.9791666666666666 1.8333333333333333 1.1041666666666667 1.6458333333333333 1.1875 1.3125 1.0416666666666667 1.2916666666666667 1.5416666666666667 1.5833333333333333 1.875 1.1458333333333333 0.9166666666666666 1.4375 1.0625 1.1041666666666667 1.1666666666666667 1.0 1.7916666666666667 1.4791666666666667 1.4166666666666667 1.8125 1.875 1.6041666666666667 0.875 1.4791666666666667 0.9791666666666666 1.7083333333333333 0.9583333333333334 1.7083333333333333 2.0 1.4166666666666667 1.5208333333333333 1.6041666666666667 1.2916666666666667 1.8541666666666667 1.5833333333333333 1.9791666666666667 1.9791666666666667 1.8125  
20 98.5806953186467 1.46875 2.75 1.65625 2.46875 1.78125 1.96875 1.5625 1.9375 2.3125 2.375 2.8125 1.71875 1.375 2.15625 1.59375 1.65625 1.75 1.5 2.6875 2.21875 2.125 2.71875 2.8125 2.40625 1.3125 2.21875 1.46875 2.5625 1.4375 2.5625 3.0 2.125 2.28125 2.40625 1.9375 2.78125 2.375 2.96875 2.96875 2.71875  
40 0.6889295212766038 0.9791666666666666 1.8333333333333333 1.1041666666666667 1.6458333333333333 1.1875 1.3125 1.0416666666666667 1.2916666666666667 1.5416666666666667 1.5833333333333333 1.875 1.1458333333333333 0.9166666666666666 1.4375 1.0625 1.1041666666666667 1.1666666666666667 1.0 1.7916666666666667 1.4791666666666667 1.4166666666666667 1.8125 1.875 1.6041666666666667 0.875 1.4791666666666667 0.9791666666666666 1.7083333333333333 0.9583333333333334 1.7083333333333333 2.0 1.4166666666666667 1.5208333333333333 1.6041666666666667 1.2916666666666667 1.8541666666666667 1.5833333333333333 1.9791666666666667 1.9791666666666667 1.8125  
4 64.84594872598161 1.46875 2.75 1.65625 2.46875 1.78125 1.96875 1.5625 1.9375 2.3125 2.375 2.8125 1.71875 1.375 2.15625 1.59375 1.65625 1.75 1.5 2.6875 2.21875 2.125 2.71875 2.8125 2.40625 1.3125 2.21875 1.46875 2.5625 1.4375 2.5625 3.0 2.125 2.28125 2.40625 1.9375 2.78125 2.375 2.96875 2.96875 2.71875  
39 35.67819737386268 1.46875 2.75 1.65625 2.46875 1.78125 1.96875 1.5625 1.9375 2.3125 2.375 2.8125 1.71875 1.375 2.15625 1.59375 1.65625 1.75 1.5 2.6875 2.21875 2.125 2.71875 2.8125 2.40625 1.3125 2.21875 1.46875 2.5625 1.4375 2.5625 3.0 2.125 2.28125 2.40625 1.9375 2.78125 2.375 2.96875 2.96875 2.71875  
2 22.286896086369765 0.9791666666666666 1.8333333333333333 1.1041666666666667 1.6458333333333333 1.1875 1.3125 1.0416666666666667 1.2916666666666667 1.5416666666666667 1.5833333333333333 1.875 1.1458333333333333 0.9166666666666666 1.4375 1.0625 1.1041666666666667 1.1666666666666667 1.0 1.7916666666666667 1.4791666666666667 1.4166666666666667 1.8125 1.875 1.6041666666666667 0.875 1.4791666666666667 0.9791666666666666 1.7083333333333333 0.9583333333333334 1.7083333333333333 2.0 1.4166666666666667 1.5208333333333333 1.6041666666666667 1.2916666666666667 1.8541666666666667 1.5833333333333333 1.9791666666666667 1.9791666666666667 1.8125  
19 32.94322482297403 1.46875 2.75 1.65625 2.46875 1.78125 1.96875 1.5625 1.9375 2.3125 2.375 2.8125 1.71875 1.375 2.15625 1.59375 1.65625 1.75 1.5 2.6875 2.21875 2.125 2.71875 2.8125 2.40625 1.3125 2.21875 1.46875 2.5625 1.4375 2.5625 3.0 2.125 2.28125 2.40625 1.9375 2.78125 2.375 2.96875 2.96875 2.71875  
16 46.758279569892494 0.9791666666666666 1.8333333333333333 1.1041666666666667 1.6458333333333333 1.1875 1.3125 1.0416666666666667 1.2916666666666667 1.5416666666666667 1.5833333333333333 1.875 1.1458333333333333 0.9166666666666666 1.4375 1.0625 1.1041666666666667 1.1666666666666667 1.0 1.7916666666666667 1.4791666666666667 1.4166666666666667 1.8125 1.875 1.6041666666666667 0.875 1.4791666666666667 0.9791666666666666 1.7083333333333333 0.9583333333333334 1.7083333333333333 2.0 1.4166666666666667 1.5208333333333333 1.6041666666666667 1.2916666666666667 1.8541666666666667 1.5833333333333333 1.9791666666666667 1.9791666666666667 1.8125  
48 3.148198596905323 0.9791666666666666 1.8333333333333333 1.1041666666666667 1.6458333333333333 1.1875 1.3125 1.0416666666666667 1.2916666666666667 1.5416666666666667 1.5833333333333333 1.875 1.1458333333333333 0.9166666666666666 1.4375 1.0625 1.1041666666666667 1.1666666666666667 1.0 1.7916666666666667 1.4791666666666667 1.4166666666666667 1.8125 1.875 1.6041666666666667 0.875 1.4791666666666667 0.9791666666666666 1.7083333333333333 0.9583333333333334 1.7083333333333333 2.0 1.4166666666666667 1.5208333333333333 1.6041666666666667 1.2916666666666667 1.8541666666666667 1.5833333333333333 1.9791666666666667 1.9791666666666667 1.8125  
5 13.885902777777774 1.46875 2.75 1.65625 2.46875 1.78125 1.96875 1.5625 1.9375 2.3125 2.375 2.8125 1.71875 1.375 2.15625 1.59375 1.65625 1.75 1.5 2.6875 2.21875 2.125 2.71875 2.8125 2.40625 1.3125 2.21875 1.46875 2.5625 1.4375 2.5625 3.0 2.125 2.28125 2.40625 1.9375 2.78125 2.375 2.96875 2.96875 2.71875  
1 5.456565040650394 0.9791666666666666 1.8333333333333333 1.1041666666666667 1.6458333333333333 1.1875 1.3125 1.0416666666666667 1.2916666666666667 1.5416666666666667 1.5833333333333333 1.875 1.1458333333333333 0.9166666666666666 1.4375 1.0625 1.1041666666666667 1.1666666666666667 1.0 1.7916666666666667 1.4791666666666667 1.4166666666666667 1.8125 1.875 1.6041666666666667 0.875 1.4791666666666667 0.9791666666666666 1.7083333333333333 0.9583333333333334 1.7083333333333333 2.0 1.4166666666666667 1.5208333333333333 1.6041666666666667 1.2916666666666667 1.8541666666666667 1.5833333333333333 1.9791666666666667 1.9791666666666667 1.8125  
14 36.946667229539095 1.46875 2.75 1.65625 2.46875 1.78125 1.96875 1.5625 1.9375 2.3125 2.375 2.8125 1.71875 1.375 2.15625 1.59375 1.65625 1.75 1.5 2.6875 2.21875 2.125 2.71875 2.8125 2.40625 1.3125 2.21875 1.46875 2.5625 1.4375 2.5625 3.0 2.125 2.28125 2.40625 1.9375 2.78125 2.375 2.96875 2.96875 2.71875  
45 71.0 1.46875 2.75 1.65625 2.46875 1.78125 1.96875 1.5625 1.9375 2.3125 2.375 2.8125 1.71875 1.375 2.15625 1.59375 1.65625 1.75 1.5 2.6875 2.21875 2.125 2.71875 2.8125 2.40625 1.3125 2.21875 1.46875 2.5625 1.4375 2.5625 3.0 2.125 2.28125 2.40625 1.9375 2.78125 2.375 2.96875 2.96875 2.71875  
43 44.04345268984606 1.46875 2.75 1.65625 2.46875 1.78125 1.96875 1.5625 1.9375 2.3125 2.375 2.8125 1.71875 1.375 2.15625 1.59375 1.65625 1.75 1.5 2.6875 2.21875 2.125 2.71875 2.8125 2.40625 1.3125 2.21875 1.46875 2.5625 1.4375 2.5625 3.0 2.125 2.28125 2.40625 1.9375 2.78125 2.375 2.96875 2.96875 2.71875  
32 117.51061705656777 1.46875 2.75 1.65625 2.46875 1.78125 1.96875 1.5625 1.9375 2.3125 2.375 2.8125 1.71875 1.375 2.15625 1.59375 1.65625 1.75 1.5 2.6875 2.21875 2.125 2.71875 2.8125 2.40625 1.3125 2.21875 1.46875 2.5625 1.4375 2.5625 3.0 2.125 2.28125 2.40625 1.9375 2.78125 2.375 2.96875 2.96875 2.71875  
15 68.7343242639576 1.46875 2.75 1.65625 2.46875 1.78125 1.96875 1.5625 1.9375 2.3125 2.375 2.8125 1.71875 1.375 2.15625 1.59375 1.65625 1.75 1.5 2.6875 2.21875 2.125 2.71875 2.8125 2.40625 1.3125 2.21875 1.46875 2.5625 1.4375 2.5625 3.0 2.125 2.28125 2.40625 1.9375 2.78125 2.375 2.96875 2.96875 2.71875  
36 83.48670474910394 0.9791666666666666 1.8333333333333333 1.1041666666666667 1.6458333333333333 1.1875 1.3125 1.0416666666666667 1.2916666666666667 1.5416666666666667 1.5833333333333333 1.875 1.1458333333333333 0.9166666666666666 1.4375 1.0625 1.1041666666666667 1.1666666666666667 1.0 1.7916666666666667 1.4791666666666667 1.4166666666666667 1.8125 1.875 1.6041666666666667 0.875 1.4791666666666667 0.9791666666666666 1.7083333333333333 0.9583333333333334 1.7083333333333333 2.0 1.4166666666666667 1.5208333333333333 1.6041666666666667 1.2916666666666667 1.8541666666666667 1.5833333333333333 1.9791666666666667 1.9791666666666667 1.8125  
46 8.596719104308393 1.46875 2.75 1.65625 2.46875 1.78125 1.96875 1.5625 1.9375 2.3125 2.375 2.8125 1.71875 1.375 2.15625 1.59375 1.65625 1.75 1.5 2.6875 2.21875 2.125 2.71875 2.8125 2.40625 1.3125 2.21875 1.46875 2.5625 1.4375 2.5625 3.0 2.125 2.28125 2.40625 1.9375 2.78125 2.375 2.96875 2.96875 2.71875  
8 38.03454751131224 0.9791666666666666 1.8333333333333333 1.1041666666666667 1.6458333333333333 1.1875 1.3125 1.0416666666666667 1.2916666666666667 1.5416666666666667 1.5833333333333333 1.875 1.1458333333333333 0.9166666666666666 1.4375 1.0625 1.1041666666666667 1.1666666666666667 1.0 1.7916666666666667 1.4791666666666667 1.4166666666666667 1.8125 1.875 1.6041666666666667 0.875 1.4791666666666667 0.9791666666666666 1.7083333333333333 0.9583333333333334 1.7083333333333333 2.0 1.4166666666666667 1.5208333333333333 1.6041666666666667 1.2916666666666667 1.8541666666666667 1.5833333333333333 1.9791666666666667 1.9791666666666667 1.8125  
18 123.58367831541217 0.9791666666666666 1.8333333333333333 1.1041666666666667 1.6458333333333333 1.1875 1.3125 1.0416666666666667 1.2916666666666667 1.5416666666666667 1.5833333333333333 1.875 1.1458333333333333 0.9166666666666666 1.4375 1.0625 1.1041666666666667 1.1666666666666667 1.0 1.7916666666666667 1.4791666666666667 1.4166666666666667 1.8125 1.875 1.6041666666666667 0.875 1.4791666666666667 0.9791666666666666 1.7083333333333333 0.9583333333333334 1.7083333333333333 2.0 1.4166666666666667 1.5208333333333333 1.6041666666666667 1.2916666666666667 1.8541666666666667 1.5833333333333333 1.9791666666666667 1.9791666666666667 1.8125  
34 41.23184421450032 0.9791666666666666 1.8333333333333333 1.1041666666666667 1.6458333333333333 1.1875 1.3125 1.0416666666666667 1.2916666666666667 1.5416666666666667 1.5833333333333333 1.875 1.1458333333333333 0.9166666666666666 1.4375 1.0625 1.1041666666666667 1.1666666666666667 1.0 1.7916666666666667 1.4791666666666667 1.4166666666666667 1.8125 1.875 1.6041666666666667 0.875 1.4791666666666667 0.9791666666666666 1.7083333333333333 0.9583333333333334 1.7083333333333333 2.0 1.4166666666666667 1.5208333333333333 1.6041666666666667 1.2916666666666667 1.8541666666666667 1.5833333333333333 1.9791666666666667 1.9791666666666667 1.8125  
41 39.94293550531918 1.46875 2.75 1.65625 2.46875 1.78125 1.96875 1.5625 1.9375 2.3125 2.375 2.8125 1.71875 1.375 2.15625 1.59375 1.65625 1.75 1.5 2.6875 2.21875 2.125 2.71875 2.8125 2.40625 1.3125 2.21875 1.46875 2.5625 1.4375 2.5625 3.0 2.125 2.28125 2.40625 1.9375 2.78125 2.375 2.96875 2.96875 2.71875  
11 163.48995556615475 0.9791666666666666 1.8333333333333333 1.1041666666666667 1.6458333333333333 1.1875 1.3125 1.0416666666666667 1.2916666666666667 1.5416666666666667 1.5833333333333333 1.875 1.1458333333333333 0.9166666666666666 1.4375 1.0625 1.1041666666666667 1.1666666666666667 1.0 1.7916666666666667 1.4791666666666667 1.4166666666666667 1.8125 1.875 1.6041666666666667 0.875 1.4791666666666667 0.9791666666666666 1.7083333333333333 0.9583333333333334 1.7083333333333333 2.0 1.4166666666666667 1.5208333333333333 1.6041666666666667 1.2916666666666667 1.8541666666666667 1.5833333333333333 1.9791666666666667 1.9791666666666667 1.8125  
22 187.84423929499567 1.46875 2.75 1.65625 2.46875 1.78125 1.96875 1.5625 1.9375 2.3125 2.375 2.8125 1.71875 1.375 2.15625 1.59375 1.65625 1.75 1.5 2.6875 2.21875 2.125 2.71875 2.8125 2.40625 1.3125 2.21875 1.46875 2.5625 1.4375 2.5625 3.0 2.125 2.28125 2.40625 1.9375 2.78125 2.375 2.96875 2.96875 2.71875  
44 42.52652133764768 1.46875 2.75 1.65625 2.46875 1.78125 1.96875 1.5625 1.9375 2.3125 2.375 2.8125 1.71875 1.375 2.15625 1.59375 1.65625 1.75 1.5 2.6875 2.21875 2.125 2.71875 2.8125 2.40625 1.3125 2.21875 1.46875 2.5625 1.4375 2.5625 3.0 2.125 2.28125 2.40625 1.9375 2.78125 2.375 2.96875 2.96875 2.71875  
28 22.0 1.46875 2.75 1.65625 2.46875 1.78125 1.96875 1.5625 1.9375 2.3125 2.375 2.8125 1.71875 1.375 2.15625 1.59375 1.65625 1.75 1.5 2.6875 2.21875 2.125 2.71875 2.8125 2.40625 1.3125 2.21875 1.46875 2.5625 1.4375 2.5625 3.0 2.125 2.28125 2.40625 1.9375 2.78125 2.375 2.96875 2.96875 2.71875  
6 42.0334107876073 0.9791666666666666 1.8333333333333333 1.1041666666666667 1.6458333333333333 1.1875 1.3125 1.0416666666666667 1.2916666666666667 1.5416666666666667 1.5833333333333333 1.875 1.1458333333333333 0.9166666666666666 1.4375 1.0625 1.1041666666666667 1.1666666666666667 1.0 1.7916666666666667 1.4791666666666667 1.4166666666666667 1.8125 1.875 1.6041666666666667 0.875 1.4791666666666667 0.9791666666666666 1.7083333333333333 0.9583333333333334 1.7083333333333333 2.0 1.4166666666666667 1.5208333333333333 1.6041666666666667 1.2916666666666667 1.8541666666666667 1.5833333333333333 1.9791666666666667 1.9791666666666667 1.8125  
7 0.7756991525423726 1.46875 2.75 1.65625 2.46875 1.78125 1.96875 1.5625 1.9375 2.3125 2.375 2.8125 1.71875 1.375 2.15625 1.59375 1.65625 1.75 1.5 2.6875 2.21875 2.125 2.71875 2.8125 2.40625 1.3125 2.21875 1.46875 2.5625 1.4375 2.5625 3.0 2.125 2.28125 2.40625 1.9375 2.78125 2.375 2.96875 2.96875 2.71875  
24 89.65006567147566 1.46875 2.75 1.65625 2.46875 1.78125 1.96875 1.5625 1.9375 2.3125 2.375 2.8125 1.71875 1.375 2.15625 1.59375 1.65625 1.75 1.5 2.6875 2.21875 2.125 2.71875 2.8125 2.40625 1.3125 2.21875 1.46875 2.5625 1.4375 2.5625 3.0 2.125 2.28125 2.40625 1.9375 2.78125 2.375 2.96875 2.96875 2.71875  
38 44.47096552640907 1.46875 2.75 1.65625 2.46875 1.78125 1.96875 1.5625 1.9375 2.3125 2.375 2.8125 1.71875 1.375 2.15625 1.59375 1.65625 1.75 1.5 2.6875 2.21875 2.125 2.71875 2.8125 2.40625 1.3125 2.21875 1.46875 2.5625 1.4375 2.5625 3.0 2.125 2.28125 2.40625 1.9375 2.78125 2.375 2.96875 2.96875 2.71875  
29 161.45113384208665 1.46875 2.75 1.65625 2.46875 1.78125 1.96875 1.5625 1.9375 2.3125 2.375 2.8125 1.71875 1.375 2.15625 1.59375 1.65625 1.75 1.5 2.6875 2.21875 2.125 2.71875 2.8125 2.40625 1.3125 2.21875 1.46875 2.5625 1.4375 2.5625 3.0 2.125 2.28125 2.40625 1.9375 2.78125 2.375 2.96875 2.96875 2.71875  
42 26.01450212303337 1.46875 2.75 1.65625 2.46875 1.78125 1.96875 1.5625 1.9375 2.3125 2.375 2.8125 1.71875 1.375 2.15625 1.59375 1.65625 1.75 1.5 2.6875 2.21875 2.125 2.71875 2.8125 2.40625 1.3125 2.21875 1.46875 2.5625 1.4375 2.5625 3.0 2.125 2.28125 2.40625 1.9375 2.78125 2.375 2.96875 2.96875 2.71875  
47 2.1442911255411183 0.9791666666666666 1.8333333333333333 1.1041666666666667 1.6458333333333333 1.1875 1.3125 1.0416666666666667 1.2916666666666667 1.5416666666666667 1.5833333333333333 1.875 1.1458333333333333 0.9166666666666666 1.4375 1.0625 1.1041666666666667 1.1666666666666667 1.0 1.7916666666666667 1.4791666666666667 1.4166666666666667 1.8125 1.875 1.6041666666666667 0.875 1.4791666666666667 0.9791666666666666 1.7083333333333333 0.9583333333333334 1.7083333333333333 2.0 1.4166666666666667 1.5208333333333333 1.6041666666666667 1.2916666666666667 1.8541666666666667 1.5833333333333333 1.9791666666666667 1.9791666666666667 1.8125  
13 63.550139251828796 0.9791666666666666 1.8333333333333333 1.1041666666666667 1.6458333333333333 1.1875 1.3125 1.0416666666666667 1.2916666666666667 1.5416666666666667 1.5833333333333333 1.875 1.1458333333333333 0.9166666666666666 1.4375 1.0625 1.1041666666666667 1.1666666666666667 1.0 1.7916666666666667 1.4791666666666667 1.4166666666666667 1.8125 1.875 1.6041666666666667 0.875 1.4791666666666667 0.9791666666666666 1.7083333333333333 0.9583333333333334 1.7083333333333333 2.0 1.4166666666666667 1.5208333333333333 1.6041666666666667 1.2916666666666667 1.8541666666666667 1.5833333333333333 1.9791666666666667 1.9791666666666667 1.8125  
12 199.25497905800546 1.46875 2.75 1.65625 2.46875 1.78125 1.96875 1.5625 1.9375 2.3125 2.375 2.8125 1.71875 1.375 2.15625 1.59375 1.65625 1.75 1.5 2.6875 2.21875 2.125 2.71875 2.8125 2.40625 1.3125 2.21875 1.46875 2.5625 1.4375 2.5625 3.0 2.125 2.28125 2.40625 1.9375 2.78125 2.375 2.96875 2.96875 2.71875  
