50 50
TREE NETWORK (nID nID Weight):
1 0 40.0 
15 0 41.0 
17 0 41.0 
18 17 45.0 
45 0 53.0 
36 17 44.0 
2 1 41.0 
19 18 56.0 
3 2 36.0 
24 18 51.0 
4 3 45.0 
46 45 35.0 
37 36 33.0 
5 4 49.0 
35 18 31.0 
6 5 33.0 
16 15 40.0 
13 2 47.0 
39 36 51.0 
20 19 38.0 
25 24 37.0 
31 24 52.0 
7 6 43.0 
48 45 30.0 
42 17 37.0 
40 36 44.0 
21 19 57.0 
26 25 55.0 
32 24 50.0 
27 26 34.0 
22 21 52.0 
8 7 48.0 
33 32 45.0 
9 8 43.0 
43 17 50.0 
10 9 37.0 
14 2 43.0 
23 21 40.0 
41 36 32.0 
38 37 39.0 
44 43 51.0 
47 46 40.0 
28 26 30.0 
29 28 41.0 
11 9 34.0 
49 0 31.0 
12 6 55.0 
30 26 36.0 
34 24 49.0 
PROGRAMS ASSIGNED TO NODES (nID pID1 pID2 ...):
0 1 2 3 4 5 6 7 8 9 10 11 12 13 14 15 16 17 18 19 20 21 22 23 24 25 26 27 28 29 30 31 32 33 34 35 36 37 38 39 40 41 42 43 44 45 46 47 48 49 50  
30 10 11 16 17 25 27 30 31 33 35 36 38 39 43 46  
1 1 3 4 5 10 11 12 13 14 19 21 22 24 30 31 34 35 37 39 40 41 43 45 48  
32 7  
44  
23 2 4 5 6 7 8 11 12 14 16 17 19 22 23 24 25 27 28 29 30 33 35 36 37 39 40 41 43 44 45 46 47  
36 5 6 8 11 15 23 25 28 38 43 44 48  
7 2 3 6 7 10 12 13 14 18 19 22 23 24 26 29 30 31 32 33 35 36 37 38 40 41 44 46 48  
35 1 6 7 14 15 16 20 25 30 31 33 38 39 46 47  
39 2 3 4 5 6 7 8 9 10 11 12 13 14 15 16 17 18 19 20 21 23 25 26 27 28 30 31 32 33 34 35 37 38 39 40 41 42 43 44 45 46 47 48 49 50  
24 6 16 20 28 38 43  
21 2 3 4 6 7 8 9 10 11 12 13 14 15 17 18 19 21 22 23 24 25 26 27 28 30 31 32 33 34 36 37 38 39 40 41 43 44 45 46 47 48 49 50  
47 1 4 5 8 11 13 18 29 31 32 34 36 37 38 41 45 46 49 50  
14 7 12 19 21 24 28 32 37 38 40 45 48 49  
9 2 4 5 8 9 10 20 27 48  
46 1 2 3 4 6 7 8 9 10 11 12 13 14 15 16 17 18 19 20 21 22 24 25 26 27 28 29 30 31 32 33 35 36 37 38 39 40 41 43 44 45 46 47 48 49 50  
4 3 5 7 10 11 14 16 17 19 20 26 32 33 34 35 37 38 47  
41 3 8 11 13 14 16 17 18 19 22 26 27 28 29 30 34 35 36 37 41 42 45 47 48 49  
27 1 2 3 4 5 6 8 9 10 12 13 14 15 16 20 21 23 24 25 26 27 29 30 31 32 35 37 38 39 40 41 43 44 45 47 49  
6 1 2 3 4 5 6 7 9 12 13 14 15 21 22 23 25 28 29 30 31 32 33 34 35 37 38 40 41 42 44 47 48  
22 2 6 7 8 9 12 19 22 23 28 31 32 37 41 42 45  
37 1 2 3 4 8 9 10 12 13 15 16 17 19 20 21 22 24 25 27 28 29 30 31 32 33 34 36 37 39 40 41 44 45 46 47 48 49  
28 3 5 6 9 12 19 25 27 29 32 33 36 40 45 48 49 50  
3 2 3 4 5 8 10 14 16 19 20 21 22 24 26 27 31 34 35 37 40 41 44 45 46 47 48  
16 2 5 10 11 12 15 19 20 23 25 28 30 33 39 44 45 49 50  
8 3 5 6 7 8 9 16 17 19 22 25 27 28 29 32 33 35 36 38 42 44 45 48 49 50  
48 4 7 8 11 12 13 14 15 19 21 22 23 24 29 33 35 37 38 40 43 44 45 46 47 48  
42 5 7 8 10 13 18 27 32 33 38 39 42 47  
43 1 2 5 6 9 10 11 12 13 14 15 16 19 20 21 22 23 24 25 26 29 30 31 32 33 34 35 36 37 38 39 40 41 42 43 47 48 49 50  
15 3 4 5 6 7 8 9 10 11 13 15 16 18 19 20 21 22 24 25 26 27 29 31 32 33 35 36 37 39 40 42 43 45 48 49 50  
26 1 2 5 9 11 14 17 22 26 27 34 37 38 43 47  
29 1 4 5 6 7 8 9 10 11 12 13 14 15 16 17 18 19 20 21 22 23 24 25 26 27 28 29 31 32 33 34 35 36 37 38 39 40 41 42 43 45 46 47 48 49 50  
10 2 5 6 7 9 11 13 14 15 17 18 19 20 21 22 24 26 27 28 29 30 32 33 34 36 37 39 40 42 43 44 45 47 48 49  
12 1 3 4 5 6 7 8 9 10 13 14 15 16 17 18 20 21 22 24 25 26 28 29 30 31 33 34 35 36 38 40 41 43 44 45 46 48 49 50  
31 3 10 32 33 44 47  
11 1 2 3 6 7 19 21 22 27 28 31 36 41 42 44 46 48 49  
40 4 5 10 13 14 16 17 18 24 25 26 27 28 29 34 40 41 43 44 49  
34 1 4 5 14 15 23 29 37 43 44  
18 1 2 3 4 5 6 7 9 10 11 12 13 14 15 17 18 19 20 21 22 23 24 25 26 29 30 31 32 33 34 35 38 39 40 41 42 44 45 46 47 48 49  
49 1 3 4 6 7 9 10 11 12 13 15 16 17 18 19 20 21 22 23 24 25 26 27 29 30 31 32 33 34 35 36 37 38 39 40 41 42 43 44 45 46 47 48 49 50  
45 1 2 3 4 5 7 8 9 10 11 12 13 14 15 16 17 18 19 20 21 22 23 24 25 26 27 28 29 30 31 32 33 34 35 37 38 39 40 41 42 43 44 45 46 47 48 49 50  
33 1 2 3 8 10 11 12 13 14 22 23 26 28 29 31 33 34 36 37 38 40 41 42 43 50  
2 1 2 3 4 5 7 8 9 10 11 13 14 15 19 20 21 22 23 24 25 26 27 28 29 30 31 32 35 36 37 38 39 40 41 42 43 44 45 46 47 48 50  
38 2 4 6 10 11 12 13 14 16 17 18 23 25 27 29 30 33 34 36 37 40 41 43 48 49  
13 1 3 4 5 6 7 8 9 10 11 14 15 17 19 20 21 22 23 24 26 30 32 33 35 37 38 39 40 41 44 45 46 48  
25 5 7 8 12 13 14 16 17 18 19 20 23 24 25 27 28 29 30 31 32 33 34 35 36 38 39 40 41 42 44 47 48 50  
17 2 5 8 12 13 14 17 18 19 20 21 22 23 24 25 27 29 30 35 36 37 39 40 41 43 44 47 48 49 50  
19 1 3 4 5 8 9 10 11 12 14 15 16 17 18 19 20 21 22 23 24 25 26 28 29 30 31 32 33 34 35 36 37 38 40 41 42 43 44 45 46 47 48 49 50  
20 2  
5 1 2 3 5 6 7 10 11 12 14 16 18 20 21 23 24 25 27 30 31 32 33 37 38 39 40 42 47 48 50  
SIZE OF PROGRAMS (pID SIZE):
1 40.0 
2 67.0 
3 85.0 
4 81.0 
5 45.0 
6 97.0 
7 90.0 
8 99.0 
9 84.0 
10 73.0 
11 79.0 
12 74.0 
13 61.0 
14 68.0 
15 52.0 
16 84.0 
17 56.0 
18 63.0 
19 50.0 
20 71.0 
21 55.0 
22 94.0 
23 60.0 
24 69.0 
25 93.0 
26 74.0 
27 44.0 
28 66.0 
29 71.0 
30 71.0 
31 95.0 
32 80.0 
33 61.0 
34 80.0 
35 46.0 
36 47.0 
37 80.0 
38 51.0 
39 43.0 
40 55.0 
41 83.0 
42 88.0 
43 81.0 
44 89.0 
45 51.0 
46 66.0 
47 75.0 
48 64.0 
49 92.0 
50 91.0 
COST_INSTALL_SERVER_AND_PROGRAMS :
0 11709.090909090906 1.2121212121212122 2.0303030303030303 2.5757575757575757 2.4545454545454546 1.3636363636363635 2.9393939393939394 2.727272727272727 3.0 2.5454545454545454 2.212121212121212 2.393939393939394 2.242424242424242 1.8484848484848484 2.0606060606060606 1.5757575757575757 2.5454545454545454 1.696969696969697 1.9090909090909092 1.5151515151515151 2.1515151515151514 1.6666666666666667 2.8484848484848486 1.8181818181818181 2.090909090909091 2.8181818181818183 2.242424242424242 1.3333333333333333 2.0 2.1515151515151514 2.1515151515151514 2.878787878787879 2.4242424242424243 1.8484848484848484 2.4242424242424243 1.393939393939394 1.4242424242424243 2.4242424242424243 1.5454545454545454 1.303030303030303 1.6666666666666667 2.515151515151515 2.6666666666666665 2.4545454545454546 2.696969696969697 1.5454545454545454 2.0 2.272727272727273 1.9393939393939394 2.787878787878788 2.757575757575758  
30 35.344458877816116 0.8080808080808081 1.3535353535353536 1.7171717171717171 1.6363636363636365 0.9090909090909091 1.9595959595959596 1.8181818181818181 2.0 1.696969696969697 1.4747474747474747 1.595959595959596 1.494949494949495 1.2323232323232323 1.3737373737373737 1.0505050505050506 1.696969696969697 1.1313131313131313 1.2727272727272727 1.0101010101010102 1.4343434343434343 1.1111111111111112 1.898989898989899 1.2121212121212122 1.393939393939394 1.878787878787879 1.494949494949495 0.8888888888888888 1.3333333333333333 1.4343434343434343 1.4343434343434343 1.9191919191919191 1.6161616161616161 1.2323232323232323 1.6161616161616161 0.9292929292929293 0.9494949494949495 1.6161616161616161 1.0303030303030303 0.8686868686868687 1.1111111111111112 1.6767676767676767 1.7777777777777777 1.6363636363636365 1.797979797979798 1.0303030303030303 1.3333333333333333 1.5151515151515151 1.292929292929293 1.8585858585858586 1.8383838383838385  
1 8.079064171123013 0.8080808080808081 1.3535353535353536 1.7171717171717171 1.6363636363636365 0.9090909090909091 1.9595959595959596 1.8181818181818181 2.0 1.696969696969697 1.4747474747474747 1.595959595959596 1.494949494949495 1.2323232323232323 1.3737373737373737 1.0505050505050506 1.696969696969697 1.1313131313131313 1.2727272727272727 1.0101010101010102 1.4343434343434343 1.1111111111111112 1.898989898989899 1.2121212121212122 1.393939393939394 1.878787878787879 1.494949494949495 0.8888888888888888 1.3333333333333333 1.4343434343434343 1.4343434343434343 1.9191919191919191 1.6161616161616161 1.2323232323232323 1.6161616161616161 0.9292929292929293 0.9494949494949495 1.6161616161616161 1.0303030303030303 0.8686868686868687 1.1111111111111112 1.6767676767676767 1.7777777777777777 1.6363636363636365 1.797979797979798 1.0303030303030303 1.3333333333333333 1.5151515151515151 1.292929292929293 1.8585858585858586 1.8383838383838385  
32 87.55672510105575 1.2121212121212122 2.0303030303030303 2.5757575757575757 2.4545454545454546 1.3636363636363635 2.9393939393939394 2.727272727272727 3.0 2.5454545454545454 2.212121212121212 2.393939393939394 2.242424242424242 1.8484848484848484 2.0606060606060606 1.5757575757575757 2.5454545454545454 1.696969696969697 1.9090909090909092 1.5151515151515151 2.1515151515151514 1.6666666666666667 2.8484848484848486 1.8181818181818181 2.090909090909091 2.8181818181818183 2.242424242424242 1.3333333333333333 2.0 2.1515151515151514 2.1515151515151514 2.878787878787879 2.4242424242424243 1.8484848484848484 2.4242424242424243 1.393939393939394 1.4242424242424243 2.4242424242424243 1.5454545454545454 1.303030303030303 1.6666666666666667 2.515151515151515 2.6666666666666665 2.4545454545454546 2.696969696969697 1.5454545454545454 2.0 2.272727272727273 1.9393939393939394 2.787878787878788 2.757575757575758  
44 31.0 1.2121212121212122 2.0303030303030303 2.5757575757575757 2.4545454545454546 1.3636363636363635 2.9393939393939394 2.727272727272727 3.0 2.5454545454545454 2.212121212121212 2.393939393939394 2.242424242424242 1.8484848484848484 2.0606060606060606 1.5757575757575757 2.5454545454545454 1.696969696969697 1.9090909090909092 1.5151515151515151 2.1515151515151514 1.6666666666666667 2.8484848484848486 1.8181818181818181 2.090909090909091 2.8181818181818183 2.242424242424242 1.3333333333333333 2.0 2.1515151515151514 2.1515151515151514 2.878787878787879 2.4242424242424243 1.8484848484848484 2.4242424242424243 1.393939393939394 1.4242424242424243 2.4242424242424243 1.5454545454545454 1.303030303030303 1.6666666666666667 2.515151515151515 2.6666666666666665 2.4545454545454546 2.696969696969697 1.5454545454545454 2.0 2.272727272727273 1.9393939393939394 2.787878787878788 2.757575757575758  
23 158.15862111268234 0.8080808080808081 1.3535353535353536 1.7171717171717171 1.6363636363636365 0.9090909090909091 1.9595959595959596 1.8181818181818181 2.0 1.696969696969697 1.4747474747474747 1.595959595959596 1.494949494949495 1.2323232323232323 1.3737373737373737 1.0505050505050506 1.696969696969697 1.1313131313131313 1.2727272727272727 1.0101010101010102 1.4343434343434343 1.1111111111111112 1.898989898989899 1.2121212121212122 1.393939393939394 1.878787878787879 1.494949494949495 0.8888888888888888 1.3333333333333333 1.4343434343434343 1.4343434343434343 1.9191919191919191 1.6161616161616161 1.2323232323232323 1.6161616161616161 0.9292929292929293 0.9494949494949495 1.6161616161616161 1.0303030303030303 0.8686868686868687 1.1111111111111112 1.6767676767676767 1.7777777777777777 1.6363636363636365 1.797979797979798 1.0303030303030303 1.3333333333333333 1.5151515151515151 1.292929292929293 1.8585858585858586 1.8383838383838385  
36 56.27650319551328 1.2121212121212122 2.0303030303030303 2.5757575757575757 2.4545454545454546 1.3636363636363635 2.9393939393939394 2.727272727272727 3.0 2.5454545454545454 2.212121212121212 2.393939393939394 2.242424242424242 1.8484848484848484 2.0606060606060606 1.5757575757575757 2.5454545454545454 1.696969696969697 1.9090909090909092 1.5151515151515151 2.1515151515151514 1.6666666666666667 2.8484848484848486 1.8181818181818181 2.090909090909091 2.8181818181818183 2.242424242424242 1.3333333333333333 2.0 2.1515151515151514 2.1515151515151514 2.878787878787879 2.4242424242424243 1.8484848484848484 2.4242424242424243 1.393939393939394 1.4242424242424243 2.4242424242424243 1.5454545454545454 1.303030303030303 1.6666666666666667 2.515151515151515 2.6666666666666665 2.4545454545454546 2.696969696969697 1.5454545454545454 2.0 2.272727272727273 1.9393939393939394 2.787878787878788 2.757575757575758  
7 340.0095897701113 1.2121212121212122 2.0303030303030303 2.5757575757575757 2.4545454545454546 1.3636363636363635 2.9393939393939394 2.727272727272727 3.0 2.5454545454545454 2.212121212121212 2.393939393939394 2.242424242424242 1.8484848484848484 2.0606060606060606 1.5757575757575757 2.5454545454545454 1.696969696969697 1.9090909090909092 1.5151515151515151 2.1515151515151514 1.6666666666666667 2.8484848484848486 1.8181818181818181 2.090909090909091 2.8181818181818183 2.242424242424242 1.3333333333333333 2.0 2.1515151515151514 2.1515151515151514 2.878787878787879 2.4242424242424243 1.8484848484848484 2.4242424242424243 1.393939393939394 1.4242424242424243 2.4242424242424243 1.5454545454545454 1.303030303030303 1.6666666666666667 2.515151515151515 2.6666666666666665 2.4545454545454546 2.696969696969697 1.5454545454545454 2.0 2.272727272727273 1.9393939393939394 2.787878787878788 2.757575757575758  
35 34.651697303483296 1.2121212121212122 2.0303030303030303 2.5757575757575757 2.4545454545454546 1.3636363636363635 2.9393939393939394 2.727272727272727 3.0 2.5454545454545454 2.212121212121212 2.393939393939394 2.242424242424242 1.8484848484848484 2.0606060606060606 1.5757575757575757 2.5454545454545454 1.696969696969697 1.9090909090909092 1.5151515151515151 2.1515151515151514 1.6666666666666667 2.8484848484848486 1.8181818181818181 2.090909090909091 2.8181818181818183 2.242424242424242 1.3333333333333333 2.0 2.1515151515151514 2.1515151515151514 2.878787878787879 2.4242424242424243 1.8484848484848484 2.4242424242424243 1.393939393939394 1.4242424242424243 2.4242424242424243 1.5454545454545454 1.303030303030303 1.6666666666666667 2.515151515151515 2.6666666666666665 2.4545454545454546 2.696969696969697 1.5454545454545454 2.0 2.272727272727273 1.9393939393939394 2.787878787878788 2.757575757575758  
39 54.592509399402324 0.8080808080808081 1.3535353535353536 1.7171717171717171 1.6363636363636365 0.9090909090909091 1.9595959595959596 1.8181818181818181 2.0 1.696969696969697 1.4747474747474747 1.595959595959596 1.494949494949495 1.2323232323232323 1.3737373737373737 1.0505050505050506 1.696969696969697 1.1313131313131313 1.2727272727272727 1.0101010101010102 1.4343434343434343 1.1111111111111112 1.898989898989899 1.2121212121212122 1.393939393939394 1.878787878787879 1.494949494949495 0.8888888888888888 1.3333333333333333 1.4343434343434343 1.4343434343434343 1.9191919191919191 1.6161616161616161 1.2323232323232323 1.6161616161616161 0.9292929292929293 0.9494949494949495 1.6161616161616161 1.0303030303030303 0.8686868686868687 1.1111111111111112 1.6767676767676767 1.7777777777777777 1.6363636363636365 1.797979797979798 1.0303030303030303 1.3333333333333333 1.5151515151515151 1.292929292929293 1.8585858585858586 1.8383838383838385  
24 77.48776068559678 0.8080808080808081 1.3535353535353536 1.7171717171717171 1.6363636363636365 0.9090909090909091 1.9595959595959596 1.8181818181818181 2.0 1.696969696969697 1.4747474747474747 1.595959595959596 1.494949494949495 1.2323232323232323 1.3737373737373737 1.0505050505050506 1.696969696969697 1.1313131313131313 1.2727272727272727 1.0101010101010102 1.4343434343434343 1.1111111111111112 1.898989898989899 1.2121212121212122 1.393939393939394 1.878787878787879 1.494949494949495 0.8888888888888888 1.3333333333333333 1.4343434343434343 1.4343434343434343 1.9191919191919191 1.6161616161616161 1.2323232323232323 1.6161616161616161 0.9292929292929293 0.9494949494949495 1.6161616161616161 1.0303030303030303 0.8686868686868687 1.1111111111111112 1.6767676767676767 1.7777777777777777 1.6363636363636365 1.797979797979798 1.0303030303030303 1.3333333333333333 1.5151515151515151 1.292929292929293 1.8585858585858586 1.8383838383838385  
21 85.6125404162132 1.2121212121212122 2.0303030303030303 2.5757575757575757 2.4545454545454546 1.3636363636363635 2.9393939393939394 2.727272727272727 3.0 2.5454545454545454 2.212121212121212 2.393939393939394 2.242424242424242 1.8484848484848484 2.0606060606060606 1.5757575757575757 2.5454545454545454 1.696969696969697 1.9090909090909092 1.5151515151515151 2.1515151515151514 1.6666666666666667 2.8484848484848486 1.8181818181818181 2.090909090909091 2.8181818181818183 2.242424242424242 1.3333333333333333 2.0 2.1515151515151514 2.1515151515151514 2.878787878787879 2.4242424242424243 1.8484848484848484 2.4242424242424243 1.393939393939394 1.4242424242424243 2.4242424242424243 1.5454545454545454 1.303030303030303 1.6666666666666667 2.515151515151515 2.6666666666666665 2.4545454545454546 2.696969696969697 1.5454545454545454 2.0 2.272727272727273 1.9393939393939394 2.787878787878788 2.757575757575758  
47 34.256830433717205 1.2121212121212122 2.0303030303030303 2.5757575757575757 2.4545454545454546 1.3636363636363635 2.9393939393939394 2.727272727272727 3.0 2.5454545454545454 2.212121212121212 2.393939393939394 2.242424242424242 1.8484848484848484 2.0606060606060606 1.5757575757575757 2.5454545454545454 1.696969696969697 1.9090909090909092 1.5151515151515151 2.1515151515151514 1.6666666666666667 2.8484848484848486 1.8181818181818181 2.090909090909091 2.8181818181818183 2.242424242424242 1.3333333333333333 2.0 2.1515151515151514 2.1515151515151514 2.878787878787879 2.4242424242424243 1.8484848484848484 2.4242424242424243 1.393939393939394 1.4242424242424243 2.4242424242424243 1.5454545454545454 1.303030303030303 1.6666666666666667 2.515151515151515 2.6666666666666665 2.4545454545454546 2.696969696969697 1.5454545454545454 2.0 2.272727272727273 1.9393939393939394 2.787878787878788 2.757575757575758  
14 40.07998117672962 0.8080808080808081 1.3535353535353536 1.7171717171717171 1.6363636363636365 0.9090909090909091 1.9595959595959596 1.8181818181818181 2.0 1.696969696969697 1.4747474747474747 1.595959595959596 1.494949494949495 1.2323232323232323 1.3737373737373737 1.0505050505050506 1.696969696969697 1.1313131313131313 1.2727272727272727 1.0101010101010102 1.4343434343434343 1.1111111111111112 1.898989898989899 1.2121212121212122 1.393939393939394 1.878787878787879 1.494949494949495 0.8888888888888888 1.3333333333333333 1.4343434343434343 1.4343434343434343 1.9191919191919191 1.6161616161616161 1.2323232323232323 1.6161616161616161 0.9292929292929293 0.9494949494949495 1.6161616161616161 1.0303030303030303 0.8686868686868687 1.1111111111111112 1.6767676767676767 1.7777777777777777 1.6363636363636365 1.797979797979798 1.0303030303030303 1.3333333333333333 1.5151515151515151 1.292929292929293 1.8585858585858586 1.8383838383838385  
9 596.3791292743701 1.2121212121212122 2.0303030303030303 2.5757575757575757 2.4545454545454546 1.3636363636363635 2.9393939393939394 2.727272727272727 3.0 2.5454545454545454 2.212121212121212 2.393939393939394 2.242424242424242 1.8484848484848484 2.0606060606060606 1.5757575757575757 2.5454545454545454 1.696969696969697 1.9090909090909092 1.5151515151515151 2.1515151515151514 1.6666666666666667 2.8484848484848486 1.8181818181818181 2.090909090909091 2.8181818181818183 2.242424242424242 1.3333333333333333 2.0 2.1515151515151514 2.1515151515151514 2.878787878787879 2.4242424242424243 1.8484848484848484 2.4242424242424243 1.393939393939394 1.4242424242424243 2.4242424242424243 1.5454545454545454 1.303030303030303 1.6666666666666667 2.515151515151515 2.6666666666666665 2.4545454545454546 2.696969696969697 1.5454545454545454 2.0 2.272727272727273 1.9393939393939394 2.787878787878788 2.757575757575758  
46 67.14158154513945 1.2121212121212122 2.0303030303030303 2.5757575757575757 2.4545454545454546 1.3636363636363635 2.9393939393939394 2.727272727272727 3.0 2.5454545454545454 2.212121212121212 2.393939393939394 2.242424242424242 1.8484848484848484 2.0606060606060606 1.5757575757575757 2.5454545454545454 1.696969696969697 1.9090909090909092 1.5151515151515151 2.1515151515151514 1.6666666666666667 2.8484848484848486 1.8181818181818181 2.090909090909091 2.8181818181818183 2.242424242424242 1.3333333333333333 2.0 2.1515151515151514 2.1515151515151514 2.878787878787879 2.4242424242424243 1.8484848484848484 2.4242424242424243 1.393939393939394 1.4242424242424243 2.4242424242424243 1.5454545454545454 1.303030303030303 1.6666666666666667 2.515151515151515 2.6666666666666665 2.4545454545454546 2.696969696969697 1.5454545454545454 2.0 2.272727272727273 1.9393939393939394 2.787878787878788 2.757575757575758  
4 259.9524266336246 1.2121212121212122 2.0303030303030303 2.5757575757575757 2.4545454545454546 1.3636363636363635 2.9393939393939394 2.727272727272727 3.0 2.5454545454545454 2.212121212121212 2.393939393939394 2.242424242424242 1.8484848484848484 2.0606060606060606 1.5757575757575757 2.5454545454545454 1.696969696969697 1.9090909090909092 1.5151515151515151 2.1515151515151514 1.6666666666666667 2.8484848484848486 1.8181818181818181 2.090909090909091 2.8181818181818183 2.242424242424242 1.3333333333333333 2.0 2.1515151515151514 2.1515151515151514 2.878787878787879 2.4242424242424243 1.8484848484848484 2.4242424242424243 1.393939393939394 1.4242424242424243 2.4242424242424243 1.5454545454545454 1.303030303030303 1.6666666666666667 2.515151515151515 2.6666666666666665 2.4545454545454546 2.696969696969697 1.5454545454545454 2.0 2.272727272727273 1.9393939393939394 2.787878787878788 2.757575757575758  
41 100.83707395247033 1.2121212121212122 2.0303030303030303 2.5757575757575757 2.4545454545454546 1.3636363636363635 2.9393939393939394 2.727272727272727 3.0 2.5454545454545454 2.212121212121212 2.393939393939394 2.242424242424242 1.8484848484848484 2.0606060606060606 1.5757575757575757 2.5454545454545454 1.696969696969697 1.9090909090909092 1.5151515151515151 2.1515151515151514 1.6666666666666667 2.8484848484848486 1.8181818181818181 2.090909090909091 2.8181818181818183 2.242424242424242 1.3333333333333333 2.0 2.1515151515151514 2.1515151515151514 2.878787878787879 2.4242424242424243 1.8484848484848484 2.4242424242424243 1.393939393939394 1.4242424242424243 2.4242424242424243 1.5454545454545454 1.303030303030303 1.6666666666666667 2.515151515151515 2.6666666666666665 2.4545454545454546 2.696969696969697 1.5454545454545454 2.0 2.272727272727273 1.9393939393939394 2.787878787878788 2.757575757575758  
27 182.80546936182495 1.2121212121212122 2.0303030303030303 2.5757575757575757 2.4545454545454546 1.3636363636363635 2.9393939393939394 2.727272727272727 3.0 2.5454545454545454 2.212121212121212 2.393939393939394 2.242424242424242 1.8484848484848484 2.0606060606060606 1.5757575757575757 2.5454545454545454 1.696969696969697 1.9090909090909092 1.5151515151515151 2.1515151515151514 1.6666666666666667 2.8484848484848486 1.8181818181818181 2.090909090909091 2.8181818181818183 2.242424242424242 1.3333333333333333 2.0 2.1515151515151514 2.1515151515151514 2.878787878787879 2.4242424242424243 1.8484848484848484 2.4242424242424243 1.393939393939394 1.4242424242424243 2.4242424242424243 1.5454545454545454 1.303030303030303 1.6666666666666667 2.515151515151515 2.6666666666666665 2.4545454545454546 2.696969696969697 1.5454545454545454 2.0 2.272727272727273 1.9393939393939394 2.787878787878788 2.757575757575758  
6 284.7354447632713 1.2121212121212122 2.0303030303030303 2.5757575757575757 2.4545454545454546 1.3636363636363635 2.9393939393939394 2.727272727272727 3.0 2.5454545454545454 2.212121212121212 2.393939393939394 2.242424242424242 1.8484848484848484 2.0606060606060606 1.5757575757575757 2.5454545454545454 1.696969696969697 1.9090909090909092 1.5151515151515151 2.1515151515151514 1.6666666666666667 2.8484848484848486 1.8181818181818181 2.090909090909091 2.8181818181818183 2.242424242424242 1.3333333333333333 2.0 2.1515151515151514 2.1515151515151514 2.878787878787879 2.4242424242424243 1.8484848484848484 2.4242424242424243 1.393939393939394 1.4242424242424243 2.4242424242424243 1.5454545454545454 1.303030303030303 1.6666666666666667 2.515151515151515 2.6666666666666665 2.4545454545454546 2.696969696969697 1.5454545454545454 2.0 2.272727272727273 1.9393939393939394 2.787878787878788 2.757575757575758  
22 108.54794633336996 0.8080808080808081 1.3535353535353536 1.7171717171717171 1.6363636363636365 0.9090909090909091 1.9595959595959596 1.8181818181818181 2.0 1.696969696969697 1.4747474747474747 1.595959595959596 1.494949494949495 1.2323232323232323 1.3737373737373737 1.0505050505050506 1.696969696969697 1.1313131313131313 1.2727272727272727 1.0101010101010102 1.4343434343434343 1.1111111111111112 1.898989898989899 1.2121212121212122 1.393939393939394 1.878787878787879 1.494949494949495 0.8888888888888888 1.3333333333333333 1.4343434343434343 1.4343434343434343 1.9191919191919191 1.6161616161616161 1.2323232323232323 1.6161616161616161 0.9292929292929293 0.9494949494949495 1.6161616161616161 1.0303030303030303 0.8686868686868687 1.1111111111111112 1.6767676767676767 1.7777777777777777 1.6363636363636365 1.797979797979798 1.0303030303030303 1.3333333333333333 1.5151515151515151 1.292929292929293 1.8585858585858586 1.8383838383838385  
37 139.56743040157676 0.8080808080808081 1.3535353535353536 1.7171717171717171 1.6363636363636365 0.9090909090909091 1.9595959595959596 1.8181818181818181 2.0 1.696969696969697 1.4747474747474747 1.595959595959596 1.494949494949495 1.2323232323232323 1.3737373737373737 1.0505050505050506 1.696969696969697 1.1313131313131313 1.2727272727272727 1.0101010101010102 1.4343434343434343 1.1111111111111112 1.898989898989899 1.2121212121212122 1.393939393939394 1.878787878787879 1.494949494949495 0.8888888888888888 1.3333333333333333 1.4343434343434343 1.4343434343434343 1.9191919191919191 1.6161616161616161 1.2323232323232323 1.6161616161616161 0.9292929292929293 0.9494949494949495 1.6161616161616161 1.0303030303030303 0.8686868686868687 1.1111111111111112 1.6767676767676767 1.7777777777777777 1.6363636363636365 1.797979797979798 1.0303030303030303 1.3333333333333333 1.5151515151515151 1.292929292929293 1.8585858585858586 1.8383838383838385  
28 294.928161057399 1.2121212121212122 2.0303030303030303 2.5757575757575757 2.4545454545454546 1.3636363636363635 2.9393939393939394 2.727272727272727 3.0 2.5454545454545454 2.212121212121212 2.393939393939394 2.242424242424242 1.8484848484848484 2.0606060606060606 1.5757575757575757 2.5454545454545454 1.696969696969697 1.9090909090909092 1.5151515151515151 2.1515151515151514 1.6666666666666667 2.8484848484848486 1.8181818181818181 2.090909090909091 2.8181818181818183 2.242424242424242 1.3333333333333333 2.0 2.1515151515151514 2.1515151515151514 2.878787878787879 2.4242424242424243 1.8484848484848484 2.4242424242424243 1.393939393939394 1.4242424242424243 2.4242424242424243 1.5454545454545454 1.303030303030303 1.6666666666666667 2.515151515151515 2.6666666666666665 2.4545454545454546 2.696969696969697 1.5454545454545454 2.0 2.272727272727273 1.9393939393939394 2.787878787878788 2.757575757575758  
3 170.92280139993915 0.8080808080808081 1.3535353535353536 1.7171717171717171 1.6363636363636365 0.9090909090909091 1.9595959595959596 1.8181818181818181 2.0 1.696969696969697 1.4747474747474747 1.595959595959596 1.494949494949495 1.2323232323232323 1.3737373737373737 1.0505050505050506 1.696969696969697 1.1313131313131313 1.2727272727272727 1.0101010101010102 1.4343434343434343 1.1111111111111112 1.898989898989899 1.2121212121212122 1.393939393939394 1.878787878787879 1.494949494949495 0.8888888888888888 1.3333333333333333 1.4343434343434343 1.4343434343434343 1.9191919191919191 1.6161616161616161 1.2323232323232323 1.6161616161616161 0.9292929292929293 0.9494949494949495 1.6161616161616161 1.0303030303030303 0.8686868686868687 1.1111111111111112 1.6767676767676767 1.7777777777777777 1.6363636363636365 1.797979797979798 1.0303030303030303 1.3333333333333333 1.5151515151515151 1.292929292929293 1.8585858585858586 1.8383838383838385  
16 10.75294161123429 0.8080808080808081 1.3535353535353536 1.7171717171717171 1.6363636363636365 0.9090909090909091 1.9595959595959596 1.8181818181818181 2.0 1.696969696969697 1.4747474747474747 1.595959595959596 1.494949494949495 1.2323232323232323 1.3737373737373737 1.0505050505050506 1.696969696969697 1.1313131313131313 1.2727272727272727 1.0101010101010102 1.4343434343434343 1.1111111111111112 1.898989898989899 1.2121212121212122 1.393939393939394 1.878787878787879 1.494949494949495 0.8888888888888888 1.3333333333333333 1.4343434343434343 1.4343434343434343 1.9191919191919191 1.6161616161616161 1.2323232323232323 1.6161616161616161 0.9292929292929293 0.9494949494949495 1.6161616161616161 1.0303030303030303 0.8686868686868687 1.1111111111111112 1.6767676767676767 1.7777777777777777 1.6363636363636365 1.797979797979798 1.0303030303030303 1.3333333333333333 1.5151515151515151 1.292929292929293 1.8585858585858586 1.8383838383838385  
8 334.41312264988244 0.8080808080808081 1.3535353535353536 1.7171717171717171 1.6363636363636365 0.9090909090909091 1.9595959595959596 1.8181818181818181 2.0 1.696969696969697 1.4747474747474747 1.595959595959596 1.494949494949495 1.2323232323232323 1.3737373737373737 1.0505050505050506 1.696969696969697 1.1313131313131313 1.2727272727272727 1.0101010101010102 1.4343434343434343 1.1111111111111112 1.898989898989899 1.2121212121212122 1.393939393939394 1.878787878787879 1.494949494949495 0.8888888888888888 1.3333333333333333 1.4343434343434343 1.4343434343434343 1.9191919191919191 1.6161616161616161 1.2323232323232323 1.6161616161616161 0.9292929292929293 0.9494949494949495 1.6161616161616161 1.0303030303030303 0.8686868686868687 1.1111111111111112 1.6767676767676767 1.7777777777777777 1.6363636363636365 1.797979797979798 1.0303030303030303 1.3333333333333333 1.5151515151515151 1.292929292929293 1.8585858585858586 1.8383838383838385  
48 39.84348154989662 0.8080808080808081 1.3535353535353536 1.7171717171717171 1.6363636363636365 0.9090909090909091 1.9595959595959596 1.8181818181818181 2.0 1.696969696969697 1.4747474747474747 1.595959595959596 1.494949494949495 1.2323232323232323 1.3737373737373737 1.0505050505050506 1.696969696969697 1.1313131313131313 1.2727272727272727 1.0101010101010102 1.4343434343434343 1.1111111111111112 1.898989898989899 1.2121212121212122 1.393939393939394 1.878787878787879 1.494949494949495 0.8888888888888888 1.3333333333333333 1.4343434343434343 1.4343434343434343 1.9191919191919191 1.6161616161616161 1.2323232323232323 1.6161616161616161 0.9292929292929293 0.9494949494949495 1.6161616161616161 1.0303030303030303 0.8686868686868687 1.1111111111111112 1.6767676767676767 1.7777777777777777 1.6363636363636365 1.797979797979798 1.0303030303030303 1.3333333333333333 1.5151515151515151 1.292929292929293 1.8585858585858586 1.8383838383838385  
42 22.64592796787919 1.2121212121212122 2.0303030303030303 2.5757575757575757 2.4545454545454546 1.3636363636363635 2.9393939393939394 2.727272727272727 3.0 2.5454545454545454 2.212121212121212 2.393939393939394 2.242424242424242 1.8484848484848484 2.0606060606060606 1.5757575757575757 2.5454545454545454 1.696969696969697 1.9090909090909092 1.5151515151515151 2.1515151515151514 1.6666666666666667 2.8484848484848486 1.8181818181818181 2.090909090909091 2.8181818181818183 2.242424242424242 1.3333333333333333 2.0 2.1515151515151514 2.1515151515151514 2.878787878787879 2.4242424242424243 1.8484848484848484 2.4242424242424243 1.393939393939394 1.4242424242424243 2.4242424242424243 1.5454545454545454 1.303030303030303 1.6666666666666667 2.515151515151515 2.6666666666666665 2.4545454545454546 2.696969696969697 1.5454545454545454 2.0 2.272727272727273 1.9393939393939394 2.787878787878788 2.757575757575758  
43 17.39489135254991 1.2121212121212122 2.0303030303030303 2.5757575757575757 2.4545454545454546 1.3636363636363635 2.9393939393939394 2.727272727272727 3.0 2.5454545454545454 2.212121212121212 2.393939393939394 2.242424242424242 1.8484848484848484 2.0606060606060606 1.5757575757575757 2.5454545454545454 1.696969696969697 1.9090909090909092 1.5151515151515151 2.1515151515151514 1.6666666666666667 2.8484848484848486 1.8181818181818181 2.090909090909091 2.8181818181818183 2.242424242424242 1.3333333333333333 2.0 2.1515151515151514 2.1515151515151514 2.878787878787879 2.4242424242424243 1.8484848484848484 2.4242424242424243 1.393939393939394 1.4242424242424243 2.4242424242424243 1.5454545454545454 1.303030303030303 1.6666666666666667 2.515151515151515 2.6666666666666665 2.4545454545454546 2.696969696969697 1.5454545454545454 2.0 2.272727272727273 1.9393939393939394 2.787878787878788 2.757575757575758  
15 96.0 1.2121212121212122 2.0303030303030303 2.5757575757575757 2.4545454545454546 1.3636363636363635 2.9393939393939394 2.727272727272727 3.0 2.5454545454545454 2.212121212121212 2.393939393939394 2.242424242424242 1.8484848484848484 2.0606060606060606 1.5757575757575757 2.5454545454545454 1.696969696969697 1.9090909090909092 1.5151515151515151 2.1515151515151514 1.6666666666666667 2.8484848484848486 1.8181818181818181 2.090909090909091 2.8181818181818183 2.242424242424242 1.3333333333333333 2.0 2.1515151515151514 2.1515151515151514 2.878787878787879 2.4242424242424243 1.8484848484848484 2.4242424242424243 1.393939393939394 1.4242424242424243 2.4242424242424243 1.5454545454545454 1.303030303030303 1.6666666666666667 2.515151515151515 2.6666666666666665 2.4545454545454546 2.696969696969697 1.5454545454545454 2.0 2.272727272727273 1.9393939393939394 2.787878787878788 2.757575757575758  
26 170.3333647275585 1.2121212121212122 2.0303030303030303 2.5757575757575757 2.4545454545454546 1.3636363636363635 2.9393939393939394 2.727272727272727 3.0 2.5454545454545454 2.212121212121212 2.393939393939394 2.242424242424242 1.8484848484848484 2.0606060606060606 1.5757575757575757 2.5454545454545454 1.696969696969697 1.9090909090909092 1.5151515151515151 2.1515151515151514 1.6666666666666667 2.8484848484848486 1.8181818181818181 2.090909090909091 2.8181818181818183 2.242424242424242 1.3333333333333333 2.0 2.1515151515151514 2.1515151515151514 2.878787878787879 2.4242424242424243 1.8484848484848484 2.4242424242424243 1.393939393939394 1.4242424242424243 2.4242424242424243 1.5454545454545454 1.303030303030303 1.6666666666666667 2.515151515151515 2.6666666666666665 2.4545454545454546 2.696969696969697 1.5454545454545454 2.0 2.272727272727273 1.9393939393939394 2.787878787878788 2.757575757575758  
29 246.08622422271867 0.8080808080808081 1.3535353535353536 1.7171717171717171 1.6363636363636365 0.9090909090909091 1.9595959595959596 1.8181818181818181 2.0 1.696969696969697 1.4747474747474747 1.595959595959596 1.494949494949495 1.2323232323232323 1.3737373737373737 1.0505050505050506 1.696969696969697 1.1313131313131313 1.2727272727272727 1.0101010101010102 1.4343434343434343 1.1111111111111112 1.898989898989899 1.2121212121212122 1.393939393939394 1.878787878787879 1.494949494949495 0.8888888888888888 1.3333333333333333 1.4343434343434343 1.4343434343434343 1.9191919191919191 1.6161616161616161 1.2323232323232323 1.6161616161616161 0.9292929292929293 0.9494949494949495 1.6161616161616161 1.0303030303030303 0.8686868686868687 1.1111111111111112 1.6767676767676767 1.7777777777777777 1.6363636363636365 1.797979797979798 1.0303030303030303 1.3333333333333333 1.5151515151515151 1.292929292929293 1.8585858585858586 1.8383838383838385  
10 226.8147776144635 1.2121212121212122 2.0303030303030303 2.5757575757575757 2.4545454545454546 1.3636363636363635 2.9393939393939394 2.727272727272727 3.0 2.5454545454545454 2.212121212121212 2.393939393939394 2.242424242424242 1.8484848484848484 2.0606060606060606 1.5757575757575757 2.5454545454545454 1.696969696969697 1.9090909090909092 1.5151515151515151 2.1515151515151514 1.6666666666666667 2.8484848484848486 1.8181818181818181 2.090909090909091 2.8181818181818183 2.242424242424242 1.3333333333333333 2.0 2.1515151515151514 2.1515151515151514 2.878787878787879 2.4242424242424243 1.8484848484848484 2.4242424242424243 1.393939393939394 1.4242424242424243 2.4242424242424243 1.5454545454545454 1.303030303030303 1.6666666666666667 2.515151515151515 2.6666666666666665 2.4545454545454546 2.696969696969697 1.5454545454545454 2.0 2.272727272727273 1.9393939393939394 2.787878787878788 2.757575757575758  
12 310.30422888667675 0.8080808080808081 1.3535353535353536 1.7171717171717171 1.6363636363636365 0.9090909090909091 1.9595959595959596 1.8181818181818181 2.0 1.696969696969697 1.4747474747474747 1.595959595959596 1.494949494949495 1.2323232323232323 1.3737373737373737 1.0505050505050506 1.696969696969697 1.1313131313131313 1.2727272727272727 1.0101010101010102 1.4343434343434343 1.1111111111111112 1.898989898989899 1.2121212121212122 1.393939393939394 1.878787878787879 1.494949494949495 0.8888888888888888 1.3333333333333333 1.4343434343434343 1.4343434343434343 1.9191919191919191 1.6161616161616161 1.2323232323232323 1.6161616161616161 0.9292929292929293 0.9494949494949495 1.6161616161616161 1.0303030303030303 0.8686868686868687 1.1111111111111112 1.6767676767676767 1.7777777777777777 1.6363636363636365 1.797979797979798 1.0303030303030303 1.3333333333333333 1.5151515151515151 1.292929292929293 1.8585858585858586 1.8383838383838385  
31 17.694612479024244 0.8080808080808081 1.3535353535353536 1.7171717171717171 1.6363636363636365 0.9090909090909091 1.9595959595959596 1.8181818181818181 2.0 1.696969696969697 1.4747474747474747 1.595959595959596 1.494949494949495 1.2323232323232323 1.3737373737373737 1.0505050505050506 1.696969696969697 1.1313131313131313 1.2727272727272727 1.0101010101010102 1.4343434343434343 1.1111111111111112 1.898989898989899 1.2121212121212122 1.393939393939394 1.878787878787879 1.494949494949495 0.8888888888888888 1.3333333333333333 1.4343434343434343 1.4343434343434343 1.9191919191919191 1.6161616161616161 1.2323232323232323 1.6161616161616161 0.9292929292929293 0.9494949494949495 1.6161616161616161 1.0303030303030303 0.8686868686868687 1.1111111111111112 1.6767676767676767 1.7777777777777777 1.6363636363636365 1.797979797979798 1.0303030303030303 1.3333333333333333 1.5151515151515151 1.292929292929293 1.8585858585858586 1.8383838383838385  
11 339.44903139223874 1.2121212121212122 2.0303030303030303 2.5757575757575757 2.4545454545454546 1.3636363636363635 2.9393939393939394 2.727272727272727 3.0 2.5454545454545454 2.212121212121212 2.393939393939394 2.242424242424242 1.8484848484848484 2.0606060606060606 1.5757575757575757 2.5454545454545454 1.696969696969697 1.9090909090909092 1.5151515151515151 2.1515151515151514 1.6666666666666667 2.8484848484848486 1.8181818181818181 2.090909090909091 2.8181818181818183 2.242424242424242 1.3333333333333333 2.0 2.1515151515151514 2.1515151515151514 2.878787878787879 2.4242424242424243 1.8484848484848484 2.4242424242424243 1.393939393939394 1.4242424242424243 2.4242424242424243 1.5454545454545454 1.303030303030303 1.6666666666666667 2.515151515151515 2.6666666666666665 2.4545454545454546 2.696969696969697 1.5454545454545454 2.0 2.272727272727273 1.9393939393939394 2.787878787878788 2.757575757575758  
40 58.399753633899984 0.8080808080808081 1.3535353535353536 1.7171717171717171 1.6363636363636365 0.9090909090909091 1.9595959595959596 1.8181818181818181 2.0 1.696969696969697 1.4747474747474747 1.595959595959596 1.494949494949495 1.2323232323232323 1.3737373737373737 1.0505050505050506 1.696969696969697 1.1313131313131313 1.2727272727272727 1.0101010101010102 1.4343434343434343 1.1111111111111112 1.898989898989899 1.2121212121212122 1.393939393939394 1.878787878787879 1.494949494949495 0.8888888888888888 1.3333333333333333 1.4343434343434343 1.4343434343434343 1.9191919191919191 1.6161616161616161 1.2323232323232323 1.6161616161616161 0.9292929292929293 0.9494949494949495 1.6161616161616161 1.0303030303030303 0.8686868686868687 1.1111111111111112 1.6767676767676767 1.7777777777777777 1.6363636363636365 1.797979797979798 1.0303030303030303 1.3333333333333333 1.5151515151515151 1.292929292929293 1.8585858585858586 1.8383838383838385  
34 45.42442095591177 1.2121212121212122 2.0303030303030303 2.5757575757575757 2.4545454545454546 1.3636363636363635 2.9393939393939394 2.727272727272727 3.0 2.5454545454545454 2.212121212121212 2.393939393939394 2.242424242424242 1.8484848484848484 2.0606060606060606 1.5757575757575757 2.5454545454545454 1.696969696969697 1.9090909090909092 1.5151515151515151 2.1515151515151514 1.6666666666666667 2.8484848484848486 1.8181818181818181 2.090909090909091 2.8181818181818183 2.242424242424242 1.3333333333333333 2.0 2.1515151515151514 2.1515151515151514 2.878787878787879 2.4242424242424243 1.8484848484848484 2.4242424242424243 1.393939393939394 1.4242424242424243 2.4242424242424243 1.5454545454545454 1.303030303030303 1.6666666666666667 2.515151515151515 2.6666666666666665 2.4545454545454546 2.696969696969697 1.5454545454545454 2.0 2.272727272727273 1.9393939393939394 2.787878787878788 2.757575757575758  
18 95.71363100155065 0.8080808080808081 1.3535353535353536 1.7171717171717171 1.6363636363636365 0.9090909090909091 1.9595959595959596 1.8181818181818181 2.0 1.696969696969697 1.4747474747474747 1.595959595959596 1.494949494949495 1.2323232323232323 1.3737373737373737 1.0505050505050506 1.696969696969697 1.1313131313131313 1.2727272727272727 1.0101010101010102 1.4343434343434343 1.1111111111111112 1.898989898989899 1.2121212121212122 1.393939393939394 1.878787878787879 1.494949494949495 0.8888888888888888 1.3333333333333333 1.4343434343434343 1.4343434343434343 1.9191919191919191 1.6161616161616161 1.2323232323232323 1.6161616161616161 0.9292929292929293 0.9494949494949495 1.6161616161616161 1.0303030303030303 0.8686868686868687 1.1111111111111112 1.6767676767676767 1.7777777777777777 1.6363636363636365 1.797979797979798 1.0303030303030303 1.3333333333333333 1.5151515151515151 1.292929292929293 1.8585858585858586 1.8383838383838385  
49 6.478566874920311 1.2121212121212122 2.0303030303030303 2.5757575757575757 2.4545454545454546 1.3636363636363635 2.9393939393939394 2.727272727272727 3.0 2.5454545454545454 2.212121212121212 2.393939393939394 2.242424242424242 1.8484848484848484 2.0606060606060606 1.5757575757575757 2.5454545454545454 1.696969696969697 1.9090909090909092 1.5151515151515151 2.1515151515151514 1.6666666666666667 2.8484848484848486 1.8181818181818181 2.090909090909091 2.8181818181818183 2.242424242424242 1.3333333333333333 2.0 2.1515151515151514 2.1515151515151514 2.878787878787879 2.4242424242424243 1.8484848484848484 2.4242424242424243 1.393939393939394 1.4242424242424243 2.4242424242424243 1.5454545454545454 1.303030303030303 1.6666666666666667 2.515151515151515 2.6666666666666665 2.4545454545454546 2.696969696969697 1.5454545454545454 2.0 2.272727272727273 1.9393939393939394 2.787878787878788 2.757575757575758  
45 82.0 1.2121212121212122 2.0303030303030303 2.5757575757575757 2.4545454545454546 1.3636363636363635 2.9393939393939394 2.727272727272727 3.0 2.5454545454545454 2.212121212121212 2.393939393939394 2.242424242424242 1.8484848484848484 2.0606060606060606 1.5757575757575757 2.5454545454545454 1.696969696969697 1.9090909090909092 1.5151515151515151 2.1515151515151514 1.6666666666666667 2.8484848484848486 1.8181818181818181 2.090909090909091 2.8181818181818183 2.242424242424242 1.3333333333333333 2.0 2.1515151515151514 2.1515151515151514 2.878787878787879 2.4242424242424243 1.8484848484848484 2.4242424242424243 1.393939393939394 1.4242424242424243 2.4242424242424243 1.5454545454545454 1.303030303030303 1.6666666666666667 2.515151515151515 2.6666666666666665 2.4545454545454546 2.696969696969697 1.5454545454545454 2.0 2.272727272727273 1.9393939393939394 2.787878787878788 2.757575757575758  
33 54.44575300739432 0.8080808080808081 1.3535353535353536 1.7171717171717171 1.6363636363636365 0.9090909090909091 1.9595959595959596 1.8181818181818181 2.0 1.696969696969697 1.4747474747474747 1.595959595959596 1.494949494949495 1.2323232323232323 1.3737373737373737 1.0505050505050506 1.696969696969697 1.1313131313131313 1.2727272727272727 1.0101010101010102 1.4343434343434343 1.1111111111111112 1.898989898989899 1.2121212121212122 1.393939393939394 1.878787878787879 1.494949494949495 0.8888888888888888 1.3333333333333333 1.4343434343434343 1.4343434343434343 1.9191919191919191 1.6161616161616161 1.2323232323232323 1.6161616161616161 0.9292929292929293 0.9494949494949495 1.6161616161616161 1.0303030303030303 0.8686868686868687 1.1111111111111112 1.6767676767676767 1.7777777777777777 1.6363636363636365 1.797979797979798 1.0303030303030303 1.3333333333333333 1.5151515151515151 1.292929292929293 1.8585858585858586 1.8383838383838385  
2 79.75468697013179 1.2121212121212122 2.0303030303030303 2.5757575757575757 2.4545454545454546 1.3636363636363635 2.9393939393939394 2.727272727272727 3.0 2.5454545454545454 2.212121212121212 2.393939393939394 2.242424242424242 1.8484848484848484 2.0606060606060606 1.5757575757575757 2.5454545454545454 1.696969696969697 1.9090909090909092 1.5151515151515151 2.1515151515151514 1.6666666666666667 2.8484848484848486 1.8181818181818181 2.090909090909091 2.8181818181818183 2.242424242424242 1.3333333333333333 2.0 2.1515151515151514 2.1515151515151514 2.878787878787879 2.4242424242424243 1.8484848484848484 2.4242424242424243 1.393939393939394 1.4242424242424243 2.4242424242424243 1.5454545454545454 1.303030303030303 1.6666666666666667 2.515151515151515 2.6666666666666665 2.4545454545454546 2.696969696969697 1.5454545454545454 2.0 2.272727272727273 1.9393939393939394 2.787878787878788 2.757575757575758  
38 143.86042850207957 1.2121212121212122 2.0303030303030303 2.5757575757575757 2.4545454545454546 1.3636363636363635 2.9393939393939394 2.727272727272727 3.0 2.5454545454545454 2.212121212121212 2.393939393939394 2.242424242424242 1.8484848484848484 2.0606060606060606 1.5757575757575757 2.5454545454545454 1.696969696969697 1.9090909090909092 1.5151515151515151 2.1515151515151514 1.6666666666666667 2.8484848484848486 1.8181818181818181 2.090909090909091 2.8181818181818183 2.242424242424242 1.3333333333333333 2.0 2.1515151515151514 2.1515151515151514 2.878787878787879 2.4242424242424243 1.8484848484848484 2.4242424242424243 1.393939393939394 1.4242424242424243 2.4242424242424243 1.5454545454545454 1.303030303030303 1.6666666666666667 2.515151515151515 2.6666666666666665 2.4545454545454546 2.696969696969697 1.5454545454545454 2.0 2.272727272727273 1.9393939393939394 2.787878787878788 2.757575757575758  
13 131.6098742977872 0.8080808080808081 1.3535353535353536 1.7171717171717171 1.6363636363636365 0.9090909090909091 1.9595959595959596 1.8181818181818181 2.0 1.696969696969697 1.4747474747474747 1.595959595959596 1.494949494949495 1.2323232323232323 1.3737373737373737 1.0505050505050506 1.696969696969697 1.1313131313131313 1.2727272727272727 1.0101010101010102 1.4343434343434343 1.1111111111111112 1.898989898989899 1.2121212121212122 1.393939393939394 1.878787878787879 1.494949494949495 0.8888888888888888 1.3333333333333333 1.4343434343434343 1.4343434343434343 1.9191919191919191 1.6161616161616161 1.2323232323232323 1.6161616161616161 0.9292929292929293 0.9494949494949495 1.6161616161616161 1.0303030303030303 0.8686868686868687 1.1111111111111112 1.6767676767676767 1.7777777777777777 1.6363636363636365 1.797979797979798 1.0303030303030303 1.3333333333333333 1.5151515151515151 1.292929292929293 1.8585858585858586 1.8383838383838385  
25 244.4757980896525 0.8080808080808081 1.3535353535353536 1.7171717171717171 1.6363636363636365 0.9090909090909091 1.9595959595959596 1.8181818181818181 2.0 1.696969696969697 1.4747474747474747 1.595959595959596 1.494949494949495 1.2323232323232323 1.3737373737373737 1.0505050505050506 1.696969696969697 1.1313131313131313 1.2727272727272727 1.0101010101010102 1.4343434343434343 1.1111111111111112 1.898989898989899 1.2121212121212122 1.393939393939394 1.878787878787879 1.494949494949495 0.8888888888888888 1.3333333333333333 1.4343434343434343 1.4343434343434343 1.9191919191919191 1.6161616161616161 1.2323232323232323 1.6161616161616161 0.9292929292929293 0.9494949494949495 1.6161616161616161 1.0303030303030303 0.8686868686868687 1.1111111111111112 1.6767676767676767 1.7777777777777777 1.6363636363636365 1.797979797979798 1.0303030303030303 1.3333333333333333 1.5151515151515151 1.292929292929293 1.8585858585858586 1.8383838383838385  
17 47.0 1.2121212121212122 2.0303030303030303 2.5757575757575757 2.4545454545454546 1.3636363636363635 2.9393939393939394 2.727272727272727 3.0 2.5454545454545454 2.212121212121212 2.393939393939394 2.242424242424242 1.8484848484848484 2.0606060606060606 1.5757575757575757 2.5454545454545454 1.696969696969697 1.9090909090909092 1.5151515151515151 2.1515151515151514 1.6666666666666667 2.8484848484848486 1.8181818181818181 2.090909090909091 2.8181818181818183 2.242424242424242 1.3333333333333333 2.0 2.1515151515151514 2.1515151515151514 2.878787878787879 2.4242424242424243 1.8484848484848484 2.4242424242424243 1.393939393939394 1.4242424242424243 2.4242424242424243 1.5454545454545454 1.303030303030303 1.6666666666666667 2.515151515151515 2.6666666666666665 2.4545454545454546 2.696969696969697 1.5454545454545454 2.0 2.272727272727273 1.9393939393939394 2.787878787878788 2.757575757575758  
19 102.51460854704048 1.2121212121212122 2.0303030303030303 2.5757575757575757 2.4545454545454546 1.3636363636363635 2.9393939393939394 2.727272727272727 3.0 2.5454545454545454 2.212121212121212 2.393939393939394 2.242424242424242 1.8484848484848484 2.0606060606060606 1.5757575757575757 2.5454545454545454 1.696969696969697 1.9090909090909092 1.5151515151515151 2.1515151515151514 1.6666666666666667 2.8484848484848486 1.8181818181818181 2.090909090909091 2.8181818181818183 2.242424242424242 1.3333333333333333 2.0 2.1515151515151514 2.1515151515151514 2.878787878787879 2.4242424242424243 1.8484848484848484 2.4242424242424243 1.393939393939394 1.4242424242424243 2.4242424242424243 1.5454545454545454 1.303030303030303 1.6666666666666667 2.515151515151515 2.6666666666666665 2.4545454545454546 2.696969696969697 1.5454545454545454 2.0 2.272727272727273 1.9393939393939394 2.787878787878788 2.757575757575758  
20 3.7832690743858906 0.8080808080808081 1.3535353535353536 1.7171717171717171 1.6363636363636365 0.9090909090909091 1.9595959595959596 1.8181818181818181 2.0 1.696969696969697 1.4747474747474747 1.595959595959596 1.494949494949495 1.2323232323232323 1.3737373737373737 1.0505050505050506 1.696969696969697 1.1313131313131313 1.2727272727272727 1.0101010101010102 1.4343434343434343 1.1111111111111112 1.898989898989899 1.2121212121212122 1.393939393939394 1.878787878787879 1.494949494949495 0.8888888888888888 1.3333333333333333 1.4343434343434343 1.4343434343434343 1.9191919191919191 1.6161616161616161 1.2323232323232323 1.6161616161616161 0.9292929292929293 0.9494949494949495 1.6161616161616161 1.0303030303030303 0.8686868686868687 1.1111111111111112 1.6767676767676767 1.7777777777777777 1.6363636363636365 1.797979797979798 1.0303030303030303 1.3333333333333333 1.5151515151515151 1.292929292929293 1.8585858585858586 1.8383838383838385  
5 125.89051441862776 1.2121212121212122 2.0303030303030303 2.5757575757575757 2.4545454545454546 1.3636363636363635 2.9393939393939394 2.727272727272727 3.0 2.5454545454545454 2.212121212121212 2.393939393939394 2.242424242424242 1.8484848484848484 2.0606060606060606 1.5757575757575757 2.5454545454545454 1.696969696969697 1.9090909090909092 1.5151515151515151 2.1515151515151514 1.6666666666666667 2.8484848484848486 1.8181818181818181 2.090909090909091 2.8181818181818183 2.242424242424242 1.3333333333333333 2.0 2.1515151515151514 2.1515151515151514 2.878787878787879 2.4242424242424243 1.8484848484848484 2.4242424242424243 1.393939393939394 1.4242424242424243 2.4242424242424243 1.5454545454545454 1.303030303030303 1.6666666666666667 2.515151515151515 2.6666666666666665 2.4545454545454546 2.696969696969697 1.5454545454545454 2.0 2.272727272727273 1.9393939393939394 2.787878787878788 2.757575757575758  
