30 20
TREE NETWORK (nID nID Weight):
1 0 56.0 
18 0 45.0 
2 1 33.0 
23 0 43.0 
3 1 30.0 
4 3 47.0 
24 23 59.0 
5 3 57.0 
7 3 53.0 
10 3 56.0 
11 10 43.0 
25 24 39.0 
19 18 56.0 
12 3 33.0 
27 24 35.0 
26 25 57.0 
13 12 43.0 
29 0 56.0 
20 19 32.0 
16 1 47.0 
22 18 55.0 
14 12 49.0 
6 5 55.0 
15 14 37.0 
21 19 38.0 
8 7 49.0 
17 1 57.0 
28 24 57.0 
9 8 49.0 
PROGRAMS ASSIGNED TO NODES (nID pID1 pID2 ...):
0 1 2 3 4 5 6 7 8 9 10 11 12 13 14 15 16 17 18 19 20  
29 8 9 10 11 16  
15 13  
3 1 3 4 13 14 20  
9 1 2 3 5 6 7 8 9 10 13 15 16 17 18  
14 1 2 3 4 5 6 7 8 9 10 11 12 13 14 16 17 18 19  
18 1 2 5 8 9 12 14 17  
24 2 10  
22 2 3 4 5 7 8 9 10 11 14 15 16 20  
25 1 2 3 4 5 7 8 9 10 11 12 13 14 15 17 18 20  
20 5 6 7 8 9 11 12 13 14 15 20  
11 6 8  
21 2 4 5 8 9 10 11 15 16 17  
16 11 15 16  
17 3 4 5 7 8 9 10 11 12 13 14 15 16 17 18 19 20  
19 1 2 5 7 11 12 14 15 17 18 19  
7 1 4 5 6 7 8 9 10 11 12 13 14 15 17 18 19  
23 1 2 3 4 5 6 7 8 9 10 11 12 13 14 15 16 18 19 20  
6 2 3 4 6 8 11 13 14 17 18 19 20  
2 1 3 7 9 10 11 13 14 15 16 17 20  
26 1 2 4 5 6 7 8 9 11 12 13 15 16 17 19  
1 1 4 9 15 17 19  
13 1 2 3 6 9 12 14 15 18  
5 1 2 5 6 7 8 9 10 11 12 14 17 20  
28 6 7  
12 1 2 3 4 5 6 7 8 9 10 12 13 14 15 16 17 18 19  
10 1 2 4 5 6 7 8 10 11 13 14 15 17 18 20  
27 1 3 10 11 19  
4 3 4 7 9 10 11 12 13 17 18 19  
8 1 2 3 4 5 6 7 8 10 12 14 15 17 19 20  
SIZE OF PROGRAMS (pID SIZE):
1 57.0 
2 83.0 
3 70.0 
4 69.0 
5 87.0 
6 51.0 
7 85.0 
8 44.0 
9 91.0 
10 64.0 
11 64.0 
12 55.0 
13 41.0 
14 89.0 
15 82.0 
16 79.0 
17 70.0 
18 48.0 
19 60.0 
20 49.0 
COST_INSTALL_SERVER_AND_PROGRAMS :
0 3940.659340659341 1.2527472527472527 1.8241758241758241 1.5384615384615385 1.5164835164835164 1.9120879120879122 1.120879120879121 1.8681318681318682 0.967032967032967 2.0 1.4065934065934067 1.4065934065934067 1.2087912087912087 0.9010989010989011 1.956043956043956 1.8021978021978022 1.7362637362637363 1.5384615384615385 1.054945054945055 1.3186813186813187 1.0769230769230769  
29 48.0 1.879120879120879 2.7362637362637363 2.3076923076923075 2.2747252747252746 2.868131868131868 1.6813186813186813 2.802197802197802 1.4505494505494505 3.0 2.10989010989011 2.10989010989011 1.8131868131868132 1.3516483516483517 2.934065934065934 2.7032967032967035 2.6043956043956045 2.3076923076923075 1.5824175824175823 1.978021978021978 1.6153846153846154  
15 1.1803284649713222 1.879120879120879 2.7362637362637363 2.3076923076923075 2.2747252747252746 2.868131868131868 1.6813186813186813 2.802197802197802 1.4505494505494505 3.0 2.10989010989011 2.10989010989011 1.8131868131868132 1.3516483516483517 2.934065934065934 2.7032967032967035 2.6043956043956045 2.3076923076923075 1.5824175824175823 1.978021978021978 1.6153846153846154  
3 24.7546336996337 1.2527472527472527 1.8241758241758241 1.5384615384615385 1.5164835164835164 1.9120879120879122 1.120879120879121 1.8681318681318682 0.967032967032967 2.0 1.4065934065934067 1.4065934065934067 1.2087912087912087 0.9010989010989011 1.956043956043956 1.8021978021978022 1.7362637362637363 1.5384615384615385 1.054945054945055 1.3186813186813187 1.0769230769230769  
9 71.69585412491074 1.879120879120879 2.7362637362637363 2.3076923076923075 2.2747252747252746 2.868131868131868 1.6813186813186813 2.802197802197802 1.4505494505494505 3.0 2.10989010989011 2.10989010989011 1.8131868131868132 1.3516483516483517 2.934065934065934 2.7032967032967035 2.6043956043956045 2.3076923076923075 1.5824175824175823 1.978021978021978 1.6153846153846154  
14 49.24937241330099 1.2527472527472527 1.8241758241758241 1.5384615384615385 1.5164835164835164 1.9120879120879122 1.120879120879121 1.8681318681318682 0.967032967032967 2.0 1.4065934065934067 1.4065934065934067 1.2087912087912087 0.9010989010989011 1.956043956043956 1.8021978021978022 1.7362637362637363 1.5384615384615385 1.054945054945055 1.3186813186813187 1.0769230769230769  
18 10.0 1.879120879120879 2.7362637362637363 2.3076923076923075 2.2747252747252746 2.868131868131868 1.6813186813186813 2.802197802197802 1.4505494505494505 3.0 2.10989010989011 2.10989010989011 1.8131868131868132 1.3516483516483517 2.934065934065934 2.7032967032967035 2.6043956043956045 2.3076923076923075 1.5824175824175823 1.978021978021978 1.6153846153846154  
24 5.672265107492328 1.879120879120879 2.7362637362637363 2.3076923076923075 2.2747252747252746 2.868131868131868 1.6813186813186813 2.802197802197802 1.4505494505494505 3.0 2.10989010989011 2.10989010989011 1.8131868131868132 1.3516483516483517 2.934065934065934 2.7032967032967035 2.6043956043956045 2.3076923076923075 1.5824175824175823 1.978021978021978 1.6153846153846154  
22 6.195664652807506 1.879120879120879 2.7362637362637363 2.3076923076923075 2.2747252747252746 2.868131868131868 1.6813186813186813 2.802197802197802 1.4505494505494505 3.0 2.10989010989011 2.10989010989011 1.8131868131868132 1.3516483516483517 2.934065934065934 2.7032967032967035 2.6043956043956045 2.3076923076923075 1.5824175824175823 1.978021978021978 1.6153846153846154  
25 52.99994278297109 1.879120879120879 2.7362637362637363 2.3076923076923075 2.2747252747252746 2.868131868131868 1.6813186813186813 2.802197802197802 1.4505494505494505 3.0 2.10989010989011 2.10989010989011 1.8131868131868132 1.3516483516483517 2.934065934065934 2.7032967032967035 2.6043956043956045 2.3076923076923075 1.5824175824175823 1.978021978021978 1.6153846153846154  
20 25.008404304029288 1.879120879120879 2.7362637362637363 2.3076923076923075 2.2747252747252746 2.868131868131868 1.6813186813186813 2.802197802197802 1.4505494505494505 3.0 2.10989010989011 2.10989010989011 1.8131868131868132 1.3516483516483517 2.934065934065934 2.7032967032967035 2.6043956043956045 2.3076923076923075 1.5824175824175823 1.978021978021978 1.6153846153846154  
11 6.45821691228668 1.2527472527472527 1.8241758241758241 1.5384615384615385 1.5164835164835164 1.9120879120879122 1.120879120879121 1.8681318681318682 0.967032967032967 2.0 1.4065934065934067 1.4065934065934067 1.2087912087912087 0.9010989010989011 1.956043956043956 1.8021978021978022 1.7362637362637363 1.5384615384615385 1.054945054945055 1.3186813186813187 1.0769230769230769  
21 9.578372402451345 1.879120879120879 2.7362637362637363 2.3076923076923075 2.2747252747252746 2.868131868131868 1.6813186813186813 2.802197802197802 1.4505494505494505 3.0 2.10989010989011 2.10989010989011 1.8131868131868132 1.3516483516483517 2.934065934065934 2.7032967032967035 2.6043956043956045 2.3076923076923075 1.5824175824175823 1.978021978021978 1.6153846153846154  
16 1.1100070142623324 1.879120879120879 2.7362637362637363 2.3076923076923075 2.2747252747252746 2.868131868131868 1.6813186813186813 2.802197802197802 1.4505494505494505 3.0 2.10989010989011 2.10989010989011 1.8131868131868132 1.3516483516483517 2.934065934065934 2.7032967032967035 2.6043956043956045 2.3076923076923075 1.5824175824175823 1.978021978021978 1.6153846153846154  
17 8.895558340295176 1.2527472527472527 1.8241758241758241 1.5384615384615385 1.5164835164835164 1.9120879120879122 1.120879120879121 1.8681318681318682 0.967032967032967 2.0 1.4065934065934067 1.4065934065934067 1.2087912087912087 0.9010989010989011 1.956043956043956 1.8021978021978022 1.7362637362637363 1.5384615384615385 1.054945054945055 1.3186813186813187 1.0769230769230769  
19 10.328626373626372 1.2527472527472527 1.8241758241758241 1.5384615384615385 1.5164835164835164 1.9120879120879122 1.120879120879121 1.8681318681318682 0.967032967032967 2.0 1.4065934065934067 1.4065934065934067 1.2087912087912087 0.9010989010989011 1.956043956043956 1.8021978021978022 1.7362637362637363 1.5384615384615385 1.054945054945055 1.3186813186813187 1.0769230769230769  
7 59.79022506244881 1.879120879120879 2.7362637362637363 2.3076923076923075 2.2747252747252746 2.868131868131868 1.6813186813186813 2.802197802197802 1.4505494505494505 3.0 2.10989010989011 2.10989010989011 1.8131868131868132 1.3516483516483517 2.934065934065934 2.7032967032967035 2.6043956043956045 2.3076923076923075 1.5824175824175823 1.978021978021978 1.6153846153846154  
23 1.9783505531013792 1.2527472527472527 1.8241758241758241 1.5384615384615385 1.5164835164835164 1.9120879120879122 1.120879120879121 1.8681318681318682 0.967032967032967 2.0 1.4065934065934067 1.4065934065934067 1.2087912087912087 0.9010989010989011 1.956043956043956 1.8021978021978022 1.7362637362637363 1.5384615384615385 1.054945054945055 1.3186813186813187 1.0769230769230769  
6 33.382886121975176 1.879120879120879 2.7362637362637363 2.3076923076923075 2.2747252747252746 2.868131868131868 1.6813186813186813 2.802197802197802 1.4505494505494505 3.0 2.10989010989011 2.10989010989011 1.8131868131868132 1.3516483516483517 2.934065934065934 2.7032967032967035 2.6043956043956045 2.3076923076923075 1.5824175824175823 1.978021978021978 1.6153846153846154  
2 26.931162107123647 1.2527472527472527 1.8241758241758241 1.5384615384615385 1.5164835164835164 1.9120879120879122 1.120879120879121 1.8681318681318682 0.967032967032967 2.0 1.4065934065934067 1.4065934065934067 1.2087912087912087 0.9010989010989011 1.956043956043956 1.8021978021978022 1.7362637362637363 1.5384615384615385 1.054945054945055 1.3186813186813187 1.0769230769230769  
26 30.4771558379591 1.2527472527472527 1.8241758241758241 1.5384615384615385 1.5164835164835164 1.9120879120879122 1.120879120879121 1.8681318681318682 0.967032967032967 2.0 1.4065934065934067 1.4065934065934067 1.2087912087912087 0.9010989010989011 1.956043956043956 1.8021978021978022 1.7362637362637363 1.5384615384615385 1.054945054945055 1.3186813186813187 1.0769230769230769  
1 1.636616954474107 1.879120879120879 2.7362637362637363 2.3076923076923075 2.2747252747252746 2.868131868131868 1.6813186813186813 2.802197802197802 1.4505494505494505 3.0 2.10989010989011 2.10989010989011 1.8131868131868132 1.3516483516483517 2.934065934065934 2.7032967032967035 2.6043956043956045 2.3076923076923075 1.5824175824175823 1.978021978021978 1.6153846153846154  
13 35.94856956996491 1.879120879120879 2.7362637362637363 2.3076923076923075 2.2747252747252746 2.868131868131868 1.6813186813186813 2.802197802197802 1.4505494505494505 3.0 2.10989010989011 2.10989010989011 1.8131868131868132 1.3516483516483517 2.934065934065934 2.7032967032967035 2.6043956043956045 2.3076923076923075 1.5824175824175823 1.978021978021978 1.6153846153846154  
5 65.74897463801204 1.2527472527472527 1.8241758241758241 1.5384615384615385 1.5164835164835164 1.9120879120879122 1.120879120879121 1.8681318681318682 0.967032967032967 2.0 1.4065934065934067 1.4065934065934067 1.2087912087912087 0.9010989010989011 1.956043956043956 1.8021978021978022 1.7362637362637363 1.5384615384615385 1.054945054945055 1.3186813186813187 1.0769230769230769  
28 1.0110971616604045 1.879120879120879 2.7362637362637363 2.3076923076923075 2.2747252747252746 2.868131868131868 1.6813186813186813 2.802197802197802 1.4505494505494505 3.0 2.10989010989011 2.10989010989011 1.8131868131868132 1.3516483516483517 2.934065934065934 2.7032967032967035 2.6043956043956045 2.3076923076923075 1.5824175824175823 1.978021978021978 1.6153846153846154  
12 40.65790584415584 1.879120879120879 2.7362637362637363 2.3076923076923075 2.2747252747252746 2.868131868131868 1.6813186813186813 2.802197802197802 1.4505494505494505 3.0 2.10989010989011 2.10989010989011 1.8131868131868132 1.3516483516483517 2.934065934065934 2.7032967032967035 2.6043956043956045 2.3076923076923075 1.5824175824175823 1.978021978021978 1.6153846153846154  
10 28.340016025641027 1.2527472527472527 1.8241758241758241 1.5384615384615385 1.5164835164835164 1.9120879120879122 1.120879120879121 1.8681318681318682 0.967032967032967 2.0 1.4065934065934067 1.4065934065934067 1.2087912087912087 0.9010989010989011 1.956043956043956 1.8021978021978022 1.7362637362637363 1.5384615384615385 1.054945054945055 1.3186813186813187 1.0769230769230769  
27 3.3839847184742733 1.879120879120879 2.7362637362637363 2.3076923076923075 2.2747252747252746 2.868131868131868 1.6813186813186813 2.802197802197802 1.4505494505494505 3.0 2.10989010989011 2.10989010989011 1.8131868131868132 1.3516483516483517 2.934065934065934 2.7032967032967035 2.6043956043956045 2.3076923076923075 1.5824175824175823 1.978021978021978 1.6153846153846154  
4 25.017349680461383 1.879120879120879 2.7362637362637363 2.3076923076923075 2.2747252747252746 2.868131868131868 1.6813186813186813 2.802197802197802 1.4505494505494505 3.0 2.10989010989011 2.10989010989011 1.8131868131868132 1.3516483516483517 2.934065934065934 2.7032967032967035 2.6043956043956045 2.3076923076923075 1.5824175824175823 1.978021978021978 1.6153846153846154  
8 29.301761006289315 1.879120879120879 2.7362637362637363 2.3076923076923075 2.2747252747252746 2.868131868131868 1.6813186813186813 2.802197802197802 1.4505494505494505 3.0 2.10989010989011 2.10989010989011 1.8131868131868132 1.3516483516483517 2.934065934065934 2.7032967032967035 2.6043956043956045 2.3076923076923075 1.5824175824175823 1.978021978021978 1.6153846153846154  
