70 50
TREE NETWORK (nID nID Weight):
1 0 33.0 
2 1 30.0 
3 2 40.0 
4 3 50.0 
62 0 56.0 
44 2 48.0 
31 3 52.0 
36 3 38.0 
5 4 59.0 
68 0 56.0 
45 44 44.0 
46 45 38.0 
63 62 44.0 
10 4 55.0 
54 44 41.0 
19 4 36.0 
37 36 37.0 
32 31 40.0 
39 36 45.0 
69 0 47.0 
64 63 41.0 
20 19 34.0 
60 1 33.0 
34 31 55.0 
11 10 49.0 
13 10 58.0 
50 45 49.0 
40 39 58.0 
22 19 46.0 
51 45 38.0 
6 5 43.0 
52 51 50.0 
47 46 45.0 
24 4 50.0 
48 46 47.0 
43 3 33.0 
33 32 47.0 
35 34 59.0 
7 6 35.0 
8 7 35.0 
14 13 40.0 
65 62 35.0 
25 24 36.0 
67 62 42.0 
26 25 59.0 
66 65 36.0 
29 25 47.0 
38 37 31.0 
55 54 48.0 
59 2 41.0 
53 51 38.0 
49 48 46.0 
16 10 31.0 
56 55 40.0 
23 19 35.0 
41 40 30.0 
12 11 57.0 
58 54 43.0 
61 1 37.0 
17 16 51.0 
27 26 42.0 
9 5 30.0 
21 20 44.0 
57 56 48.0 
15 13 59.0 
30 4 41.0 
28 26 53.0 
42 39 30.0 
18 16 49.0 
PROGRAMS ASSIGNED TO NODES (nID pID1 pID2 ...):
0 1 2 3 4 5 6 7 8 9 10 11 12 13 14 15 16 17 18 19 20 21 22 23 24 25 26 27 28 29 30 31 32 33 34 35 36 37 38 39 40 41 42 43 44 45 46 47 48 49 50  
68 1 2 3 4 5 6 8 10 11 12 13 14 15 16 17 18 19 21 22 23 24 25 26 27 28 29 30 31 32 33 34 35 36 37 38 39 40 41 42 43 44 46 47 48 49  
65 1 4 6 7 8 19 22 23 27 28 37 39 41 44  
61 3 4 6 7 8 10 15 20 21 23 26 27 29 31 34 35 40 42 45 46 48 49 50  
20 1 2 3 4 5 6 7 8 9 11 12 13 14 16 17 18 19 21 22 24 25 26 28 29 30 31 32 33 34 35 36 38 39 40 42 43 44 45 46 47 48 49 50  
39 1 3 5 34  
15 1 3 4 6 7 8 11 12 14 16 17 18 19 21 23 25 26 28 29 32 33 35 37 38 39 40 41 42 45 46 47 49 50  
64 5  
62 8 18 34 48  
44 3 5 7 8 10 13 14 15 16 18 21 23 24 25 30 31 32 36 38 41 42 46 48 49 50  
41 13  
16 1 2 5 6 8 11 14 17 21 22 24 28 29 34 36 38 41 42 44 48 49  
30 13  
13 1 3 5 6 7 9 11 12 14 15 17 18 20 22 23 24 25 26 27 28 29 31 34 35 36 37 38 39 40 41 43 44 45 47 48 50  
35 1 2 6 7 8 9 10 11 12 13 16 17 18 19 20 21 23 24 26 29 30 31 32 34 35 40 42 43 44 45 46 47 48 49 50  
60 1 2 5 6 7 8 9 10 11 12 14 15 16 17 20 21 23 24 26 27 29 30 31 34 35 36 37 38 39 41 42 43 44 45 46 47 49 50  
6 1 2 5 6 7 8 10 11 12 13 14 15 16 18 20 21 23 31 33 34 35 36 37 39 40 44 48 49 50  
53 1 2 3 4 5 6 7 9 10 11 12 13 15 16 17 19 20 21 22 23 24 25 26 27 28 29 30 31 32 34 35 36 37 38 39 40 41 42 43 44 46 47 48 49 50  
57 1 3 4 5 6 7 9 10 13 14 15 17 18 19 20 21 23 24 25 26 27 28 31 32 33 34 35 36 39 40 41 42 43 44 45 46 48 49 50  
12 1 2 3 6 7 9 12 13 15 16 17 19 20 21 22 24 25 26 27 29 31 34 35 36 37 38 40 42 43 44 46 48 49 50  
69 2 6 10 18 19 20 26 28 32 33 39 43 45 47 50  
67 18 25 29 47  
22 2 4 6 7 8 9 10 11 12 13 14 15 16 17 18 19 20 21 23 24 25 26 28 29 30 31 32 33 35 36 38 39 41 42 43 44 45 46 47 48 49  
26 2 13 29 30 35 39 46  
59 24 25 33 35 40 44 48  
43 1 2 3 4 5 6 7 8 9 10 11 12 13 14 15 16 17 18 20 21 22 23 24 25 26 27 28 29 30 31 32 33 34 35 37 38 39 40 41 42 43 44 45 46 47 48 49 50  
37 3 4 11 12 13 15 16 17 18 20 22 26 27 35 36 38 39 40 42 43 44 45 47 48 49 50  
27 4 17 23 33 35 37 39 43 47 49 50  
32 1 2 3 4 5 6 7 8 9 10 11 12 13 14 15 16 17 18 19 20 21 22 23 24 25 26 27 28 29 30 31 32 33 35 36 37 38 39 40 41 42 43 44 45 46 47 48 49 50  
58 2 4 6 8 9 10 18 23 27 29 36 38 47  
42 1 2 3 5 6 7 8 9 10 11 12 14 17 18 19 22 23 25 27 28 29 30 31 33 35 37 38 39 40 41 42 43 45 46 47 50  
21 2 5 11 19 25 30 33 36 40 41 43 47 48 49  
2 1 2 3 4 5 6 7 9 10 11 13 14 15 16 18 20 21 22 23 24 25 26 27 28 29 30 31 32 33 34 35 36 37 38 39 40 41 42 43 44 45 46 47 48 49 50  
24 1 2 5 6 8 18 19 23 25 27 29 30 32 33 34 35 36 37 38 39 40 42 44 46 48 49  
28 12 14 16 26 27 29 30 34 37 38 39 43  
23 3 7 8 11 12 30 34 37 38 40 48 50  
10 2 4 5 6 7 8 9 10 11 13 14 15 16 17 18 19 20 22 23 24 25 26 27 28 30 31 32 33 34 36 37 38 39 40 41 42 43 44 45 46 47 50  
4 1 3 6 7 11 12 13 14 15 22 23 24 25 26 29 30 31 33 36 38 40 41 45 46 50  
46 1 3 4 5 6 7 8 9 11 12 15 18 19 22 24 26 27 29 30 31 32 33 34 35 36 37 38 39 40 43 44 46 47 49 50  
51 4 5 6 11 12 13 14 15 16 17 18 19 20 22 23 25 26 28 29 30 32 33 35 36 37 38 39 40 41 43 44 45 46 47 49  
18 3 25 43  
31 1 3 4 5 6 7 8 9 10 11 12 13 14 15 16 17 18 21 22 23 25 27 28 29 30 31 32 33 34 35 36 37 38 39 41 42 43 44 45 46 47 49  
63 1 13 16 19 24 39  
3 3 4 14 29 32 42 45  
8 1 3 4 5 6 12 15 16 18 20 21 22 23 24 25 26 27 29 30 31 32 34 35 36 37 38 39 40 43 44 45 46 48 50  
66 6 11 13 25 29 30 39 40 43  
45 16 17 21 28 31 40 43 44 47  
40  
17 1 2 3 4 5 6 7 8 9 10 11 12 13 14 15 16 17 18 19 20 21 22 24 25 26 27 28 29 30 31 32 33 34 35 36 37 38 39 40 41 43 45 46 47 48 49 50  
9 1 4 5 7 10 11 12 13 15 18 21 23 24 25 26 30 33 34 35 36 39 40 41 44 45 47  
34 1 5 15 30 32 33 41 45  
19 6 11 14 22 26 33 34 39 41 42 45 46  
36 1 4 8 9 14 40 45  
25 1 2 3 4 7 8 9 10 11 12 13 14 15 16 17 18 19 20 21 22 24 25 26 27 29 30 31 32 33 34 35 37 39 40 41 42 43 44 45 46 47 48 50  
1 10 12 16 31 38 44  
29 11 17 45  
49 8 15 21 22 26 30 35 37 38 41 48  
5 1 2 4 12 13 16 23 25 26 31 32 46 47 48 50  
55 4 5 8 9 11 20 23 29 35 40 42 45 48  
50 19 25 33  
14 3 4 7 8 13 18 19 20 23 24 28 29 33 35 36 39 40 42 47 48  
47 1 2 3 4 6 7 8 9 12 13 14 15 17 20 21 22 23 24 25 26 27 28 29 30 31 32 33 35 36 37 38 41 42 44 45 46 49  
48  
52 1 2 3 4 5 6 7 8 9 10 11 12 13 14 15 16 17 18 19 20 21 22 23 24 25 26 27 28 29 31 32 33 34 35 36 37 38 39 40 41 42 43 44 45 46 47 48 49 50  
56  
7 1 2 3 5 7 8 9 10 11 12 15 17 19 20 21 23 24 26 27 28 29 31 33 35 36 37 40 41 42 43 44 46 47 49 50  
33 1 3 4 7 8 9 10 13 14 15 17 20 21 23 24 25 26 28 29 30 31 32 34 36 37 38 40 41 49  
38 16  
11 3 8 13 30 31 43 44 48  
54 1 2 3 4 6 8 9 10 11 12 13 15 16 17 19 20 21 22 24 25 26 27 28 29 30 31 32 33 34 35 36 37 38 40 41 42 43 44 45 46 47 48 49 50  
SIZE OF PROGRAMS (pID SIZE):
1 42.0 
2 53.0 
3 58.0 
4 69.0 
5 84.0 
6 73.0 
7 51.0 
8 53.0 
9 95.0 
10 91.0 
11 44.0 
12 43.0 
13 41.0 
14 88.0 
15 89.0 
16 46.0 
17 90.0 
18 59.0 
19 41.0 
20 69.0 
21 64.0 
22 79.0 
23 54.0 
24 64.0 
25 46.0 
26 59.0 
27 41.0 
28 79.0 
29 73.0 
30 73.0 
31 79.0 
32 93.0 
33 71.0 
34 96.0 
35 47.0 
36 63.0 
37 96.0 
38 70.0 
39 57.0 
40 77.0 
41 58.0 
42 90.0 
43 50.0 
44 94.0 
45 52.0 
46 61.0 
47 70.0 
48 47.0 
49 43.0 
50 52.0 
COST_INSTALL_SERVER_AND_PROGRAMS :
0 7827.083333333333 0.875 1.1041666666666667 1.2083333333333333 1.4375 1.75 1.5208333333333333 1.0625 1.1041666666666667 1.9791666666666667 1.8958333333333333 0.9166666666666666 0.8958333333333334 0.8541666666666666 1.8333333333333333 1.8541666666666667 0.9583333333333334 1.875 1.2291666666666667 0.8541666666666666 1.4375 1.3333333333333333 1.6458333333333333 1.125 1.3333333333333333 0.9583333333333334 1.2291666666666667 0.8541666666666666 1.6458333333333333 1.5208333333333333 1.5208333333333333 1.6458333333333333 1.9375 1.4791666666666667 2.0 0.9791666666666666 1.3125 2.0 1.4583333333333333 1.1875 1.6041666666666667 1.2083333333333333 1.875 1.0416666666666667 1.9583333333333333 1.0833333333333333 1.2708333333333333 1.4583333333333333 0.9791666666666666 0.8958333333333334 1.0833333333333333  
68 86.0 1.3125 1.65625 1.8125 2.15625 2.625 2.28125 1.59375 1.65625 2.96875 2.84375 1.375 1.34375 1.28125 2.75 2.78125 1.4375 2.8125 1.84375 1.28125 2.15625 2.0 2.46875 1.6875 2.0 1.4375 1.84375 1.28125 2.46875 2.28125 2.28125 2.46875 2.90625 2.21875 3.0 1.46875 1.96875 3.0 2.1875 1.78125 2.40625 1.8125 2.8125 1.5625 2.9375 1.625 1.90625 2.1875 1.46875 1.34375 1.625  
65 7.660073051948052 1.3125 1.65625 1.8125 2.15625 2.625 2.28125 1.59375 1.65625 2.96875 2.84375 1.375 1.34375 1.28125 2.75 2.78125 1.4375 2.8125 1.84375 1.28125 2.15625 2.0 2.46875 1.6875 2.0 1.4375 1.84375 1.28125 2.46875 2.28125 2.28125 2.46875 2.90625 2.21875 3.0 1.46875 1.96875 3.0 2.1875 1.78125 2.40625 1.8125 2.8125 1.5625 2.9375 1.625 1.90625 2.1875 1.46875 1.34375 1.625  
61 18.109991809991815 1.3125 1.65625 1.8125 2.15625 2.625 2.28125 1.59375 1.65625 2.96875 2.84375 1.375 1.34375 1.28125 2.75 2.78125 1.4375 2.8125 1.84375 1.28125 2.15625 2.0 2.46875 1.6875 2.0 1.4375 1.84375 1.28125 2.46875 2.28125 2.28125 2.46875 2.90625 2.21875 3.0 1.46875 1.96875 3.0 2.1875 1.78125 2.40625 1.8125 2.8125 1.5625 2.9375 1.625 1.90625 2.1875 1.46875 1.34375 1.625  
20 415.9144170957945 0.875 1.1041666666666667 1.2083333333333333 1.4375 1.75 1.5208333333333333 1.0625 1.1041666666666667 1.9791666666666667 1.8958333333333333 0.9166666666666666 0.8958333333333334 0.8541666666666666 1.8333333333333333 1.8541666666666667 0.9583333333333334 1.875 1.2291666666666667 0.8541666666666666 1.4375 1.3333333333333333 1.6458333333333333 1.125 1.3333333333333333 0.9583333333333334 1.2291666666666667 0.8541666666666666 1.6458333333333333 1.5208333333333333 1.5208333333333333 1.6458333333333333 1.9375 1.4791666666666667 2.0 0.9791666666666666 1.3125 2.0 1.4583333333333333 1.1875 1.6041666666666667 1.2083333333333333 1.875 1.0416666666666667 1.9583333333333333 1.0833333333333333 1.2708333333333333 1.4583333333333333 0.9791666666666666 0.8958333333333334 1.0833333333333333  
39 271.1817212782345 0.875 1.1041666666666667 1.2083333333333333 1.4375 1.75 1.5208333333333333 1.0625 1.1041666666666667 1.9791666666666667 1.8958333333333333 0.9166666666666666 0.8958333333333334 0.8541666666666666 1.8333333333333333 1.8541666666666667 0.9583333333333334 1.875 1.2291666666666667 0.8541666666666666 1.4375 1.3333333333333333 1.6458333333333333 1.125 1.3333333333333333 0.9583333333333334 1.2291666666666667 0.8541666666666666 1.6458333333333333 1.5208333333333333 1.5208333333333333 1.6458333333333333 1.9375 1.4791666666666667 2.0 0.9791666666666666 1.3125 2.0 1.4583333333333333 1.1875 1.6041666666666667 1.2083333333333333 1.875 1.0416666666666667 1.9583333333333333 1.0833333333333333 1.2708333333333333 1.4583333333333333 0.9791666666666666 0.8958333333333334 1.0833333333333333  
15 359.96955214580925 0.875 1.1041666666666667 1.2083333333333333 1.4375 1.75 1.5208333333333333 1.0625 1.1041666666666667 1.9791666666666667 1.8958333333333333 0.9166666666666666 0.8958333333333334 0.8541666666666666 1.8333333333333333 1.8541666666666667 0.9583333333333334 1.875 1.2291666666666667 0.8541666666666666 1.4375 1.3333333333333333 1.6458333333333333 1.125 1.3333333333333333 0.9583333333333334 1.2291666666666667 0.8541666666666666 1.6458333333333333 1.5208333333333333 1.5208333333333333 1.6458333333333333 1.9375 1.4791666666666667 2.0 0.9791666666666666 1.3125 2.0 1.4583333333333333 1.1875 1.6041666666666667 1.2083333333333333 1.875 1.0416666666666667 1.9583333333333333 1.0833333333333333 1.2708333333333333 1.4583333333333333 0.9791666666666666 0.8958333333333334 1.0833333333333333  
64 1.112361419068736 0.875 1.1041666666666667 1.2083333333333333 1.4375 1.75 1.5208333333333333 1.0625 1.1041666666666667 1.9791666666666667 1.8958333333333333 0.9166666666666666 0.8958333333333334 0.8541666666666666 1.8333333333333333 1.8541666666666667 0.9583333333333334 1.875 1.2291666666666667 0.8541666666666666 1.4375 1.3333333333333333 1.6458333333333333 1.125 1.3333333333333333 0.9583333333333334 1.2291666666666667 0.8541666666666666 1.6458333333333333 1.5208333333333333 1.5208333333333333 1.6458333333333333 1.9375 1.4791666666666667 2.0 0.9791666666666666 1.3125 2.0 1.4583333333333333 1.1875 1.6041666666666667 1.2083333333333333 1.875 1.0416666666666667 1.9583333333333333 1.0833333333333333 1.2708333333333333 1.4583333333333333 0.9791666666666666 0.8958333333333334 1.0833333333333333  
62 1.3253232758620683 1.3125 1.65625 1.8125 2.15625 2.625 2.28125 1.59375 1.65625 2.96875 2.84375 1.375 1.34375 1.28125 2.75 2.78125 1.4375 2.8125 1.84375 1.28125 2.15625 2.0 2.46875 1.6875 2.0 1.4375 1.84375 1.28125 2.46875 2.28125 2.28125 2.46875 2.90625 2.21875 3.0 1.46875 1.96875 3.0 2.1875 1.78125 2.40625 1.8125 2.8125 1.5625 2.9375 1.625 1.90625 2.1875 1.46875 1.34375 1.625  
44 148.06982360368391 1.3125 1.65625 1.8125 2.15625 2.625 2.28125 1.59375 1.65625 2.96875 2.84375 1.375 1.34375 1.28125 2.75 2.78125 1.4375 2.8125 1.84375 1.28125 2.15625 2.0 2.46875 1.6875 2.0 1.4375 1.84375 1.28125 2.46875 2.28125 2.28125 2.46875 2.90625 2.21875 3.0 1.46875 1.96875 3.0 2.1875 1.78125 2.40625 1.8125 2.8125 1.5625 2.9375 1.625 1.90625 2.1875 1.46875 1.34375 1.625  
41 2.0530637821041635 0.875 1.1041666666666667 1.2083333333333333 1.4375 1.75 1.5208333333333333 1.0625 1.1041666666666667 1.9791666666666667 1.8958333333333333 0.9166666666666666 0.8958333333333334 0.8541666666666666 1.8333333333333333 1.8541666666666667 0.9583333333333334 1.875 1.2291666666666667 0.8541666666666666 1.4375 1.3333333333333333 1.6458333333333333 1.125 1.3333333333333333 0.9583333333333334 1.2291666666666667 0.8541666666666666 1.6458333333333333 1.5208333333333333 1.5208333333333333 1.6458333333333333 1.9375 1.4791666666666667 2.0 0.9791666666666666 1.3125 2.0 1.4583333333333333 1.1875 1.6041666666666667 1.2083333333333333 1.875 1.0416666666666667 1.9583333333333333 1.0833333333333333 1.2708333333333333 1.4583333333333333 0.9791666666666666 0.8958333333333334 1.0833333333333333  
16 196.04503978494625 0.875 1.1041666666666667 1.2083333333333333 1.4375 1.75 1.5208333333333333 1.0625 1.1041666666666667 1.9791666666666667 1.8958333333333333 0.9166666666666666 0.8958333333333334 0.8541666666666666 1.8333333333333333 1.8541666666666667 0.9583333333333334 1.875 1.2291666666666667 0.8541666666666666 1.4375 1.3333333333333333 1.6458333333333333 1.125 1.3333333333333333 0.9583333333333334 1.2291666666666667 0.8541666666666666 1.6458333333333333 1.5208333333333333 1.5208333333333333 1.6458333333333333 1.9375 1.4791666666666667 2.0 0.9791666666666666 1.3125 2.0 1.4583333333333333 1.1875 1.6041666666666667 1.2083333333333333 1.875 1.0416666666666667 1.9583333333333333 1.0833333333333333 1.2708333333333333 1.4583333333333333 0.9791666666666666 0.8958333333333334 1.0833333333333333  
30 3.679939393939393 0.875 1.1041666666666667 1.2083333333333333 1.4375 1.75 1.5208333333333333 1.0625 1.1041666666666667 1.9791666666666667 1.8958333333333333 0.9166666666666666 0.8958333333333334 0.8541666666666666 1.8333333333333333 1.8541666666666667 0.9583333333333334 1.875 1.2291666666666667 0.8541666666666666 1.4375 1.3333333333333333 1.6458333333333333 1.125 1.3333333333333333 0.9583333333333334 1.2291666666666667 0.8541666666666666 1.6458333333333333 1.5208333333333333 1.5208333333333333 1.6458333333333333 1.9375 1.4791666666666667 2.0 0.9791666666666666 1.3125 2.0 1.4583333333333333 1.1875 1.6041666666666667 1.2083333333333333 1.875 1.0416666666666667 1.9583333333333333 1.0833333333333333 1.2708333333333333 1.4583333333333333 0.9791666666666666 0.8958333333333334 1.0833333333333333  
13 304.92424373040745 1.3125 1.65625 1.8125 2.15625 2.625 2.28125 1.59375 1.65625 2.96875 2.84375 1.375 1.34375 1.28125 2.75 2.78125 1.4375 2.8125 1.84375 1.28125 2.15625 2.0 2.46875 1.6875 2.0 1.4375 1.84375 1.28125 2.46875 2.28125 2.28125 2.46875 2.90625 2.21875 3.0 1.46875 1.96875 3.0 2.1875 1.78125 2.40625 1.8125 2.8125 1.5625 2.9375 1.625 1.90625 2.1875 1.46875 1.34375 1.625  
35 220.0264285661373 1.3125 1.65625 1.8125 2.15625 2.625 2.28125 1.59375 1.65625 2.96875 2.84375 1.375 1.34375 1.28125 2.75 2.78125 1.4375 2.8125 1.84375 1.28125 2.15625 2.0 2.46875 1.6875 2.0 1.4375 1.84375 1.28125 2.46875 2.28125 2.28125 2.46875 2.90625 2.21875 3.0 1.46875 1.96875 3.0 2.1875 1.78125 2.40625 1.8125 2.8125 1.5625 2.9375 1.625 1.90625 2.1875 1.46875 1.34375 1.625  
60 73.32082604895098 1.3125 1.65625 1.8125 2.15625 2.625 2.28125 1.59375 1.65625 2.96875 2.84375 1.375 1.34375 1.28125 2.75 2.78125 1.4375 2.8125 1.84375 1.28125 2.15625 2.0 2.46875 1.6875 2.0 1.4375 1.84375 1.28125 2.46875 2.28125 2.28125 2.46875 2.90625 2.21875 3.0 1.46875 1.96875 3.0 2.1875 1.78125 2.40625 1.8125 2.8125 1.5625 2.9375 1.625 1.90625 2.1875 1.46875 1.34375 1.625  
6 315.0229111967011 0.875 1.1041666666666667 1.2083333333333333 1.4375 1.75 1.5208333333333333 1.0625 1.1041666666666667 1.9791666666666667 1.8958333333333333 0.9166666666666666 0.8958333333333334 0.8541666666666666 1.8333333333333333 1.8541666666666667 0.9583333333333334 1.875 1.2291666666666667 0.8541666666666666 1.4375 1.3333333333333333 1.6458333333333333 1.125 1.3333333333333333 0.9583333333333334 1.2291666666666667 0.8541666666666666 1.6458333333333333 1.5208333333333333 1.5208333333333333 1.6458333333333333 1.9375 1.4791666666666667 2.0 0.9791666666666666 1.3125 2.0 1.4583333333333333 1.1875 1.6041666666666667 1.2083333333333333 1.875 1.0416666666666667 1.9583333333333333 1.0833333333333333 1.2708333333333333 1.4583333333333333 0.9791666666666666 0.8958333333333334 1.0833333333333333  
53 229.54401541155252 1.3125 1.65625 1.8125 2.15625 2.625 2.28125 1.59375 1.65625 2.96875 2.84375 1.375 1.34375 1.28125 2.75 2.78125 1.4375 2.8125 1.84375 1.28125 2.15625 2.0 2.46875 1.6875 2.0 1.4375 1.84375 1.28125 2.46875 2.28125 2.28125 2.46875 2.90625 2.21875 3.0 1.46875 1.96875 3.0 2.1875 1.78125 2.40625 1.8125 2.8125 1.5625 2.9375 1.625 1.90625 2.1875 1.46875 1.34375 1.625  
57 229.22062638580934 0.875 1.1041666666666667 1.2083333333333333 1.4375 1.75 1.5208333333333333 1.0625 1.1041666666666667 1.9791666666666667 1.8958333333333333 0.9166666666666666 0.8958333333333334 0.8541666666666666 1.8333333333333333 1.8541666666666667 0.9583333333333334 1.875 1.2291666666666667 0.8541666666666666 1.4375 1.3333333333333333 1.6458333333333333 1.125 1.3333333333333333 0.9583333333333334 1.2291666666666667 0.8541666666666666 1.6458333333333333 1.5208333333333333 1.5208333333333333 1.6458333333333333 1.9375 1.4791666666666667 2.0 0.9791666666666666 1.3125 2.0 1.4583333333333333 1.1875 1.6041666666666667 1.2083333333333333 1.875 1.0416666666666667 1.9583333333333333 1.0833333333333333 1.2708333333333333 1.4583333333333333 0.9791666666666666 0.8958333333333334 1.0833333333333333  
12 166.00856250784668 0.875 1.1041666666666667 1.2083333333333333 1.4375 1.75 1.5208333333333333 1.0625 1.1041666666666667 1.9791666666666667 1.8958333333333333 0.9166666666666666 0.8958333333333334 0.8541666666666666 1.8333333333333333 1.8541666666666667 0.9583333333333334 1.875 1.2291666666666667 0.8541666666666666 1.4375 1.3333333333333333 1.6458333333333333 1.125 1.3333333333333333 0.9583333333333334 1.2291666666666667 0.8541666666666666 1.6458333333333333 1.5208333333333333 1.5208333333333333 1.6458333333333333 1.9375 1.4791666666666667 2.0 0.9791666666666666 1.3125 2.0 1.4583333333333333 1.1875 1.6041666666666667 1.2083333333333333 1.875 1.0416666666666667 1.9583333333333333 1.0833333333333333 1.2708333333333333 1.4583333333333333 0.9791666666666666 0.8958333333333334 1.0833333333333333  
69 4.228100066489361 1.3125 1.65625 1.8125 2.15625 2.625 2.28125 1.59375 1.65625 2.96875 2.84375 1.375 1.34375 1.28125 2.75 2.78125 1.4375 2.8125 1.84375 1.28125 2.15625 2.0 2.46875 1.6875 2.0 1.4375 1.84375 1.28125 2.46875 2.28125 2.28125 2.46875 2.90625 2.21875 3.0 1.46875 1.96875 3.0 2.1875 1.78125 2.40625 1.8125 2.8125 1.5625 2.9375 1.625 1.90625 2.1875 1.46875 1.34375 1.625  
67 1.291666666666667 1.3125 1.65625 1.8125 2.15625 2.625 2.28125 1.59375 1.65625 2.96875 2.84375 1.375 1.34375 1.28125 2.75 2.78125 1.4375 2.8125 1.84375 1.28125 2.15625 2.0 2.46875 1.6875 2.0 1.4375 1.84375 1.28125 2.46875 2.28125 2.28125 2.46875 2.90625 2.21875 3.0 1.46875 1.96875 3.0 2.1875 1.78125 2.40625 1.8125 2.8125 1.5625 2.9375 1.625 1.90625 2.1875 1.46875 1.34375 1.625  
22 237.18584089340604 1.3125 1.65625 1.8125 2.15625 2.625 2.28125 1.59375 1.65625 2.96875 2.84375 1.375 1.34375 1.28125 2.75 2.78125 1.4375 2.8125 1.84375 1.28125 2.15625 2.0 2.46875 1.6875 2.0 1.4375 1.84375 1.28125 2.46875 2.28125 2.28125 2.46875 2.90625 2.21875 3.0 1.46875 1.96875 3.0 2.1875 1.78125 2.40625 1.8125 2.8125 1.5625 2.9375 1.625 1.90625 2.1875 1.46875 1.34375 1.625  
26 139.3971310135251 0.875 1.1041666666666667 1.2083333333333333 1.4375 1.75 1.5208333333333333 1.0625 1.1041666666666667 1.9791666666666667 1.8958333333333333 0.9166666666666666 0.8958333333333334 0.8541666666666666 1.8333333333333333 1.8541666666666667 0.9583333333333334 1.875 1.2291666666666667 0.8541666666666666 1.4375 1.3333333333333333 1.6458333333333333 1.125 1.3333333333333333 0.9583333333333334 1.2291666666666667 0.8541666666666666 1.6458333333333333 1.5208333333333333 1.5208333333333333 1.6458333333333333 1.9375 1.4791666666666667 2.0 0.9791666666666666 1.3125 2.0 1.4583333333333333 1.1875 1.6041666666666667 1.2083333333333333 1.875 1.0416666666666667 1.9583333333333333 1.0833333333333333 1.2708333333333333 1.4583333333333333 0.9791666666666666 0.8958333333333334 1.0833333333333333  
59 7.596710088691797 1.3125 1.65625 1.8125 2.15625 2.625 2.28125 1.59375 1.65625 2.96875 2.84375 1.375 1.34375 1.28125 2.75 2.78125 1.4375 2.8125 1.84375 1.28125 2.15625 2.0 2.46875 1.6875 2.0 1.4375 1.84375 1.28125 2.46875 2.28125 2.28125 2.46875 2.90625 2.21875 3.0 1.46875 1.96875 3.0 2.1875 1.78125 2.40625 1.8125 2.8125 1.5625 2.9375 1.625 1.90625 2.1875 1.46875 1.34375 1.625  
43 248.1432680117502 1.3125 1.65625 1.8125 2.15625 2.625 2.28125 1.59375 1.65625 2.96875 2.84375 1.375 1.34375 1.28125 2.75 2.78125 1.4375 2.8125 1.84375 1.28125 2.15625 2.0 2.46875 1.6875 2.0 1.4375 1.84375 1.28125 2.46875 2.28125 2.28125 2.46875 2.90625 2.21875 3.0 1.46875 1.96875 3.0 2.1875 1.78125 2.40625 1.8125 2.8125 1.5625 2.9375 1.625 1.90625 2.1875 1.46875 1.34375 1.625  
37 144.20797784028048 0.875 1.1041666666666667 1.2083333333333333 1.4375 1.75 1.5208333333333333 1.0625 1.1041666666666667 1.9791666666666667 1.8958333333333333 0.9166666666666666 0.8958333333333334 0.8541666666666666 1.8333333333333333 1.8541666666666667 0.9583333333333334 1.875 1.2291666666666667 0.8541666666666666 1.4375 1.3333333333333333 1.6458333333333333 1.125 1.3333333333333333 0.9583333333333334 1.2291666666666667 0.8541666666666666 1.6458333333333333 1.5208333333333333 1.5208333333333333 1.6458333333333333 1.9375 1.4791666666666667 2.0 0.9791666666666666 1.3125 2.0 1.4583333333333333 1.1875 1.6041666666666667 1.2083333333333333 1.875 1.0416666666666667 1.9583333333333333 1.0833333333333333 1.2708333333333333 1.4583333333333333 0.9791666666666666 0.8958333333333334 1.0833333333333333  
27 131.44405623425536 1.3125 1.65625 1.8125 2.15625 2.625 2.28125 1.59375 1.65625 2.96875 2.84375 1.375 1.34375 1.28125 2.75 2.78125 1.4375 2.8125 1.84375 1.28125 2.15625 2.0 2.46875 1.6875 2.0 1.4375 1.84375 1.28125 2.46875 2.28125 2.28125 2.46875 2.90625 2.21875 3.0 1.46875 1.96875 3.0 2.1875 1.78125 2.40625 1.8125 2.8125 1.5625 2.9375 1.625 1.90625 2.1875 1.46875 1.34375 1.625  
32 110.14042832167833 0.875 1.1041666666666667 1.2083333333333333 1.4375 1.75 1.5208333333333333 1.0625 1.1041666666666667 1.9791666666666667 1.8958333333333333 0.9166666666666666 0.8958333333333334 0.8541666666666666 1.8333333333333333 1.8541666666666667 0.9583333333333334 1.875 1.2291666666666667 0.8541666666666666 1.4375 1.3333333333333333 1.6458333333333333 1.125 1.3333333333333333 0.9583333333333334 1.2291666666666667 0.8541666666666666 1.6458333333333333 1.5208333333333333 1.5208333333333333 1.6458333333333333 1.9375 1.4791666666666667 2.0 0.9791666666666666 1.3125 2.0 1.4583333333333333 1.1875 1.6041666666666667 1.2083333333333333 1.875 1.0416666666666667 1.9583333333333333 1.0833333333333333 1.2708333333333333 1.4583333333333333 0.9791666666666666 0.8958333333333334 1.0833333333333333  
58 28.844403650801844 0.875 1.1041666666666667 1.2083333333333333 1.4375 1.75 1.5208333333333333 1.0625 1.1041666666666667 1.9791666666666667 1.8958333333333333 0.9166666666666666 0.8958333333333334 0.8541666666666666 1.8333333333333333 1.8541666666666667 0.9583333333333334 1.875 1.2291666666666667 0.8541666666666666 1.4375 1.3333333333333333 1.6458333333333333 1.125 1.3333333333333333 0.9583333333333334 1.2291666666666667 0.8541666666666666 1.6458333333333333 1.5208333333333333 1.5208333333333333 1.6458333333333333 1.9375 1.4791666666666667 2.0 0.9791666666666666 1.3125 2.0 1.4583333333333333 1.1875 1.6041666666666667 1.2083333333333333 1.875 1.0416666666666667 1.9583333333333333 1.0833333333333333 1.2708333333333333 1.4583333333333333 0.9791666666666666 0.8958333333333334 1.0833333333333333  
42 353.1650766196819 1.3125 1.65625 1.8125 2.15625 2.625 2.28125 1.59375 1.65625 2.96875 2.84375 1.375 1.34375 1.28125 2.75 2.78125 1.4375 2.8125 1.84375 1.28125 2.15625 2.0 2.46875 1.6875 2.0 1.4375 1.84375 1.28125 2.46875 2.28125 2.28125 2.46875 2.90625 2.21875 3.0 1.46875 1.96875 3.0 2.1875 1.78125 2.40625 1.8125 2.8125 1.5625 2.9375 1.625 1.90625 2.1875 1.46875 1.34375 1.625  
21 114.60856110120814 0.875 1.1041666666666667 1.2083333333333333 1.4375 1.75 1.5208333333333333 1.0625 1.1041666666666667 1.9791666666666667 1.8958333333333333 0.9166666666666666 0.8958333333333334 0.8541666666666666 1.8333333333333333 1.8541666666666667 0.9583333333333334 1.875 1.2291666666666667 0.8541666666666666 1.4375 1.3333333333333333 1.6458333333333333 1.125 1.3333333333333333 0.9583333333333334 1.2291666666666667 0.8541666666666666 1.6458333333333333 1.5208333333333333 1.5208333333333333 1.6458333333333333 1.9375 1.4791666666666667 2.0 0.9791666666666666 1.3125 2.0 1.4583333333333333 1.1875 1.6041666666666667 1.2083333333333333 1.875 1.0416666666666667 1.9583333333333333 1.0833333333333333 1.2708333333333333 1.4583333333333333 0.9791666666666666 0.8958333333333334 1.0833333333333333  
2 171.34397133095658 0.875 1.1041666666666667 1.2083333333333333 1.4375 1.75 1.5208333333333333 1.0625 1.1041666666666667 1.9791666666666667 1.8958333333333333 0.9166666666666666 0.8958333333333334 0.8541666666666666 1.8333333333333333 1.8541666666666667 0.9583333333333334 1.875 1.2291666666666667 0.8541666666666666 1.4375 1.3333333333333333 1.6458333333333333 1.125 1.3333333333333333 0.9583333333333334 1.2291666666666667 0.8541666666666666 1.6458333333333333 1.5208333333333333 1.5208333333333333 1.6458333333333333 1.9375 1.4791666666666667 2.0 0.9791666666666666 1.3125 2.0 1.4583333333333333 1.1875 1.6041666666666667 1.2083333333333333 1.875 1.0416666666666667 1.9583333333333333 1.0833333333333333 1.2708333333333333 1.4583333333333333 0.9791666666666666 0.8958333333333334 1.0833333333333333  
24 248.22294545454548 0.875 1.1041666666666667 1.2083333333333333 1.4375 1.75 1.5208333333333333 1.0625 1.1041666666666667 1.9791666666666667 1.8958333333333333 0.9166666666666666 0.8958333333333334 0.8541666666666666 1.8333333333333333 1.8541666666666667 0.9583333333333334 1.875 1.2291666666666667 0.8541666666666666 1.4375 1.3333333333333333 1.6458333333333333 1.125 1.3333333333333333 0.9583333333333334 1.2291666666666667 0.8541666666666666 1.6458333333333333 1.5208333333333333 1.5208333333333333 1.6458333333333333 1.9375 1.4791666666666667 2.0 0.9791666666666666 1.3125 2.0 1.4583333333333333 1.1875 1.6041666666666667 1.2083333333333333 1.875 1.0416666666666667 1.9583333333333333 1.0833333333333333 1.2708333333333333 1.4583333333333333 0.9791666666666666 0.8958333333333334 1.0833333333333333  
28 136.32384908120343 1.3125 1.65625 1.8125 2.15625 2.625 2.28125 1.59375 1.65625 2.96875 2.84375 1.375 1.34375 1.28125 2.75 2.78125 1.4375 2.8125 1.84375 1.28125 2.15625 2.0 2.46875 1.6875 2.0 1.4375 1.84375 1.28125 2.46875 2.28125 2.28125 2.46875 2.90625 2.21875 3.0 1.46875 1.96875 3.0 2.1875 1.78125 2.40625 1.8125 2.8125 1.5625 2.9375 1.625 1.90625 2.1875 1.46875 1.34375 1.625  
23 91.85824064824064 0.875 1.1041666666666667 1.2083333333333333 1.4375 1.75 1.5208333333333333 1.0625 1.1041666666666667 1.9791666666666667 1.8958333333333333 0.9166666666666666 0.8958333333333334 0.8541666666666666 1.8333333333333333 1.8541666666666667 0.9583333333333334 1.875 1.2291666666666667 0.8541666666666666 1.4375 1.3333333333333333 1.6458333333333333 1.125 1.3333333333333333 0.9583333333333334 1.2291666666666667 0.8541666666666666 1.6458333333333333 1.5208333333333333 1.5208333333333333 1.6458333333333333 1.9375 1.4791666666666667 2.0 0.9791666666666666 1.3125 2.0 1.4583333333333333 1.1875 1.6041666666666667 1.2083333333333333 1.875 1.0416666666666667 1.9583333333333333 1.0833333333333333 1.2708333333333333 1.4583333333333333 0.9791666666666666 0.8958333333333334 1.0833333333333333  
10 112.3752520053476 1.3125 1.65625 1.8125 2.15625 2.625 2.28125 1.59375 1.65625 2.96875 2.84375 1.375 1.34375 1.28125 2.75 2.78125 1.4375 2.8125 1.84375 1.28125 2.15625 2.0 2.46875 1.6875 2.0 1.4375 1.84375 1.28125 2.46875 2.28125 2.28125 2.46875 2.90625 2.21875 3.0 1.46875 1.96875 3.0 2.1875 1.78125 2.40625 1.8125 2.8125 1.5625 2.9375 1.625 1.90625 2.1875 1.46875 1.34375 1.625  
4 120.83061296791446 1.3125 1.65625 1.8125 2.15625 2.625 2.28125 1.59375 1.65625 2.96875 2.84375 1.375 1.34375 1.28125 2.75 2.78125 1.4375 2.8125 1.84375 1.28125 2.15625 2.0 2.46875 1.6875 2.0 1.4375 1.84375 1.28125 2.46875 2.28125 2.28125 2.46875 2.90625 2.21875 3.0 1.46875 1.96875 3.0 2.1875 1.78125 2.40625 1.8125 2.8125 1.5625 2.9375 1.625 1.90625 2.1875 1.46875 1.34375 1.625  
46 272.2196953422518 0.875 1.1041666666666667 1.2083333333333333 1.4375 1.75 1.5208333333333333 1.0625 1.1041666666666667 1.9791666666666667 1.8958333333333333 0.9166666666666666 0.8958333333333334 0.8541666666666666 1.8333333333333333 1.8541666666666667 0.9583333333333334 1.875 1.2291666666666667 0.8541666666666666 1.4375 1.3333333333333333 1.6458333333333333 1.125 1.3333333333333333 0.9583333333333334 1.2291666666666667 0.8541666666666666 1.6458333333333333 1.5208333333333333 1.5208333333333333 1.6458333333333333 1.9375 1.4791666666666667 2.0 0.9791666666666666 1.3125 2.0 1.4583333333333333 1.1875 1.6041666666666667 1.2083333333333333 1.875 1.0416666666666667 1.9583333333333333 1.0833333333333333 1.2708333333333333 1.4583333333333333 0.9791666666666666 0.8958333333333334 1.0833333333333333  
51 400.3833619476499 0.875 1.1041666666666667 1.2083333333333333 1.4375 1.75 1.5208333333333333 1.0625 1.1041666666666667 1.9791666666666667 1.8958333333333333 0.9166666666666666 0.8958333333333334 0.8541666666666666 1.8333333333333333 1.8541666666666667 0.9583333333333334 1.875 1.2291666666666667 0.8541666666666666 1.4375 1.3333333333333333 1.6458333333333333 1.125 1.3333333333333333 0.9583333333333334 1.2291666666666667 0.8541666666666666 1.6458333333333333 1.5208333333333333 1.5208333333333333 1.6458333333333333 1.9375 1.4791666666666667 2.0 0.9791666666666666 1.3125 2.0 1.4583333333333333 1.1875 1.6041666666666667 1.2083333333333333 1.875 1.0416666666666667 1.9583333333333333 1.0833333333333333 1.2708333333333333 1.4583333333333333 0.9791666666666666 0.8958333333333334 1.0833333333333333  
18 6.848429723502305 1.3125 1.65625 1.8125 2.15625 2.625 2.28125 1.59375 1.65625 2.96875 2.84375 1.375 1.34375 1.28125 2.75 2.78125 1.4375 2.8125 1.84375 1.28125 2.15625 2.0 2.46875 1.6875 2.0 1.4375 1.84375 1.28125 2.46875 2.28125 2.28125 2.46875 2.90625 2.21875 3.0 1.46875 1.96875 3.0 2.1875 1.78125 2.40625 1.8125 2.8125 1.5625 2.9375 1.625 1.90625 2.1875 1.46875 1.34375 1.625  
31 277.1663841183327 1.3125 1.65625 1.8125 2.15625 2.625 2.28125 1.59375 1.65625 2.96875 2.84375 1.375 1.34375 1.28125 2.75 2.78125 1.4375 2.8125 1.84375 1.28125 2.15625 2.0 2.46875 1.6875 2.0 1.4375 1.84375 1.28125 2.46875 2.28125 2.28125 2.46875 2.90625 2.21875 3.0 1.46875 1.96875 3.0 2.1875 1.78125 2.40625 1.8125 2.8125 1.5625 2.9375 1.625 1.90625 2.1875 1.46875 1.34375 1.625  
63 1.4876724837662338 1.3125 1.65625 1.8125 2.15625 2.625 2.28125 1.59375 1.65625 2.96875 2.84375 1.375 1.34375 1.28125 2.75 2.78125 1.4375 2.8125 1.84375 1.28125 2.15625 2.0 2.46875 1.6875 2.0 1.4375 1.84375 1.28125 2.46875 2.28125 2.28125 2.46875 2.90625 2.21875 3.0 1.46875 1.96875 3.0 2.1875 1.78125 2.40625 1.8125 2.8125 1.5625 2.9375 1.625 1.90625 2.1875 1.46875 1.34375 1.625  
3 114.58060680332744 0.875 1.1041666666666667 1.2083333333333333 1.4375 1.75 1.5208333333333333 1.0625 1.1041666666666667 1.9791666666666667 1.8958333333333333 0.9166666666666666 0.8958333333333334 0.8541666666666666 1.8333333333333333 1.8541666666666667 0.9583333333333334 1.875 1.2291666666666667 0.8541666666666666 1.4375 1.3333333333333333 1.6458333333333333 1.125 1.3333333333333333 0.9583333333333334 1.2291666666666667 0.8541666666666666 1.6458333333333333 1.5208333333333333 1.5208333333333333 1.6458333333333333 1.9375 1.4791666666666667 2.0 0.9791666666666666 1.3125 2.0 1.4583333333333333 1.1875 1.6041666666666667 1.2083333333333333 1.875 1.0416666666666667 1.9583333333333333 1.0833333333333333 1.2708333333333333 1.4583333333333333 0.9791666666666666 0.8958333333333334 1.0833333333333333  
8 228.90200072818408 0.875 1.1041666666666667 1.2083333333333333 1.4375 1.75 1.5208333333333333 1.0625 1.1041666666666667 1.9791666666666667 1.8958333333333333 0.9166666666666666 0.8958333333333334 0.8541666666666666 1.8333333333333333 1.8541666666666667 0.9583333333333334 1.875 1.2291666666666667 0.8541666666666666 1.4375 1.3333333333333333 1.6458333333333333 1.125 1.3333333333333333 0.9583333333333334 1.2291666666666667 0.8541666666666666 1.6458333333333333 1.5208333333333333 1.5208333333333333 1.6458333333333333 1.9375 1.4791666666666667 2.0 0.9791666666666666 1.3125 2.0 1.4583333333333333 1.1875 1.6041666666666667 1.2083333333333333 1.875 1.0416666666666667 1.9583333333333333 1.0833333333333333 1.2708333333333333 1.4583333333333333 0.9791666666666666 0.8958333333333334 1.0833333333333333  
66 6.881607142857142 1.3125 1.65625 1.8125 2.15625 2.625 2.28125 1.59375 1.65625 2.96875 2.84375 1.375 1.34375 1.28125 2.75 2.78125 1.4375 2.8125 1.84375 1.28125 2.15625 2.0 2.46875 1.6875 2.0 1.4375 1.84375 1.28125 2.46875 2.28125 2.28125 2.46875 2.90625 2.21875 3.0 1.46875 1.96875 3.0 2.1875 1.78125 2.40625 1.8125 2.8125 1.5625 2.9375 1.625 1.90625 2.1875 1.46875 1.34375 1.625  
45 218.08697860962573 0.875 1.1041666666666667 1.2083333333333333 1.4375 1.75 1.5208333333333333 1.0625 1.1041666666666667 1.9791666666666667 1.8958333333333333 0.9166666666666666 0.8958333333333334 0.8541666666666666 1.8333333333333333 1.8541666666666667 0.9583333333333334 1.875 1.2291666666666667 0.8541666666666666 1.4375 1.3333333333333333 1.6458333333333333 1.125 1.3333333333333333 0.9583333333333334 1.2291666666666667 0.8541666666666666 1.6458333333333333 1.5208333333333333 1.5208333333333333 1.6458333333333333 1.9375 1.4791666666666667 2.0 0.9791666666666666 1.3125 2.0 1.4583333333333333 1.1875 1.6041666666666667 1.2083333333333333 1.875 1.0416666666666667 1.9583333333333333 1.0833333333333333 1.2708333333333333 1.4583333333333333 0.9791666666666666 0.8958333333333334 1.0833333333333333  
40 1.514938782104163 1.3125 1.65625 1.8125 2.15625 2.625 2.28125 1.59375 1.65625 2.96875 2.84375 1.375 1.34375 1.28125 2.75 2.78125 1.4375 2.8125 1.84375 1.28125 2.15625 2.0 2.46875 1.6875 2.0 1.4375 1.84375 1.28125 2.46875 2.28125 2.28125 2.46875 2.90625 2.21875 3.0 1.46875 1.96875 3.0 2.1875 1.78125 2.40625 1.8125 2.8125 1.5625 2.9375 1.625 1.90625 2.1875 1.46875 1.34375 1.625  
17 386.4450206922761 1.3125 1.65625 1.8125 2.15625 2.625 2.28125 1.59375 1.65625 2.96875 2.84375 1.375 1.34375 1.28125 2.75 2.78125 1.4375 2.8125 1.84375 1.28125 2.15625 2.0 2.46875 1.6875 2.0 1.4375 1.84375 1.28125 2.46875 2.28125 2.28125 2.46875 2.90625 2.21875 3.0 1.46875 1.96875 3.0 2.1875 1.78125 2.40625 1.8125 2.8125 1.5625 2.9375 1.625 1.90625 2.1875 1.46875 1.34375 1.625  
9 119.56057704160244 0.875 1.1041666666666667 1.2083333333333333 1.4375 1.75 1.5208333333333333 1.0625 1.1041666666666667 1.9791666666666667 1.8958333333333333 0.9166666666666666 0.8958333333333334 0.8541666666666666 1.8333333333333333 1.8541666666666667 0.9583333333333334 1.875 1.2291666666666667 0.8541666666666666 1.4375 1.3333333333333333 1.6458333333333333 1.125 1.3333333333333333 0.9583333333333334 1.2291666666666667 0.8541666666666666 1.6458333333333333 1.5208333333333333 1.5208333333333333 1.6458333333333333 1.9375 1.4791666666666667 2.0 0.9791666666666666 1.3125 2.0 1.4583333333333333 1.1875 1.6041666666666667 1.2083333333333333 1.875 1.0416666666666667 1.9583333333333333 1.0833333333333333 1.2708333333333333 1.4583333333333333 0.9791666666666666 0.8958333333333334 1.0833333333333333  
34 299.5883194930069 0.875 1.1041666666666667 1.2083333333333333 1.4375 1.75 1.5208333333333333 1.0625 1.1041666666666667 1.9791666666666667 1.8958333333333333 0.9166666666666666 0.8958333333333334 0.8541666666666666 1.8333333333333333 1.8541666666666667 0.9583333333333334 1.875 1.2291666666666667 0.8541666666666666 1.4375 1.3333333333333333 1.6458333333333333 1.125 1.3333333333333333 0.9583333333333334 1.2291666666666667 0.8541666666666666 1.6458333333333333 1.5208333333333333 1.5208333333333333 1.6458333333333333 1.9375 1.4791666666666667 2.0 0.9791666666666666 1.3125 2.0 1.4583333333333333 1.1875 1.6041666666666667 1.2083333333333333 1.875 1.0416666666666667 1.9583333333333333 1.0833333333333333 1.2708333333333333 1.4583333333333333 0.9791666666666666 0.8958333333333334 1.0833333333333333  
19 269.2940363636362 0.875 1.1041666666666667 1.2083333333333333 1.4375 1.75 1.5208333333333333 1.0625 1.1041666666666667 1.9791666666666667 1.8958333333333333 0.9166666666666666 0.8958333333333334 0.8541666666666666 1.8333333333333333 1.8541666666666667 0.9583333333333334 1.875 1.2291666666666667 0.8541666666666666 1.4375 1.3333333333333333 1.6458333333333333 1.125 1.3333333333333333 0.9583333333333334 1.2291666666666667 0.8541666666666666 1.6458333333333333 1.5208333333333333 1.5208333333333333 1.6458333333333333 1.9375 1.4791666666666667 2.0 0.9791666666666666 1.3125 2.0 1.4583333333333333 1.1875 1.6041666666666667 1.2083333333333333 1.875 1.0416666666666667 1.9583333333333333 1.0833333333333333 1.2708333333333333 1.4583333333333333 0.9791666666666666 0.8958333333333334 1.0833333333333333  
36 218.1172275385434 0.875 1.1041666666666667 1.2083333333333333 1.4375 1.75 1.5208333333333333 1.0625 1.1041666666666667 1.9791666666666667 1.8958333333333333 0.9166666666666666 0.8958333333333334 0.8541666666666666 1.8333333333333333 1.8541666666666667 0.9583333333333334 1.875 1.2291666666666667 0.8541666666666666 1.4375 1.3333333333333333 1.6458333333333333 1.125 1.3333333333333333 0.9583333333333334 1.2291666666666667 0.8541666666666666 1.6458333333333333 1.5208333333333333 1.5208333333333333 1.6458333333333333 1.9375 1.4791666666666667 2.0 0.9791666666666666 1.3125 2.0 1.4583333333333333 1.1875 1.6041666666666667 1.2083333333333333 1.875 1.0416666666666667 1.9583333333333333 1.0833333333333333 1.2708333333333333 1.4583333333333333 0.9791666666666666 0.8958333333333334 1.0833333333333333  
25 111.82164393939392 1.3125 1.65625 1.8125 2.15625 2.625 2.28125 1.59375 1.65625 2.96875 2.84375 1.375 1.34375 1.28125 2.75 2.78125 1.4375 2.8125 1.84375 1.28125 2.15625 2.0 2.46875 1.6875 2.0 1.4375 1.84375 1.28125 2.46875 2.28125 2.28125 2.46875 2.90625 2.21875 3.0 1.46875 1.96875 3.0 2.1875 1.78125 2.40625 1.8125 2.8125 1.5625 2.9375 1.625 1.90625 2.1875 1.46875 1.34375 1.625  
1 16.611352495543663 0.875 1.1041666666666667 1.2083333333333333 1.4375 1.75 1.5208333333333333 1.0625 1.1041666666666667 1.9791666666666667 1.8958333333333333 0.9166666666666666 0.8958333333333334 0.8541666666666666 1.8333333333333333 1.8541666666666667 0.9583333333333334 1.875 1.2291666666666667 0.8541666666666666 1.4375 1.3333333333333333 1.6458333333333333 1.125 1.3333333333333333 0.9583333333333334 1.2291666666666667 0.8541666666666666 1.6458333333333333 1.5208333333333333 1.5208333333333333 1.6458333333333333 1.9375 1.4791666666666667 2.0 0.9791666666666666 1.3125 2.0 1.4583333333333333 1.1875 1.6041666666666667 1.2083333333333333 1.875 1.0416666666666667 1.9583333333333333 1.0833333333333333 1.2708333333333333 1.4583333333333333 0.9791666666666666 0.8958333333333334 1.0833333333333333  
29 8.752643133462282 0.875 1.1041666666666667 1.2083333333333333 1.4375 1.75 1.5208333333333333 1.0625 1.1041666666666667 1.9791666666666667 1.8958333333333333 0.9166666666666666 0.8958333333333334 0.8541666666666666 1.8333333333333333 1.8541666666666667 0.9583333333333334 1.875 1.2291666666666667 0.8541666666666666 1.4375 1.3333333333333333 1.6458333333333333 1.125 1.3333333333333333 0.9583333333333334 1.2291666666666667 0.8541666666666666 1.6458333333333333 1.5208333333333333 1.5208333333333333 1.6458333333333333 1.9375 1.4791666666666667 2.0 0.9791666666666666 1.3125 2.0 1.4583333333333333 1.1875 1.6041666666666667 1.2083333333333333 1.875 1.0416666666666667 1.9583333333333333 1.0833333333333333 1.2708333333333333 1.4583333333333333 0.9791666666666666 0.8958333333333334 1.0833333333333333  
49 112.11867106895309 1.3125 1.65625 1.8125 2.15625 2.625 2.28125 1.59375 1.65625 2.96875 2.84375 1.375 1.34375 1.28125 2.75 2.78125 1.4375 2.8125 1.84375 1.28125 2.15625 2.0 2.46875 1.6875 2.0 1.4375 1.84375 1.28125 2.46875 2.28125 2.28125 2.46875 2.90625 2.21875 3.0 1.46875 1.96875 3.0 2.1875 1.78125 2.40625 1.8125 2.8125 1.5625 2.9375 1.625 1.90625 2.1875 1.46875 1.34375 1.625  
5 286.70986494682626 1.3125 1.65625 1.8125 2.15625 2.625 2.28125 1.59375 1.65625 2.96875 2.84375 1.375 1.34375 1.28125 2.75 2.78125 1.4375 2.8125 1.84375 1.28125 2.15625 2.0 2.46875 1.6875 2.0 1.4375 1.84375 1.28125 2.46875 2.28125 2.28125 2.46875 2.90625 2.21875 3.0 1.46875 1.96875 3.0 2.1875 1.78125 2.40625 1.8125 2.8125 1.5625 2.9375 1.625 1.90625 2.1875 1.46875 1.34375 1.625  
55 326.39508588794934 1.3125 1.65625 1.8125 2.15625 2.625 2.28125 1.59375 1.65625 2.96875 2.84375 1.375 1.34375 1.28125 2.75 2.78125 1.4375 2.8125 1.84375 1.28125 2.15625 2.0 2.46875 1.6875 2.0 1.4375 1.84375 1.28125 2.46875 2.28125 2.28125 2.46875 2.90625 2.21875 3.0 1.46875 1.96875 3.0 2.1875 1.78125 2.40625 1.8125 2.8125 1.5625 2.9375 1.625 1.90625 2.1875 1.46875 1.34375 1.625  
50 17.713441558441556 0.875 1.1041666666666667 1.2083333333333333 1.4375 1.75 1.5208333333333333 1.0625 1.1041666666666667 1.9791666666666667 1.8958333333333333 0.9166666666666666 0.8958333333333334 0.8541666666666666 1.8333333333333333 1.8541666666666667 0.9583333333333334 1.875 1.2291666666666667 0.8541666666666666 1.4375 1.3333333333333333 1.6458333333333333 1.125 1.3333333333333333 0.9583333333333334 1.2291666666666667 0.8541666666666666 1.6458333333333333 1.5208333333333333 1.5208333333333333 1.6458333333333333 1.9375 1.4791666666666667 2.0 0.9791666666666666 1.3125 2.0 1.4583333333333333 1.1875 1.6041666666666667 1.2083333333333333 1.875 1.0416666666666667 1.9583333333333333 1.0833333333333333 1.2708333333333333 1.4583333333333333 0.9791666666666666 0.8958333333333334 1.0833333333333333  
14 99.52409633900582 1.3125 1.65625 1.8125 2.15625 2.625 2.28125 1.59375 1.65625 2.96875 2.84375 1.375 1.34375 1.28125 2.75 2.78125 1.4375 2.8125 1.84375 1.28125 2.15625 2.0 2.46875 1.6875 2.0 1.4375 1.84375 1.28125 2.46875 2.28125 2.28125 2.46875 2.90625 2.21875 3.0 1.46875 1.96875 3.0 2.1875 1.78125 2.40625 1.8125 2.8125 1.5625 2.9375 1.625 1.90625 2.1875 1.46875 1.34375 1.625  
47 405.71031646100914 0.875 1.1041666666666667 1.2083333333333333 1.4375 1.75 1.5208333333333333 1.0625 1.1041666666666667 1.9791666666666667 1.8958333333333333 0.9166666666666666 0.8958333333333334 0.8541666666666666 1.8333333333333333 1.8541666666666667 0.9583333333333334 1.875 1.2291666666666667 0.8541666666666666 1.4375 1.3333333333333333 1.6458333333333333 1.125 1.3333333333333333 0.9583333333333334 1.2291666666666667 0.8541666666666666 1.6458333333333333 1.5208333333333333 1.5208333333333333 1.6458333333333333 1.9375 1.4791666666666667 2.0 0.9791666666666666 1.3125 2.0 1.4583333333333333 1.1875 1.6041666666666667 1.2083333333333333 1.875 1.0416666666666667 1.9583333333333333 1.0833333333333333 1.2708333333333333 1.4583333333333333 0.9791666666666666 0.8958333333333334 1.0833333333333333  
48 57.507569713088344 1.3125 1.65625 1.8125 2.15625 2.625 2.28125 1.59375 1.65625 2.96875 2.84375 1.375 1.34375 1.28125 2.75 2.78125 1.4375 2.8125 1.84375 1.28125 2.15625 2.0 2.46875 1.6875 2.0 1.4375 1.84375 1.28125 2.46875 2.28125 2.28125 2.46875 2.90625 2.21875 3.0 1.46875 1.96875 3.0 2.1875 1.78125 2.40625 1.8125 2.8125 1.5625 2.9375 1.625 1.90625 2.1875 1.46875 1.34375 1.625  
52 258.5417210526315 1.3125 1.65625 1.8125 2.15625 2.625 2.28125 1.59375 1.65625 2.96875 2.84375 1.375 1.34375 1.28125 2.75 2.78125 1.4375 2.8125 1.84375 1.28125 2.15625 2.0 2.46875 1.6875 2.0 1.4375 1.84375 1.28125 2.46875 2.28125 2.28125 2.46875 2.90625 2.21875 3.0 1.46875 1.96875 3.0 2.1875 1.78125 2.40625 1.8125 2.8125 1.5625 2.9375 1.625 1.90625 2.1875 1.46875 1.34375 1.625  
56 389.68881409368095 1.3125 1.65625 1.8125 2.15625 2.625 2.28125 1.59375 1.65625 2.96875 2.84375 1.375 1.34375 1.28125 2.75 2.78125 1.4375 2.8125 1.84375 1.28125 2.15625 2.0 2.46875 1.6875 2.0 1.4375 1.84375 1.28125 2.46875 2.28125 2.28125 2.46875 2.90625 2.21875 3.0 1.46875 1.96875 3.0 2.1875 1.78125 2.40625 1.8125 2.8125 1.5625 2.9375 1.625 1.90625 2.1875 1.46875 1.34375 1.625  
7 188.1113261414257 0.875 1.1041666666666667 1.2083333333333333 1.4375 1.75 1.5208333333333333 1.0625 1.1041666666666667 1.9791666666666667 1.8958333333333333 0.9166666666666666 0.8958333333333334 0.8541666666666666 1.8333333333333333 1.8541666666666667 0.9583333333333334 1.875 1.2291666666666667 0.8541666666666666 1.4375 1.3333333333333333 1.6458333333333333 1.125 1.3333333333333333 0.9583333333333334 1.2291666666666667 0.8541666666666666 1.6458333333333333 1.5208333333333333 1.5208333333333333 1.6458333333333333 1.9375 1.4791666666666667 2.0 0.9791666666666666 1.3125 2.0 1.4583333333333333 1.1875 1.6041666666666667 1.2083333333333333 1.875 1.0416666666666667 1.9583333333333333 1.0833333333333333 1.2708333333333333 1.4583333333333333 0.9791666666666666 0.8958333333333334 1.0833333333333333  
33 143.83302914579505 0.875 1.1041666666666667 1.2083333333333333 1.4375 1.75 1.5208333333333333 1.0625 1.1041666666666667 1.9791666666666667 1.8958333333333333 0.9166666666666666 0.8958333333333334 0.8541666666666666 1.8333333333333333 1.8541666666666667 0.9583333333333334 1.875 1.2291666666666667 0.8541666666666666 1.4375 1.3333333333333333 1.6458333333333333 1.125 1.3333333333333333 0.9583333333333334 1.2291666666666667 0.8541666666666666 1.6458333333333333 1.5208333333333333 1.5208333333333333 1.6458333333333333 1.9375 1.4791666666666667 2.0 0.9791666666666666 1.3125 2.0 1.4583333333333333 1.1875 1.6041666666666667 1.2083333333333333 1.875 1.0416666666666667 1.9583333333333333 1.0833333333333333 1.2708333333333333 1.4583333333333333 0.9791666666666666 0.8958333333333334 1.0833333333333333  
38 2.116973976214214 0.875 1.1041666666666667 1.2083333333333333 1.4375 1.75 1.5208333333333333 1.0625 1.1041666666666667 1.9791666666666667 1.8958333333333333 0.9166666666666666 0.8958333333333334 0.8541666666666666 1.8333333333333333 1.8541666666666667 0.9583333333333334 1.875 1.2291666666666667 0.8541666666666666 1.4375 1.3333333333333333 1.6458333333333333 1.125 1.3333333333333333 0.9583333333333334 1.2291666666666667 0.8541666666666666 1.6458333333333333 1.5208333333333333 1.5208333333333333 1.6458333333333333 1.9375 1.4791666666666667 2.0 0.9791666666666666 1.3125 2.0 1.4583333333333333 1.1875 1.6041666666666667 1.2083333333333333 1.875 1.0416666666666667 1.9583333333333333 1.0833333333333333 1.2708333333333333 1.4583333333333333 0.9791666666666666 0.8958333333333334 1.0833333333333333  
11 87.53643767236626 1.3125 1.65625 1.8125 2.15625 2.625 2.28125 1.59375 1.65625 2.96875 2.84375 1.375 1.34375 1.28125 2.75 2.78125 1.4375 2.8125 1.84375 1.28125 2.15625 2.0 2.46875 1.6875 2.0 1.4375 1.84375 1.28125 2.46875 2.28125 2.28125 2.46875 2.90625 2.21875 3.0 1.46875 1.96875 3.0 2.1875 1.78125 2.40625 1.8125 2.8125 1.5625 2.9375 1.625 1.90625 2.1875 1.46875 1.34375 1.625  
54 103.50738098343555 0.875 1.1041666666666667 1.2083333333333333 1.4375 1.75 1.5208333333333333 1.0625 1.1041666666666667 1.9791666666666667 1.8958333333333333 0.9166666666666666 0.8958333333333334 0.8541666666666666 1.8333333333333333 1.8541666666666667 0.9583333333333334 1.875 1.2291666666666667 0.8541666666666666 1.4375 1.3333333333333333 1.6458333333333333 1.125 1.3333333333333333 0.9583333333333334 1.2291666666666667 0.8541666666666666 1.6458333333333333 1.5208333333333333 1.5208333333333333 1.6458333333333333 1.9375 1.4791666666666667 2.0 0.9791666666666666 1.3125 2.0 1.4583333333333333 1.1875 1.6041666666666667 1.2083333333333333 1.875 1.0416666666666667 1.9583333333333333 1.0833333333333333 1.2708333333333333 1.4583333333333333 0.9791666666666666 0.8958333333333334 1.0833333333333333  
