10 30
TREE NETWORK (nID nID Weight):
1 0 30.0 
2 1 51.0 
4 1 32.0 
7 0 54.0 
3 2 52.0 
8 7 36.0 
5 1 32.0 
6 1 39.0 
9 0 41.0 
PROGRAMS ASSIGNED TO NODES (nID pID1 pID2 ...):
0 1 2 3 4 5 6 7 8 9 10 11 12 13 14 15 16 17 18 19 20 21 22 23 24 25 26 27 28 29 30  
9 1 2 3 4 5 6 7 8 9 11 12 13 14 15 16 18 20 22 23 25 26 27 29 30  
2 7 11 16 20 23 24 25 27 28  
6 14 20 26  
5 1 7 8 10 13 14 15 17 21 23 26 27  
4 10 22  
7 5 7 9 10 12 13 14 16 19 20 21 25 26 30  
3 2 6 11 12 13 14 18 19 21 23 27  
8 1 2 4 5 7 8 9 11 12 14 16 17 18 19 20 21 23 24 27 28 29  
1 16 17 18 26 29  
SIZE OF PROGRAMS (pID SIZE):
1 68.0 
2 86.0 
3 57.0 
4 44.0 
5 52.0 
6 56.0 
7 43.0 
8 86.0 
9 70.0 
10 83.0 
11 94.0 
12 99.0 
13 97.0 
14 72.0 
15 80.0 
16 85.0 
17 66.0 
18 87.0 
19 91.0 
20 67.0 
21 94.0 
22 40.0 
23 86.0 
24 84.0 
25 59.0 
26 98.0 
27 84.0 
28 78.0 
29 81.0 
30 66.0 
COST_INSTALL_SERVER_AND_PROGRAMS :
0 7827.272727272728 2.0606060606060606 2.606060606060606 1.7272727272727273 1.3333333333333333 1.5757575757575757 1.696969696969697 1.303030303030303 2.606060606060606 2.121212121212121 2.515151515151515 2.8484848484848486 3.0 2.9393939393939394 2.1818181818181817 2.4242424242424243 2.5757575757575757 2.0 2.6363636363636362 2.757575757575758 2.0303030303030303 2.8484848484848486 1.2121212121212122 2.606060606060606 2.5454545454545454 1.7878787878787878 2.9696969696969697 2.5454545454545454 2.3636363636363638 2.4545454545454546 2.0  
9 2.207612712490763 1.3737373737373737 1.7373737373737375 1.1515151515151516 0.8888888888888888 1.0505050505050506 1.1313131313131313 0.8686868686868687 1.7373737373737375 1.4141414141414141 1.6767676767676767 1.898989898989899 2.0 1.9595959595959596 1.4545454545454546 1.6161616161616161 1.7171717171717171 1.3333333333333333 1.7575757575757576 1.8383838383838385 1.3535353535353536 1.898989898989899 0.8080808080808081 1.7373737373737375 1.696969696969697 1.1919191919191918 1.97979797979798 1.696969696969697 1.5757575757575757 1.6363636363636365 1.3333333333333333  
2 33.19532184591008 1.3737373737373737 1.7373737373737375 1.1515151515151516 0.8888888888888888 1.0505050505050506 1.1313131313131313 0.8686868686868687 1.7373737373737375 1.4141414141414141 1.6767676767676767 1.898989898989899 2.0 1.9595959595959596 1.4545454545454546 1.6161616161616161 1.7171717171717171 1.3333333333333333 1.7575757575757576 1.8383838383838385 1.3535353535353536 1.898989898989899 0.8080808080808081 1.7373737373737375 1.696969696969697 1.1919191919191918 1.97979797979798 1.696969696969697 1.5757575757575757 1.6363636363636365 1.3333333333333333  
6 7.351235431235432 1.3737373737373737 1.7373737373737375 1.1515151515151516 0.8888888888888888 1.0505050505050506 1.1313131313131313 0.8686868686868687 1.7373737373737375 1.4141414141414141 1.6767676767676767 1.898989898989899 2.0 1.9595959595959596 1.4545454545454546 1.6161616161616161 1.7171717171717171 1.3333333333333333 1.7575757575757576 1.8383838383838385 1.3535353535353536 1.898989898989899 0.8080808080808081 1.7373737373737375 1.696969696969697 1.1919191919191918 1.97979797979798 1.696969696969697 1.5757575757575757 1.6363636363636365 1.3333333333333333  
5 45.41334935897435 1.3737373737373737 1.7373737373737375 1.1515151515151516 0.8888888888888888 1.0505050505050506 1.1313131313131313 0.8686868686868687 1.7373737373737375 1.4141414141414141 1.6767676767676767 1.898989898989899 2.0 1.9595959595959596 1.4545454545454546 1.6161616161616161 1.7171717171717171 1.3333333333333333 1.7575757575757576 1.8383838383838385 1.3535353535353536 1.898989898989899 0.8080808080808081 1.7373737373737375 1.696969696969697 1.1919191919191918 1.97979797979798 1.696969696969697 1.5757575757575757 1.6363636363636365 1.3333333333333333  
4 3.457304292929293 1.3737373737373737 1.7373737373737375 1.1515151515151516 0.8888888888888888 1.0505050505050506 1.1313131313131313 0.8686868686868687 1.7373737373737375 1.4141414141414141 1.6767676767676767 1.898989898989899 2.0 1.9595959595959596 1.4545454545454546 1.6161616161616161 1.7171717171717171 1.3333333333333333 1.7575757575757576 1.8383838383838385 1.3535353535353536 1.898989898989899 0.8080808080808081 1.7373737373737375 1.696969696969697 1.1919191919191918 1.97979797979798 1.696969696969697 1.5757575757575757 1.6363636363636365 1.3333333333333333  
7 107.0 2.0606060606060606 2.606060606060606 1.7272727272727273 1.3333333333333333 1.5757575757575757 1.696969696969697 1.303030303030303 2.606060606060606 2.121212121212121 2.515151515151515 2.8484848484848486 3.0 2.9393939393939394 2.1818181818181817 2.4242424242424243 2.5757575757575757 2.0 2.6363636363636362 2.757575757575758 2.0303030303030303 2.8484848484848486 1.2121212121212122 2.606060606060606 2.5454545454545454 1.7878787878787878 2.9696969696969697 2.5454545454545454 2.3636363636363638 2.4545454545454546 2.0  
3 35.23387715770068 1.3737373737373737 1.7373737373737375 1.1515151515151516 0.8888888888888888 1.0505050505050506 1.1313131313131313 0.8686868686868687 1.7373737373737375 1.4141414141414141 1.6767676767676767 1.898989898989899 2.0 1.9595959595959596 1.4545454545454546 1.6161616161616161 1.7171717171717171 1.3333333333333333 1.7575757575757576 1.8383838383838385 1.3535353535353536 1.898989898989899 0.8080808080808081 1.7373737373737375 1.696969696969697 1.1919191919191918 1.97979797979798 1.696969696969697 1.5757575757575757 1.6363636363636365 1.3333333333333333  
8 33.7555555555556 1.3737373737373737 1.7373737373737375 1.1515151515151516 0.8888888888888888 1.0505050505050506 1.1313131313131313 0.8686868686868687 1.7373737373737375 1.4141414141414141 1.6767676767676767 1.898989898989899 2.0 1.9595959595959596 1.4545454545454546 1.6161616161616161 1.7171717171717171 1.3333333333333333 1.7575757575757576 1.8383838383838385 1.3535353535353536 1.898989898989899 0.8080808080808081 1.7373737373737375 1.696969696969697 1.1919191919191918 1.97979797979798 1.696969696969697 1.5757575757575757 1.6363636363636365 1.3333333333333333  
1 6.592447552447546 2.0606060606060606 2.606060606060606 1.7272727272727273 1.3333333333333333 1.5757575757575757 1.696969696969697 1.303030303030303 2.606060606060606 2.121212121212121 2.515151515151515 2.8484848484848486 3.0 2.9393939393939394 2.1818181818181817 2.4242424242424243 2.5757575757575757 2.0 2.6363636363636362 2.757575757575758 2.0303030303030303 2.8484848484848486 1.2121212121212122 2.606060606060606 2.5454545454545454 1.7878787878787878 2.9696969696969697 2.5454545454545454 2.3636363636363638 2.4545454545454546 2.0  
