10 10
TREE NETWORK (nID nID Weight):
1 0 59.0 
8 0 51.0 
2 1 53.0 
3 2 39.0 
7 1 43.0 
4 3 35.0 
9 8 53.0 
5 2 35.0 
6 5 39.0 
PROGRAMS ASSIGNED TO NODES (nID pID1 pID2 ...):
0 1 2 3 4 5 6 7 8 9 10  
5 2 8 10  
6 1 5 6 7 8 9 10  
7 7 9  
3 1 2 4 6 7 10  
1 5  
8 1 2 3 5 6 7  
2 2 4 5 7 8 10  
9 2 3 8  
4  
SIZE OF PROGRAMS (pID SIZE):
1 64.0 
2 41.0 
3 45.0 
4 82.0 
5 59.0 
6 54.0 
7 71.0 
8 68.0 
9 61.0 
10 51.0 
COST_INSTALL_SERVER_AND_PROGRAMS :
0 3180.487804878049 2.341463414634146 1.5 1.646341463414634 3.0 2.158536585365854 1.975609756097561 2.597560975609756 2.4878048780487805 2.231707317073171 1.8658536585365855  
5 22.302586320906375 1.5609756097560976 1.0 1.0975609756097562 2.0 1.4390243902439024 1.3170731707317074 1.7317073170731707 1.6585365853658536 1.4878048780487805 1.2439024390243902  
6 12.580756542097346 2.341463414634146 1.5 1.646341463414634 3.0 2.158536585365854 1.975609756097561 2.597560975609756 2.4878048780487805 2.231707317073171 1.8658536585365855  
7 0.46186104194506544 2.341463414634146 1.5 1.646341463414634 3.0 2.158536585365854 1.975609756097561 2.597560975609756 2.4878048780487805 2.231707317073171 1.8658536585365855  
3 6.5781282493275635 2.341463414634146 1.5 1.646341463414634 3.0 2.158536585365854 1.975609756097561 2.597560975609756 2.4878048780487805 2.231707317073171 1.8658536585365855  
1 69.0 2.341463414634146 1.5 1.646341463414634 3.0 2.158536585365854 1.975609756097561 2.597560975609756 2.4878048780487805 2.231707317073171 1.8658536585365855  
8 36.0 2.341463414634146 1.5 1.646341463414634 3.0 2.158536585365854 1.975609756097561 2.597560975609756 2.4878048780487805 2.231707317073171 1.8658536585365855  
2 7.682420226664691 2.341463414634146 1.5 1.646341463414634 3.0 2.158536585365854 1.975609756097561 2.597560975609756 2.4878048780487805 2.231707317073171 1.8658536585365855  
9 2.277629192496142 1.5609756097560976 1.0 1.0975609756097562 2.0 1.4390243902439024 1.3170731707317074 1.7317073170731707 1.6585365853658536 1.4878048780487805 1.2439024390243902  
4 33.0 1.5609756097560976 1.0 1.0975609756097562 2.0 1.4390243902439024 1.3170731707317074 1.7317073170731707 1.6585365853658536 1.4878048780487805 1.2439024390243902  
