70 10
TREE NETWORK (nID nID Weight):
1 0 49.0 
2 1 36.0 
3 2 38.0 
31 0 54.0 
20 1 52.0 
45 0 44.0 
55 0 53.0 
4 2 48.0 
32 31 52.0 
27 1 46.0 
13 2 53.0 
14 13 49.0 
33 32 35.0 
29 1 46.0 
34 33 58.0 
21 20 52.0 
22 21 32.0 
46 45 43.0 
18 2 33.0 
40 31 40.0 
54 45 39.0 
56 55 52.0 
58 0 47.0 
5 4 57.0 
41 40 39.0 
8 4 38.0 
12 4 32.0 
57 55 53.0 
59 58 36.0 
30 1 35.0 
6 5 42.0 
23 22 48.0 
9 8 32.0 
47 46 33.0 
35 34 55.0 
15 14 45.0 
64 0 34.0 
65 64 43.0 
24 23 38.0 
60 59 51.0 
66 64 57.0 
10 8 50.0 
36 33 32.0 
44 40 56.0 
25 21 53.0 
28 27 40.0 
16 15 35.0 
53 46 56.0 
48 47 39.0 
42 41 53.0 
19 2 47.0 
61 59 53.0 
38 33 48.0 
49 47 55.0 
17 14 40.0 
67 0 38.0 
50 47 49.0 
68 67 54.0 
7 6 44.0 
26 25 34.0 
51 47 37.0 
63 58 39.0 
69 0 47.0 
11 8 31.0 
62 61 37.0 
43 41 36.0 
52 47 37.0 
37 36 42.0 
39 32 35.0 
PROGRAMS ASSIGNED TO NODES (nID pID1 pID2 ...):
0 1 2 3 4 5 6 7 8 9 10  
2 2 4 9  
12 1 2 3 4 6 8 9 10  
25 5  
8 2 3 4 5 6 7 8 9  
48 4 5  
36  
37 2 7 8 9 10  
56  
17 1 2 3 4 7 10  
57 1 2 7 9  
13 1 2 3 4 5 6 7 8 9  
39 1 7 10  
61 2 4 7 8 9  
60 1 2 4 5 8 9 10  
46 1 2 3 7 9 10  
26 5  
55 3  
40  
47 3 5 6 7 10  
64 3 6 8 9 10  
68 4 6 9 10  
43 3  
22  
44 2 4 7 8  
11 2 3 4 9 10  
10 1 3 5 7 8 9 10  
27 2 4 6 7 8  
7 1 4  
3 2  
62 1 3 4 6 7 8 10  
66 1  
18 1 2 5 6 7 8 10  
54  
49 2 7 8 10  
15 2 3 4 5 7 8 10  
23 1 2 3 4 5 6 9 10  
24 1 6 7 8 10  
41 5 9 10  
34 1 2 4 10  
31 7 8  
65 7 8  
1 2 4 6 8 9 10  
38 1 2 3 4 5 10  
51  
16 4 5 8 10  
67 6  
59 1 6  
19 1 2 4 5 6 7 8 9 10  
4 1 4 5 7  
69 1 3 4 5 6 7 8 9 10  
32  
63 1 2 3 5 6 7 8 9  
58  
30 1 5 6 7 9 10  
20 2 3 4 5 6 7 8 9  
5 9  
50 3 4 6 8 9  
42 1 2 3 4 5 7 8 9 10  
21 2 3 6 8 9  
14 1 8 9  
6 1 3 4 6 7 8 9 10  
53 7 8 9  
52 1 2 3 4 7 10  
45 1 3 4 5 6 7 8  
35 4  
9 2 3 4 5 6 7 8 9 10  
28 1 3 4 6 9 10  
29 2 4 8  
33 3 4 6 8  
SIZE OF PROGRAMS (pID SIZE):
1 40.0 
2 97.0 
3 59.0 
4 62.0 
5 93.0 
6 52.0 
7 49.0 
8 53.0 
9 54.0 
10 80.0 
COST_INSTALL_SERVER_AND_PROGRAMS :
0 2317.5257731958764 0.8247422680412371 2.0 1.2164948453608246 1.2783505154639174 1.9175257731958764 1.0721649484536082 1.0103092783505154 1.092783505154639 1.1134020618556701 1.6494845360824741  
2 10.088910831436603 0.8247422680412371 2.0 1.2164948453608246 1.2783505154639174 1.9175257731958764 1.0721649484536082 1.0103092783505154 1.092783505154639 1.1134020618556701 1.6494845360824741  
12 29.48475046137203 1.2371134020618557 3.0 1.824742268041237 1.9175257731958764 2.8762886597938144 1.6082474226804124 1.5154639175257731 1.6391752577319587 1.6701030927835052 2.4742268041237114  
25 4.249658774826197 0.8247422680412371 2.0 1.2164948453608246 1.2783505154639174 1.9175257731958764 1.0721649484536082 1.0103092783505154 1.092783505154639 1.1134020618556701 1.6494845360824741  
8 23.57128917948573 1.2371134020618557 3.0 1.824742268041237 1.9175257731958764 2.8762886597938144 1.6082474226804124 1.5154639175257731 1.6391752577319587 1.6701030927835052 2.4742268041237114  
48 7.981792851518337 0.8247422680412371 2.0 1.2164948453608246 1.2783505154639174 1.9175257731958764 1.0721649484536082 1.0103092783505154 1.092783505154639 1.1134020618556701 1.6494845360824741  
36 21.452343480545807 1.2371134020618557 3.0 1.824742268041237 1.9175257731958764 2.8762886597938144 1.6082474226804124 1.5154639175257731 1.6391752577319587 1.6701030927835052 2.4742268041237114  
37 24.09652071296402 1.2371134020618557 3.0 1.824742268041237 1.9175257731958764 2.8762886597938144 1.6082474226804124 1.5154639175257731 1.6391752577319587 1.6701030927835052 2.4742268041237114  
56 37.0 0.8247422680412371 2.0 1.2164948453608246 1.2783505154639174 1.9175257731958764 1.0721649484536082 1.0103092783505154 1.092783505154639 1.1134020618556701 1.6494845360824741  
17 15.740659074450356 0.8247422680412371 2.0 1.2164948453608246 1.2783505154639174 1.9175257731958764 1.0721649484536082 1.0103092783505154 1.092783505154639 1.1134020618556701 1.6494845360824741  
57 1.7973156973351465 1.2371134020618557 3.0 1.824742268041237 1.9175257731958764 2.8762886597938144 1.6082474226804124 1.5154639175257731 1.6391752577319587 1.6701030927835052 2.4742268041237114  
13 30.481403160015567 0.8247422680412371 2.0 1.2164948453608246 1.2783505154639174 1.9175257731958764 1.0721649484536082 1.0103092783505154 1.092783505154639 1.1134020618556701 1.6494845360824741  
39 4.248015736649758 0.8247422680412371 2.0 1.2164948453608246 1.2783505154639174 1.9175257731958764 1.0721649484536082 1.0103092783505154 1.092783505154639 1.1134020618556701 1.6494845360824741  
61 12.11938607854254 1.2371134020618557 3.0 1.824742268041237 1.9175257731958764 2.8762886597938144 1.6082474226804124 1.5154639175257731 1.6391752577319587 1.6701030927835052 2.4742268041237114  
60 21.286944636193294 0.8247422680412371 2.0 1.2164948453608246 1.2783505154639174 1.9175257731958764 1.0721649484536082 1.0103092783505154 1.092783505154639 1.1134020618556701 1.6494845360824741  
46 9.282726212672703 0.8247422680412371 2.0 1.2164948453608246 1.2783505154639174 1.9175257731958764 1.0721649484536082 1.0103092783505154 1.092783505154639 1.1134020618556701 1.6494845360824741  
26 2.12658140987456 1.2371134020618557 3.0 1.824742268041237 1.9175257731958764 2.8762886597938144 1.6082474226804124 1.5154639175257731 1.6391752577319587 1.6701030927835052 2.4742268041237114  
55 1.5489917655449652 0.8247422680412371 2.0 1.2164948453608246 1.2783505154639174 1.9175257731958764 1.0721649484536082 1.0103092783505154 1.092783505154639 1.1134020618556701 1.6494845360824741  
40 14.786505345551738 0.8247422680412371 2.0 1.2164948453608246 1.2783505154639174 1.9175257731958764 1.0721649484536082 1.0103092783505154 1.092783505154639 1.1134020618556701 1.6494845360824741  
47 29.774413304378328 1.2371134020618557 3.0 1.824742268041237 1.9175257731958764 2.8762886597938144 1.6082474226804124 1.5154639175257731 1.6391752577319587 1.6701030927835052 2.4742268041237114  
64 3.573120072771379 0.8247422680412371 2.0 1.2164948453608246 1.2783505154639174 1.9175257731958764 1.0721649484536082 1.0103092783505154 1.092783505154639 1.1134020618556701 1.6494845360824741  
68 2.4141637024979397 1.2371134020618557 3.0 1.824742268041237 1.9175257731958764 2.8762886597938144 1.6082474226804124 1.5154639175257731 1.6391752577319587 1.6701030927835052 2.4742268041237114  
43 1.3508421446823509 0.8247422680412371 2.0 1.2164948453608246 1.2783505154639174 1.9175257731958764 1.0721649484536082 1.0103092783505154 1.092783505154639 1.1134020618556701 1.6494845360824741  
22 11.347080841654668 1.2371134020618557 3.0 1.824742268041237 1.9175257731958764 2.8762886597938144 1.6082474226804124 1.5154639175257731 1.6391752577319587 1.6701030927835052 2.4742268041237114  
44 8.741570937653412 1.2371134020618557 3.0 1.824742268041237 1.9175257731958764 2.8762886597938144 1.6082474226804124 1.5154639175257731 1.6391752577319587 1.6701030927835052 2.4742268041237114  
11 15.878885515158771 1.2371134020618557 3.0 1.824742268041237 1.9175257731958764 2.8762886597938144 1.6082474226804124 1.5154639175257731 1.6391752577319587 1.6701030927835052 2.4742268041237114  
10 19.869461659179862 1.2371134020618557 3.0 1.824742268041237 1.9175257731958764 2.8762886597938144 1.6082474226804124 1.5154639175257731 1.6391752577319587 1.6701030927835052 2.4742268041237114  
27 10.579221361337002 0.8247422680412371 2.0 1.2164948453608246 1.2783505154639174 1.9175257731958764 1.0721649484536082 1.0103092783505154 1.092783505154639 1.1134020618556701 1.6494845360824741  
7 7.266296751440344 0.8247422680412371 2.0 1.2164948453608246 1.2783505154639174 1.9175257731958764 1.0721649484536082 1.0103092783505154 1.092783505154639 1.1134020618556701 1.6494845360824741  
3 1.568000358037952 0.8247422680412371 2.0 1.2164948453608246 1.2783505154639174 1.9175257731958764 1.0721649484536082 1.0103092783505154 1.092783505154639 1.1134020618556701 1.6494845360824741  
62 27.158604495657436 0.8247422680412371 2.0 1.2164948453608246 1.2783505154639174 1.9175257731958764 1.0721649484536082 1.0103092783505154 1.092783505154639 1.1134020618556701 1.6494845360824741  
66 0.5128892577106806 1.2371134020618557 3.0 1.824742268041237 1.9175257731958764 2.8762886597938144 1.6082474226804124 1.5154639175257731 1.6391752577319587 1.6701030927835052 2.4742268041237114  
18 18.125013866840074 0.8247422680412371 2.0 1.2164948453608246 1.2783505154639174 1.9175257731958764 1.0721649484536082 1.0103092783505154 1.092783505154639 1.1134020618556701 1.6494845360824741  
54 67.0 1.2371134020618557 3.0 1.824742268041237 1.9175257731958764 2.8762886597938144 1.6082474226804124 1.5154639175257731 1.6391752577319587 1.6701030927835052 2.4742268041237114  
49 8.863843965911812 1.2371134020618557 3.0 1.824742268041237 1.9175257731958764 2.8762886597938144 1.6082474226804124 1.5154639175257731 1.6391752577319587 1.6701030927835052 2.4742268041237114  
15 11.648073927489692 1.2371134020618557 3.0 1.824742268041237 1.9175257731958764 2.8762886597938144 1.6082474226804124 1.5154639175257731 1.6391752577319587 1.6701030927835052 2.4742268041237114  
23 64.54562723267159 0.8247422680412371 2.0 1.2164948453608246 1.2783505154639174 1.9175257731958764 1.0721649484536082 1.0103092783505154 1.092783505154639 1.1134020618556701 1.6494845360824741  
24 23.30994489452362 1.2371134020618557 3.0 1.824742268041237 1.9175257731958764 2.8762886597938144 1.6082474226804124 1.5154639175257731 1.6391752577319587 1.6701030927835052 2.4742268041237114  
41 14.246779819073634 0.8247422680412371 2.0 1.2164948453608246 1.2783505154639174 1.9175257731958764 1.0721649484536082 1.0103092783505154 1.092783505154639 1.1134020618556701 1.6494845360824741  
34 4.405487610505385 1.2371134020618557 3.0 1.824742268041237 1.9175257731958764 2.8762886597938144 1.6082474226804124 1.5154639175257731 1.6391752577319587 1.6701030927835052 2.4742268041237114  
31 52.0 1.2371134020618557 3.0 1.824742268041237 1.9175257731958764 2.8762886597938144 1.6082474226804124 1.5154639175257731 1.6391752577319587 1.6701030927835052 2.4742268041237114  
65 3.160033565092304 0.8247422680412371 2.0 1.2164948453608246 1.2783505154639174 1.9175257731958764 1.0721649484536082 1.0103092783505154 1.092783505154639 1.1134020618556701 1.6494845360824741  
1 52.0 1.2371134020618557 3.0 1.824742268041237 1.9175257731958764 2.8762886597938144 1.6082474226804124 1.5154639175257731 1.6391752577319587 1.6701030927835052 2.4742268041237114  
38 17.655834616823203 1.2371134020618557 3.0 1.824742268041237 1.9175257731958764 2.8762886597938144 1.6082474226804124 1.5154639175257731 1.6391752577319587 1.6701030927835052 2.4742268041237114  
51 90.0 0.8247422680412371 2.0 1.2164948453608246 1.2783505154639174 1.9175257731958764 1.0721649484536082 1.0103092783505154 1.092783505154639 1.1134020618556701 1.6494845360824741  
16 9.273125771608 1.2371134020618557 3.0 1.824742268041237 1.9175257731958764 2.8762886597938144 1.6082474226804124 1.5154639175257731 1.6391752577319587 1.6701030927835052 2.4742268041237114  
67 0.7064568638090067 0.8247422680412371 2.0 1.2164948453608246 1.2783505154639174 1.9175257731958764 1.0721649484536082 1.0103092783505154 1.092783505154639 1.1134020618556701 1.6494845360824741  
59 11.89875421244691 1.2371134020618557 3.0 1.824742268041237 1.9175257731958764 2.8762886597938144 1.6082474226804124 1.5154639175257731 1.6391752577319587 1.6701030927835052 2.4742268041237114  
19 20.11511430630598 1.2371134020618557 3.0 1.824742268041237 1.9175257731958764 2.8762886597938144 1.6082474226804124 1.5154639175257731 1.6391752577319587 1.6701030927835052 2.4742268041237114  
4 18.3659606133925 1.2371134020618557 3.0 1.824742268041237 1.9175257731958764 2.8762886597938144 1.6082474226804124 1.5154639175257731 1.6391752577319587 1.6701030927835052 2.4742268041237114  
69 0.2139942969949562 0.8247422680412371 2.0 1.2164948453608246 1.2783505154639174 1.9175257731958764 1.0721649484536082 1.0103092783505154 1.092783505154639 1.1134020618556701 1.6494845360824741  
32 9.254799581861436 0.8247422680412371 2.0 1.2164948453608246 1.2783505154639174 1.9175257731958764 1.0721649484536082 1.0103092783505154 1.092783505154639 1.1134020618556701 1.6494845360824741  
63 7.682026347808321 1.2371134020618557 3.0 1.824742268041237 1.9175257731958764 2.8762886597938144 1.6082474226804124 1.5154639175257731 1.6391752577319587 1.6701030927835052 2.4742268041237114  
58 0.27905042971943556 0.8247422680412371 2.0 1.2164948453608246 1.2783505154639174 1.9175257731958764 1.0721649484536082 1.0103092783505154 1.092783505154639 1.1134020618556701 1.6494845360824741  
30 1.9929139490847876 1.2371134020618557 3.0 1.824742268041237 1.9175257731958764 2.8762886597938144 1.6082474226804124 1.5154639175257731 1.6391752577319587 1.6701030927835052 2.4742268041237114  
20 3.1880240893127505 1.2371134020618557 3.0 1.824742268041237 1.9175257731958764 2.8762886597938144 1.6082474226804124 1.5154639175257731 1.6391752577319587 1.6701030927835052 2.4742268041237114  
5 18.59640776705168 1.2371134020618557 3.0 1.824742268041237 1.9175257731958764 2.8762886597938144 1.6082474226804124 1.5154639175257731 1.6391752577319587 1.6701030927835052 2.4742268041237114  
50 11.662582948365731 1.2371134020618557 3.0 1.824742268041237 1.9175257731958764 2.8762886597938144 1.6082474226804124 1.5154639175257731 1.6391752577319587 1.6701030927835052 2.4742268041237114  
42 40.220981933409476 1.2371134020618557 3.0 1.824742268041237 1.9175257731958764 2.8762886597938144 1.6082474226804124 1.5154639175257731 1.6391752577319587 1.6701030927835052 2.4742268041237114  
21 15.09546646284497 1.2371134020618557 3.0 1.824742268041237 1.9175257731958764 2.8762886597938144 1.6082474226804124 1.5154639175257731 1.6391752577319587 1.6701030927835052 2.4742268041237114  
14 19.6185590718165 0.8247422680412371 2.0 1.2164948453608246 1.2783505154639174 1.9175257731958764 1.0721649484536082 1.0103092783505154 1.092783505154639 1.1134020618556701 1.6494845360824741  
6 22.591459438872924 1.2371134020618557 3.0 1.824742268041237 1.9175257731958764 2.8762886597938144 1.6082474226804124 1.5154639175257731 1.6391752577319587 1.6701030927835052 2.4742268041237114  
53 3.7084195294037063 0.8247422680412371 2.0 1.2164948453608246 1.2783505154639174 1.9175257731958764 1.0721649484536082 1.0103092783505154 1.092783505154639 1.1134020618556701 1.6494845360824741  
52 18.744500240634263 0.8247422680412371 2.0 1.2164948453608246 1.2783505154639174 1.9175257731958764 1.0721649484536082 1.0103092783505154 1.092783505154639 1.1134020618556701 1.6494845360824741  
45 1.261721479083242 0.8247422680412371 2.0 1.2164948453608246 1.2783505154639174 1.9175257731958764 1.0721649484536082 1.0103092783505154 1.092783505154639 1.1134020618556701 1.6494845360824741  
35 1.50893164228038 0.8247422680412371 2.0 1.2164948453608246 1.2783505154639174 1.9175257731958764 1.0721649484536082 1.0103092783505154 1.092783505154639 1.1134020618556701 1.6494845360824741  
9 63.47393778229323 0.8247422680412371 2.0 1.2164948453608246 1.2783505154639174 1.9175257731958764 1.0721649484536082 1.0103092783505154 1.092783505154639 1.1134020618556701 1.6494845360824741  
28 14.069625372272235 0.8247422680412371 2.0 1.2164948453608246 1.2783505154639174 1.9175257731958764 1.0721649484536082 1.0103092783505154 1.092783505154639 1.1134020618556701 1.6494845360824741  
29 0.7135575700472933 1.2371134020618557 3.0 1.824742268041237 1.9175257731958764 2.8762886597938144 1.6082474226804124 1.5154639175257731 1.6391752577319587 1.6701030927835052 2.4742268041237114  
33 27.344861822026772 1.2371134020618557 3.0 1.824742268041237 1.9175257731958764 2.8762886597938144 1.6082474226804124 1.5154639175257731 1.6391752577319587 1.6701030927835052 2.4742268041237114  
