50 30
TREE NETWORK (nID nID Weight):
1 0 46.0 
2 1 35.0 
3 2 41.0 
21 2 45.0 
40 1 30.0 
4 3 39.0 
44 1 47.0 
14 3 56.0 
16 3 50.0 
5 4 45.0 
46 1 31.0 
22 21 56.0 
35 21 49.0 
23 22 40.0 
37 21 45.0 
32 22 54.0 
6 5 49.0 
17 16 55.0 
45 44 46.0 
11 5 54.0 
24 23 39.0 
47 46 57.0 
7 6 43.0 
8 6 52.0 
19 3 54.0 
41 40 32.0 
25 24 44.0 
39 21 53.0 
18 16 38.0 
48 0 32.0 
42 41 52.0 
30 23 53.0 
9 8 56.0 
15 14 57.0 
26 25 42.0 
27 25 45.0 
28 27 31.0 
49 0 44.0 
36 35 38.0 
31 30 47.0 
12 4 59.0 
34 22 30.0 
43 40 52.0 
10 8 49.0 
33 32 40.0 
38 37 34.0 
20 19 55.0 
13 4 49.0 
29 27 46.0 
PROGRAMS ASSIGNED TO NODES (nID pID1 pID2 ...):
0 1 2 3 4 5 6 7 8 9 10 11 12 13 14 15 16 17 18 19 20 21 22 23 24 25 26 27 28 29 30  
49 2 4 5 6 7 8 9 10 11 12 13 14 15 16 17 18 19 20 21 22 23 24 25 26 27 29 30  
4 1 2 3 4 5 6 9 11 12 13 14 15 16 17 18 19 20 21 22 23 25 26 28 29 30  
46 1 2 6 9 11 14 15 17 18 20 29 30  
32 1 2 3 4 5 6 7 8 9 10 11 12 13 14 15 16 17 18 19 20 21 22 23 25 26 27 28 30  
20 1 2 3 4 5 6 7 8 9 10 11 12 13 14 15 16 17 18 19 20 21 22 23 24 25 26 28 29 30  
26 3 4 6 9 10 11 13 14 15 16 17 19 21 22 23 24 25 26 28 29 30  
34 1 2 3 5 6 7 8 9 10 11 12 14 15 16 17 18 19 20 22 23 24 25 26 27 28 29 30  
30 1 2 4 5 6 7 8 9 11 13 15 18 19 20 21 23 24 25 29  
23 1 6  
36 2 4 5 8 9 10 11 12 14 15 16 17 19 21 23 24 26 27 28  
7 1 6 7 8 10 22 25 27  
35 1 3 4 5 8 11 13 15 17 18 19 20 21 22 25 26 27 29  
25 1 2 3 4 5 6 7 8 10 11 12 13 14 15 16 17 19 20 21 22 23 24 25 26 27 28 29 30  
6  
11 6 9 12 17 19 20 22 23 28 30  
41 1 2 4 5 6 8 9 11 12 13 14 15 16 17 18 19 21 22 23 24 25 26 28 29  
18 1 2 3 4 5 6 8 9 10 11 12 13 14 15 16 17 18 19 20 22 23 24 26 27 28 29 30  
42 1 2 5 6 7 8 9 10 12 14 16 17 20 21 22 24 25 26 27 28 29  
16 3 5 9 10 11 12 13 14 15 16 17 19 21 24 25 27 28 29  
29 3 21  
28 11  
27 1 3 4 5 6 7 8 9 12 13 15 16 17 18 19 20 21 22 23 24 25 26 27 28 29 30  
44 1 2 3 4 5 6 7 8 9 10 11 12 13 14 15 16 17 18 19 20 21 22 23 24 26 28 29 30  
5 2 3 4 5 7 8 9 10 11 12 13 14 15 16 17 19 20 21 22 23 24 25 26 27 28 29 30  
2 1 4 5 6 7 8 9 10 12 13 15 18 19 20 21 23 24 25 26 27 28 29 30  
12 1 2 3 4 5 6 7 8 9 10 12 13 14 15 16 17 18 19 20 21 22 23 24 25 26 27 28 29 30  
3 4 9 18 19 20  
13 1 2 9  
48 3 5 9 17 20 25 26 27 28  
31 1 2 3 4 5 6 7 8 9 10 11 12 13 14 15 17 18 19 21 22 23 24 25 26 27 29 30  
24 3 6 7 10 11 15 17 18 20 21 23 24 30  
15 27  
8 1 2 3 4 5 6 7 8 9 10 11 12 13 14 15 16 17 18 19 20 21 22 23 24 26 27 29 30  
17 5 7 10 13 16 17 19 24  
14 1 4 7 9 12 14 15 16 20 22 27 30  
47 1 2 8 13 24 28  
39 1 2 6 7 9 11 12 15 21 24  
43 1 2 3 4 5 6 8 9 10 11 12 13 14 15 16 17 18 19 20 21 22 23 25 26 27 28 29  
19 1 4 5 6 7 8 9 10 11 12 13 14 15 16 17 18 19 20 21 22 23 24 25 27 28 29 30  
38 4 5 9 10 11 12 22  
37 1 2 3 4 5 6 7 8 9 10 11 12 13 14 15 16 17 18 19 20 21 23 25 27 28 29 30  
45 1 2 3 6 7 8 9 10 12 13 15 16 17 18 19 20 21 22 23 25 26 27 28 29 30  
33 1 2 3 4 5 6 7 8 10 11 13 14 15 16 17 18 19 20 21 22 23 24 25 26 27 28 29 30  
9 1 2 3 4 5 6 7 8 9 10 11 12 13 14 15 16 18 19 20 21 22 23 24 25 26 27 28 29 30  
10 1 2 3 4 6 7 8 9 10 11 13 16 17 18 20 22 24 25 26 27 28 30  
40 11 24  
21 3 4 5 7 8 9 10 11 12 13 14 18 19 21 22 23 24 25 26 27 28 29 30  
22 1 2 3 4 5 6 8 10 11 12 15 19 20 23 25 27 28 29 30  
1 1 2 4 5 6 7 8 9 10 11 12 13 14 16 17 18 19 21 22 23 25 26 27 28 29 30  
SIZE OF PROGRAMS (pID SIZE):
1 70.0 
2 81.0 
3 80.0 
4 72.0 
5 69.0 
6 87.0 
7 94.0 
8 95.0 
9 84.0 
10 49.0 
11 62.0 
12 43.0 
13 75.0 
14 74.0 
15 48.0 
16 97.0 
17 61.0 
18 95.0 
19 44.0 
20 75.0 
21 55.0 
22 77.0 
23 78.0 
24 54.0 
25 81.0 
26 43.0 
27 70.0 
28 58.0 
29 50.0 
30 94.0 
COST_INSTALL_SERVER_AND_PROGRAMS :
0 7541.237113402063 2.1649484536082473 2.5051546391752577 2.4742268041237114 2.2268041237113403 2.134020618556701 2.6907216494845363 2.9072164948453607 2.9381443298969074 2.597938144329897 1.5154639175257731 1.9175257731958764 1.3298969072164948 2.3195876288659796 2.288659793814433 1.4845360824742269 3.0 1.8865979381443299 2.9381443298969074 1.3608247422680413 2.3195876288659796 1.7010309278350515 2.381443298969072 2.4123711340206184 1.6701030927835052 2.5051546391752577 1.3298969072164948 2.1649484536082473 1.7938144329896908 1.5463917525773196 2.9072164948453607  
49 91.0 2.1649484536082473 2.5051546391752577 2.4742268041237114 2.2268041237113403 2.134020618556701 2.6907216494845363 2.9072164948453607 2.9381443298969074 2.597938144329897 1.5154639175257731 1.9175257731958764 1.3298969072164948 2.3195876288659796 2.288659793814433 1.4845360824742269 3.0 1.8865979381443299 2.9381443298969074 1.3608247422680413 2.3195876288659796 1.7010309278350515 2.381443298969072 2.4123711340206184 1.6701030927835052 2.5051546391752577 1.3298969072164948 2.1649484536082473 1.7938144329896908 1.5463917525773196 2.9072164948453607  
4 72.45813298718448 2.1649484536082473 2.5051546391752577 2.4742268041237114 2.2268041237113403 2.134020618556701 2.6907216494845363 2.9072164948453607 2.9381443298969074 2.597938144329897 1.5154639175257731 1.9175257731958764 1.3298969072164948 2.3195876288659796 2.288659793814433 1.4845360824742269 3.0 1.8865979381443299 2.9381443298969074 1.3608247422680413 2.3195876288659796 1.7010309278350515 2.381443298969072 2.4123711340206184 1.6701030927835052 2.5051546391752577 1.3298969072164948 2.1649484536082473 1.7938144329896908 1.5463917525773196 2.9072164948453607  
46 34.480722346919414 1.443298969072165 1.6701030927835052 1.6494845360824741 1.4845360824742269 1.422680412371134 1.7938144329896908 1.9381443298969072 1.958762886597938 1.731958762886598 1.0103092783505154 1.2783505154639174 0.8865979381443299 1.5463917525773196 1.5257731958762886 0.9896907216494846 2.0 1.2577319587628866 1.958762886597938 0.9072164948453608 1.5463917525773196 1.134020618556701 1.5876288659793814 1.6082474226804124 1.1134020618556701 1.6701030927835052 0.8865979381443299 1.443298969072165 1.1958762886597938 1.0309278350515463 1.9381443298969072  
32 150.56420241141947 2.1649484536082473 2.5051546391752577 2.4742268041237114 2.2268041237113403 2.134020618556701 2.6907216494845363 2.9072164948453607 2.9381443298969074 2.597938144329897 1.5154639175257731 1.9175257731958764 1.3298969072164948 2.3195876288659796 2.288659793814433 1.4845360824742269 3.0 1.8865979381443299 2.9381443298969074 1.3608247422680413 2.3195876288659796 1.7010309278350515 2.381443298969072 2.4123711340206184 1.6701030927835052 2.5051546391752577 1.3298969072164948 2.1649484536082473 1.7938144329896908 1.5463917525773196 2.9072164948453607  
20 123.76692136451325 1.443298969072165 1.6701030927835052 1.6494845360824741 1.4845360824742269 1.422680412371134 1.7938144329896908 1.9381443298969072 1.958762886597938 1.731958762886598 1.0103092783505154 1.2783505154639174 0.8865979381443299 1.5463917525773196 1.5257731958762886 0.9896907216494846 2.0 1.2577319587628866 1.958762886597938 0.9072164948453608 1.5463917525773196 1.134020618556701 1.5876288659793814 1.6082474226804124 1.1134020618556701 1.6701030927835052 0.8865979381443299 1.443298969072165 1.1958762886597938 1.0309278350515463 1.9381443298969072  
26 147.9236121525088 2.1649484536082473 2.5051546391752577 2.4742268041237114 2.2268041237113403 2.134020618556701 2.6907216494845363 2.9072164948453607 2.9381443298969074 2.597938144329897 1.5154639175257731 1.9175257731958764 1.3298969072164948 2.3195876288659796 2.288659793814433 1.4845360824742269 3.0 1.8865979381443299 2.9381443298969074 1.3608247422680413 2.3195876288659796 1.7010309278350515 2.381443298969072 2.4123711340206184 1.6701030927835052 2.5051546391752577 1.3298969072164948 2.1649484536082473 1.7938144329896908 1.5463917525773196 2.9072164948453607  
34 59.595208717657066 2.1649484536082473 2.5051546391752577 2.4742268041237114 2.2268041237113403 2.134020618556701 2.6907216494845363 2.9072164948453607 2.9381443298969074 2.597938144329897 1.5154639175257731 1.9175257731958764 1.3298969072164948 2.3195876288659796 2.288659793814433 1.4845360824742269 3.0 1.8865979381443299 2.9381443298969074 1.3608247422680413 2.3195876288659796 1.7010309278350515 2.381443298969072 2.4123711340206184 1.6701030927835052 2.5051546391752577 1.3298969072164948 2.1649484536082473 1.7938144329896908 1.5463917525773196 2.9072164948453607  
30 151.30483928754674 1.443298969072165 1.6701030927835052 1.6494845360824741 1.4845360824742269 1.422680412371134 1.7938144329896908 1.9381443298969072 1.958762886597938 1.731958762886598 1.0103092783505154 1.2783505154639174 0.8865979381443299 1.5463917525773196 1.5257731958762886 0.9896907216494846 2.0 1.2577319587628866 1.958762886597938 0.9072164948453608 1.5463917525773196 1.134020618556701 1.5876288659793814 1.6082474226804124 1.1134020618556701 1.6701030927835052 0.8865979381443299 1.443298969072165 1.1958762886597938 1.0309278350515463 1.9381443298969072  
23 151.5535958539804 2.1649484536082473 2.5051546391752577 2.4742268041237114 2.2268041237113403 2.134020618556701 2.6907216494845363 2.9072164948453607 2.9381443298969074 2.597938144329897 1.5154639175257731 1.9175257731958764 1.3298969072164948 2.3195876288659796 2.288659793814433 1.4845360824742269 3.0 1.8865979381443299 2.9381443298969074 1.3608247422680413 2.3195876288659796 1.7010309278350515 2.381443298969072 2.4123711340206184 1.6701030927835052 2.5051546391752577 1.3298969072164948 2.1649484536082473 1.7938144329896908 1.5463917525773196 2.9072164948453607  
36 103.71311148674872 1.443298969072165 1.6701030927835052 1.6494845360824741 1.4845360824742269 1.422680412371134 1.7938144329896908 1.9381443298969072 1.958762886597938 1.731958762886598 1.0103092783505154 1.2783505154639174 0.8865979381443299 1.5463917525773196 1.5257731958762886 0.9896907216494846 2.0 1.2577319587628866 1.958762886597938 0.9072164948453608 1.5463917525773196 1.134020618556701 1.5876288659793814 1.6082474226804124 1.1134020618556701 1.6701030927835052 0.8865979381443299 1.443298969072165 1.1958762886597938 1.0309278350515463 1.9381443298969072  
7 90.84806621672824 2.1649484536082473 2.5051546391752577 2.4742268041237114 2.2268041237113403 2.134020618556701 2.6907216494845363 2.9072164948453607 2.9381443298969074 2.597938144329897 1.5154639175257731 1.9175257731958764 1.3298969072164948 2.3195876288659796 2.288659793814433 1.4845360824742269 3.0 1.8865979381443299 2.9381443298969074 1.3608247422680413 2.3195876288659796 1.7010309278350515 2.381443298969072 2.4123711340206184 1.6701030927835052 2.5051546391752577 1.3298969072164948 2.1649484536082473 1.7938144329896908 1.5463917525773196 2.9072164948453607  
35 62.757266755499444 2.1649484536082473 2.5051546391752577 2.4742268041237114 2.2268041237113403 2.134020618556701 2.6907216494845363 2.9072164948453607 2.9381443298969074 2.597938144329897 1.5154639175257731 1.9175257731958764 1.3298969072164948 2.3195876288659796 2.288659793814433 1.4845360824742269 3.0 1.8865979381443299 2.9381443298969074 1.3608247422680413 2.3195876288659796 1.7010309278350515 2.381443298969072 2.4123711340206184 1.6701030927835052 2.5051546391752577 1.3298969072164948 2.1649484536082473 1.7938144329896908 1.5463917525773196 2.9072164948453607  
25 227.54358575700843 1.443298969072165 1.6701030927835052 1.6494845360824741 1.4845360824742269 1.422680412371134 1.7938144329896908 1.9381443298969072 1.958762886597938 1.731958762886598 1.0103092783505154 1.2783505154639174 0.8865979381443299 1.5463917525773196 1.5257731958762886 0.9896907216494846 2.0 1.2577319587628866 1.958762886597938 0.9072164948453608 1.5463917525773196 1.134020618556701 1.5876288659793814 1.6082474226804124 1.1134020618556701 1.6701030927835052 0.8865979381443299 1.443298969072165 1.1958762886597938 1.0309278350515463 1.9381443298969072  
6 246.91147510373298 2.1649484536082473 2.5051546391752577 2.4742268041237114 2.2268041237113403 2.134020618556701 2.6907216494845363 2.9072164948453607 2.9381443298969074 2.597938144329897 1.5154639175257731 1.9175257731958764 1.3298969072164948 2.3195876288659796 2.288659793814433 1.4845360824742269 3.0 1.8865979381443299 2.9381443298969074 1.3608247422680413 2.3195876288659796 1.7010309278350515 2.381443298969072 2.4123711340206184 1.6701030927835052 2.5051546391752577 1.3298969072164948 2.1649484536082473 1.7938144329896908 1.5463917525773196 2.9072164948453607  
11 86.34428772980095 2.1649484536082473 2.5051546391752577 2.4742268041237114 2.2268041237113403 2.134020618556701 2.6907216494845363 2.9072164948453607 2.9381443298969074 2.597938144329897 1.5154639175257731 1.9175257731958764 1.3298969072164948 2.3195876288659796 2.288659793814433 1.4845360824742269 3.0 1.8865979381443299 2.9381443298969074 1.3608247422680413 2.3195876288659796 1.7010309278350515 2.381443298969072 2.4123711340206184 1.6701030927835052 2.5051546391752577 1.3298969072164948 2.1649484536082473 1.7938144329896908 1.5463917525773196 2.9072164948453607  
41 87.87058937348336 2.1649484536082473 2.5051546391752577 2.4742268041237114 2.2268041237113403 2.134020618556701 2.6907216494845363 2.9072164948453607 2.9381443298969074 2.597938144329897 1.5154639175257731 1.9175257731958764 1.3298969072164948 2.3195876288659796 2.288659793814433 1.4845360824742269 3.0 1.8865979381443299 2.9381443298969074 1.3608247422680413 2.3195876288659796 1.7010309278350515 2.381443298969072 2.4123711340206184 1.6701030927835052 2.5051546391752577 1.3298969072164948 2.1649484536082473 1.7938144329896908 1.5463917525773196 2.9072164948453607  
18 166.17836526349532 2.1649484536082473 2.5051546391752577 2.4742268041237114 2.2268041237113403 2.134020618556701 2.6907216494845363 2.9072164948453607 2.9381443298969074 2.597938144329897 1.5154639175257731 1.9175257731958764 1.3298969072164948 2.3195876288659796 2.288659793814433 1.4845360824742269 3.0 1.8865979381443299 2.9381443298969074 1.3608247422680413 2.3195876288659796 1.7010309278350515 2.381443298969072 2.4123711340206184 1.6701030927835052 2.5051546391752577 1.3298969072164948 2.1649484536082473 1.7938144329896908 1.5463917525773196 2.9072164948453607  
42 99.67933610316175 1.443298969072165 1.6701030927835052 1.6494845360824741 1.4845360824742269 1.422680412371134 1.7938144329896908 1.9381443298969072 1.958762886597938 1.731958762886598 1.0103092783505154 1.2783505154639174 0.8865979381443299 1.5463917525773196 1.5257731958762886 0.9896907216494846 2.0 1.2577319587628866 1.958762886597938 0.9072164948453608 1.5463917525773196 1.134020618556701 1.5876288659793814 1.6082474226804124 1.1134020618556701 1.6701030927835052 0.8865979381443299 1.443298969072165 1.1958762886597938 1.0309278350515463 1.9381443298969072  
16 75.27164540024191 2.1649484536082473 2.5051546391752577 2.4742268041237114 2.2268041237113403 2.134020618556701 2.6907216494845363 2.9072164948453607 2.9381443298969074 2.597938144329897 1.5154639175257731 1.9175257731958764 1.3298969072164948 2.3195876288659796 2.288659793814433 1.4845360824742269 3.0 1.8865979381443299 2.9381443298969074 1.3608247422680413 2.3195876288659796 1.7010309278350515 2.381443298969072 2.4123711340206184 1.6701030927835052 2.5051546391752577 1.3298969072164948 2.1649484536082473 1.7938144329896908 1.5463917525773196 2.9072164948453607  
29 15.115693775072977 2.1649484536082473 2.5051546391752577 2.4742268041237114 2.2268041237113403 2.134020618556701 2.6907216494845363 2.9072164948453607 2.9381443298969074 2.597938144329897 1.5154639175257731 1.9175257731958764 1.3298969072164948 2.3195876288659796 2.288659793814433 1.4845360824742269 3.0 1.8865979381443299 2.9381443298969074 1.3608247422680413 2.3195876288659796 1.7010309278350515 2.381443298969072 2.4123711340206184 1.6701030927835052 2.5051546391752577 1.3298969072164948 2.1649484536082473 1.7938144329896908 1.5463917525773196 2.9072164948453607  
28 3.675731116336225 1.443298969072165 1.6701030927835052 1.6494845360824741 1.4845360824742269 1.422680412371134 1.7938144329896908 1.9381443298969072 1.958762886597938 1.731958762886598 1.0103092783505154 1.2783505154639174 0.8865979381443299 1.5463917525773196 1.5257731958762886 0.9896907216494846 2.0 1.2577319587628866 1.958762886597938 0.9072164948453608 1.5463917525773196 1.134020618556701 1.5876288659793814 1.6082474226804124 1.1134020618556701 1.6701030927835052 0.8865979381443299 1.443298969072165 1.1958762886597938 1.0309278350515463 1.9381443298969072  
27 117.37386808470178 1.443298969072165 1.6701030927835052 1.6494845360824741 1.4845360824742269 1.422680412371134 1.7938144329896908 1.9381443298969072 1.958762886597938 1.731958762886598 1.0103092783505154 1.2783505154639174 0.8865979381443299 1.5463917525773196 1.5257731958762886 0.9896907216494846 2.0 1.2577319587628866 1.958762886597938 0.9072164948453608 1.5463917525773196 1.134020618556701 1.5876288659793814 1.6082474226804124 1.1134020618556701 1.6701030927835052 0.8865979381443299 1.443298969072165 1.1958762886597938 1.0309278350515463 1.9381443298969072  
44 27.46271381269788 2.1649484536082473 2.5051546391752577 2.4742268041237114 2.2268041237113403 2.134020618556701 2.6907216494845363 2.9072164948453607 2.9381443298969074 2.597938144329897 1.5154639175257731 1.9175257731958764 1.3298969072164948 2.3195876288659796 2.288659793814433 1.4845360824742269 3.0 1.8865979381443299 2.9381443298969074 1.3608247422680413 2.3195876288659796 1.7010309278350515 2.381443298969072 2.4123711340206184 1.6701030927835052 2.5051546391752577 1.3298969072164948 2.1649484536082473 1.7938144329896908 1.5463917525773196 2.9072164948453607  
5 239.4498656877169 2.1649484536082473 2.5051546391752577 2.4742268041237114 2.2268041237113403 2.134020618556701 2.6907216494845363 2.9072164948453607 2.9381443298969074 2.597938144329897 1.5154639175257731 1.9175257731958764 1.3298969072164948 2.3195876288659796 2.288659793814433 1.4845360824742269 3.0 1.8865979381443299 2.9381443298969074 1.3608247422680413 2.3195876288659796 1.7010309278350515 2.381443298969072 2.4123711340206184 1.6701030927835052 2.5051546391752577 1.3298969072164948 2.1649484536082473 1.7938144329896908 1.5463917525773196 2.9072164948453607  
2 39.09718348697757 1.443298969072165 1.6701030927835052 1.6494845360824741 1.4845360824742269 1.422680412371134 1.7938144329896908 1.9381443298969072 1.958762886597938 1.731958762886598 1.0103092783505154 1.2783505154639174 0.8865979381443299 1.5463917525773196 1.5257731958762886 0.9896907216494846 2.0 1.2577319587628866 1.958762886597938 0.9072164948453608 1.5463917525773196 1.134020618556701 1.5876288659793814 1.6082474226804124 1.1134020618556701 1.6701030927835052 0.8865979381443299 1.443298969072165 1.1958762886597938 1.0309278350515463 1.9381443298969072  
12 224.58448250679157 2.1649484536082473 2.5051546391752577 2.4742268041237114 2.2268041237113403 2.134020618556701 2.6907216494845363 2.9072164948453607 2.9381443298969074 2.597938144329897 1.5154639175257731 1.9175257731958764 1.3298969072164948 2.3195876288659796 2.288659793814433 1.4845360824742269 3.0 1.8865979381443299 2.9381443298969074 1.3608247422680413 2.3195876288659796 1.7010309278350515 2.381443298969072 2.4123711340206184 1.6701030927835052 2.5051546391752577 1.3298969072164948 2.1649484536082473 1.7938144329896908 1.5463917525773196 2.9072164948453607  
3 97.04186787663602 1.443298969072165 1.6701030927835052 1.6494845360824741 1.4845360824742269 1.422680412371134 1.7938144329896908 1.9381443298969072 1.958762886597938 1.731958762886598 1.0103092783505154 1.2783505154639174 0.8865979381443299 1.5463917525773196 1.5257731958762886 0.9896907216494846 2.0 1.2577319587628866 1.958762886597938 0.9072164948453608 1.5463917525773196 1.134020618556701 1.5876288659793814 1.6082474226804124 1.1134020618556701 1.6701030927835052 0.8865979381443299 1.443298969072165 1.1958762886597938 1.0309278350515463 1.9381443298969072  
13 24.707431614367415 1.443298969072165 1.6701030927835052 1.6494845360824741 1.4845360824742269 1.422680412371134 1.7938144329896908 1.9381443298969072 1.958762886597938 1.731958762886598 1.0103092783505154 1.2783505154639174 0.8865979381443299 1.5463917525773196 1.5257731958762886 0.9896907216494846 2.0 1.2577319587628866 1.958762886597938 0.9072164948453608 1.5463917525773196 1.134020618556701 1.5876288659793814 1.6082474226804124 1.1134020618556701 1.6701030927835052 0.8865979381443299 1.443298969072165 1.1958762886597938 1.0309278350515463 1.9381443298969072  
48 7.922551546391752 1.443298969072165 1.6701030927835052 1.6494845360824741 1.4845360824742269 1.422680412371134 1.7938144329896908 1.9381443298969072 1.958762886597938 1.731958762886598 1.0103092783505154 1.2783505154639174 0.8865979381443299 1.5463917525773196 1.5257731958762886 0.9896907216494846 2.0 1.2577319587628866 1.958762886597938 0.9072164948453608 1.5463917525773196 1.134020618556701 1.5876288659793814 1.6082474226804124 1.1134020618556701 1.6701030927835052 0.8865979381443299 1.443298969072165 1.1958762886597938 1.0309278350515463 1.9381443298969072  
31 204.684156730955 2.1649484536082473 2.5051546391752577 2.4742268041237114 2.2268041237113403 2.134020618556701 2.6907216494845363 2.9072164948453607 2.9381443298969074 2.597938144329897 1.5154639175257731 1.9175257731958764 1.3298969072164948 2.3195876288659796 2.288659793814433 1.4845360824742269 3.0 1.8865979381443299 2.9381443298969074 1.3608247422680413 2.3195876288659796 1.7010309278350515 2.381443298969072 2.4123711340206184 1.6701030927835052 2.5051546391752577 1.3298969072164948 2.1649484536082473 1.7938144329896908 1.5463917525773196 2.9072164948453607  
24 152.49103796826358 2.1649484536082473 2.5051546391752577 2.4742268041237114 2.2268041237113403 2.134020618556701 2.6907216494845363 2.9072164948453607 2.9381443298969074 2.597938144329897 1.5154639175257731 1.9175257731958764 1.3298969072164948 2.3195876288659796 2.288659793814433 1.4845360824742269 3.0 1.8865979381443299 2.9381443298969074 1.3608247422680413 2.3195876288659796 1.7010309278350515 2.381443298969072 2.4123711340206184 1.6701030927835052 2.5051546391752577 1.3298969072164948 2.1649484536082473 1.7938144329896908 1.5463917525773196 2.9072164948453607  
15 1.662653377630759 2.1649484536082473 2.5051546391752577 2.4742268041237114 2.2268041237113403 2.134020618556701 2.6907216494845363 2.9072164948453607 2.9381443298969074 2.597938144329897 1.5154639175257731 1.9175257731958764 1.3298969072164948 2.3195876288659796 2.288659793814433 1.4845360824742269 3.0 1.8865979381443299 2.9381443298969074 1.3608247422680413 2.3195876288659796 1.7010309278350515 2.381443298969072 2.4123711340206184 1.6701030927835052 2.5051546391752577 1.3298969072164948 2.1649484536082473 1.7938144329896908 1.5463917525773196 2.9072164948453607  
8 110.16314010568517 2.1649484536082473 2.5051546391752577 2.4742268041237114 2.2268041237113403 2.134020618556701 2.6907216494845363 2.9072164948453607 2.9381443298969074 2.597938144329897 1.5154639175257731 1.9175257731958764 1.3298969072164948 2.3195876288659796 2.288659793814433 1.4845360824742269 3.0 1.8865979381443299 2.9381443298969074 1.3608247422680413 2.3195876288659796 1.7010309278350515 2.381443298969072 2.4123711340206184 1.6701030927835052 2.5051546391752577 1.3298969072164948 2.1649484536082473 1.7938144329896908 1.5463917525773196 2.9072164948453607  
17 53.996005949511776 1.443298969072165 1.6701030927835052 1.6494845360824741 1.4845360824742269 1.422680412371134 1.7938144329896908 1.9381443298969072 1.958762886597938 1.731958762886598 1.0103092783505154 1.2783505154639174 0.8865979381443299 1.5463917525773196 1.5257731958762886 0.9896907216494846 2.0 1.2577319587628866 1.958762886597938 0.9072164948453608 1.5463917525773196 1.134020618556701 1.5876288659793814 1.6082474226804124 1.1134020618556701 1.6701030927835052 0.8865979381443299 1.443298969072165 1.1958762886597938 1.0309278350515463 1.9381443298969072  
14 42.14646232859967 2.1649484536082473 2.5051546391752577 2.4742268041237114 2.2268041237113403 2.134020618556701 2.6907216494845363 2.9072164948453607 2.9381443298969074 2.597938144329897 1.5154639175257731 1.9175257731958764 1.3298969072164948 2.3195876288659796 2.288659793814433 1.4845360824742269 3.0 1.8865979381443299 2.9381443298969074 1.3608247422680413 2.3195876288659796 1.7010309278350515 2.381443298969072 2.4123711340206184 1.6701030927835052 2.5051546391752577 1.3298969072164948 2.1649484536082473 1.7938144329896908 1.5463917525773196 2.9072164948453607  
47 12.914672931442988 1.443298969072165 1.6701030927835052 1.6494845360824741 1.4845360824742269 1.422680412371134 1.7938144329896908 1.9381443298969072 1.958762886597938 1.731958762886598 1.0103092783505154 1.2783505154639174 0.8865979381443299 1.5463917525773196 1.5257731958762886 0.9896907216494846 2.0 1.2577319587628866 1.958762886597938 0.9072164948453608 1.5463917525773196 1.134020618556701 1.5876288659793814 1.6082474226804124 1.1134020618556701 1.6701030927835052 0.8865979381443299 1.443298969072165 1.1958762886597938 1.0309278350515463 1.9381443298969072  
39 18.75984339609095 1.443298969072165 1.6701030927835052 1.6494845360824741 1.4845360824742269 1.422680412371134 1.7938144329896908 1.9381443298969072 1.958762886597938 1.731958762886598 1.0103092783505154 1.2783505154639174 0.8865979381443299 1.5463917525773196 1.5257731958762886 0.9896907216494846 2.0 1.2577319587628866 1.958762886597938 0.9072164948453608 1.5463917525773196 1.134020618556701 1.5876288659793814 1.6082474226804124 1.1134020618556701 1.6701030927835052 0.8865979381443299 1.443298969072165 1.1958762886597938 1.0309278350515463 1.9381443298969072  
43 112.76121140588076 1.443298969072165 1.6701030927835052 1.6494845360824741 1.4845360824742269 1.422680412371134 1.7938144329896908 1.9381443298969072 1.958762886597938 1.731958762886598 1.0103092783505154 1.2783505154639174 0.8865979381443299 1.5463917525773196 1.5257731958762886 0.9896907216494846 2.0 1.2577319587628866 1.958762886597938 0.9072164948453608 1.5463917525773196 1.134020618556701 1.5876288659793814 1.6082474226804124 1.1134020618556701 1.6701030927835052 0.8865979381443299 1.443298969072165 1.1958762886597938 1.0309278350515463 1.9381443298969072  
19 145.7711204314946 2.1649484536082473 2.5051546391752577 2.4742268041237114 2.2268041237113403 2.134020618556701 2.6907216494845363 2.9072164948453607 2.9381443298969074 2.597938144329897 1.5154639175257731 1.9175257731958764 1.3298969072164948 2.3195876288659796 2.288659793814433 1.4845360824742269 3.0 1.8865979381443299 2.9381443298969074 1.3608247422680413 2.3195876288659796 1.7010309278350515 2.381443298969072 2.4123711340206184 1.6701030927835052 2.5051546391752577 1.3298969072164948 2.1649484536082473 1.7938144329896908 1.5463917525773196 2.9072164948453607  
38 34.01356279670094 2.1649484536082473 2.5051546391752577 2.4742268041237114 2.2268041237113403 2.134020618556701 2.6907216494845363 2.9072164948453607 2.9381443298969074 2.597938144329897 1.5154639175257731 1.9175257731958764 1.3298969072164948 2.3195876288659796 2.288659793814433 1.4845360824742269 3.0 1.8865979381443299 2.9381443298969074 1.3608247422680413 2.3195876288659796 1.7010309278350515 2.381443298969072 2.4123711340206184 1.6701030927835052 2.5051546391752577 1.3298969072164948 2.1649484536082473 1.7938144329896908 1.5463917525773196 2.9072164948453607  
37 106.78869432735765 1.443298969072165 1.6701030927835052 1.6494845360824741 1.4845360824742269 1.422680412371134 1.7938144329896908 1.9381443298969072 1.958762886597938 1.731958762886598 1.0103092783505154 1.2783505154639174 0.8865979381443299 1.5463917525773196 1.5257731958762886 0.9896907216494846 2.0 1.2577319587628866 1.958762886597938 0.9072164948453608 1.5463917525773196 1.134020618556701 1.5876288659793814 1.6082474226804124 1.1134020618556701 1.6701030927835052 0.8865979381443299 1.443298969072165 1.1958762886597938 1.0309278350515463 1.9381443298969072  
45 22.746330130191957 2.1649484536082473 2.5051546391752577 2.4742268041237114 2.2268041237113403 2.134020618556701 2.6907216494845363 2.9072164948453607 2.9381443298969074 2.597938144329897 1.5154639175257731 1.9175257731958764 1.3298969072164948 2.3195876288659796 2.288659793814433 1.4845360824742269 3.0 1.8865979381443299 2.9381443298969074 1.3608247422680413 2.3195876288659796 1.7010309278350515 2.381443298969072 2.4123711340206184 1.6701030927835052 2.5051546391752577 1.3298969072164948 2.1649484536082473 1.7938144329896908 1.5463917525773196 2.9072164948453607  
33 67.56608795258722 1.443298969072165 1.6701030927835052 1.6494845360824741 1.4845360824742269 1.422680412371134 1.7938144329896908 1.9381443298969072 1.958762886597938 1.731958762886598 1.0103092783505154 1.2783505154639174 0.8865979381443299 1.5463917525773196 1.5257731958762886 0.9896907216494846 2.0 1.2577319587628866 1.958762886597938 0.9072164948453608 1.5463917525773196 1.134020618556701 1.5876288659793814 1.6082474226804124 1.1134020618556701 1.6701030927835052 0.8865979381443299 1.443298969072165 1.1958762886597938 1.0309278350515463 1.9381443298969072  
9 382.0751475299167 1.443298969072165 1.6701030927835052 1.6494845360824741 1.4845360824742269 1.422680412371134 1.7938144329896908 1.9381443298969072 1.958762886597938 1.731958762886598 1.0103092783505154 1.2783505154639174 0.8865979381443299 1.5463917525773196 1.5257731958762886 0.9896907216494846 2.0 1.2577319587628866 1.958762886597938 0.9072164948453608 1.5463917525773196 1.134020618556701 1.5876288659793814 1.6082474226804124 1.1134020618556701 1.6701030927835052 0.8865979381443299 1.443298969072165 1.1958762886597938 1.0309278350515463 1.9381443298969072  
10 255.1214254112004 1.443298969072165 1.6701030927835052 1.6494845360824741 1.4845360824742269 1.422680412371134 1.7938144329896908 1.9381443298969072 1.958762886597938 1.731958762886598 1.0103092783505154 1.2783505154639174 0.8865979381443299 1.5463917525773196 1.5257731958762886 0.9896907216494846 2.0 1.2577319587628866 1.958762886597938 0.9072164948453608 1.5463917525773196 1.134020618556701 1.5876288659793814 1.6082474226804124 1.1134020618556701 1.6701030927835052 0.8865979381443299 1.443298969072165 1.1958762886597938 1.0309278350515463 1.9381443298969072  
40 64.98925643707355 1.443298969072165 1.6701030927835052 1.6494845360824741 1.4845360824742269 1.422680412371134 1.7938144329896908 1.9381443298969072 1.958762886597938 1.731958762886598 1.0103092783505154 1.2783505154639174 0.8865979381443299 1.5463917525773196 1.5257731958762886 0.9896907216494846 2.0 1.2577319587628866 1.958762886597938 0.9072164948453608 1.5463917525773196 1.134020618556701 1.5876288659793814 1.6082474226804124 1.1134020618556701 1.6701030927835052 0.8865979381443299 1.443298969072165 1.1958762886597938 1.0309278350515463 1.9381443298969072  
21 125.02871116463237 1.443298969072165 1.6701030927835052 1.6494845360824741 1.4845360824742269 1.422680412371134 1.7938144329896908 1.9381443298969072 1.958762886597938 1.731958762886598 1.0103092783505154 1.2783505154639174 0.8865979381443299 1.5463917525773196 1.5257731958762886 0.9896907216494846 2.0 1.2577319587628866 1.958762886597938 0.9072164948453608 1.5463917525773196 1.134020618556701 1.5876288659793814 1.6082474226804124 1.1134020618556701 1.6701030927835052 0.8865979381443299 1.443298969072165 1.1958762886597938 1.0309278350515463 1.9381443298969072  
22 126.9793730002664 2.1649484536082473 2.5051546391752577 2.4742268041237114 2.2268041237113403 2.134020618556701 2.6907216494845363 2.9072164948453607 2.9381443298969074 2.597938144329897 1.5154639175257731 1.9175257731958764 1.3298969072164948 2.3195876288659796 2.288659793814433 1.4845360824742269 3.0 1.8865979381443299 2.9381443298969074 1.3608247422680413 2.3195876288659796 1.7010309278350515 2.381443298969072 2.4123711340206184 1.6701030927835052 2.5051546391752577 1.3298969072164948 2.1649484536082473 1.7938144329896908 1.5463917525773196 2.9072164948453607  
1 11.967803386301519 2.1649484536082473 2.5051546391752577 2.4742268041237114 2.2268041237113403 2.134020618556701 2.6907216494845363 2.9072164948453607 2.9381443298969074 2.597938144329897 1.5154639175257731 1.9175257731958764 1.3298969072164948 2.3195876288659796 2.288659793814433 1.4845360824742269 3.0 1.8865979381443299 2.9381443298969074 1.3608247422680413 2.3195876288659796 1.7010309278350515 2.381443298969072 2.4123711340206184 1.6701030927835052 2.5051546391752577 1.3298969072164948 2.1649484536082473 1.7938144329896908 1.5463917525773196 2.9072164948453607  
