50 10
TREE NETWORK (nID nID Weight):
1 0 45.0 
12 0 55.0 
30 0 54.0 
13 12 42.0 
38 0 33.0 
14 13 40.0 
47 0 54.0 
48 47 44.0 
15 14 36.0 
39 38 31.0 
20 12 56.0 
40 39 45.0 
42 38 43.0 
2 1 37.0 
3 1 58.0 
49 48 43.0 
21 20 54.0 
31 30 36.0 
27 12 54.0 
22 21 35.0 
36 30 58.0 
41 40 41.0 
32 31 34.0 
44 38 41.0 
4 1 54.0 
18 13 56.0 
45 38 32.0 
24 21 49.0 
35 31 46.0 
23 22 52.0 
10 1 31.0 
5 4 49.0 
16 15 38.0 
43 42 58.0 
33 32 34.0 
17 15 59.0 
34 32 43.0 
6 5 51.0 
37 30 47.0 
46 45 32.0 
7 5 36.0 
19 18 45.0 
28 27 52.0 
8 7 45.0 
11 1 39.0 
26 20 37.0 
25 21 56.0 
9 4 45.0 
29 12 50.0 
PROGRAMS ASSIGNED TO NODES (nID pID1 pID2 ...):
0 1 2 3 4 5 6 7 8 9 10  
14 2 10  
49 2 3 4 5 7 8 9 10  
31 2 3 4 6 7 8  
3 1 6 8 10  
47 3  
24 2  
36 1 4 5 6 7 9 10  
12 7  
30 1 2 3 7 10  
10 1 2 3 4 5 7 8 9 10  
41 5 8 10  
27 1 2 3 5 6 9 10  
43 3 7  
13  
48 3 5 6 9 10  
25 2 3 5  
1 7  
15 2 3 7 9  
4 1 2 3 5 6 7 8 10  
40 4 5 7 8 10  
45 3 4 5 10  
18 2 4 7 8 9 10  
2 2 3 4 5 6 7 10  
29 2 3 5 6 8 9 10  
26 1 2 3 4 6 7 8 9 10  
19  
23 1 2 3 5 7 8 10  
6 8  
42 1 5 6  
34 1 2 4 6 7 8 9 10  
16 2 3 7 8 9 10  
35 1 3 4 9  
46 3 4 6 7 8 9  
5 2 4 5 6 9  
38 4 9  
33 2 6 7 10  
39 1 2 3 4 6 7 9  
37  
20 3 6  
9 1 2 4 6 9 10  
28 8  
17 7  
7 3 4 5 6 8 9  
21 5 7 8 10  
8  
22 1  
44 1 2 3 4 5 6 8 9 10  
32 3 4 5 6 7 8 10  
11 1 4 5 6 9 10  
SIZE OF PROGRAMS (pID SIZE):
1 58.0 
2 88.0 
3 59.0 
4 91.0 
5 66.0 
6 42.0 
7 67.0 
8 58.0 
9 90.0 
10 94.0 
COST_INSTALL_SERVER_AND_PROGRAMS :
0 3275.531914893617 1.851063829787234 2.8085106382978724 1.8829787234042554 2.904255319148936 2.106382978723404 1.3404255319148937 2.1382978723404253 1.851063829787234 2.872340425531915 3.0  
14 9.231766470611456 1.2340425531914894 1.872340425531915 1.2553191489361701 1.9361702127659575 1.4042553191489362 0.8936170212765957 1.425531914893617 1.2340425531914894 1.9148936170212767 2.0  
49 5.992696259977307 1.851063829787234 2.8085106382978724 1.8829787234042554 2.904255319148936 2.106382978723404 1.3404255319148937 2.1382978723404253 1.851063829787234 2.872340425531915 3.0  
31 15.082102944336983 1.2340425531914894 1.872340425531915 1.2553191489361701 1.9361702127659575 1.4042553191489362 0.8936170212765957 1.425531914893617 1.2340425531914894 1.9148936170212767 2.0  
3 5.041438004402054 1.2340425531914894 1.872340425531915 1.2553191489361701 1.9361702127659575 1.4042553191489362 0.8936170212765957 1.425531914893617 1.2340425531914894 1.9148936170212767 2.0  
47 68.0 1.851063829787234 2.8085106382978724 1.8829787234042554 2.904255319148936 2.106382978723404 1.3404255319148937 2.1382978723404253 1.851063829787234 2.872340425531915 3.0  
24 1.4173908428619673 1.2340425531914894 1.872340425531915 1.2553191489361701 1.9361702127659575 1.4042553191489362 0.8936170212765957 1.425531914893617 1.2340425531914894 1.9148936170212767 2.0  
36 7.7253933317029455 1.2340425531914894 1.872340425531915 1.2553191489361701 1.9361702127659575 1.4042553191489362 0.8936170212765957 1.425531914893617 1.2340425531914894 1.9148936170212767 2.0  
12 98.0 1.2340425531914894 1.872340425531915 1.2553191489361701 1.9361702127659575 1.4042553191489362 0.8936170212765957 1.425531914893617 1.2340425531914894 1.9148936170212767 2.0  
30 5.411730783007378 1.2340425531914894 1.872340425531915 1.2553191489361701 1.9361702127659575 1.4042553191489362 0.8936170212765957 1.425531914893617 1.2340425531914894 1.9148936170212767 2.0  
10 26.735611988103404 1.2340425531914894 1.872340425531915 1.2553191489361701 1.9361702127659575 1.4042553191489362 0.8936170212765957 1.425531914893617 1.2340425531914894 1.9148936170212767 2.0  
41 15.329230730729968 1.2340425531914894 1.872340425531915 1.2553191489361701 1.9361702127659575 1.4042553191489362 0.8936170212765957 1.425531914893617 1.2340425531914894 1.9148936170212767 2.0  
27 0.7967762733720167 1.851063829787234 2.8085106382978724 1.8829787234042554 2.904255319148936 2.106382978723404 1.3404255319148937 2.1382978723404253 1.851063829787234 2.872340425531915 3.0  
43 3.10304932999741 1.851063829787234 2.8085106382978724 1.8829787234042554 2.904255319148936 2.106382978723404 1.3404255319148937 2.1382978723404253 1.851063829787234 2.872340425531915 3.0  
13 4.815660633692549 1.2340425531914894 1.872340425531915 1.2553191489361701 1.9361702127659575 1.4042553191489362 0.8936170212765957 1.425531914893617 1.2340425531914894 1.9148936170212767 2.0  
48 9.155876137259117 1.2340425531914894 1.872340425531915 1.2553191489361701 1.9361702127659575 1.4042553191489362 0.8936170212765957 1.425531914893617 1.2340425531914894 1.9148936170212767 2.0  
25 9.057764345583495 1.851063829787234 2.8085106382978724 1.8829787234042554 2.904255319148936 2.106382978723404 1.3404255319148937 2.1382978723404253 1.851063829787234 2.872340425531915 3.0  
1 0.20226950354609965 1.2340425531914894 1.872340425531915 1.2553191489361701 1.9361702127659575 1.4042553191489362 0.8936170212765957 1.425531914893617 1.2340425531914894 1.9148936170212767 2.0  
15 12.692962012658064 1.851063829787234 2.8085106382978724 1.8829787234042554 2.904255319148936 2.106382978723404 1.3404255319148937 2.1382978723404253 1.851063829787234 2.872340425531915 3.0  
4 7.608602335410841 1.851063829787234 2.8085106382978724 1.8829787234042554 2.904255319148936 2.106382978723404 1.3404255319148937 2.1382978723404253 1.851063829787234 2.872340425531915 3.0  
40 23.082576300640813 1.2340425531914894 1.872340425531915 1.2553191489361701 1.9361702127659575 1.4042553191489362 0.8936170212765957 1.425531914893617 1.2340425531914894 1.9148936170212767 2.0  
45 27.150344535783372 1.2340425531914894 1.872340425531915 1.2553191489361701 1.9361702127659575 1.4042553191489362 0.8936170212765957 1.425531914893617 1.2340425531914894 1.9148936170212767 2.0  
18 16.40297135488625 1.2340425531914894 1.872340425531915 1.2553191489361701 1.9361702127659575 1.4042553191489362 0.8936170212765957 1.425531914893617 1.2340425531914894 1.9148936170212767 2.0  
2 9.227944220816559 1.851063829787234 2.8085106382978724 1.8829787234042554 2.904255319148936 2.106382978723404 1.3404255319148937 2.1382978723404253 1.851063829787234 2.872340425531915 3.0  
29 1.3237311411992263 1.851063829787234 2.8085106382978724 1.8829787234042554 2.904255319148936 2.106382978723404 1.3404255319148937 2.1382978723404253 1.851063829787234 2.872340425531915 3.0  
26 6.046427432544455 1.851063829787234 2.8085106382978724 1.8829787234042554 2.904255319148936 2.106382978723404 1.3404255319148937 2.1382978723404253 1.851063829787234 2.872340425531915 3.0  
19 44.0 1.851063829787234 2.8085106382978724 1.8829787234042554 2.904255319148936 2.106382978723404 1.3404255319148937 2.1382978723404253 1.851063829787234 2.872340425531915 3.0  
23 26.818229244160097 1.2340425531914894 1.872340425531915 1.2553191489361701 1.9361702127659575 1.4042553191489362 0.8936170212765957 1.425531914893617 1.2340425531914894 1.9148936170212767 2.0  
6 2.7598790248960103 1.2340425531914894 1.872340425531915 1.2553191489361701 1.9361702127659575 1.4042553191489362 0.8936170212765957 1.425531914893617 1.2340425531914894 1.9148936170212767 2.0  
42 4.002687938264385 1.851063829787234 2.8085106382978724 1.8829787234042554 2.904255319148936 2.106382978723404 1.3404255319148937 2.1382978723404253 1.851063829787234 2.872340425531915 3.0  
34 29.34957409796987 1.851063829787234 2.8085106382978724 1.8829787234042554 2.904255319148936 2.106382978723404 1.3404255319148937 2.1382978723404253 1.851063829787234 2.872340425531915 3.0  
16 12.198458137607075 1.851063829787234 2.8085106382978724 1.8829787234042554 2.904255319148936 2.106382978723404 1.3404255319148937 2.1382978723404253 1.851063829787234 2.872340425531915 3.0  
35 5.38195943399459 1.851063829787234 2.8085106382978724 1.8829787234042554 2.904255319148936 2.106382978723404 1.3404255319148937 2.1382978723404253 1.851063829787234 2.872340425531915 3.0  
46 8.733377659574469 1.2340425531914894 1.872340425531915 1.2553191489361701 1.9361702127659575 1.4042553191489362 0.8936170212765957 1.425531914893617 1.2340425531914894 1.9148936170212767 2.0  
5 15.16368118878757 1.851063829787234 2.8085106382978724 1.8829787234042554 2.904255319148936 2.106382978723404 1.3404255319148937 2.1382978723404253 1.851063829787234 2.872340425531915 3.0  
38 7.781525115761092 1.2340425531914894 1.872340425531915 1.2553191489361701 1.9361702127659575 1.4042553191489362 0.8936170212765957 1.425531914893617 1.2340425531914894 1.9148936170212767 2.0  
33 26.838217911277987 1.2340425531914894 1.872340425531915 1.2553191489361701 1.9361702127659575 1.4042553191489362 0.8936170212765957 1.425531914893617 1.2340425531914894 1.9148936170212767 2.0  
39 12.514515561807636 1.851063829787234 2.8085106382978724 1.8829787234042554 2.904255319148936 2.106382978723404 1.3404255319148937 2.1382978723404253 1.851063829787234 2.872340425531915 3.0  
37 69.0 1.851063829787234 2.8085106382978724 1.8829787234042554 2.904255319148936 2.106382978723404 1.3404255319148937 2.1382978723404253 1.851063829787234 2.872340425531915 3.0  
20 12.726366713557237 1.2340425531914894 1.872340425531915 1.2553191489361701 1.9361702127659575 1.4042553191489362 0.8936170212765957 1.425531914893617 1.2340425531914894 1.9148936170212767 2.0  
9 4.3125768321513 1.851063829787234 2.8085106382978724 1.8829787234042554 2.904255319148936 2.106382978723404 1.3404255319148937 2.1382978723404253 1.851063829787234 2.872340425531915 3.0  
28 1.1143522513735282 1.851063829787234 2.8085106382978724 1.8829787234042554 2.904255319148936 2.106382978723404 1.3404255319148937 2.1382978723404253 1.851063829787234 2.872340425531915 3.0  
17 4.847673863981113 1.2340425531914894 1.872340425531915 1.2553191489361701 1.9361702127659575 1.4042553191489362 0.8936170212765957 1.425531914893617 1.2340425531914894 1.9148936170212767 2.0  
7 10.250719512391242 1.851063829787234 2.8085106382978724 1.8829787234042554 2.904255319148936 2.106382978723404 1.3404255319148937 2.1382978723404253 1.851063829787234 2.872340425531915 3.0  
21 15.084560588151014 1.2340425531914894 1.872340425531915 1.2553191489361701 1.9361702127659575 1.4042553191489362 0.8936170212765957 1.425531914893617 1.2340425531914894 1.9148936170212767 2.0  
8 96.0 1.851063829787234 2.8085106382978724 1.8829787234042554 2.904255319148936 2.106382978723404 1.3404255319148937 2.1382978723404253 1.851063829787234 2.872340425531915 3.0  
22 26.34961046636578 1.851063829787234 2.8085106382978724 1.8829787234042554 2.904255319148936 2.106382978723404 1.3404255319148937 2.1382978723404253 1.851063829787234 2.872340425531915 3.0  
44 14.714833860137453 1.851063829787234 2.8085106382978724 1.8829787234042554 2.904255319148936 2.106382978723404 1.3404255319148937 2.1382978723404253 1.851063829787234 2.872340425531915 3.0  
32 12.205951989650366 1.851063829787234 2.8085106382978724 1.8829787234042554 2.904255319148936 2.106382978723404 1.3404255319148937 2.1382978723404253 1.851063829787234 2.872340425531915 3.0  
11 6.867332242225857 1.2340425531914894 1.872340425531915 1.2553191489361701 1.9361702127659575 1.4042553191489362 0.8936170212765957 1.425531914893617 1.2340425531914894 1.9148936170212767 2.0  
