70 40
TREE NETWORK (nID nID Weight):
1 0 44.0 
16 0 40.0 
40 0 32.0 
41 40 38.0 
64 0 34.0 
2 1 42.0 
17 16 43.0 
7 1 58.0 
51 40 35.0 
42 41 44.0 
11 1 32.0 
22 16 57.0 
58 40 47.0 
52 51 36.0 
23 22 36.0 
3 2 40.0 
43 42 42.0 
13 1 48.0 
28 16 38.0 
30 16 36.0 
53 52 43.0 
54 52 55.0 
44 43 50.0 
68 0 40.0 
50 41 53.0 
32 16 56.0 
18 17 51.0 
15 1 53.0 
24 23 35.0 
65 64 58.0 
46 42 41.0 
59 58 54.0 
57 51 38.0 
55 54 33.0 
19 18 46.0 
33 32 30.0 
34 33 42.0 
20 19 46.0 
47 42 52.0 
56 52 49.0 
27 23 30.0 
14 13 49.0 
8 7 40.0 
69 68 47.0 
66 64 38.0 
12 11 32.0 
4 2 51.0 
60 58 46.0 
62 40 34.0 
5 2 50.0 
35 34 57.0 
38 33 38.0 
63 62 50.0 
61 58 50.0 
21 18 41.0 
29 28 51.0 
25 24 42.0 
26 25 46.0 
49 42 48.0 
36 34 43.0 
9 8 43.0 
45 44 52.0 
37 34 42.0 
31 30 41.0 
67 66 37.0 
10 8 34.0 
6 2 31.0 
48 47 38.0 
39 33 57.0 
PROGRAMS ASSIGNED TO NODES (nID pID1 pID2 ...):
0 1 2 3 4 5 6 7 8 9 10 11 12 13 14 15 16 17 18 19 20 21 22 23 24 25 26 27 28 29 30 31 32 33 34 35 36 37 38 39 40  
11 3 7 9 10 11 13 15 16 18 19 20 22 23 24 25 26 27 28 30 31 32 33 34 36 38 39  
67  
22 2 6 8 9 11 12 13 15 17 19 24 26 28 29 30 32 36 37 40  
6 7 8 12 16 17 20 22 23 25 28 40  
46 1 4 5 8 9 12 13 14 15 16 18 19 21 22 23 24 25 26 30 31 32 33 36 38 40  
42 1 3 8 11 12 13 17 18 20 21 22 23 24 25 28 30 31 32 35 37 39  
55 9 12 14 16 17 22 24 26 28 29 32 33 35 37 38  
20 3 4 5 7 8 9 13 15 18 19 21 23 24 25 26 30 31 32 34 35 37 38 39 40  
65 1 2 3 6 8 11 12 15 16 17 18 19 21 24 25 26 27 28 29 30 34 35 36 37 38 39 40  
49 1 2 3 6 7 8 10 12 13 14 16 17 18 19 20 22 26 28 29 33 34 36 37 38 39  
29 3 4 5 6 7 8 9 10 11 12 13 14 15 16 17 18 19 20 21 22 25 27 28 29 30 31 32 33 34 35 36 37 38 39 40  
57 2 10 11 12 13 14 22 25 27 35 38 39  
10 1 2 3 5 6 7 8 9 10 12 13 14 16 21 23 24 25 26 27 28 29 30 31 32 33 34 35 36 37  
23 1 2 3 5 6 8 9 13 16 17 18 19 20 22 23 24 25 27 28 30 31 32 33 34 35 36 37 38 39 40  
41 3 4 6 7 10 11 12 14 15 17 20 23 24 25 26 29 30 31 33 34 35 36 37 39  
4 1 3 4 5 6 10 11 12 15 17 20 27 28 29 30 33 34 35 39  
43 1 2 3 4 5 6 7 8 9 12 13 14 15 16 17 18 19 20 21 22 23 26 27 28 29 31 32 33 34 35 36 37 38 39 40  
28 32 39  
3 1 2 4 5 6 12 15 17 18 22 26 27 28 29 31 35 37 40  
5 2 4 5 6 7 8 9 10 11 12 13 15 17 18 19 20 22 25 26 27 28 31 32 33 34 36 37 38 39 40  
64 1 2 4 7 8 12 15 16 18 22 23 24 26 32 34 35 39 40  
61 3 12 13 16 18 22 23 24 30  
9 1 2 4 7 9 10 11 12 14 16 17 19 20 21 22 24 25 26 28 29 30 31 32 33 34 35 36 38 39  
19 1 4 5 6 7 8 9 10 12 13 14 15 16 17 19 20 21 22 23 24 25 26 27 29 30 31 32 33 34 35 36 38 39  
48 4 14 15 18 20 22 23 26 31 33 40  
66 7 9 10 15 19 21 24 26 32 33 34  
7 1 2 3 4 5 6 7 8 9 11 12 13 14 15 17 18 20 21 23 24 25 26 28 29 30 32 34 35 36 38 39 40  
69 18 20 22 25 29  
60 1 2 4 5 7 8 10 11 12 14 15 16 17 18 20 22 23 24 25 26 27 29 30 33 35 36 37 38 39  
14 1 2 3 4 5 6 7 8 9 10 11 12 13 14 15 16 17 18 19 20 22 23 24 25 26 27 28 29 30 31 32 33 34 35 36 37 38 39 40  
68 1 2 3 4 5 6 7 8 9 10 12 14 15 16 17 19 20 21 22 23 24 25 28 29 30 33 34 35 36 37 38 39 40  
8 1 2 3 4 5 6 7 8 9 11 12 13 14 15 16 17 18 19 20 21 22 23 25 27 28 29 30 31 33 35 36 37 38 39 40  
18 3 15 26 30 31 36  
39 8 18 19 30 32  
45 1 2 3 4 5 6 16 17 18 20 22 23 25 26 28 30 32 33 34 35 36 37 39  
31 1 2 6 22 24 25 27 32 34 38  
32 1 2 4 5 6 7 9 11 12 13 14 16 17 18 19 20 22 23 24 25 26 27 28 29 30 31 32 33 34 35 36 38 39 40  
16 1 2 3 4 5 6 7 8 9 10 11 12 13 14 15 16 17 18 20 21 22 23 24 25 26 27 28 29 30 32 33 34 36 37 38 39 40  
38 1 3 7 8 9 10 11 12 16 17 18 19 20 21 22 25 27 32 33 34 35 37 38 40  
59 4 5 6 8 11 12 16 20 26 27 28 29 30 32 33 36 37 40  
58 1 2 3 7 11 15 21 25 26 28 29 32 33 36 39  
47 1 3 4 6 7 8 9 10 11 13 14 15 16 17 18 19 20 21 22 23 24 25 27 28 29 30 31 32 33 34 35 36 37 38 39 40  
21 1 3 6 7 8 9 14 15 17 18 20 21 23 24 28 29 34 35 36 38 39  
15 3 4 6 7 9 11 16 18 19 22 23 24 25 27 28 29 30 31 32 33 35 37 39 40  
51 4 12 13 16 17 20 27 28 31 37 39  
27 1 2 3 4 5 6 7 8 9 10 11 12 13 14 15 16 17 19 20 21 22 23 24 25 26 27 28 29 30 33 34 35 36 37 38 39 40  
12 1 7 31 39 40  
30 22 29 36  
44 2 4 5 8 9 10 11 13 14 15 17 18 19 20 21 23 25 26 27 28 29 30 32 33 36 37 38 39 40  
33 1 2 3 4 5 6 7 8 9 11 12 13 14 15 16 17 18 19 20 21 22 23 24 25 26 27 28 29 30 31 32 33 34 36 37 39  
62 2 3 8 11 33 39  
40 8 9 10 12 16 19 21 26 31 32 33 34 35 36 37  
37 1 2 3 5 6 7 8 10 12 13 14 15 16 19 20 21 22 24 26 28 30 31 32 33 34 35 36 37 39 40  
63 3 4 5 6 7 8 9 10 13 15 17 18 21 22 23 24 25 28 30 31 36 37 40  
26 2 3 4 5 21 22 26  
52 1 3 4 6 7 10 16 17 18 19 20 21 23 24 27 30 31 37 38 40  
50 3 4 6 8 10 13 16 18 19 21 27 28 40  
56 1 4 5 6 7 9 10 12 14 16 20 21 22 25 28 29 32 33 37 39  
53 1 2 3 4 5 6 7 8 9 10 11 12 13 14 15 16 17 18 19 20 21 22 23 24 25 26 27 28 29 31 32 33 34 35 36 37 38 39 40  
36 5 12 21 33  
17 22  
1 3 15 22 40  
54 6 13 14 19 20 21 23 29 34  
35 2 6 12 14 15 24 29 30 40  
24  
2 1 5 9 12 15 21 22 26 28 32 33 34 36 37  
25 1 2 4 21 27 28 40  
13 2 4 5 10 12 13 16 17 21 22 24 25 26 28 29 30 31 32 34 35 36 38  
34 3 4 5 6 8 9 10 13 14 15 17 18 22 23 24 25 27 28 30 31 32 33 34 36 37 38 39 40  
SIZE OF PROGRAMS (pID SIZE):
1 96.0 
2 73.0 
3 97.0 
4 82.0 
5 79.0 
6 78.0 
7 44.0 
8 59.0 
9 85.0 
10 79.0 
11 51.0 
12 53.0 
13 55.0 
14 50.0 
15 46.0 
16 49.0 
17 72.0 
18 40.0 
19 43.0 
20 53.0 
21 49.0 
22 97.0 
23 81.0 
24 84.0 
25 59.0 
26 78.0 
27 58.0 
28 49.0 
29 48.0 
30 92.0 
31 49.0 
32 46.0 
33 54.0 
34 86.0 
35 96.0 
36 72.0 
37 44.0 
38 97.0 
39 58.0 
40 91.0 
COST_INSTALL_SERVER_AND_PROGRAMS :
0 6509.278350515465 1.9793814432989691 1.5051546391752577 2.0 1.690721649484536 1.6288659793814433 1.6082474226804124 0.9072164948453608 1.2164948453608246 1.7525773195876289 1.6288659793814433 1.0515463917525774 1.092783505154639 1.134020618556701 1.0309278350515463 0.9484536082474226 1.0103092783505154 1.4845360824742269 0.8247422680412371 0.8865979381443299 1.092783505154639 1.0103092783505154 2.0 1.6701030927835052 1.731958762886598 1.2164948453608246 1.6082474226804124 1.1958762886597938 1.0103092783505154 0.9896907216494846 1.8969072164948453 1.0103092783505154 0.9484536082474226 1.1134020618556701 1.7731958762886597 1.9793814432989691 1.4845360824742269 0.9072164948453608 2.0 1.1958762886597938 1.8762886597938144  
11 28.07604314788481 2.9690721649484537 2.2577319587628866 3.0 2.536082474226804 2.443298969072165 2.4123711340206184 1.3608247422680413 1.824742268041237 2.6288659793814433 2.443298969072165 1.577319587628866 1.6391752577319587 1.7010309278350515 1.5463917525773196 1.422680412371134 1.5154639175257731 2.2268041237113403 1.2371134020618557 1.3298969072164948 1.6391752577319587 1.5154639175257731 3.0 2.5051546391752577 2.597938144329897 1.824742268041237 2.4123711340206184 1.7938144329896908 1.5154639175257731 1.4845360824742269 2.845360824742268 1.5154639175257731 1.422680412371134 1.6701030927835052 2.6597938144329896 2.9690721649484537 2.2268041237113403 1.3608247422680413 3.0 1.7938144329896908 2.814432989690722  
67 75.0 1.9793814432989691 1.5051546391752577 2.0 1.690721649484536 1.6288659793814433 1.6082474226804124 0.9072164948453608 1.2164948453608246 1.7525773195876289 1.6288659793814433 1.0515463917525774 1.092783505154639 1.134020618556701 1.0309278350515463 0.9484536082474226 1.0103092783505154 1.4845360824742269 0.8247422680412371 0.8865979381443299 1.092783505154639 1.0103092783505154 2.0 1.6701030927835052 1.731958762886598 1.2164948453608246 1.6082474226804124 1.1958762886597938 1.0103092783505154 0.9896907216494846 1.8969072164948453 1.0103092783505154 0.9484536082474226 1.1134020618556701 1.7731958762886597 1.9793814432989691 1.4845360824742269 0.9072164948453608 2.0 1.1958762886597938 1.8762886597938144  
22 21.86198695128568 1.9793814432989691 1.5051546391752577 2.0 1.690721649484536 1.6288659793814433 1.6082474226804124 0.9072164948453608 1.2164948453608246 1.7525773195876289 1.6288659793814433 1.0515463917525774 1.092783505154639 1.134020618556701 1.0309278350515463 0.9484536082474226 1.0103092783505154 1.4845360824742269 0.8247422680412371 0.8865979381443299 1.092783505154639 1.0103092783505154 2.0 1.6701030927835052 1.731958762886598 1.2164948453608246 1.6082474226804124 1.1958762886597938 1.0103092783505154 0.9896907216494846 1.8969072164948453 1.0103092783505154 0.9484536082474226 1.1134020618556701 1.7731958762886597 1.9793814432989691 1.4845360824742269 0.9072164948453608 2.0 1.1958762886597938 1.8762886597938144  
6 24.253424291132145 2.9690721649484537 2.2577319587628866 3.0 2.536082474226804 2.443298969072165 2.4123711340206184 1.3608247422680413 1.824742268041237 2.6288659793814433 2.443298969072165 1.577319587628866 1.6391752577319587 1.7010309278350515 1.5463917525773196 1.422680412371134 1.5154639175257731 2.2268041237113403 1.2371134020618557 1.3298969072164948 1.6391752577319587 1.5154639175257731 3.0 2.5051546391752577 2.597938144329897 1.824742268041237 2.4123711340206184 1.7938144329896908 1.5154639175257731 1.4845360824742269 2.845360824742268 1.5154639175257731 1.422680412371134 1.6701030927835052 2.6597938144329896 2.9690721649484537 2.2268041237113403 1.3608247422680413 3.0 1.7938144329896908 2.814432989690722  
46 128.17793109167744 2.9690721649484537 2.2577319587628866 3.0 2.536082474226804 2.443298969072165 2.4123711340206184 1.3608247422680413 1.824742268041237 2.6288659793814433 2.443298969072165 1.577319587628866 1.6391752577319587 1.7010309278350515 1.5463917525773196 1.422680412371134 1.5154639175257731 2.2268041237113403 1.2371134020618557 1.3298969072164948 1.6391752577319587 1.5154639175257731 3.0 2.5051546391752577 2.597938144329897 1.824742268041237 2.4123711340206184 1.7938144329896908 1.5154639175257731 1.4845360824742269 2.845360824742268 1.5154639175257731 1.422680412371134 1.6701030927835052 2.6597938144329896 2.9690721649484537 2.2268041237113403 1.3608247422680413 3.0 1.7938144329896908 2.814432989690722  
42 183.95117517832801 1.9793814432989691 1.5051546391752577 2.0 1.690721649484536 1.6288659793814433 1.6082474226804124 0.9072164948453608 1.2164948453608246 1.7525773195876289 1.6288659793814433 1.0515463917525774 1.092783505154639 1.134020618556701 1.0309278350515463 0.9484536082474226 1.0103092783505154 1.4845360824742269 0.8247422680412371 0.8865979381443299 1.092783505154639 1.0103092783505154 2.0 1.6701030927835052 1.731958762886598 1.2164948453608246 1.6082474226804124 1.1958762886597938 1.0103092783505154 0.9896907216494846 1.8969072164948453 1.0103092783505154 0.9484536082474226 1.1134020618556701 1.7731958762886597 1.9793814432989691 1.4845360824742269 0.9072164948453608 2.0 1.1958762886597938 1.8762886597938144  
55 63.6330360211095 1.9793814432989691 1.5051546391752577 2.0 1.690721649484536 1.6288659793814433 1.6082474226804124 0.9072164948453608 1.2164948453608246 1.7525773195876289 1.6288659793814433 1.0515463917525774 1.092783505154639 1.134020618556701 1.0309278350515463 0.9484536082474226 1.0103092783505154 1.4845360824742269 0.8247422680412371 0.8865979381443299 1.092783505154639 1.0103092783505154 2.0 1.6701030927835052 1.731958762886598 1.2164948453608246 1.6082474226804124 1.1958762886597938 1.0103092783505154 0.9896907216494846 1.8969072164948453 1.0103092783505154 0.9484536082474226 1.1134020618556701 1.7731958762886597 1.9793814432989691 1.4845360824742269 0.9072164948453608 2.0 1.1958762886597938 1.8762886597938144  
20 81.76503950162932 2.9690721649484537 2.2577319587628866 3.0 2.536082474226804 2.443298969072165 2.4123711340206184 1.3608247422680413 1.824742268041237 2.6288659793814433 2.443298969072165 1.577319587628866 1.6391752577319587 1.7010309278350515 1.5463917525773196 1.422680412371134 1.5154639175257731 2.2268041237113403 1.2371134020618557 1.3298969072164948 1.6391752577319587 1.5154639175257731 3.0 2.5051546391752577 2.597938144329897 1.824742268041237 2.4123711340206184 1.7938144329896908 1.5154639175257731 1.4845360824742269 2.845360824742268 1.5154639175257731 1.422680412371134 1.6701030927835052 2.6597938144329896 2.9690721649484537 2.2268041237113403 1.3608247422680413 3.0 1.7938144329896908 2.814432989690722  
65 36.14417336077695 2.9690721649484537 2.2577319587628866 3.0 2.536082474226804 2.443298969072165 2.4123711340206184 1.3608247422680413 1.824742268041237 2.6288659793814433 2.443298969072165 1.577319587628866 1.6391752577319587 1.7010309278350515 1.5463917525773196 1.422680412371134 1.5154639175257731 2.2268041237113403 1.2371134020618557 1.3298969072164948 1.6391752577319587 1.5154639175257731 3.0 2.5051546391752577 2.597938144329897 1.824742268041237 2.4123711340206184 1.7938144329896908 1.5154639175257731 1.4845360824742269 2.845360824742268 1.5154639175257731 1.422680412371134 1.6701030927835052 2.6597938144329896 2.9690721649484537 2.2268041237113403 1.3608247422680413 3.0 1.7938144329896908 2.814432989690722  
49 95.58667986471836 2.9690721649484537 2.2577319587628866 3.0 2.536082474226804 2.443298969072165 2.4123711340206184 1.3608247422680413 1.824742268041237 2.6288659793814433 2.443298969072165 1.577319587628866 1.6391752577319587 1.7010309278350515 1.5463917525773196 1.422680412371134 1.5154639175257731 2.2268041237113403 1.2371134020618557 1.3298969072164948 1.6391752577319587 1.5154639175257731 3.0 2.5051546391752577 2.597938144329897 1.824742268041237 2.4123711340206184 1.7938144329896908 1.5154639175257731 1.4845360824742269 2.845360824742268 1.5154639175257731 1.422680412371134 1.6701030927835052 2.6597938144329896 2.9690721649484537 2.2268041237113403 1.3608247422680413 3.0 1.7938144329896908 2.814432989690722  
29 87.79353636854746 1.9793814432989691 1.5051546391752577 2.0 1.690721649484536 1.6288659793814433 1.6082474226804124 0.9072164948453608 1.2164948453608246 1.7525773195876289 1.6288659793814433 1.0515463917525774 1.092783505154639 1.134020618556701 1.0309278350515463 0.9484536082474226 1.0103092783505154 1.4845360824742269 0.8247422680412371 0.8865979381443299 1.092783505154639 1.0103092783505154 2.0 1.6701030927835052 1.731958762886598 1.2164948453608246 1.6082474226804124 1.1958762886597938 1.0103092783505154 0.9896907216494846 1.8969072164948453 1.0103092783505154 0.9484536082474226 1.1134020618556701 1.7731958762886597 1.9793814432989691 1.4845360824742269 0.9072164948453608 2.0 1.1958762886597938 1.8762886597938144  
57 49.539163831962945 1.9793814432989691 1.5051546391752577 2.0 1.690721649484536 1.6288659793814433 1.6082474226804124 0.9072164948453608 1.2164948453608246 1.7525773195876289 1.6288659793814433 1.0515463917525774 1.092783505154639 1.134020618556701 1.0309278350515463 0.9484536082474226 1.0103092783505154 1.4845360824742269 0.8247422680412371 0.8865979381443299 1.092783505154639 1.0103092783505154 2.0 1.6701030927835052 1.731958762886598 1.2164948453608246 1.6082474226804124 1.1958762886597938 1.0103092783505154 0.9896907216494846 1.8969072164948453 1.0103092783505154 0.9484536082474226 1.1134020618556701 1.7731958762886597 1.9793814432989691 1.4845360824742269 0.9072164948453608 2.0 1.1958762886597938 1.8762886597938144  
10 94.4724337950932 2.9690721649484537 2.2577319587628866 3.0 2.536082474226804 2.443298969072165 2.4123711340206184 1.3608247422680413 1.824742268041237 2.6288659793814433 2.443298969072165 1.577319587628866 1.6391752577319587 1.7010309278350515 1.5463917525773196 1.422680412371134 1.5154639175257731 2.2268041237113403 1.2371134020618557 1.3298969072164948 1.6391752577319587 1.5154639175257731 3.0 2.5051546391752577 2.597938144329897 1.824742268041237 2.4123711340206184 1.7938144329896908 1.5154639175257731 1.4845360824742269 2.845360824742268 1.5154639175257731 1.422680412371134 1.6701030927835052 2.6597938144329896 2.9690721649484537 2.2268041237113403 1.3608247422680413 3.0 1.7938144329896908 2.814432989690722  
23 100.89579097353634 2.9690721649484537 2.2577319587628866 3.0 2.536082474226804 2.443298969072165 2.4123711340206184 1.3608247422680413 1.824742268041237 2.6288659793814433 2.443298969072165 1.577319587628866 1.6391752577319587 1.7010309278350515 1.5463917525773196 1.422680412371134 1.5154639175257731 2.2268041237113403 1.2371134020618557 1.3298969072164948 1.6391752577319587 1.5154639175257731 3.0 2.5051546391752577 2.597938144329897 1.824742268041237 2.4123711340206184 1.7938144329896908 1.5154639175257731 1.4845360824742269 2.845360824742268 1.5154639175257731 1.422680412371134 1.6701030927835052 2.6597938144329896 2.9690721649484537 2.2268041237113403 1.3608247422680413 3.0 1.7938144329896908 2.814432989690722  
41 75.1694486719691 2.9690721649484537 2.2577319587628866 3.0 2.536082474226804 2.443298969072165 2.4123711340206184 1.3608247422680413 1.824742268041237 2.6288659793814433 2.443298969072165 1.577319587628866 1.6391752577319587 1.7010309278350515 1.5463917525773196 1.422680412371134 1.5154639175257731 2.2268041237113403 1.2371134020618557 1.3298969072164948 1.6391752577319587 1.5154639175257731 3.0 2.5051546391752577 2.597938144329897 1.824742268041237 2.4123711340206184 1.7938144329896908 1.5154639175257731 1.4845360824742269 2.845360824742268 1.5154639175257731 1.422680412371134 1.6701030927835052 2.6597938144329896 2.9690721649484537 2.2268041237113403 1.3608247422680413 3.0 1.7938144329896908 2.814432989690722  
4 35.04952480054811 2.9690721649484537 2.2577319587628866 3.0 2.536082474226804 2.443298969072165 2.4123711340206184 1.3608247422680413 1.824742268041237 2.6288659793814433 2.443298969072165 1.577319587628866 1.6391752577319587 1.7010309278350515 1.5463917525773196 1.422680412371134 1.5154639175257731 2.2268041237113403 1.2371134020618557 1.3298969072164948 1.6391752577319587 1.5154639175257731 3.0 2.5051546391752577 2.597938144329897 1.824742268041237 2.4123711340206184 1.7938144329896908 1.5154639175257731 1.4845360824742269 2.845360824742268 1.5154639175257731 1.422680412371134 1.6701030927835052 2.6597938144329896 2.9690721649484537 2.2268041237113403 1.3608247422680413 3.0 1.7938144329896908 2.814432989690722  
43 71.01609580564576 2.9690721649484537 2.2577319587628866 3.0 2.536082474226804 2.443298969072165 2.4123711340206184 1.3608247422680413 1.824742268041237 2.6288659793814433 2.443298969072165 1.577319587628866 1.6391752577319587 1.7010309278350515 1.5463917525773196 1.422680412371134 1.5154639175257731 2.2268041237113403 1.2371134020618557 1.3298969072164948 1.6391752577319587 1.5154639175257731 3.0 2.5051546391752577 2.597938144329897 1.824742268041237 2.4123711340206184 1.7938144329896908 1.5154639175257731 1.4845360824742269 2.845360824742268 1.5154639175257731 1.422680412371134 1.6701030927835052 2.6597938144329896 2.9690721649484537 2.2268041237113403 1.3608247422680413 3.0 1.7938144329896908 2.814432989690722  
28 50.94043678784588 2.9690721649484537 2.2577319587628866 3.0 2.536082474226804 2.443298969072165 2.4123711340206184 1.3608247422680413 1.824742268041237 2.6288659793814433 2.443298969072165 1.577319587628866 1.6391752577319587 1.7010309278350515 1.5463917525773196 1.422680412371134 1.5154639175257731 2.2268041237113403 1.2371134020618557 1.3298969072164948 1.6391752577319587 1.5154639175257731 3.0 2.5051546391752577 2.597938144329897 1.824742268041237 2.4123711340206184 1.7938144329896908 1.5154639175257731 1.4845360824742269 2.845360824742268 1.5154639175257731 1.422680412371134 1.6701030927835052 2.6597938144329896 2.9690721649484537 2.2268041237113403 1.3608247422680413 3.0 1.7938144329896908 2.814432989690722  
3 41.240110239281385 2.9690721649484537 2.2577319587628866 3.0 2.536082474226804 2.443298969072165 2.4123711340206184 1.3608247422680413 1.824742268041237 2.6288659793814433 2.443298969072165 1.577319587628866 1.6391752577319587 1.7010309278350515 1.5463917525773196 1.422680412371134 1.5154639175257731 2.2268041237113403 1.2371134020618557 1.3298969072164948 1.6391752577319587 1.5154639175257731 3.0 2.5051546391752577 2.597938144329897 1.824742268041237 2.4123711340206184 1.7938144329896908 1.5154639175257731 1.4845360824742269 2.845360824742268 1.5154639175257731 1.422680412371134 1.6701030927835052 2.6597938144329896 2.9690721649484537 2.2268041237113403 1.3608247422680413 3.0 1.7938144329896908 2.814432989690722  
5 36.13620385046722 2.9690721649484537 2.2577319587628866 3.0 2.536082474226804 2.443298969072165 2.4123711340206184 1.3608247422680413 1.824742268041237 2.6288659793814433 2.443298969072165 1.577319587628866 1.6391752577319587 1.7010309278350515 1.5463917525773196 1.422680412371134 1.5154639175257731 2.2268041237113403 1.2371134020618557 1.3298969072164948 1.6391752577319587 1.5154639175257731 3.0 2.5051546391752577 2.597938144329897 1.824742268041237 2.4123711340206184 1.7938144329896908 1.5154639175257731 1.4845360824742269 2.845360824742268 1.5154639175257731 1.422680412371134 1.6701030927835052 2.6597938144329896 2.9690721649484537 2.2268041237113403 1.3608247422680413 3.0 1.7938144329896908 2.814432989690722  
64 11.0 2.9690721649484537 2.2577319587628866 3.0 2.536082474226804 2.443298969072165 2.4123711340206184 1.3608247422680413 1.824742268041237 2.6288659793814433 2.443298969072165 1.577319587628866 1.6391752577319587 1.7010309278350515 1.5463917525773196 1.422680412371134 1.5154639175257731 2.2268041237113403 1.2371134020618557 1.3298969072164948 1.6391752577319587 1.5154639175257731 3.0 2.5051546391752577 2.597938144329897 1.824742268041237 2.4123711340206184 1.7938144329896908 1.5154639175257731 1.4845360824742269 2.845360824742268 1.5154639175257731 1.422680412371134 1.6701030927835052 2.6597938144329896 2.9690721649484537 2.2268041237113403 1.3608247422680413 3.0 1.7938144329896908 2.814432989690722  
61 33.63640930028515 1.9793814432989691 1.5051546391752577 2.0 1.690721649484536 1.6288659793814433 1.6082474226804124 0.9072164948453608 1.2164948453608246 1.7525773195876289 1.6288659793814433 1.0515463917525774 1.092783505154639 1.134020618556701 1.0309278350515463 0.9484536082474226 1.0103092783505154 1.4845360824742269 0.8247422680412371 0.8865979381443299 1.092783505154639 1.0103092783505154 2.0 1.6701030927835052 1.731958762886598 1.2164948453608246 1.6082474226804124 1.1958762886597938 1.0103092783505154 0.9896907216494846 1.8969072164948453 1.0103092783505154 0.9484536082474226 1.1134020618556701 1.7731958762886597 1.9793814432989691 1.4845360824742269 0.9072164948453608 2.0 1.1958762886597938 1.8762886597938144  
9 140.1876135038995 1.9793814432989691 1.5051546391752577 2.0 1.690721649484536 1.6288659793814433 1.6082474226804124 0.9072164948453608 1.2164948453608246 1.7525773195876289 1.6288659793814433 1.0515463917525774 1.092783505154639 1.134020618556701 1.0309278350515463 0.9484536082474226 1.0103092783505154 1.4845360824742269 0.8247422680412371 0.8865979381443299 1.092783505154639 1.0103092783505154 2.0 1.6701030927835052 1.731958762886598 1.2164948453608246 1.6082474226804124 1.1958762886597938 1.0103092783505154 0.9896907216494846 1.8969072164948453 1.0103092783505154 0.9484536082474226 1.1134020618556701 1.7731958762886597 1.9793814432989691 1.4845360824742269 0.9072164948453608 2.0 1.1958762886597938 1.8762886597938144  
19 98.0097141659173 2.9690721649484537 2.2577319587628866 3.0 2.536082474226804 2.443298969072165 2.4123711340206184 1.3608247422680413 1.824742268041237 2.6288659793814433 2.443298969072165 1.577319587628866 1.6391752577319587 1.7010309278350515 1.5463917525773196 1.422680412371134 1.5154639175257731 2.2268041237113403 1.2371134020618557 1.3298969072164948 1.6391752577319587 1.5154639175257731 3.0 2.5051546391752577 2.597938144329897 1.824742268041237 2.4123711340206184 1.7938144329896908 1.5154639175257731 1.4845360824742269 2.845360824742268 1.5154639175257731 1.422680412371134 1.6701030927835052 2.6597938144329896 2.9690721649484537 2.2268041237113403 1.3608247422680413 3.0 1.7938144329896908 2.814432989690722  
48 83.25820041410705 2.9690721649484537 2.2577319587628866 3.0 2.536082474226804 2.443298969072165 2.4123711340206184 1.3608247422680413 1.824742268041237 2.6288659793814433 2.443298969072165 1.577319587628866 1.6391752577319587 1.7010309278350515 1.5463917525773196 1.422680412371134 1.5154639175257731 2.2268041237113403 1.2371134020618557 1.3298969072164948 1.6391752577319587 1.5154639175257731 3.0 2.5051546391752577 2.597938144329897 1.824742268041237 2.4123711340206184 1.7938144329896908 1.5154639175257731 1.4845360824742269 2.845360824742268 1.5154639175257731 1.422680412371134 1.6701030927835052 2.6597938144329896 2.9690721649484537 2.2268041237113403 1.3608247422680413 3.0 1.7938144329896908 2.814432989690722  
66 13.40110433755705 1.9793814432989691 1.5051546391752577 2.0 1.690721649484536 1.6288659793814433 1.6082474226804124 0.9072164948453608 1.2164948453608246 1.7525773195876289 1.6288659793814433 1.0515463917525774 1.092783505154639 1.134020618556701 1.0309278350515463 0.9484536082474226 1.0103092783505154 1.4845360824742269 0.8247422680412371 0.8865979381443299 1.092783505154639 1.0103092783505154 2.0 1.6701030927835052 1.731958762886598 1.2164948453608246 1.6082474226804124 1.1958762886597938 1.0103092783505154 0.9896907216494846 1.8969072164948453 1.0103092783505154 0.9484536082474226 1.1134020618556701 1.7731958762886597 1.9793814432989691 1.4845360824742269 0.9072164948453608 2.0 1.1958762886597938 1.8762886597938144  
7 26.860575267033088 1.9793814432989691 1.5051546391752577 2.0 1.690721649484536 1.6288659793814433 1.6082474226804124 0.9072164948453608 1.2164948453608246 1.7525773195876289 1.6288659793814433 1.0515463917525774 1.092783505154639 1.134020618556701 1.0309278350515463 0.9484536082474226 1.0103092783505154 1.4845360824742269 0.8247422680412371 0.8865979381443299 1.092783505154639 1.0103092783505154 2.0 1.6701030927835052 1.731958762886598 1.2164948453608246 1.6082474226804124 1.1958762886597938 1.0103092783505154 0.9896907216494846 1.8969072164948453 1.0103092783505154 0.9484536082474226 1.1134020618556701 1.7731958762886597 1.9793814432989691 1.4845360824742269 0.9072164948453608 2.0 1.1958762886597938 1.8762886597938144  
69 2.2861312787892074 1.9793814432989691 1.5051546391752577 2.0 1.690721649484536 1.6288659793814433 1.6082474226804124 0.9072164948453608 1.2164948453608246 1.7525773195876289 1.6288659793814433 1.0515463917525774 1.092783505154639 1.134020618556701 1.0309278350515463 0.9484536082474226 1.0103092783505154 1.4845360824742269 0.8247422680412371 0.8865979381443299 1.092783505154639 1.0103092783505154 2.0 1.6701030927835052 1.731958762886598 1.2164948453608246 1.6082474226804124 1.1958762886597938 1.0103092783505154 0.9896907216494846 1.8969072164948453 1.0103092783505154 0.9484536082474226 1.1134020618556701 1.7731958762886597 1.9793814432989691 1.4845360824742269 0.9072164948453608 2.0 1.1958762886597938 1.8762886597938144  
60 132.1007901236923 1.9793814432989691 1.5051546391752577 2.0 1.690721649484536 1.6288659793814433 1.6082474226804124 0.9072164948453608 1.2164948453608246 1.7525773195876289 1.6288659793814433 1.0515463917525774 1.092783505154639 1.134020618556701 1.0309278350515463 0.9484536082474226 1.0103092783505154 1.4845360824742269 0.8247422680412371 0.8865979381443299 1.092783505154639 1.0103092783505154 2.0 1.6701030927835052 1.731958762886598 1.2164948453608246 1.6082474226804124 1.1958762886597938 1.0103092783505154 0.9896907216494846 1.8969072164948453 1.0103092783505154 0.9484536082474226 1.1134020618556701 1.7731958762886597 1.9793814432989691 1.4845360824742269 0.9072164948453608 2.0 1.1958762886597938 1.8762886597938144  
14 90.96608617205082 1.9793814432989691 1.5051546391752577 2.0 1.690721649484536 1.6288659793814433 1.6082474226804124 0.9072164948453608 1.2164948453608246 1.7525773195876289 1.6288659793814433 1.0515463917525774 1.092783505154639 1.134020618556701 1.0309278350515463 0.9484536082474226 1.0103092783505154 1.4845360824742269 0.8247422680412371 0.8865979381443299 1.092783505154639 1.0103092783505154 2.0 1.6701030927835052 1.731958762886598 1.2164948453608246 1.6082474226804124 1.1958762886597938 1.0103092783505154 0.9896907216494846 1.8969072164948453 1.0103092783505154 0.9484536082474226 1.1134020618556701 1.7731958762886597 1.9793814432989691 1.4845360824742269 0.9072164948453608 2.0 1.1958762886597938 1.8762886597938144  
68 7.161469072164938 1.9793814432989691 1.5051546391752577 2.0 1.690721649484536 1.6288659793814433 1.6082474226804124 0.9072164948453608 1.2164948453608246 1.7525773195876289 1.6288659793814433 1.0515463917525774 1.092783505154639 1.134020618556701 1.0309278350515463 0.9484536082474226 1.0103092783505154 1.4845360824742269 0.8247422680412371 0.8865979381443299 1.092783505154639 1.0103092783505154 2.0 1.6701030927835052 1.731958762886598 1.2164948453608246 1.6082474226804124 1.1958762886597938 1.0103092783505154 0.9896907216494846 1.8969072164948453 1.0103092783505154 0.9484536082474226 1.1134020618556701 1.7731958762886597 1.9793814432989691 1.4845360824742269 0.9072164948453608 2.0 1.1958762886597938 1.8762886597938144  
8 53.90869830680013 2.9690721649484537 2.2577319587628866 3.0 2.536082474226804 2.443298969072165 2.4123711340206184 1.3608247422680413 1.824742268041237 2.6288659793814433 2.443298969072165 1.577319587628866 1.6391752577319587 1.7010309278350515 1.5463917525773196 1.422680412371134 1.5154639175257731 2.2268041237113403 1.2371134020618557 1.3298969072164948 1.6391752577319587 1.5154639175257731 3.0 2.5051546391752577 2.597938144329897 1.824742268041237 2.4123711340206184 1.7938144329896908 1.5154639175257731 1.4845360824742269 2.845360824742268 1.5154639175257731 1.422680412371134 1.6701030927835052 2.6597938144329896 2.9690721649484537 2.2268041237113403 1.3608247422680413 3.0 1.7938144329896908 2.814432989690722  
18 71.67026908485758 2.9690721649484537 2.2577319587628866 3.0 2.536082474226804 2.443298969072165 2.4123711340206184 1.3608247422680413 1.824742268041237 2.6288659793814433 2.443298969072165 1.577319587628866 1.6391752577319587 1.7010309278350515 1.5463917525773196 1.422680412371134 1.5154639175257731 2.2268041237113403 1.2371134020618557 1.3298969072164948 1.6391752577319587 1.5154639175257731 3.0 2.5051546391752577 2.597938144329897 1.824742268041237 2.4123711340206184 1.7938144329896908 1.5154639175257731 1.4845360824742269 2.845360824742268 1.5154639175257731 1.422680412371134 1.6701030927835052 2.6597938144329896 2.9690721649484537 2.2268041237113403 1.3608247422680413 3.0 1.7938144329896908 2.814432989690722  
39 14.068656176523781 2.9690721649484537 2.2577319587628866 3.0 2.536082474226804 2.443298969072165 2.4123711340206184 1.3608247422680413 1.824742268041237 2.6288659793814433 2.443298969072165 1.577319587628866 1.6391752577319587 1.7010309278350515 1.5463917525773196 1.422680412371134 1.5154639175257731 2.2268041237113403 1.2371134020618557 1.3298969072164948 1.6391752577319587 1.5154639175257731 3.0 2.5051546391752577 2.597938144329897 1.824742268041237 2.4123711340206184 1.7938144329896908 1.5154639175257731 1.4845360824742269 2.845360824742268 1.5154639175257731 1.422680412371134 1.6701030927835052 2.6597938144329896 2.9690721649484537 2.2268041237113403 1.3608247422680413 3.0 1.7938144329896908 2.814432989690722  
45 123.75004731484947 2.9690721649484537 2.2577319587628866 3.0 2.536082474226804 2.443298969072165 2.4123711340206184 1.3608247422680413 1.824742268041237 2.6288659793814433 2.443298969072165 1.577319587628866 1.6391752577319587 1.7010309278350515 1.5463917525773196 1.422680412371134 1.5154639175257731 2.2268041237113403 1.2371134020618557 1.3298969072164948 1.6391752577319587 1.5154639175257731 3.0 2.5051546391752577 2.597938144329897 1.824742268041237 2.4123711340206184 1.7938144329896908 1.5154639175257731 1.4845360824742269 2.845360824742268 1.5154639175257731 1.422680412371134 1.6701030927835052 2.6597938144329896 2.9690721649484537 2.2268041237113403 1.3608247422680413 3.0 1.7938144329896908 2.814432989690722  
31 37.00494171028871 1.9793814432989691 1.5051546391752577 2.0 1.690721649484536 1.6288659793814433 1.6082474226804124 0.9072164948453608 1.2164948453608246 1.7525773195876289 1.6288659793814433 1.0515463917525774 1.092783505154639 1.134020618556701 1.0309278350515463 0.9484536082474226 1.0103092783505154 1.4845360824742269 0.8247422680412371 0.8865979381443299 1.092783505154639 1.0103092783505154 2.0 1.6701030927835052 1.731958762886598 1.2164948453608246 1.6082474226804124 1.1958762886597938 1.0103092783505154 0.9896907216494846 1.8969072164948453 1.0103092783505154 0.9484536082474226 1.1134020618556701 1.7731958762886597 1.9793814432989691 1.4845360824742269 0.9072164948453608 2.0 1.1958762886597938 1.8762886597938144  
32 22.001600632206614 2.9690721649484537 2.2577319587628866 3.0 2.536082474226804 2.443298969072165 2.4123711340206184 1.3608247422680413 1.824742268041237 2.6288659793814433 2.443298969072165 1.577319587628866 1.6391752577319587 1.7010309278350515 1.5463917525773196 1.422680412371134 1.5154639175257731 2.2268041237113403 1.2371134020618557 1.3298969072164948 1.6391752577319587 1.5154639175257731 3.0 2.5051546391752577 2.597938144329897 1.824742268041237 2.4123711340206184 1.7938144329896908 1.5154639175257731 1.4845360824742269 2.845360824742268 1.5154639175257731 1.422680412371134 1.6701030927835052 2.6597938144329896 2.9690721649484537 2.2268041237113403 1.3608247422680413 3.0 1.7938144329896908 2.814432989690722  
16 8.366376665828504 1.9793814432989691 1.5051546391752577 2.0 1.690721649484536 1.6288659793814433 1.6082474226804124 0.9072164948453608 1.2164948453608246 1.7525773195876289 1.6288659793814433 1.0515463917525774 1.092783505154639 1.134020618556701 1.0309278350515463 0.9484536082474226 1.0103092783505154 1.4845360824742269 0.8247422680412371 0.8865979381443299 1.092783505154639 1.0103092783505154 2.0 1.6701030927835052 1.731958762886598 1.2164948453608246 1.6082474226804124 1.1958762886597938 1.0103092783505154 0.9896907216494846 1.8969072164948453 1.0103092783505154 0.9484536082474226 1.1134020618556701 1.7731958762886597 1.9793814432989691 1.4845360824742269 0.9072164948453608 2.0 1.1958762886597938 1.8762886597938144  
38 84.64292576802835 2.9690721649484537 2.2577319587628866 3.0 2.536082474226804 2.443298969072165 2.4123711340206184 1.3608247422680413 1.824742268041237 2.6288659793814433 2.443298969072165 1.577319587628866 1.6391752577319587 1.7010309278350515 1.5463917525773196 1.422680412371134 1.5154639175257731 2.2268041237113403 1.2371134020618557 1.3298969072164948 1.6391752577319587 1.5154639175257731 3.0 2.5051546391752577 2.597938144329897 1.824742268041237 2.4123711340206184 1.7938144329896908 1.5154639175257731 1.4845360824742269 2.845360824742268 1.5154639175257731 1.422680412371134 1.6701030927835052 2.6597938144329896 2.9690721649484537 2.2268041237113403 1.3608247422680413 3.0 1.7938144329896908 2.814432989690722  
59 29.245280162581395 1.9793814432989691 1.5051546391752577 2.0 1.690721649484536 1.6288659793814433 1.6082474226804124 0.9072164948453608 1.2164948453608246 1.7525773195876289 1.6288659793814433 1.0515463917525774 1.092783505154639 1.134020618556701 1.0309278350515463 0.9484536082474226 1.0103092783505154 1.4845360824742269 0.8247422680412371 0.8865979381443299 1.092783505154639 1.0103092783505154 2.0 1.6701030927835052 1.731958762886598 1.2164948453608246 1.6082474226804124 1.1958762886597938 1.0103092783505154 0.9896907216494846 1.8969072164948453 1.0103092783505154 0.9484536082474226 1.1134020618556701 1.7731958762886597 1.9793814432989691 1.4845360824742269 0.9072164948453608 2.0 1.1958762886597938 1.8762886597938144  
58 47.953276615752614 2.9690721649484537 2.2577319587628866 3.0 2.536082474226804 2.443298969072165 2.4123711340206184 1.3608247422680413 1.824742268041237 2.6288659793814433 2.443298969072165 1.577319587628866 1.6391752577319587 1.7010309278350515 1.5463917525773196 1.422680412371134 1.5154639175257731 2.2268041237113403 1.2371134020618557 1.3298969072164948 1.6391752577319587 1.5154639175257731 3.0 2.5051546391752577 2.597938144329897 1.824742268041237 2.4123711340206184 1.7938144329896908 1.5154639175257731 1.4845360824742269 2.845360824742268 1.5154639175257731 1.422680412371134 1.6701030927835052 2.6597938144329896 2.9690721649484537 2.2268041237113403 1.3608247422680413 3.0 1.7938144329896908 2.814432989690722  
47 130.1143827399968 1.9793814432989691 1.5051546391752577 2.0 1.690721649484536 1.6288659793814433 1.6082474226804124 0.9072164948453608 1.2164948453608246 1.7525773195876289 1.6288659793814433 1.0515463917525774 1.092783505154639 1.134020618556701 1.0309278350515463 0.9484536082474226 1.0103092783505154 1.4845360824742269 0.8247422680412371 0.8865979381443299 1.092783505154639 1.0103092783505154 2.0 1.6701030927835052 1.731958762886598 1.2164948453608246 1.6082474226804124 1.1958762886597938 1.0103092783505154 0.9896907216494846 1.8969072164948453 1.0103092783505154 0.9484536082474226 1.1134020618556701 1.7731958762886597 1.9793814432989691 1.4845360824742269 0.9072164948453608 2.0 1.1958762886597938 1.8762886597938144  
21 70.64762796476457 2.9690721649484537 2.2577319587628866 3.0 2.536082474226804 2.443298969072165 2.4123711340206184 1.3608247422680413 1.824742268041237 2.6288659793814433 2.443298969072165 1.577319587628866 1.6391752577319587 1.7010309278350515 1.5463917525773196 1.422680412371134 1.5154639175257731 2.2268041237113403 1.2371134020618557 1.3298969072164948 1.6391752577319587 1.5154639175257731 3.0 2.5051546391752577 2.597938144329897 1.824742268041237 2.4123711340206184 1.7938144329896908 1.5154639175257731 1.4845360824742269 2.845360824742268 1.5154639175257731 1.422680412371134 1.6701030927835052 2.6597938144329896 2.9690721649484537 2.2268041237113403 1.3608247422680413 3.0 1.7938144329896908 2.814432989690722  
15 17.13711738077135 2.9690721649484537 2.2577319587628866 3.0 2.536082474226804 2.443298969072165 2.4123711340206184 1.3608247422680413 1.824742268041237 2.6288659793814433 2.443298969072165 1.577319587628866 1.6391752577319587 1.7010309278350515 1.5463917525773196 1.422680412371134 1.5154639175257731 2.2268041237113403 1.2371134020618557 1.3298969072164948 1.6391752577319587 1.5154639175257731 3.0 2.5051546391752577 2.597938144329897 1.824742268041237 2.4123711340206184 1.7938144329896908 1.5154639175257731 1.4845360824742269 2.845360824742268 1.5154639175257731 1.422680412371134 1.6701030927835052 2.6597938144329896 2.9690721649484537 2.2268041237113403 1.3608247422680413 3.0 1.7938144329896908 2.814432989690722  
51 95.29701821186103 1.9793814432989691 1.5051546391752577 2.0 1.690721649484536 1.6288659793814433 1.6082474226804124 0.9072164948453608 1.2164948453608246 1.7525773195876289 1.6288659793814433 1.0515463917525774 1.092783505154639 1.134020618556701 1.0309278350515463 0.9484536082474226 1.0103092783505154 1.4845360824742269 0.8247422680412371 0.8865979381443299 1.092783505154639 1.0103092783505154 2.0 1.6701030927835052 1.731958762886598 1.2164948453608246 1.6082474226804124 1.1958762886597938 1.0103092783505154 0.9896907216494846 1.8969072164948453 1.0103092783505154 0.9484536082474226 1.1134020618556701 1.7731958762886597 1.9793814432989691 1.4845360824742269 0.9072164948453608 2.0 1.1958762886597938 1.8762886597938144  
27 79.83033440900131 1.9793814432989691 1.5051546391752577 2.0 1.690721649484536 1.6288659793814433 1.6082474226804124 0.9072164948453608 1.2164948453608246 1.7525773195876289 1.6288659793814433 1.0515463917525774 1.092783505154639 1.134020618556701 1.0309278350515463 0.9484536082474226 1.0103092783505154 1.4845360824742269 0.8247422680412371 0.8865979381443299 1.092783505154639 1.0103092783505154 2.0 1.6701030927835052 1.731958762886598 1.2164948453608246 1.6082474226804124 1.1958762886597938 1.0103092783505154 0.9896907216494846 1.8969072164948453 1.0103092783505154 0.9484536082474226 1.1134020618556701 1.7731958762886597 1.9793814432989691 1.4845360824742269 0.9072164948453608 2.0 1.1958762886597938 1.8762886597938144  
12 8.564831302717897 2.9690721649484537 2.2577319587628866 3.0 2.536082474226804 2.443298969072165 2.4123711340206184 1.3608247422680413 1.824742268041237 2.6288659793814433 2.443298969072165 1.577319587628866 1.6391752577319587 1.7010309278350515 1.5463917525773196 1.422680412371134 1.5154639175257731 2.2268041237113403 1.2371134020618557 1.3298969072164948 1.6391752577319587 1.5154639175257731 3.0 2.5051546391752577 2.597938144329897 1.824742268041237 2.4123711340206184 1.7938144329896908 1.5154639175257731 1.4845360824742269 2.845360824742268 1.5154639175257731 1.422680412371134 1.6701030927835052 2.6597938144329896 2.9690721649484537 2.2268041237113403 1.3608247422680413 3.0 1.7938144329896908 2.814432989690722  
30 35.163881839809676 1.9793814432989691 1.5051546391752577 2.0 1.690721649484536 1.6288659793814433 1.6082474226804124 0.9072164948453608 1.2164948453608246 1.7525773195876289 1.6288659793814433 1.0515463917525774 1.092783505154639 1.134020618556701 1.0309278350515463 0.9484536082474226 1.0103092783505154 1.4845360824742269 0.8247422680412371 0.8865979381443299 1.092783505154639 1.0103092783505154 2.0 1.6701030927835052 1.731958762886598 1.2164948453608246 1.6082474226804124 1.1958762886597938 1.0103092783505154 0.9896907216494846 1.8969072164948453 1.0103092783505154 0.9484536082474226 1.1134020618556701 1.7731958762886597 1.9793814432989691 1.4845360824742269 0.9072164948453608 2.0 1.1958762886597938 1.8762886597938144  
44 314.860507576932 1.9793814432989691 1.5051546391752577 2.0 1.690721649484536 1.6288659793814433 1.6082474226804124 0.9072164948453608 1.2164948453608246 1.7525773195876289 1.6288659793814433 1.0515463917525774 1.092783505154639 1.134020618556701 1.0309278350515463 0.9484536082474226 1.0103092783505154 1.4845360824742269 0.8247422680412371 0.8865979381443299 1.092783505154639 1.0103092783505154 2.0 1.6701030927835052 1.731958762886598 1.2164948453608246 1.6082474226804124 1.1958762886597938 1.0103092783505154 0.9896907216494846 1.8969072164948453 1.0103092783505154 0.9484536082474226 1.1134020618556701 1.7731958762886597 1.9793814432989691 1.4845360824742269 0.9072164948453608 2.0 1.1958762886597938 1.8762886597938144  
33 74.62992588335305 2.9690721649484537 2.2577319587628866 3.0 2.536082474226804 2.443298969072165 2.4123711340206184 1.3608247422680413 1.824742268041237 2.6288659793814433 2.443298969072165 1.577319587628866 1.6391752577319587 1.7010309278350515 1.5463917525773196 1.422680412371134 1.5154639175257731 2.2268041237113403 1.2371134020618557 1.3298969072164948 1.6391752577319587 1.5154639175257731 3.0 2.5051546391752577 2.597938144329897 1.824742268041237 2.4123711340206184 1.7938144329896908 1.5154639175257731 1.4845360824742269 2.845360824742268 1.5154639175257731 1.422680412371134 1.6701030927835052 2.6597938144329896 2.9690721649484537 2.2268041237113403 1.3608247422680413 3.0 1.7938144329896908 2.814432989690722  
62 35.54224042709867 2.9690721649484537 2.2577319587628866 3.0 2.536082474226804 2.443298969072165 2.4123711340206184 1.3608247422680413 1.824742268041237 2.6288659793814433 2.443298969072165 1.577319587628866 1.6391752577319587 1.7010309278350515 1.5463917525773196 1.422680412371134 1.5154639175257731 2.2268041237113403 1.2371134020618557 1.3298969072164948 1.6391752577319587 1.5154639175257731 3.0 2.5051546391752577 2.597938144329897 1.824742268041237 2.4123711340206184 1.7938144329896908 1.5154639175257731 1.4845360824742269 2.845360824742268 1.5154639175257731 1.422680412371134 1.6701030927835052 2.6597938144329896 2.9690721649484537 2.2268041237113403 1.3608247422680413 3.0 1.7938144329896908 2.814432989690722  
40 26.53649735981895 1.9793814432989691 1.5051546391752577 2.0 1.690721649484536 1.6288659793814433 1.6082474226804124 0.9072164948453608 1.2164948453608246 1.7525773195876289 1.6288659793814433 1.0515463917525774 1.092783505154639 1.134020618556701 1.0309278350515463 0.9484536082474226 1.0103092783505154 1.4845360824742269 0.8247422680412371 0.8865979381443299 1.092783505154639 1.0103092783505154 2.0 1.6701030927835052 1.731958762886598 1.2164948453608246 1.6082474226804124 1.1958762886597938 1.0103092783505154 0.9896907216494846 1.8969072164948453 1.0103092783505154 0.9484536082474226 1.1134020618556701 1.7731958762886597 1.9793814432989691 1.4845360824742269 0.9072164948453608 2.0 1.1958762886597938 1.8762886597938144  
37 55.70114874815905 2.9690721649484537 2.2577319587628866 3.0 2.536082474226804 2.443298969072165 2.4123711340206184 1.3608247422680413 1.824742268041237 2.6288659793814433 2.443298969072165 1.577319587628866 1.6391752577319587 1.7010309278350515 1.5463917525773196 1.422680412371134 1.5154639175257731 2.2268041237113403 1.2371134020618557 1.3298969072164948 1.6391752577319587 1.5154639175257731 3.0 2.5051546391752577 2.597938144329897 1.824742268041237 2.4123711340206184 1.7938144329896908 1.5154639175257731 1.4845360824742269 2.845360824742268 1.5154639175257731 1.422680412371134 1.6701030927835052 2.6597938144329896 2.9690721649484537 2.2268041237113403 1.3608247422680413 3.0 1.7938144329896908 2.814432989690722  
63 82.66525117495453 2.9690721649484537 2.2577319587628866 3.0 2.536082474226804 2.443298969072165 2.4123711340206184 1.3608247422680413 1.824742268041237 2.6288659793814433 2.443298969072165 1.577319587628866 1.6391752577319587 1.7010309278350515 1.5463917525773196 1.422680412371134 1.5154639175257731 2.2268041237113403 1.2371134020618557 1.3298969072164948 1.6391752577319587 1.5154639175257731 3.0 2.5051546391752577 2.597938144329897 1.824742268041237 2.4123711340206184 1.7938144329896908 1.5154639175257731 1.4845360824742269 2.845360824742268 1.5154639175257731 1.422680412371134 1.6701030927835052 2.6597938144329896 2.9690721649484537 2.2268041237113403 1.3608247422680413 3.0 1.7938144329896908 2.814432989690722  
26 29.206788700375988 1.9793814432989691 1.5051546391752577 2.0 1.690721649484536 1.6288659793814433 1.6082474226804124 0.9072164948453608 1.2164948453608246 1.7525773195876289 1.6288659793814433 1.0515463917525774 1.092783505154639 1.134020618556701 1.0309278350515463 0.9484536082474226 1.0103092783505154 1.4845360824742269 0.8247422680412371 0.8865979381443299 1.092783505154639 1.0103092783505154 2.0 1.6701030927835052 1.731958762886598 1.2164948453608246 1.6082474226804124 1.1958762886597938 1.0103092783505154 0.9896907216494846 1.8969072164948453 1.0103092783505154 0.9484536082474226 1.1134020618556701 1.7731958762886597 1.9793814432989691 1.4845360824742269 0.9072164948453608 2.0 1.1958762886597938 1.8762886597938144  
52 100.82749224708742 2.9690721649484537 2.2577319587628866 3.0 2.536082474226804 2.443298969072165 2.4123711340206184 1.3608247422680413 1.824742268041237 2.6288659793814433 2.443298969072165 1.577319587628866 1.6391752577319587 1.7010309278350515 1.5463917525773196 1.422680412371134 1.5154639175257731 2.2268041237113403 1.2371134020618557 1.3298969072164948 1.6391752577319587 1.5154639175257731 3.0 2.5051546391752577 2.597938144329897 1.824742268041237 2.4123711340206184 1.7938144329896908 1.5154639175257731 1.4845360824742269 2.845360824742268 1.5154639175257731 1.422680412371134 1.6701030927835052 2.6597938144329896 2.9690721649484537 2.2268041237113403 1.3608247422680413 3.0 1.7938144329896908 2.814432989690722  
50 22.095704566378505 2.9690721649484537 2.2577319587628866 3.0 2.536082474226804 2.443298969072165 2.4123711340206184 1.3608247422680413 1.824742268041237 2.6288659793814433 2.443298969072165 1.577319587628866 1.6391752577319587 1.7010309278350515 1.5463917525773196 1.422680412371134 1.5154639175257731 2.2268041237113403 1.2371134020618557 1.3298969072164948 1.6391752577319587 1.5154639175257731 3.0 2.5051546391752577 2.597938144329897 1.824742268041237 2.4123711340206184 1.7938144329896908 1.5154639175257731 1.4845360824742269 2.845360824742268 1.5154639175257731 1.422680412371134 1.6701030927835052 2.6597938144329896 2.9690721649484537 2.2268041237113403 1.3608247422680413 3.0 1.7938144329896908 2.814432989690722  
56 32.82323813030367 1.9793814432989691 1.5051546391752577 2.0 1.690721649484536 1.6288659793814433 1.6082474226804124 0.9072164948453608 1.2164948453608246 1.7525773195876289 1.6288659793814433 1.0515463917525774 1.092783505154639 1.134020618556701 1.0309278350515463 0.9484536082474226 1.0103092783505154 1.4845360824742269 0.8247422680412371 0.8865979381443299 1.092783505154639 1.0103092783505154 2.0 1.6701030927835052 1.731958762886598 1.2164948453608246 1.6082474226804124 1.1958762886597938 1.0103092783505154 0.9896907216494846 1.8969072164948453 1.0103092783505154 0.9484536082474226 1.1134020618556701 1.7731958762886597 1.9793814432989691 1.4845360824742269 0.9072164948453608 2.0 1.1958762886597938 1.8762886597938144  
53 134.03788966617572 2.9690721649484537 2.2577319587628866 3.0 2.536082474226804 2.443298969072165 2.4123711340206184 1.3608247422680413 1.824742268041237 2.6288659793814433 2.443298969072165 1.577319587628866 1.6391752577319587 1.7010309278350515 1.5463917525773196 1.422680412371134 1.5154639175257731 2.2268041237113403 1.2371134020618557 1.3298969072164948 1.6391752577319587 1.5154639175257731 3.0 2.5051546391752577 2.597938144329897 1.824742268041237 2.4123711340206184 1.7938144329896908 1.5154639175257731 1.4845360824742269 2.845360824742268 1.5154639175257731 1.422680412371134 1.6701030927835052 2.6597938144329896 2.9690721649484537 2.2268041237113403 1.3608247422680413 3.0 1.7938144329896908 2.814432989690722  
36 16.88382881802925 1.9793814432989691 1.5051546391752577 2.0 1.690721649484536 1.6288659793814433 1.6082474226804124 0.9072164948453608 1.2164948453608246 1.7525773195876289 1.6288659793814433 1.0515463917525774 1.092783505154639 1.134020618556701 1.0309278350515463 0.9484536082474226 1.0103092783505154 1.4845360824742269 0.8247422680412371 0.8865979381443299 1.092783505154639 1.0103092783505154 2.0 1.6701030927835052 1.731958762886598 1.2164948453608246 1.6082474226804124 1.1958762886597938 1.0103092783505154 0.9896907216494846 1.8969072164948453 1.0103092783505154 0.9484536082474226 1.1134020618556701 1.7731958762886597 1.9793814432989691 1.4845360824742269 0.9072164948453608 2.0 1.1958762886597938 1.8762886597938144  
17 30.22692639654756 2.9690721649484537 2.2577319587628866 3.0 2.536082474226804 2.443298969072165 2.4123711340206184 1.3608247422680413 1.824742268041237 2.6288659793814433 2.443298969072165 1.577319587628866 1.6391752577319587 1.7010309278350515 1.5463917525773196 1.422680412371134 1.5154639175257731 2.2268041237113403 1.2371134020618557 1.3298969072164948 1.6391752577319587 1.5154639175257731 3.0 2.5051546391752577 2.597938144329897 1.824742268041237 2.4123711340206184 1.7938144329896908 1.5154639175257731 1.4845360824742269 2.845360824742268 1.5154639175257731 1.422680412371134 1.6701030927835052 2.6597938144329896 2.9690721649484537 2.2268041237113403 1.3608247422680413 3.0 1.7938144329896908 2.814432989690722  
1 5.40086405924978 1.9793814432989691 1.5051546391752577 2.0 1.690721649484536 1.6288659793814433 1.6082474226804124 0.9072164948453608 1.2164948453608246 1.7525773195876289 1.6288659793814433 1.0515463917525774 1.092783505154639 1.134020618556701 1.0309278350515463 0.9484536082474226 1.0103092783505154 1.4845360824742269 0.8247422680412371 0.8865979381443299 1.092783505154639 1.0103092783505154 2.0 1.6701030927835052 1.731958762886598 1.2164948453608246 1.6082474226804124 1.1958762886597938 1.0103092783505154 0.9896907216494846 1.8969072164948453 1.0103092783505154 0.9484536082474226 1.1134020618556701 1.7731958762886597 1.9793814432989691 1.4845360824742269 0.9072164948453608 2.0 1.1958762886597938 1.8762886597938144  
54 36.96902728500023 1.9793814432989691 1.5051546391752577 2.0 1.690721649484536 1.6288659793814433 1.6082474226804124 0.9072164948453608 1.2164948453608246 1.7525773195876289 1.6288659793814433 1.0515463917525774 1.092783505154639 1.134020618556701 1.0309278350515463 0.9484536082474226 1.0103092783505154 1.4845360824742269 0.8247422680412371 0.8865979381443299 1.092783505154639 1.0103092783505154 2.0 1.6701030927835052 1.731958762886598 1.2164948453608246 1.6082474226804124 1.1958762886597938 1.0103092783505154 0.9896907216494846 1.8969072164948453 1.0103092783505154 0.9484536082474226 1.1134020618556701 1.7731958762886597 1.9793814432989691 1.4845360824742269 0.9072164948453608 2.0 1.1958762886597938 1.8762886597938144  
35 53.268855127509504 2.9690721649484537 2.2577319587628866 3.0 2.536082474226804 2.443298969072165 2.4123711340206184 1.3608247422680413 1.824742268041237 2.6288659793814433 2.443298969072165 1.577319587628866 1.6391752577319587 1.7010309278350515 1.5463917525773196 1.422680412371134 1.5154639175257731 2.2268041237113403 1.2371134020618557 1.3298969072164948 1.6391752577319587 1.5154639175257731 3.0 2.5051546391752577 2.597938144329897 1.824742268041237 2.4123711340206184 1.7938144329896908 1.5154639175257731 1.4845360824742269 2.845360824742268 1.5154639175257731 1.422680412371134 1.6701030927835052 2.6597938144329896 2.9690721649484537 2.2268041237113403 1.3608247422680413 3.0 1.7938144329896908 2.814432989690722  
24 58.7019682475088 1.9793814432989691 1.5051546391752577 2.0 1.690721649484536 1.6288659793814433 1.6082474226804124 0.9072164948453608 1.2164948453608246 1.7525773195876289 1.6288659793814433 1.0515463917525774 1.092783505154639 1.134020618556701 1.0309278350515463 0.9484536082474226 1.0103092783505154 1.4845360824742269 0.8247422680412371 0.8865979381443299 1.092783505154639 1.0103092783505154 2.0 1.6701030927835052 1.731958762886598 1.2164948453608246 1.6082474226804124 1.1958762886597938 1.0103092783505154 0.9896907216494846 1.8969072164948453 1.0103092783505154 0.9484536082474226 1.1134020618556701 1.7731958762886597 1.9793814432989691 1.4845360824742269 0.9072164948453608 2.0 1.1958762886597938 1.8762886597938144  
2 78.7679233137996 1.9793814432989691 1.5051546391752577 2.0 1.690721649484536 1.6288659793814433 1.6082474226804124 0.9072164948453608 1.2164948453608246 1.7525773195876289 1.6288659793814433 1.0515463917525774 1.092783505154639 1.134020618556701 1.0309278350515463 0.9484536082474226 1.0103092783505154 1.4845360824742269 0.8247422680412371 0.8865979381443299 1.092783505154639 1.0103092783505154 2.0 1.6701030927835052 1.731958762886598 1.2164948453608246 1.6082474226804124 1.1958762886597938 1.0103092783505154 0.9896907216494846 1.8969072164948453 1.0103092783505154 0.9484536082474226 1.1134020618556701 1.7731958762886597 1.9793814432989691 1.4845360824742269 0.9072164948453608 2.0 1.1958762886597938 1.8762886597938144  
25 49.34728563246603 2.9690721649484537 2.2577319587628866 3.0 2.536082474226804 2.443298969072165 2.4123711340206184 1.3608247422680413 1.824742268041237 2.6288659793814433 2.443298969072165 1.577319587628866 1.6391752577319587 1.7010309278350515 1.5463917525773196 1.422680412371134 1.5154639175257731 2.2268041237113403 1.2371134020618557 1.3298969072164948 1.6391752577319587 1.5154639175257731 3.0 2.5051546391752577 2.597938144329897 1.824742268041237 2.4123711340206184 1.7938144329896908 1.5154639175257731 1.4845360824742269 2.845360824742268 1.5154639175257731 1.422680412371134 1.6701030927835052 2.6597938144329896 2.9690721649484537 2.2268041237113403 1.3608247422680413 3.0 1.7938144329896908 2.814432989690722  
13 10.949716171013629 2.9690721649484537 2.2577319587628866 3.0 2.536082474226804 2.443298969072165 2.4123711340206184 1.3608247422680413 1.824742268041237 2.6288659793814433 2.443298969072165 1.577319587628866 1.6391752577319587 1.7010309278350515 1.5463917525773196 1.422680412371134 1.5154639175257731 2.2268041237113403 1.2371134020618557 1.3298969072164948 1.6391752577319587 1.5154639175257731 3.0 2.5051546391752577 2.597938144329897 1.824742268041237 2.4123711340206184 1.7938144329896908 1.5154639175257731 1.4845360824742269 2.845360824742268 1.5154639175257731 1.422680412371134 1.6701030927835052 2.6597938144329896 2.9690721649484537 2.2268041237113403 1.3608247422680413 3.0 1.7938144329896908 2.814432989690722  
34 156.04407216494837 1.9793814432989691 1.5051546391752577 2.0 1.690721649484536 1.6288659793814433 1.6082474226804124 0.9072164948453608 1.2164948453608246 1.7525773195876289 1.6288659793814433 1.0515463917525774 1.092783505154639 1.134020618556701 1.0309278350515463 0.9484536082474226 1.0103092783505154 1.4845360824742269 0.8247422680412371 0.8865979381443299 1.092783505154639 1.0103092783505154 2.0 1.6701030927835052 1.731958762886598 1.2164948453608246 1.6082474226804124 1.1958762886597938 1.0103092783505154 0.9896907216494846 1.8969072164948453 1.0103092783505154 0.9484536082474226 1.1134020618556701 1.7731958762886597 1.9793814432989691 1.4845360824742269 0.9072164948453608 2.0 1.1958762886597938 1.8762886597938144  
