90 30
TREE NETWORK (nID nID Weight):
1 0 58.0 
15 0 48.0 
16 15 48.0 
30 15 34.0 
51 15 56.0 
31 30 55.0 
2 1 58.0 
54 15 40.0 
55 54 49.0 
3 2 40.0 
39 30 42.0 
56 55 48.0 
4 3 59.0 
69 54 56.0 
7 2 52.0 
13 1 47.0 
40 39 49.0 
17 16 36.0 
57 56 53.0 
18 17 56.0 
41 40 35.0 
32 31 40.0 
21 17 32.0 
44 40 59.0 
19 18 54.0 
82 0 47.0 
83 82 42.0 
70 69 43.0 
46 30 30.0 
35 31 40.0 
58 57 52.0 
38 31 32.0 
5 4 47.0 
22 21 58.0 
65 55 42.0 
8 7 33.0 
42 41 43.0 
79 15 48.0 
84 83 50.0 
87 83 30.0 
66 55 40.0 
63 56 50.0 
77 54 37.0 
9 7 37.0 
27 17 32.0 
47 46 45.0 
60 57 32.0 
88 82 48.0 
52 51 42.0 
59 58 42.0 
72 69 50.0 
33 32 45.0 
67 55 45.0 
53 51 51.0 
23 22 44.0 
71 70 50.0 
24 21 58.0 
85 84 54.0 
6 5 47.0 
64 56 46.0 
28 27 53.0 
48 47 49.0 
20 19 37.0 
34 33 53.0 
49 47 59.0 
86 84 52.0 
74 69 34.0 
36 35 39.0 
75 74 38.0 
80 79 46.0 
78 54 50.0 
25 24 55.0 
50 46 36.0 
14 1 35.0 
11 7 43.0 
68 55 31.0 
73 72 59.0 
43 41 44.0 
10 9 48.0 
81 15 52.0 
45 40 47.0 
26 24 50.0 
37 35 48.0 
76 74 50.0 
61 57 49.0 
62 57 48.0 
29 27 49.0 
89 0 37.0 
12 7 51.0 
PROGRAMS ASSIGNED TO NODES (nID pID1 pID2 ...):
0 1 2 3 4 5 6 7 8 9 10 11 12 13 14 15 16 17 18 19 20 21 22 23 24 25 26 27 28 29 30  
52  
45 3 23  
55 7 10  
81 11 12  
53 1 3 14 22 28  
28 19 23 30  
61 2 6 8 12 13 16 27 30  
62 1 4 5 6 7 8 10 12 15 17 18 19 20 21 27 28 30  
4 11 19 26  
30 1 2 3 4 5 6 7 8 9 10 11 13 14 15 16 17 18 19 20 21 23 25 26 27 29 30  
11 16  
88 2 3 4 6 8 9 10 11 12 13 14 15 18 19 20 21 22 23 24 25 26 27 28 29 30  
69 1 2 3 4 5 6 7 8 9 10 11 12 13 15 16 17 19 20 21 22 23 24 25 27 29 30  
18 1 2 6 7 9 10 12 15 16 17 18 19 20 23 25 26 27 28 29 30  
43 1 2 3 4 5 6 7 8 9 10 11 12 13 14 15 16 17 18 19 20 22 23 24 25 26 27 28 29 30  
9 1 2 3 4 5 6 7 9 10 11 12 13 15 16 17 18 19 20 22 23 24 25 27 29  
84 1 2 3 4 5 6 7 8 9 11 12 14 16 17 18 19 20 22 23 24 25 26 28 30  
14 4 5 6 8 10 12 16 18 19 20 21 23 24 28  
50 1 3 5 7 9 14 15 17 18 22 23 24 25 29  
77 2 11 12 13 14 18 28  
63 5 9 16 23 25 27  
83 6 19 23 28 29  
68 1 6 16 17 18 19 26 27 28 29 30  
47 1 2 3 6 8 9 10 12 16 17 18 21 23 24 25 26 28 29  
74 1 3 4 5 7 9 10 13 15 16 17 19 20 22 23 25 26 27 28 29  
80 4 6 7 8 10 11 13 17 18 19 20 25 26 28 30  
67 1 2 3 4 5 6 7 8 11 12 15 17 18 19 20 23 24 27 28 30  
3 1 3 5 7 11 12 14 18 19 21 23 25 27 28 29  
58 3 6 9 13 17  
21 2 5 6 8 15 18 19 20 29  
22 7 16 17 19 26 30  
24 3 6 10 24 27 29  
78 1 2 3 6 7 8 9 10 11 12 13 14 15 17 18 19 20 21 22 23 24 25 26 27 28 29 30  
27 1 15 27 28  
20 1 2 4 5 6 8 9 12 13 14 17 19 20 21 23 24 25 28 30  
23 1 2 3 4 5 7 8 9 10 11 12 13 14 15 16 17 18 19 20 21 22 23 25 26 27 28 29 30  
59 1 2 4 5 6 7 8 9 10 11 12 13 14 15 16 17 18 19 20 21 22 23 25 26 27 28 29 30  
72 5 6 7 8 11 12 13 17 18 19 21 24  
36 2 4 5 6 7 10 13 14 15 16 17 18 19 20 21 22 24 25 27 28 29 30  
65 2 4 5 6 7 8 9 10 12 13 14 15 16 19 20 21 22 23 24 25 26 27 28 29 30  
70 1 3 4 5 6 7 10 11 12 13 15 16 17 18 22 23 24 25 27 29 30  
87 1 2 3 4 5 6 7 8 9 10 11 12 13 14 15 16 20 22 24 26 27 28  
7 6 8 11 13 14 16 18 20 23 27 29  
73 1 2 3 5 6 8 9 14 15 16 17 19 21 23 24 25 26  
15 1 3 4 5 7 13 14 15 16 17 18 21 22 24 25 26 27 28  
82 1 2 3 4 5 8 9 10 11 12 13 14 15 16 17 18 19 20 21 22 23 25 26 27 28 29 30  
35 1 4 7 9 11 12 13 14 15 19 21 22 23 29  
39 1 2 3 4 5 6 8 10 11 12 13 16 17 19 22 23 24 25 26 27 29 30  
17 23 28  
1 2 3 4 5 11 13 16 19 20 22 24 25 26 29 30  
32 1 3 5 6 8 9 10 15 16 18 19 20 21 25 26 27 29 30  
12 3 8 11 13 15 22 25 27 29 30  
48 1 7 8 9 10 11 12 15 20 21 22 25 26 27 28 30  
40 1 2 4 6 10 11 13 14 16 18 21 24 25  
76 11 19  
13 2 3 4 6 7 8 9 10 11 13 14 15 16 19 20 21 22 23 24 25 26 27 28 29  
54 2 4 6 9 10 11 12 17 20 21 22 23 27 29 30  
75 2 3 5 7 11 14 15 16 22 23 25 27  
64 3 5 6 7 8 9 10 11 13 14 16 17 18 19 20 21 22 23 26 27 29 30  
19 2 3 4 7 8 9 10 11 12 13 14 15 16 17 18 19 20 21 22 23 24 26 27 28 29  
79 1 2 3 4 5 6 7 8 9 10 11 12 13 14 15 16 17 18 19 20 21 22 23 24 25 26 27 28 30  
25 1 2 3 4 5 6 7 8 9 10 12 13 14 15 16 18 19 20 21 22 23 24 25 27 28 29 30  
5 1 2 3 4 5 6 7 8 9 10 11 13 14 15 16 17 19 20 21 22 23 24 25 26 27 28 29 30  
49 14 22  
85 8  
8 1 2 4 5 6 7 9 10 11 12 13 14 16 17 20 21 22 23 25 26 27 29 30  
89 2 3 5 6 8 10 11 12 14 15 18 19 20 23 24 25 26 29  
46 2 12 13 14 19 25  
2  
33 3 4 5 17 20  
37 6 9 10 11 13 14 16 17 18 20 21 26 29 30  
10 1 2 4 5 6 7 8 9 10 11 12 14 15 17 18 19 20 21 22 24 25 26 27 28 29 30  
44 1 2 3 5 6 7 10 12 13 15 17 18 19 24 25 27 29  
29 1 4 7 8 10 14 17 22 23 27  
38 1 2 3 4 5 6 7 8 9 10 11 12 13 14 16 17 18 19 20 21 22 23 24 25 26 28 29 30  
31 4 5 8 9 11 12 14 16 19 21 23 25 26 27 28  
71 2 3 5 6 8 11 12 15 18 19 23 26 27 29  
34 5 8 9 10 11 12 14 15 16 18 22 25 26 27 30  
66 1 2 4 8 9 18 27  
57  
60 3 4 12 13 17 20 21 23 26  
6 6 8 11  
41 1 2 3 4 5 6 7 8 9 11 12 13 14 15 16 17 18 19 20 21 22 23 25 28 29 30  
56 1 2 4 5 6 8 10 11 14 20 21 24 27 28 29 30  
51 1 2 3 4 5 6 7 9 10 12 13 14 15 16 18 19 20 21 22 23 24 27 28 29 30  
86 1 2 3 4 5 6 7 9 11 12 13 14 16 18 20 21 22 26 28 29  
26 8 15 16 19 24 28  
16 1 4 7 10 14 15 16 17 19 20 22 23 26 28 29  
42 4 5 6 9 10 14 20 21 30  
SIZE OF PROGRAMS (pID SIZE):
1 94.0 
2 60.0 
3 72.0 
4 72.0 
5 93.0 
6 70.0 
7 53.0 
8 71.0 
9 97.0 
10 92.0 
11 48.0 
12 43.0 
13 92.0 
14 78.0 
15 54.0 
16 76.0 
17 69.0 
18 92.0 
19 93.0 
20 96.0 
21 92.0 
22 80.0 
23 96.0 
24 76.0 
25 49.0 
26 75.0 
27 53.0 
28 66.0 
29 65.0 
30 73.0 
COST_INSTALL_SERVER_AND_PROGRAMS :
0 7927.835051546393 2.9072164948453607 1.8556701030927836 2.2268041237113403 2.2268041237113403 2.8762886597938144 2.1649484536082473 1.6391752577319587 2.195876288659794 3.0 2.845360824742268 1.4845360824742269 1.3298969072164948 2.845360824742268 2.4123711340206184 1.6701030927835052 2.350515463917526 2.134020618556701 2.845360824742268 2.8762886597938144 2.9690721649484537 2.845360824742268 2.4742268041237114 2.9690721649484537 2.350515463917526 1.5154639175257731 2.3195876288659796 1.6391752577319587 2.0412371134020617 2.0103092783505154 2.2577319587628866  
52 60.0 2.9072164948453607 1.8556701030927836 2.2268041237113403 2.2268041237113403 2.8762886597938144 2.1649484536082473 1.6391752577319587 2.195876288659794 3.0 2.845360824742268 1.4845360824742269 1.3298969072164948 2.845360824742268 2.4123711340206184 1.6701030927835052 2.350515463917526 2.134020618556701 2.845360824742268 2.8762886597938144 2.9690721649484537 2.845360824742268 2.4742268041237114 2.9690721649484537 2.350515463917526 1.5154639175257731 2.3195876288659796 1.6391752577319587 2.0412371134020617 2.0103092783505154 2.2577319587628866  
45 13.773395039086042 2.9072164948453607 1.8556701030927836 2.2268041237113403 2.2268041237113403 2.8762886597938144 2.1649484536082473 1.6391752577319587 2.195876288659794 3.0 2.845360824742268 1.4845360824742269 1.3298969072164948 2.845360824742268 2.4123711340206184 1.6701030927835052 2.350515463917526 2.134020618556701 2.845360824742268 2.8762886597938144 2.9690721649484537 2.845360824742268 2.4742268041237114 2.9690721649484537 2.350515463917526 1.5154639175257731 2.3195876288659796 1.6391752577319587 2.0412371134020617 2.0103092783505154 2.2577319587628866  
55 59.45453624083487 2.9072164948453607 1.8556701030927836 2.2268041237113403 2.2268041237113403 2.8762886597938144 2.1649484536082473 1.6391752577319587 2.195876288659794 3.0 2.845360824742268 1.4845360824742269 1.3298969072164948 2.845360824742268 2.4123711340206184 1.6701030927835052 2.350515463917526 2.134020618556701 2.845360824742268 2.8762886597938144 2.9690721649484537 2.845360824742268 2.4742268041237114 2.9690721649484537 2.350515463917526 1.5154639175257731 2.3195876288659796 1.6391752577319587 2.0412371134020617 2.0103092783505154 2.2577319587628866  
81 0.24942010309278362 2.9072164948453607 1.8556701030927836 2.2268041237113403 2.2268041237113403 2.8762886597938144 2.1649484536082473 1.6391752577319587 2.195876288659794 3.0 2.845360824742268 1.4845360824742269 1.3298969072164948 2.845360824742268 2.4123711340206184 1.6701030927835052 2.350515463917526 2.134020618556701 2.845360824742268 2.8762886597938144 2.9690721649484537 2.845360824742268 2.4742268041237114 2.9690721649484537 2.350515463917526 1.5154639175257731 2.3195876288659796 1.6391752577319587 2.0412371134020617 2.0103092783505154 2.2577319587628866  
53 6.760509616217623 2.9072164948453607 1.8556701030927836 2.2268041237113403 2.2268041237113403 2.8762886597938144 2.1649484536082473 1.6391752577319587 2.195876288659794 3.0 2.845360824742268 1.4845360824742269 1.3298969072164948 2.845360824742268 2.4123711340206184 1.6701030927835052 2.350515463917526 2.134020618556701 2.845360824742268 2.8762886597938144 2.9690721649484537 2.845360824742268 2.4742268041237114 2.9690721649484537 2.350515463917526 1.5154639175257731 2.3195876288659796 1.6391752577319587 2.0412371134020617 2.0103092783505154 2.2577319587628866  
28 7.77698364455683 1.9381443298969072 1.2371134020618557 1.4845360824742269 1.4845360824742269 1.9175257731958764 1.443298969072165 1.092783505154639 1.4639175257731958 2.0 1.8969072164948453 0.9896907216494846 0.8865979381443299 1.8969072164948453 1.6082474226804124 1.1134020618556701 1.5670103092783505 1.422680412371134 1.8969072164948453 1.9175257731958764 1.9793814432989691 1.8969072164948453 1.6494845360824741 1.9793814432989691 1.5670103092783505 1.0103092783505154 1.5463917525773196 1.092783505154639 1.3608247422680413 1.3402061855670102 1.5051546391752577  
61 23.385648650607667 1.9381443298969072 1.2371134020618557 1.4845360824742269 1.4845360824742269 1.9175257731958764 1.443298969072165 1.092783505154639 1.4639175257731958 2.0 1.8969072164948453 0.9896907216494846 0.8865979381443299 1.8969072164948453 1.6082474226804124 1.1134020618556701 1.5670103092783505 1.422680412371134 1.8969072164948453 1.9175257731958764 1.9793814432989691 1.8969072164948453 1.6494845360824741 1.9793814432989691 1.5670103092783505 1.0103092783505154 1.5463917525773196 1.092783505154639 1.3608247422680413 1.3402061855670102 1.5051546391752577  
62 118.22562481557492 2.9072164948453607 1.8556701030927836 2.2268041237113403 2.2268041237113403 2.8762886597938144 2.1649484536082473 1.6391752577319587 2.195876288659794 3.0 2.845360824742268 1.4845360824742269 1.3298969072164948 2.845360824742268 2.4123711340206184 1.6701030927835052 2.350515463917526 2.134020618556701 2.845360824742268 2.8762886597938144 2.9690721649484537 2.845360824742268 2.4742268041237114 2.9690721649484537 2.350515463917526 1.5154639175257731 2.3195876288659796 1.6391752577319587 2.0412371134020617 2.0103092783505154 2.2577319587628866  
4 98.09815801302832 2.9072164948453607 1.8556701030927836 2.2268041237113403 2.2268041237113403 2.8762886597938144 2.1649484536082473 1.6391752577319587 2.195876288659794 3.0 2.845360824742268 1.4845360824742269 1.3298969072164948 2.845360824742268 2.4123711340206184 1.6701030927835052 2.350515463917526 2.134020618556701 2.845360824742268 2.8762886597938144 2.9690721649484537 2.845360824742268 2.4742268041237114 2.9690721649484537 2.350515463917526 1.5154639175257731 2.3195876288659796 1.6391752577319587 2.0412371134020617 2.0103092783505154 2.2577319587628866  
30 32.75357499168605 1.9381443298969072 1.2371134020618557 1.4845360824742269 1.4845360824742269 1.9175257731958764 1.443298969072165 1.092783505154639 1.4639175257731958 2.0 1.8969072164948453 0.9896907216494846 0.8865979381443299 1.8969072164948453 1.6082474226804124 1.1134020618556701 1.5670103092783505 1.422680412371134 1.8969072164948453 1.9175257731958764 1.9793814432989691 1.8969072164948453 1.6494845360824741 1.9793814432989691 1.5670103092783505 1.0103092783505154 1.5463917525773196 1.092783505154639 1.3608247422680413 1.3402061855670102 1.5051546391752577  
11 2.7993236106067716 2.9072164948453607 1.8556701030927836 2.2268041237113403 2.2268041237113403 2.8762886597938144 2.1649484536082473 1.6391752577319587 2.195876288659794 3.0 2.845360824742268 1.4845360824742269 1.3298969072164948 2.845360824742268 2.4123711340206184 1.6701030927835052 2.350515463917526 2.134020618556701 2.845360824742268 2.8762886597938144 2.9690721649484537 2.845360824742268 2.4742268041237114 2.9690721649484537 2.350515463917526 1.5154639175257731 2.3195876288659796 1.6391752577319587 2.0412371134020617 2.0103092783505154 2.2577319587628866  
88 26.167820344092558 2.9072164948453607 1.8556701030927836 2.2268041237113403 2.2268041237113403 2.8762886597938144 2.1649484536082473 1.6391752577319587 2.195876288659794 3.0 2.845360824742268 1.4845360824742269 1.3298969072164948 2.845360824742268 2.4123711340206184 1.6701030927835052 2.350515463917526 2.134020618556701 2.845360824742268 2.8762886597938144 2.9690721649484537 2.845360824742268 2.4742268041237114 2.9690721649484537 2.350515463917526 1.5154639175257731 2.3195876288659796 1.6391752577319587 2.0412371134020617 2.0103092783505154 2.2577319587628866  
69 100.52708125484982 1.9381443298969072 1.2371134020618557 1.4845360824742269 1.4845360824742269 1.9175257731958764 1.443298969072165 1.092783505154639 1.4639175257731958 2.0 1.8969072164948453 0.9896907216494846 0.8865979381443299 1.8969072164948453 1.6082474226804124 1.1134020618556701 1.5670103092783505 1.422680412371134 1.8969072164948453 1.9175257731958764 1.9793814432989691 1.8969072164948453 1.6494845360824741 1.9793814432989691 1.5670103092783505 1.0103092783505154 1.5463917525773196 1.092783505154639 1.3608247422680413 1.3402061855670102 1.5051546391752577  
18 44.81099656357389 1.9381443298969072 1.2371134020618557 1.4845360824742269 1.4845360824742269 1.9175257731958764 1.443298969072165 1.092783505154639 1.4639175257731958 2.0 1.8969072164948453 0.9896907216494846 0.8865979381443299 1.8969072164948453 1.6082474226804124 1.1134020618556701 1.5670103092783505 1.422680412371134 1.8969072164948453 1.9175257731958764 1.9793814432989691 1.8969072164948453 1.6494845360824741 1.9793814432989691 1.5670103092783505 1.0103092783505154 1.5463917525773196 1.092783505154639 1.3608247422680413 1.3402061855670102 1.5051546391752577  
43 322.56841562491917 1.9381443298969072 1.2371134020618557 1.4845360824742269 1.4845360824742269 1.9175257731958764 1.443298969072165 1.092783505154639 1.4639175257731958 2.0 1.8969072164948453 0.9896907216494846 0.8865979381443299 1.8969072164948453 1.6082474226804124 1.1134020618556701 1.5670103092783505 1.422680412371134 1.8969072164948453 1.9175257731958764 1.9793814432989691 1.8969072164948453 1.6494845360824741 1.9793814432989691 1.5670103092783505 1.0103092783505154 1.5463917525773196 1.092783505154639 1.3608247422680413 1.3402061855670102 1.5051546391752577  
9 116.25967435221706 2.9072164948453607 1.8556701030927836 2.2268041237113403 2.2268041237113403 2.8762886597938144 2.1649484536082473 1.6391752577319587 2.195876288659794 3.0 2.845360824742268 1.4845360824742269 1.3298969072164948 2.845360824742268 2.4123711340206184 1.6701030927835052 2.350515463917526 2.134020618556701 2.845360824742268 2.8762886597938144 2.9690721649484537 2.845360824742268 2.4742268041237114 2.9690721649484537 2.350515463917526 1.5154639175257731 2.3195876288659796 1.6391752577319587 2.0412371134020617 2.0103092783505154 2.2577319587628866  
84 38.344382268459064 2.9072164948453607 1.8556701030927836 2.2268041237113403 2.2268041237113403 2.8762886597938144 2.1649484536082473 1.6391752577319587 2.195876288659794 3.0 2.845360824742268 1.4845360824742269 1.3298969072164948 2.845360824742268 2.4123711340206184 1.6701030927835052 2.350515463917526 2.134020618556701 2.845360824742268 2.8762886597938144 2.9690721649484537 2.845360824742268 2.4742268041237114 2.9690721649484537 2.350515463917526 1.5154639175257731 2.3195876288659796 1.6391752577319587 2.0412371134020617 2.0103092783505154 2.2577319587628866  
14 19.58862424457873 2.9072164948453607 1.8556701030927836 2.2268041237113403 2.2268041237113403 2.8762886597938144 2.1649484536082473 1.6391752577319587 2.195876288659794 3.0 2.845360824742268 1.4845360824742269 1.3298969072164948 2.845360824742268 2.4123711340206184 1.6701030927835052 2.350515463917526 2.134020618556701 2.845360824742268 2.8762886597938144 2.9690721649484537 2.845360824742268 2.4742268041237114 2.9690721649484537 2.350515463917526 1.5154639175257731 2.3195876288659796 1.6391752577319587 2.0412371134020617 2.0103092783505154 2.2577319587628866  
50 41.99338555353414 1.9381443298969072 1.2371134020618557 1.4845360824742269 1.4845360824742269 1.9175257731958764 1.443298969072165 1.092783505154639 1.4639175257731958 2.0 1.8969072164948453 0.9896907216494846 0.8865979381443299 1.8969072164948453 1.6082474226804124 1.1134020618556701 1.5670103092783505 1.422680412371134 1.8969072164948453 1.9175257731958764 1.9793814432989691 1.8969072164948453 1.6494845360824741 1.9793814432989691 1.5670103092783505 1.0103092783505154 1.5463917525773196 1.092783505154639 1.3608247422680413 1.3402061855670102 1.5051546391752577  
77 6.025703886876566 2.9072164948453607 1.8556701030927836 2.2268041237113403 2.2268041237113403 2.8762886597938144 2.1649484536082473 1.6391752577319587 2.195876288659794 3.0 2.845360824742268 1.4845360824742269 1.3298969072164948 2.845360824742268 2.4123711340206184 1.6701030927835052 2.350515463917526 2.134020618556701 2.845360824742268 2.8762886597938144 2.9690721649484537 2.845360824742268 2.4742268041237114 2.9690721649484537 2.350515463917526 1.5154639175257731 2.3195876288659796 1.6391752577319587 2.0412371134020617 2.0103092783505154 2.2577319587628866  
63 29.22716071052869 1.9381443298969072 1.2371134020618557 1.4845360824742269 1.4845360824742269 1.9175257731958764 1.443298969072165 1.092783505154639 1.4639175257731958 2.0 1.8969072164948453 0.9896907216494846 0.8865979381443299 1.8969072164948453 1.6082474226804124 1.1134020618556701 1.5670103092783505 1.422680412371134 1.8969072164948453 1.9175257731958764 1.9793814432989691 1.8969072164948453 1.6494845360824741 1.9793814432989691 1.5670103092783505 1.0103092783505154 1.5463917525773196 1.092783505154639 1.3608247422680413 1.3402061855670102 1.5051546391752577  
83 20.767919771125058 2.9072164948453607 1.8556701030927836 2.2268041237113403 2.2268041237113403 2.8762886597938144 2.1649484536082473 1.6391752577319587 2.195876288659794 3.0 2.845360824742268 1.4845360824742269 1.3298969072164948 2.845360824742268 2.4123711340206184 1.6701030927835052 2.350515463917526 2.134020618556701 2.845360824742268 2.8762886597938144 2.9690721649484537 2.845360824742268 2.4742268041237114 2.9690721649484537 2.350515463917526 1.5154639175257731 2.3195876288659796 1.6391752577319587 2.0412371134020617 2.0103092783505154 2.2577319587628866  
68 19.298912893724165 1.9381443298969072 1.2371134020618557 1.4845360824742269 1.4845360824742269 1.9175257731958764 1.443298969072165 1.092783505154639 1.4639175257731958 2.0 1.8969072164948453 0.9896907216494846 0.8865979381443299 1.8969072164948453 1.6082474226804124 1.1134020618556701 1.5670103092783505 1.422680412371134 1.8969072164948453 1.9175257731958764 1.9793814432989691 1.8969072164948453 1.6494845360824741 1.9793814432989691 1.5670103092783505 1.0103092783505154 1.5463917525773196 1.092783505154639 1.3608247422680413 1.3402061855670102 1.5051546391752577  
47 47.693985412034245 2.9072164948453607 1.8556701030927836 2.2268041237113403 2.2268041237113403 2.8762886597938144 2.1649484536082473 1.6391752577319587 2.195876288659794 3.0 2.845360824742268 1.4845360824742269 1.3298969072164948 2.845360824742268 2.4123711340206184 1.6701030927835052 2.350515463917526 2.134020618556701 2.845360824742268 2.8762886597938144 2.9690721649484537 2.845360824742268 2.4742268041237114 2.9690721649484537 2.350515463917526 1.5154639175257731 2.3195876288659796 1.6391752577319587 2.0412371134020617 2.0103092783505154 2.2577319587628866  
74 136.33758175649976 1.9381443298969072 1.2371134020618557 1.4845360824742269 1.4845360824742269 1.9175257731958764 1.443298969072165 1.092783505154639 1.4639175257731958 2.0 1.8969072164948453 0.9896907216494846 0.8865979381443299 1.8969072164948453 1.6082474226804124 1.1134020618556701 1.5670103092783505 1.422680412371134 1.8969072164948453 1.9175257731958764 1.9793814432989691 1.8969072164948453 1.6494845360824741 1.9793814432989691 1.5670103092783505 1.0103092783505154 1.5463917525773196 1.092783505154639 1.3608247422680413 1.3402061855670102 1.5051546391752577  
80 23.17410424137157 1.9381443298969072 1.2371134020618557 1.4845360824742269 1.4845360824742269 1.9175257731958764 1.443298969072165 1.092783505154639 1.4639175257731958 2.0 1.8969072164948453 0.9896907216494846 0.8865979381443299 1.8969072164948453 1.6082474226804124 1.1134020618556701 1.5670103092783505 1.422680412371134 1.8969072164948453 1.9175257731958764 1.9793814432989691 1.8969072164948453 1.6494845360824741 1.9793814432989691 1.5670103092783505 1.0103092783505154 1.5463917525773196 1.092783505154639 1.3608247422680413 1.3402061855670102 1.5051546391752577  
67 94.70280029766778 1.9381443298969072 1.2371134020618557 1.4845360824742269 1.4845360824742269 1.9175257731958764 1.443298969072165 1.092783505154639 1.4639175257731958 2.0 1.8969072164948453 0.9896907216494846 0.8865979381443299 1.8969072164948453 1.6082474226804124 1.1134020618556701 1.5670103092783505 1.422680412371134 1.8969072164948453 1.9175257731958764 1.9793814432989691 1.8969072164948453 1.6494845360824741 1.9793814432989691 1.5670103092783505 1.0103092783505154 1.5463917525773196 1.092783505154639 1.3608247422680413 1.3402061855670102 1.5051546391752577  
3 73.85702785454629 1.9381443298969072 1.2371134020618557 1.4845360824742269 1.4845360824742269 1.9175257731958764 1.443298969072165 1.092783505154639 1.4639175257731958 2.0 1.8969072164948453 0.9896907216494846 0.8865979381443299 1.8969072164948453 1.6082474226804124 1.1134020618556701 1.5670103092783505 1.422680412371134 1.8969072164948453 1.9175257731958764 1.9793814432989691 1.8969072164948453 1.6494845360824741 1.9793814432989691 1.5670103092783505 1.0103092783505154 1.5463917525773196 1.092783505154639 1.3608247422680413 1.3402061855670102 1.5051546391752577  
58 135.75416913983292 1.9381443298969072 1.2371134020618557 1.4845360824742269 1.4845360824742269 1.9175257731958764 1.443298969072165 1.092783505154639 1.4639175257731958 2.0 1.8969072164948453 0.9896907216494846 0.8865979381443299 1.8969072164948453 1.6082474226804124 1.1134020618556701 1.5670103092783505 1.422680412371134 1.8969072164948453 1.9175257731958764 1.9793814432989691 1.8969072164948453 1.6494845360824741 1.9793814432989691 1.5670103092783505 1.0103092783505154 1.5463917525773196 1.092783505154639 1.3608247422680413 1.3402061855670102 1.5051546391752577  
21 97.29516313786351 2.9072164948453607 1.8556701030927836 2.2268041237113403 2.2268041237113403 2.8762886597938144 2.1649484536082473 1.6391752577319587 2.195876288659794 3.0 2.845360824742268 1.4845360824742269 1.3298969072164948 2.845360824742268 2.4123711340206184 1.6701030927835052 2.350515463917526 2.134020618556701 2.845360824742268 2.8762886597938144 2.9690721649484537 2.845360824742268 2.4742268041237114 2.9690721649484537 2.350515463917526 1.5154639175257731 2.3195876288659796 1.6391752577319587 2.0412371134020617 2.0103092783505154 2.2577319587628866  
22 130.0493405770008 2.9072164948453607 1.8556701030927836 2.2268041237113403 2.2268041237113403 2.8762886597938144 2.1649484536082473 1.6391752577319587 2.195876288659794 3.0 2.845360824742268 1.4845360824742269 1.3298969072164948 2.845360824742268 2.4123711340206184 1.6701030927835052 2.350515463917526 2.134020618556701 2.845360824742268 2.8762886597938144 2.9690721649484537 2.845360824742268 2.4742268041237114 2.9690721649484537 2.350515463917526 1.5154639175257731 2.3195876288659796 1.6391752577319587 2.0412371134020617 2.0103092783505154 2.2577319587628866  
24 138.09042145593867 1.9381443298969072 1.2371134020618557 1.4845360824742269 1.4845360824742269 1.9175257731958764 1.443298969072165 1.092783505154639 1.4639175257731958 2.0 1.8969072164948453 0.9896907216494846 0.8865979381443299 1.8969072164948453 1.6082474226804124 1.1134020618556701 1.5670103092783505 1.422680412371134 1.8969072164948453 1.9175257731958764 1.9793814432989691 1.8969072164948453 1.6494845360824741 1.9793814432989691 1.5670103092783505 1.0103092783505154 1.5463917525773196 1.092783505154639 1.3608247422680413 1.3402061855670102 1.5051546391752577  
78 91.67554332351497 1.9381443298969072 1.2371134020618557 1.4845360824742269 1.4845360824742269 1.9175257731958764 1.443298969072165 1.092783505154639 1.4639175257731958 2.0 1.8969072164948453 0.9896907216494846 0.8865979381443299 1.8969072164948453 1.6082474226804124 1.1134020618556701 1.5670103092783505 1.422680412371134 1.8969072164948453 1.9175257731958764 1.9793814432989691 1.8969072164948453 1.6494845360824741 1.9793814432989691 1.5670103092783505 1.0103092783505154 1.5463917525773196 1.092783505154639 1.3608247422680413 1.3402061855670102 1.5051546391752577  
27 75.23930412371138 1.9381443298969072 1.2371134020618557 1.4845360824742269 1.4845360824742269 1.9175257731958764 1.443298969072165 1.092783505154639 1.4639175257731958 2.0 1.8969072164948453 0.9896907216494846 0.8865979381443299 1.8969072164948453 1.6082474226804124 1.1134020618556701 1.5670103092783505 1.422680412371134 1.8969072164948453 1.9175257731958764 1.9793814432989691 1.8969072164948453 1.6494845360824741 1.9793814432989691 1.5670103092783505 1.0103092783505154 1.5463917525773196 1.092783505154639 1.3608247422680413 1.3402061855670102 1.5051546391752577  
20 107.9638902525501 1.9381443298969072 1.2371134020618557 1.4845360824742269 1.4845360824742269 1.9175257731958764 1.443298969072165 1.092783505154639 1.4639175257731958 2.0 1.8969072164948453 0.9896907216494846 0.8865979381443299 1.8969072164948453 1.6082474226804124 1.1134020618556701 1.5670103092783505 1.422680412371134 1.8969072164948453 1.9175257731958764 1.9793814432989691 1.8969072164948453 1.6494845360824741 1.9793814432989691 1.5670103092783505 1.0103092783505154 1.5463917525773196 1.092783505154639 1.3608247422680413 1.3402061855670102 1.5051546391752577  
23 179.86668861330494 2.9072164948453607 1.8556701030927836 2.2268041237113403 2.2268041237113403 2.8762886597938144 2.1649484536082473 1.6391752577319587 2.195876288659794 3.0 2.845360824742268 1.4845360824742269 1.3298969072164948 2.845360824742268 2.4123711340206184 1.6701030927835052 2.350515463917526 2.134020618556701 2.845360824742268 2.8762886597938144 2.9690721649484537 2.845360824742268 2.4742268041237114 2.9690721649484537 2.350515463917526 1.5154639175257731 2.3195876288659796 1.6391752577319587 2.0412371134020617 2.0103092783505154 2.2577319587628866  
59 200.94088862524458 1.9381443298969072 1.2371134020618557 1.4845360824742269 1.4845360824742269 1.9175257731958764 1.443298969072165 1.092783505154639 1.4639175257731958 2.0 1.8969072164948453 0.9896907216494846 0.8865979381443299 1.8969072164948453 1.6082474226804124 1.1134020618556701 1.5670103092783505 1.422680412371134 1.8969072164948453 1.9175257731958764 1.9793814432989691 1.8969072164948453 1.6494845360824741 1.9793814432989691 1.5670103092783505 1.0103092783505154 1.5463917525773196 1.092783505154639 1.3608247422680413 1.3402061855670102 1.5051546391752577  
72 89.66002426308935 1.9381443298969072 1.2371134020618557 1.4845360824742269 1.4845360824742269 1.9175257731958764 1.443298969072165 1.092783505154639 1.4639175257731958 2.0 1.8969072164948453 0.9896907216494846 0.8865979381443299 1.8969072164948453 1.6082474226804124 1.1134020618556701 1.5670103092783505 1.422680412371134 1.8969072164948453 1.9175257731958764 1.9793814432989691 1.8969072164948453 1.6494845360824741 1.9793814432989691 1.5670103092783505 1.0103092783505154 1.5463917525773196 1.092783505154639 1.3608247422680413 1.3402061855670102 1.5051546391752577  
36 125.37202079869668 2.9072164948453607 1.8556701030927836 2.2268041237113403 2.2268041237113403 2.8762886597938144 2.1649484536082473 1.6391752577319587 2.195876288659794 3.0 2.845360824742268 1.4845360824742269 1.3298969072164948 2.845360824742268 2.4123711340206184 1.6701030927835052 2.350515463917526 2.134020618556701 2.845360824742268 2.8762886597938144 2.9690721649484537 2.845360824742268 2.4742268041237114 2.9690721649484537 2.350515463917526 1.5154639175257731 2.3195876288659796 1.6391752577319587 2.0412371134020617 2.0103092783505154 2.2577319587628866  
65 50.043228467041054 2.9072164948453607 1.8556701030927836 2.2268041237113403 2.2268041237113403 2.8762886597938144 2.1649484536082473 1.6391752577319587 2.195876288659794 3.0 2.845360824742268 1.4845360824742269 1.3298969072164948 2.845360824742268 2.4123711340206184 1.6701030927835052 2.350515463917526 2.134020618556701 2.845360824742268 2.8762886597938144 2.9690721649484537 2.845360824742268 2.4742268041237114 2.9690721649484537 2.350515463917526 1.5154639175257731 2.3195876288659796 1.6391752577319587 2.0412371134020617 2.0103092783505154 2.2577319587628866  
70 77.25763688511199 2.9072164948453607 1.8556701030927836 2.2268041237113403 2.2268041237113403 2.8762886597938144 2.1649484536082473 1.6391752577319587 2.195876288659794 3.0 2.845360824742268 1.4845360824742269 1.3298969072164948 2.845360824742268 2.4123711340206184 1.6701030927835052 2.350515463917526 2.134020618556701 2.845360824742268 2.8762886597938144 2.9690721649484537 2.845360824742268 2.4742268041237114 2.9690721649484537 2.350515463917526 1.5154639175257731 2.3195876288659796 1.6391752577319587 2.0412371134020617 2.0103092783505154 2.2577319587628866  
87 69.52339232069802 2.9072164948453607 1.8556701030927836 2.2268041237113403 2.2268041237113403 2.8762886597938144 2.1649484536082473 1.6391752577319587 2.195876288659794 3.0 2.845360824742268 1.4845360824742269 1.3298969072164948 2.845360824742268 2.4123711340206184 1.6701030927835052 2.350515463917526 2.134020618556701 2.845360824742268 2.8762886597938144 2.9690721649484537 2.845360824742268 2.4742268041237114 2.9690721649484537 2.350515463917526 1.5154639175257731 2.3195876288659796 1.6391752577319587 2.0412371134020617 2.0103092783505154 2.2577319587628866  
7 20.251335742683505 2.9072164948453607 1.8556701030927836 2.2268041237113403 2.2268041237113403 2.8762886597938144 2.1649484536082473 1.6391752577319587 2.195876288659794 3.0 2.845360824742268 1.4845360824742269 1.3298969072164948 2.845360824742268 2.4123711340206184 1.6701030927835052 2.350515463917526 2.134020618556701 2.845360824742268 2.8762886597938144 2.9690721649484537 2.845360824742268 2.4742268041237114 2.9690721649484537 2.350515463917526 1.5154639175257731 2.3195876288659796 1.6391752577319587 2.0412371134020617 2.0103092783505154 2.2577319587628866  
73 83.5224745850541 2.9072164948453607 1.8556701030927836 2.2268041237113403 2.2268041237113403 2.8762886597938144 2.1649484536082473 1.6391752577319587 2.195876288659794 3.0 2.845360824742268 1.4845360824742269 1.3298969072164948 2.845360824742268 2.4123711340206184 1.6701030927835052 2.350515463917526 2.134020618556701 2.845360824742268 2.8762886597938144 2.9690721649484537 2.845360824742268 2.4742268041237114 2.9690721649484537 2.350515463917526 1.5154639175257731 2.3195876288659796 1.6391752577319587 2.0412371134020617 2.0103092783505154 2.2577319587628866  
15 46.0 2.9072164948453607 1.8556701030927836 2.2268041237113403 2.2268041237113403 2.8762886597938144 2.1649484536082473 1.6391752577319587 2.195876288659794 3.0 2.845360824742268 1.4845360824742269 1.3298969072164948 2.845360824742268 2.4123711340206184 1.6701030927835052 2.350515463917526 2.134020618556701 2.845360824742268 2.8762886597938144 2.9690721649484537 2.845360824742268 2.4742268041237114 2.9690721649484537 2.350515463917526 1.5154639175257731 2.3195876288659796 1.6391752577319587 2.0412371134020617 2.0103092783505154 2.2577319587628866  
82 1.5833693014172434 1.9381443298969072 1.2371134020618557 1.4845360824742269 1.4845360824742269 1.9175257731958764 1.443298969072165 1.092783505154639 1.4639175257731958 2.0 1.8969072164948453 0.9896907216494846 0.8865979381443299 1.8969072164948453 1.6082474226804124 1.1134020618556701 1.5670103092783505 1.422680412371134 1.8969072164948453 1.9175257731958764 1.9793814432989691 1.8969072164948453 1.6494845360824741 1.9793814432989691 1.5670103092783505 1.0103092783505154 1.5463917525773196 1.092783505154639 1.3608247422680413 1.3402061855670102 1.5051546391752577  
35 48.35683218527047 2.9072164948453607 1.8556701030927836 2.2268041237113403 2.2268041237113403 2.8762886597938144 2.1649484536082473 1.6391752577319587 2.195876288659794 3.0 2.845360824742268 1.4845360824742269 1.3298969072164948 2.845360824742268 2.4123711340206184 1.6701030927835052 2.350515463917526 2.134020618556701 2.845360824742268 2.8762886597938144 2.9690721649484537 2.845360824742268 2.4742268041237114 2.9690721649484537 2.350515463917526 1.5154639175257731 2.3195876288659796 1.6391752577319587 2.0412371134020617 2.0103092783505154 2.2577319587628866  
39 122.46894501066134 2.9072164948453607 1.8556701030927836 2.2268041237113403 2.2268041237113403 2.8762886597938144 2.1649484536082473 1.6391752577319587 2.195876288659794 3.0 2.845360824742268 1.4845360824742269 1.3298969072164948 2.845360824742268 2.4123711340206184 1.6701030927835052 2.350515463917526 2.134020618556701 2.845360824742268 2.8762886597938144 2.9690721649484537 2.845360824742268 2.4742268041237114 2.9690721649484537 2.350515463917526 1.5154639175257731 2.3195876288659796 1.6391752577319587 2.0412371134020617 2.0103092783505154 2.2577319587628866  
17 81.54587444111884 2.9072164948453607 1.8556701030927836 2.2268041237113403 2.2268041237113403 2.8762886597938144 2.1649484536082473 1.6391752577319587 2.195876288659794 3.0 2.845360824742268 1.4845360824742269 1.3298969072164948 2.845360824742268 2.4123711340206184 1.6701030927835052 2.350515463917526 2.134020618556701 2.845360824742268 2.8762886597938144 2.9690721649484537 2.845360824742268 2.4742268041237114 2.9690721649484537 2.350515463917526 1.5154639175257731 2.3195876288659796 1.6391752577319587 2.0412371134020617 2.0103092783505154 2.2577319587628866  
1 14.511977798928932 2.9072164948453607 1.8556701030927836 2.2268041237113403 2.2268041237113403 2.8762886597938144 2.1649484536082473 1.6391752577319587 2.195876288659794 3.0 2.845360824742268 1.4845360824742269 1.3298969072164948 2.845360824742268 2.4123711340206184 1.6701030927835052 2.350515463917526 2.134020618556701 2.845360824742268 2.8762886597938144 2.9690721649484537 2.845360824742268 2.4742268041237114 2.9690721649484537 2.350515463917526 1.5154639175257731 2.3195876288659796 1.6391752577319587 2.0412371134020617 2.0103092783505154 2.2577319587628866  
32 56.15542443078454 2.9072164948453607 1.8556701030927836 2.2268041237113403 2.2268041237113403 2.8762886597938144 2.1649484536082473 1.6391752577319587 2.195876288659794 3.0 2.845360824742268 1.4845360824742269 1.3298969072164948 2.845360824742268 2.4123711340206184 1.6701030927835052 2.350515463917526 2.134020618556701 2.845360824742268 2.8762886597938144 2.9690721649484537 2.845360824742268 2.4742268041237114 2.9690721649484537 2.350515463917526 1.5154639175257731 2.3195876288659796 1.6391752577319587 2.0412371134020617 2.0103092783505154 2.2577319587628866  
12 31.144218478349423 2.9072164948453607 1.8556701030927836 2.2268041237113403 2.2268041237113403 2.8762886597938144 2.1649484536082473 1.6391752577319587 2.195876288659794 3.0 2.845360824742268 1.4845360824742269 1.3298969072164948 2.845360824742268 2.4123711340206184 1.6701030927835052 2.350515463917526 2.134020618556701 2.845360824742268 2.8762886597938144 2.9690721649484537 2.845360824742268 2.4742268041237114 2.9690721649484537 2.350515463917526 1.5154639175257731 2.3195876288659796 1.6391752577319587 2.0412371134020617 2.0103092783505154 2.2577319587628866  
48 121.60991946404602 2.9072164948453607 1.8556701030927836 2.2268041237113403 2.2268041237113403 2.8762886597938144 2.1649484536082473 1.6391752577319587 2.195876288659794 3.0 2.845360824742268 1.4845360824742269 1.3298969072164948 2.845360824742268 2.4123711340206184 1.6701030927835052 2.350515463917526 2.134020618556701 2.845360824742268 2.8762886597938144 2.9690721649484537 2.845360824742268 2.4742268041237114 2.9690721649484537 2.350515463917526 1.5154639175257731 2.3195876288659796 1.6391752577319587 2.0412371134020617 2.0103092783505154 2.2577319587628866  
40 49.623321493545895 1.9381443298969072 1.2371134020618557 1.4845360824742269 1.4845360824742269 1.9175257731958764 1.443298969072165 1.092783505154639 1.4639175257731958 2.0 1.8969072164948453 0.9896907216494846 0.8865979381443299 1.8969072164948453 1.6082474226804124 1.1134020618556701 1.5670103092783505 1.422680412371134 1.8969072164948453 1.9175257731958764 1.9793814432989691 1.8969072164948453 1.6494845360824741 1.9793814432989691 1.5670103092783505 1.0103092783505154 1.5463917525773196 1.092783505154639 1.3608247422680413 1.3402061855670102 1.5051546391752577  
76 8.258792998642756 1.9381443298969072 1.2371134020618557 1.4845360824742269 1.4845360824742269 1.9175257731958764 1.443298969072165 1.092783505154639 1.4639175257731958 2.0 1.8969072164948453 0.9896907216494846 0.8865979381443299 1.8969072164948453 1.6082474226804124 1.1134020618556701 1.5670103092783505 1.422680412371134 1.8969072164948453 1.9175257731958764 1.9793814432989691 1.8969072164948453 1.6494845360824741 1.9793814432989691 1.5670103092783505 1.0103092783505154 1.5463917525773196 1.092783505154639 1.3608247422680413 1.3402061855670102 1.5051546391752577  
13 20.980982217818468 1.9381443298969072 1.2371134020618557 1.4845360824742269 1.4845360824742269 1.9175257731958764 1.443298969072165 1.092783505154639 1.4639175257731958 2.0 1.8969072164948453 0.9896907216494846 0.8865979381443299 1.8969072164948453 1.6082474226804124 1.1134020618556701 1.5670103092783505 1.422680412371134 1.8969072164948453 1.9175257731958764 1.9793814432989691 1.8969072164948453 1.6494845360824741 1.9793814432989691 1.5670103092783505 1.0103092783505154 1.5463917525773196 1.092783505154639 1.3608247422680413 1.3402061855670102 1.5051546391752577  
54 28.326216605697823 2.9072164948453607 1.8556701030927836 2.2268041237113403 2.2268041237113403 2.8762886597938144 2.1649484536082473 1.6391752577319587 2.195876288659794 3.0 2.845360824742268 1.4845360824742269 1.3298969072164948 2.845360824742268 2.4123711340206184 1.6701030927835052 2.350515463917526 2.134020618556701 2.845360824742268 2.8762886597938144 2.9690721649484537 2.845360824742268 2.4742268041237114 2.9690721649484537 2.350515463917526 1.5154639175257731 2.3195876288659796 1.6391752577319587 2.0412371134020617 2.0103092783505154 2.2577319587628866  
75 82.35578270149415 2.9072164948453607 1.8556701030927836 2.2268041237113403 2.2268041237113403 2.8762886597938144 2.1649484536082473 1.6391752577319587 2.195876288659794 3.0 2.845360824742268 1.4845360824742269 1.3298969072164948 2.845360824742268 2.4123711340206184 1.6701030927835052 2.350515463917526 2.134020618556701 2.845360824742268 2.8762886597938144 2.9690721649484537 2.845360824742268 2.4742268041237114 2.9690721649484537 2.350515463917526 1.5154639175257731 2.3195876288659796 1.6391752577319587 2.0412371134020617 2.0103092783505154 2.2577319587628866  
64 65.52304959120433 1.9381443298969072 1.2371134020618557 1.4845360824742269 1.4845360824742269 1.9175257731958764 1.443298969072165 1.092783505154639 1.4639175257731958 2.0 1.8969072164948453 0.9896907216494846 0.8865979381443299 1.8969072164948453 1.6082474226804124 1.1134020618556701 1.5670103092783505 1.422680412371134 1.8969072164948453 1.9175257731958764 1.9793814432989691 1.8969072164948453 1.6494845360824741 1.9793814432989691 1.5670103092783505 1.0103092783505154 1.5463917525773196 1.092783505154639 1.3608247422680413 1.3402061855670102 1.5051546391752577  
19 211.16791683602457 1.9381443298969072 1.2371134020618557 1.4845360824742269 1.4845360824742269 1.9175257731958764 1.443298969072165 1.092783505154639 1.4639175257731958 2.0 1.8969072164948453 0.9896907216494846 0.8865979381443299 1.8969072164948453 1.6082474226804124 1.1134020618556701 1.5670103092783505 1.422680412371134 1.8969072164948453 1.9175257731958764 1.9793814432989691 1.8969072164948453 1.6494845360824741 1.9793814432989691 1.5670103092783505 1.0103092783505154 1.5463917525773196 1.092783505154639 1.3608247422680413 1.3402061855670102 1.5051546391752577  
79 25.692654639175252 2.9072164948453607 1.8556701030927836 2.2268041237113403 2.2268041237113403 2.8762886597938144 2.1649484536082473 1.6391752577319587 2.195876288659794 3.0 2.845360824742268 1.4845360824742269 1.3298969072164948 2.845360824742268 2.4123711340206184 1.6701030927835052 2.350515463917526 2.134020618556701 2.845360824742268 2.8762886597938144 2.9690721649484537 2.845360824742268 2.4742268041237114 2.9690721649484537 2.350515463917526 1.5154639175257731 2.3195876288659796 1.6391752577319587 2.0412371134020617 2.0103092783505154 2.2577319587628866  
25 110.79191545745401 2.9072164948453607 1.8556701030927836 2.2268041237113403 2.2268041237113403 2.8762886597938144 2.1649484536082473 1.6391752577319587 2.195876288659794 3.0 2.845360824742268 1.4845360824742269 1.3298969072164948 2.845360824742268 2.4123711340206184 1.6701030927835052 2.350515463917526 2.134020618556701 2.845360824742268 2.8762886597938144 2.9690721649484537 2.845360824742268 2.4742268041237114 2.9690721649484537 2.350515463917526 1.5154639175257731 2.3195876288659796 1.6391752577319587 2.0412371134020617 2.0103092783505154 2.2577319587628866  
5 61.56141693336697 2.9072164948453607 1.8556701030927836 2.2268041237113403 2.2268041237113403 2.8762886597938144 2.1649484536082473 1.6391752577319587 2.195876288659794 3.0 2.845360824742268 1.4845360824742269 1.3298969072164948 2.845360824742268 2.4123711340206184 1.6701030927835052 2.350515463917526 2.134020618556701 2.845360824742268 2.8762886597938144 2.9690721649484537 2.845360824742268 2.4742268041237114 2.9690721649484537 2.350515463917526 1.5154639175257731 2.3195876288659796 1.6391752577319587 2.0412371134020617 2.0103092783505154 2.2577319587628866  
49 4.841021223271766 1.9381443298969072 1.2371134020618557 1.4845360824742269 1.4845360824742269 1.9175257731958764 1.443298969072165 1.092783505154639 1.4639175257731958 2.0 1.8969072164948453 0.9896907216494846 0.8865979381443299 1.8969072164948453 1.6082474226804124 1.1134020618556701 1.5670103092783505 1.422680412371134 1.8969072164948453 1.9175257731958764 1.9793814432989691 1.8969072164948453 1.6494845360824741 1.9793814432989691 1.5670103092783505 1.0103092783505154 1.5463917525773196 1.092783505154639 1.3608247422680413 1.3402061855670102 1.5051546391752577  
85 3.57760942191212 1.9381443298969072 1.2371134020618557 1.4845360824742269 1.4845360824742269 1.9175257731958764 1.443298969072165 1.092783505154639 1.4639175257731958 2.0 1.8969072164948453 0.9896907216494846 0.8865979381443299 1.8969072164948453 1.6082474226804124 1.1134020618556701 1.5670103092783505 1.422680412371134 1.8969072164948453 1.9175257731958764 1.9793814432989691 1.8969072164948453 1.6494845360824741 1.9793814432989691 1.5670103092783505 1.0103092783505154 1.5463917525773196 1.092783505154639 1.3608247422680413 1.3402061855670102 1.5051546391752577  
8 72.88019907571989 2.9072164948453607 1.8556701030927836 2.2268041237113403 2.2268041237113403 2.8762886597938144 2.1649484536082473 1.6391752577319587 2.195876288659794 3.0 2.845360824742268 1.4845360824742269 1.3298969072164948 2.845360824742268 2.4123711340206184 1.6701030927835052 2.350515463917526 2.134020618556701 2.845360824742268 2.8762886597938144 2.9690721649484537 2.845360824742268 2.4742268041237114 2.9690721649484537 2.350515463917526 1.5154639175257731 2.3195876288659796 1.6391752577319587 2.0412371134020617 2.0103092783505154 2.2577319587628866  
89 4.328449502133712 1.9381443298969072 1.2371134020618557 1.4845360824742269 1.4845360824742269 1.9175257731958764 1.443298969072165 1.092783505154639 1.4639175257731958 2.0 1.8969072164948453 0.9896907216494846 0.8865979381443299 1.8969072164948453 1.6082474226804124 1.1134020618556701 1.5670103092783505 1.422680412371134 1.8969072164948453 1.9175257731958764 1.9793814432989691 1.8969072164948453 1.6494845360824741 1.9793814432989691 1.5670103092783505 1.0103092783505154 1.5463917525773196 1.092783505154639 1.3608247422680413 1.3402061855670102 1.5051546391752577  
46 131.94710801158953 1.9381443298969072 1.2371134020618557 1.4845360824742269 1.4845360824742269 1.9175257731958764 1.443298969072165 1.092783505154639 1.4639175257731958 2.0 1.8969072164948453 0.9896907216494846 0.8865979381443299 1.8969072164948453 1.6082474226804124 1.1134020618556701 1.5670103092783505 1.422680412371134 1.8969072164948453 1.9175257731958764 1.9793814432989691 1.8969072164948453 1.6494845360824741 1.9793814432989691 1.5670103092783505 1.0103092783505154 1.5463917525773196 1.092783505154639 1.3608247422680413 1.3402061855670102 1.5051546391752577  
2 34.36175360939416 1.9381443298969072 1.2371134020618557 1.4845360824742269 1.4845360824742269 1.9175257731958764 1.443298969072165 1.092783505154639 1.4639175257731958 2.0 1.8969072164948453 0.9896907216494846 0.8865979381443299 1.8969072164948453 1.6082474226804124 1.1134020618556701 1.5670103092783505 1.422680412371134 1.8969072164948453 1.9175257731958764 1.9793814432989691 1.8969072164948453 1.6494845360824741 1.9793814432989691 1.5670103092783505 1.0103092783505154 1.5463917525773196 1.092783505154639 1.3608247422680413 1.3402061855670102 1.5051546391752577  
33 117.16956259073457 2.9072164948453607 1.8556701030927836 2.2268041237113403 2.2268041237113403 2.8762886597938144 2.1649484536082473 1.6391752577319587 2.195876288659794 3.0 2.845360824742268 1.4845360824742269 1.3298969072164948 2.845360824742268 2.4123711340206184 1.6701030927835052 2.350515463917526 2.134020618556701 2.845360824742268 2.8762886597938144 2.9690721649484537 2.845360824742268 2.4742268041237114 2.9690721649484537 2.350515463917526 1.5154639175257731 2.3195876288659796 1.6391752577319587 2.0412371134020617 2.0103092783505154 2.2577319587628866  
37 107.89083711585228 1.9381443298969072 1.2371134020618557 1.4845360824742269 1.4845360824742269 1.9175257731958764 1.443298969072165 1.092783505154639 1.4639175257731958 2.0 1.8969072164948453 0.9896907216494846 0.8865979381443299 1.8969072164948453 1.6082474226804124 1.1134020618556701 1.5670103092783505 1.422680412371134 1.8969072164948453 1.9175257731958764 1.9793814432989691 1.8969072164948453 1.6494845360824741 1.9793814432989691 1.5670103092783505 1.0103092783505154 1.5463917525773196 1.092783505154639 1.3608247422680413 1.3402061855670102 1.5051546391752577  
10 97.62133575780926 1.9381443298969072 1.2371134020618557 1.4845360824742269 1.4845360824742269 1.9175257731958764 1.443298969072165 1.092783505154639 1.4639175257731958 2.0 1.8969072164948453 0.9896907216494846 0.8865979381443299 1.8969072164948453 1.6082474226804124 1.1134020618556701 1.5670103092783505 1.422680412371134 1.8969072164948453 1.9175257731958764 1.9793814432989691 1.8969072164948453 1.6494845360824741 1.9793814432989691 1.5670103092783505 1.0103092783505154 1.5463917525773196 1.092783505154639 1.3608247422680413 1.3402061855670102 1.5051546391752577  
44 122.19275311033029 2.9072164948453607 1.8556701030927836 2.2268041237113403 2.2268041237113403 2.8762886597938144 2.1649484536082473 1.6391752577319587 2.195876288659794 3.0 2.845360824742268 1.4845360824742269 1.3298969072164948 2.845360824742268 2.4123711340206184 1.6701030927835052 2.350515463917526 2.134020618556701 2.845360824742268 2.8762886597938144 2.9690721649484537 2.845360824742268 2.4742268041237114 2.9690721649484537 2.350515463917526 1.5154639175257731 2.3195876288659796 1.6391752577319587 2.0412371134020617 2.0103092783505154 2.2577319587628866  
29 57.788912943340456 2.9072164948453607 1.8556701030927836 2.2268041237113403 2.2268041237113403 2.8762886597938144 2.1649484536082473 1.6391752577319587 2.195876288659794 3.0 2.845360824742268 1.4845360824742269 1.3298969072164948 2.845360824742268 2.4123711340206184 1.6701030927835052 2.350515463917526 2.134020618556701 2.845360824742268 2.8762886597938144 2.9690721649484537 2.845360824742268 2.4742268041237114 2.9690721649484537 2.350515463917526 1.5154639175257731 2.3195876288659796 1.6391752577319587 2.0412371134020617 2.0103092783505154 2.2577319587628866  
38 161.0721386108899 1.9381443298969072 1.2371134020618557 1.4845360824742269 1.4845360824742269 1.9175257731958764 1.443298969072165 1.092783505154639 1.4639175257731958 2.0 1.8969072164948453 0.9896907216494846 0.8865979381443299 1.8969072164948453 1.6082474226804124 1.1134020618556701 1.5670103092783505 1.422680412371134 1.8969072164948453 1.9175257731958764 1.9793814432989691 1.8969072164948453 1.6494845360824741 1.9793814432989691 1.5670103092783505 1.0103092783505154 1.5463917525773196 1.092783505154639 1.3608247422680413 1.3402061855670102 1.5051546391752577  
31 63.21807333690194 1.9381443298969072 1.2371134020618557 1.4845360824742269 1.4845360824742269 1.9175257731958764 1.443298969072165 1.092783505154639 1.4639175257731958 2.0 1.8969072164948453 0.9896907216494846 0.8865979381443299 1.8969072164948453 1.6082474226804124 1.1134020618556701 1.5670103092783505 1.422680412371134 1.8969072164948453 1.9175257731958764 1.9793814432989691 1.8969072164948453 1.6494845360824741 1.9793814432989691 1.5670103092783505 1.0103092783505154 1.5463917525773196 1.092783505154639 1.3608247422680413 1.3402061855670102 1.5051546391752577  
71 57.406603337291116 2.9072164948453607 1.8556701030927836 2.2268041237113403 2.2268041237113403 2.8762886597938144 2.1649484536082473 1.6391752577319587 2.195876288659794 3.0 2.845360824742268 1.4845360824742269 1.3298969072164948 2.845360824742268 2.4123711340206184 1.6701030927835052 2.350515463917526 2.134020618556701 2.845360824742268 2.8762886597938144 2.9690721649484537 2.845360824742268 2.4742268041237114 2.9690721649484537 2.350515463917526 1.5154639175257731 2.3195876288659796 1.6391752577319587 2.0412371134020617 2.0103092783505154 2.2577319587628866  
34 61.19015693235085 2.9072164948453607 1.8556701030927836 2.2268041237113403 2.2268041237113403 2.8762886597938144 2.1649484536082473 1.6391752577319587 2.195876288659794 3.0 2.845360824742268 1.4845360824742269 1.3298969072164948 2.845360824742268 2.4123711340206184 1.6701030927835052 2.350515463917526 2.134020618556701 2.845360824742268 2.8762886597938144 2.9690721649484537 2.845360824742268 2.4742268041237114 2.9690721649484537 2.350515463917526 1.5154639175257731 2.3195876288659796 1.6391752577319587 2.0412371134020617 2.0103092783505154 2.2577319587628866  
66 34.13451675257731 2.9072164948453607 1.8556701030927836 2.2268041237113403 2.2268041237113403 2.8762886597938144 2.1649484536082473 1.6391752577319587 2.195876288659794 3.0 2.845360824742268 1.4845360824742269 1.3298969072164948 2.845360824742268 2.4123711340206184 1.6701030927835052 2.350515463917526 2.134020618556701 2.845360824742268 2.8762886597938144 2.9690721649484537 2.845360824742268 2.4742268041237114 2.9690721649484537 2.350515463917526 1.5154639175257731 2.3195876288659796 1.6391752577319587 2.0412371134020617 2.0103092783505154 2.2577319587628866  
57 221.56987674120415 1.9381443298969072 1.2371134020618557 1.4845360824742269 1.4845360824742269 1.9175257731958764 1.443298969072165 1.092783505154639 1.4639175257731958 2.0 1.8969072164948453 0.9896907216494846 0.8865979381443299 1.8969072164948453 1.6082474226804124 1.1134020618556701 1.5670103092783505 1.422680412371134 1.8969072164948453 1.9175257731958764 1.9793814432989691 1.8969072164948453 1.6494845360824741 1.9793814432989691 1.5670103092783505 1.0103092783505154 1.5463917525773196 1.092783505154639 1.3608247422680413 1.3402061855670102 1.5051546391752577  
60 82.642227824168 2.9072164948453607 1.8556701030927836 2.2268041237113403 2.2268041237113403 2.8762886597938144 2.1649484536082473 1.6391752577319587 2.195876288659794 3.0 2.845360824742268 1.4845360824742269 1.3298969072164948 2.845360824742268 2.4123711340206184 1.6701030927835052 2.350515463917526 2.134020618556701 2.845360824742268 2.8762886597938144 2.9690721649484537 2.845360824742268 2.4742268041237114 2.9690721649484537 2.350515463917526 1.5154639175257731 2.3195876288659796 1.6391752577319587 2.0412371134020617 2.0103092783505154 2.2577319587628866  
6 10.225202451647336 1.9381443298969072 1.2371134020618557 1.4845360824742269 1.4845360824742269 1.9175257731958764 1.443298969072165 1.092783505154639 1.4639175257731958 2.0 1.8969072164948453 0.9896907216494846 0.8865979381443299 1.8969072164948453 1.6082474226804124 1.1134020618556701 1.5670103092783505 1.422680412371134 1.8969072164948453 1.9175257731958764 1.9793814432989691 1.8969072164948453 1.6494845360824741 1.9793814432989691 1.5670103092783505 1.0103092783505154 1.5463917525773196 1.092783505154639 1.3608247422680413 1.3402061855670102 1.5051546391752577  
41 239.03153593994972 1.9381443298969072 1.2371134020618557 1.4845360824742269 1.4845360824742269 1.9175257731958764 1.443298969072165 1.092783505154639 1.4639175257731958 2.0 1.8969072164948453 0.9896907216494846 0.8865979381443299 1.8969072164948453 1.6082474226804124 1.1134020618556701 1.5670103092783505 1.422680412371134 1.8969072164948453 1.9175257731958764 1.9793814432989691 1.8969072164948453 1.6494845360824741 1.9793814432989691 1.5670103092783505 1.0103092783505154 1.5463917525773196 1.092783505154639 1.3608247422680413 1.3402061855670102 1.5051546391752577  
56 83.07462904017608 1.9381443298969072 1.2371134020618557 1.4845360824742269 1.4845360824742269 1.9175257731958764 1.443298969072165 1.092783505154639 1.4639175257731958 2.0 1.8969072164948453 0.9896907216494846 0.8865979381443299 1.8969072164948453 1.6082474226804124 1.1134020618556701 1.5670103092783505 1.422680412371134 1.8969072164948453 1.9175257731958764 1.9793814432989691 1.8969072164948453 1.6494845360824741 1.9793814432989691 1.5670103092783505 1.0103092783505154 1.5463917525773196 1.092783505154639 1.3608247422680413 1.3402061855670102 1.5051546391752577  
51 30.5543332955704 1.9381443298969072 1.2371134020618557 1.4845360824742269 1.4845360824742269 1.9175257731958764 1.443298969072165 1.092783505154639 1.4639175257731958 2.0 1.8969072164948453 0.9896907216494846 0.8865979381443299 1.8969072164948453 1.6082474226804124 1.1134020618556701 1.5670103092783505 1.422680412371134 1.8969072164948453 1.9175257731958764 1.9793814432989691 1.8969072164948453 1.6494845360824741 1.9793814432989691 1.5670103092783505 1.0103092783505154 1.5463917525773196 1.092783505154639 1.3608247422680413 1.3402061855670102 1.5051546391752577  
86 65.6705537754182 1.9381443298969072 1.2371134020618557 1.4845360824742269 1.4845360824742269 1.9175257731958764 1.443298969072165 1.092783505154639 1.4639175257731958 2.0 1.8969072164948453 0.9896907216494846 0.8865979381443299 1.8969072164948453 1.6082474226804124 1.1134020618556701 1.5670103092783505 1.422680412371134 1.8969072164948453 1.9175257731958764 1.9793814432989691 1.8969072164948453 1.6494845360824741 1.9793814432989691 1.5670103092783505 1.0103092783505154 1.5463917525773196 1.092783505154639 1.3608247422680413 1.3402061855670102 1.5051546391752577  
26 40.65692096502069 2.9072164948453607 1.8556701030927836 2.2268041237113403 2.2268041237113403 2.8762886597938144 2.1649484536082473 1.6391752577319587 2.195876288659794 3.0 2.845360824742268 1.4845360824742269 1.3298969072164948 2.845360824742268 2.4123711340206184 1.6701030927835052 2.350515463917526 2.134020618556701 2.845360824742268 2.8762886597938144 2.9690721649484537 2.845360824742268 2.4742268041237114 2.9690721649484537 2.350515463917526 1.5154639175257731 2.3195876288659796 1.6391752577319587 2.0412371134020617 2.0103092783505154 2.2577319587628866  
16 26.3114953996231 1.9381443298969072 1.2371134020618557 1.4845360824742269 1.4845360824742269 1.9175257731958764 1.443298969072165 1.092783505154639 1.4639175257731958 2.0 1.8969072164948453 0.9896907216494846 0.8865979381443299 1.8969072164948453 1.6082474226804124 1.1134020618556701 1.5670103092783505 1.422680412371134 1.8969072164948453 1.9175257731958764 1.9793814432989691 1.8969072164948453 1.6494845360824741 1.9793814432989691 1.5670103092783505 1.0103092783505154 1.5463917525773196 1.092783505154639 1.3608247422680413 1.3402061855670102 1.5051546391752577  
42 76.70986586051349 1.9381443298969072 1.2371134020618557 1.4845360824742269 1.4845360824742269 1.9175257731958764 1.443298969072165 1.092783505154639 1.4639175257731958 2.0 1.8969072164948453 0.9896907216494846 0.8865979381443299 1.8969072164948453 1.6082474226804124 1.1134020618556701 1.5670103092783505 1.422680412371134 1.8969072164948453 1.9175257731958764 1.9793814432989691 1.8969072164948453 1.6494845360824741 1.9793814432989691 1.5670103092783505 1.0103092783505154 1.5463917525773196 1.092783505154639 1.3608247422680413 1.3402061855670102 1.5051546391752577  
