30 10
TREE NETWORK (nID nID Weight):
1 0 46.0 
3 0 52.0 
4 3 44.0 
14 0 32.0 
5 3 48.0 
6 3 42.0 
10 3 39.0 
20 0 36.0 
12 3 45.0 
2 1 57.0 
25 0 36.0 
11 10 35.0 
7 6 42.0 
29 0 40.0 
26 25 56.0 
13 12 39.0 
15 14 42.0 
16 15 52.0 
21 20 54.0 
8 7 56.0 
9 8 41.0 
17 16 30.0 
27 25 31.0 
23 20 35.0 
28 27 39.0 
18 14 37.0 
24 20 35.0 
22 21 34.0 
19 18 41.0 
PROGRAMS ASSIGNED TO NODES (nID pID1 pID2 ...):
0 1 2 3 4 5 6 7 8 9 10  
20 2 6 8  
1 1 3 4 6 7 8  
10  
4 4 6  
21 1 2 3 4 5 6 7 9 10  
17  
8 2 4  
19 5 6 7 9 10  
24 1 4 5 6 10  
26 7  
2 1 2 3 4 7 8 9 10  
13 4  
15 8 10  
12 1 2 3 4 5 6 8 9 10  
29 1 3 4 5 6 7  
25 2 6 8 9 10  
14 1 2 3 4 5 6 7 9 10  
6  
22 1 2 3 4 5 7 8 9 10  
3 1 2 5 9  
11 2 3 4 5 6 7 8 9  
9 3 4 5 6 9 10  
16 1 2 4 5 7 9  
7  
27 4 5 8 10  
18 2 4 5 8 9 10  
23 1 2 5 6 7 8 10  
28 1 2 3 4 5 6 7 9 10  
5 6 7  
SIZE OF PROGRAMS (pID SIZE):
1 53.0 
2 47.0 
3 54.0 
4 49.0 
5 82.0 
6 74.0 
7 85.0 
8 51.0 
9 88.0 
10 94.0 
COST_INSTALL_SERVER_AND_PROGRAMS :
0 2440.425531914894 1.127659574468085 1.0 1.148936170212766 1.0425531914893618 1.7446808510638299 1.574468085106383 1.8085106382978724 1.0851063829787233 1.872340425531915 2.0  
20 15.0 1.6914893617021276 1.5 1.7234042553191489 1.5638297872340425 2.617021276595745 2.3617021276595747 2.7127659574468086 1.627659574468085 2.8085106382978724 3.0  
1 34.0 1.6914893617021276 1.5 1.7234042553191489 1.5638297872340425 2.617021276595745 2.3617021276595747 2.7127659574468086 1.627659574468085 2.8085106382978724 3.0  
10 3.751636661211129 1.127659574468085 1.0 1.148936170212766 1.0425531914893618 1.7446808510638299 1.574468085106383 1.8085106382978724 1.0851063829787233 1.872340425531915 2.0  
4 2.4590239547686354 1.127659574468085 1.0 1.148936170212766 1.0425531914893618 1.7446808510638299 1.574468085106383 1.8085106382978724 1.0851063829787233 1.872340425531915 2.0  
21 2.9208628841607567 1.6914893617021276 1.5 1.7234042553191489 1.5638297872340425 2.617021276595745 2.3617021276595747 2.7127659574468086 1.627659574468085 2.8085106382978724 3.0  
17 42.0 1.6914893617021276 1.5 1.7234042553191489 1.5638297872340425 2.617021276595745 2.3617021276595747 2.7127659574468086 1.627659574468085 2.8085106382978724 3.0  
8 17.02470968747565 1.127659574468085 1.0 1.148936170212766 1.0425531914893618 1.7446808510638299 1.574468085106383 1.8085106382978724 1.0851063829787233 1.872340425531915 2.0  
19 13.596561882003954 1.6914893617021276 1.5 1.7234042553191489 1.5638297872340425 2.617021276595745 2.3617021276595747 2.7127659574468086 1.627659574468085 2.8085106382978724 3.0  
24 13.991633457165369 1.127659574468085 1.0 1.148936170212766 1.0425531914893618 1.7446808510638299 1.574468085106383 1.8085106382978724 1.0851063829787233 1.872340425531915 2.0  
26 1.6563660925363053 1.127659574468085 1.0 1.148936170212766 1.0425531914893618 1.7446808510638299 1.574468085106383 1.8085106382978724 1.0851063829787233 1.872340425531915 2.0  
2 8.026250241185247 1.127659574468085 1.0 1.148936170212766 1.0425531914893618 1.7446808510638299 1.574468085106383 1.8085106382978724 1.0851063829787233 1.872340425531915 2.0  
13 1.379021640298236 1.6914893617021276 1.5 1.7234042553191489 1.5638297872340425 2.617021276595745 2.3617021276595747 2.7127659574468086 1.627659574468085 2.8085106382978724 3.0  
15 7.624806864235055 1.127659574468085 1.0 1.148936170212766 1.0425531914893618 1.7446808510638299 1.574468085106383 1.8085106382978724 1.0851063829787233 1.872340425531915 2.0  
12 14.333311511183853 1.127659574468085 1.0 1.148936170212766 1.0425531914893618 1.7446808510638299 1.574468085106383 1.8085106382978724 1.0851063829787233 1.872340425531915 2.0  
29 0.44345744680851007 1.127659574468085 1.0 1.148936170212766 1.0425531914893618 1.7446808510638299 1.574468085106383 1.8085106382978724 1.0851063829787233 1.872340425531915 2.0  
25 14.546115409413279 1.6914893617021276 1.5 1.7234042553191489 1.5638297872340425 2.617021276595745 2.3617021276595747 2.7127659574468086 1.627659574468085 2.8085106382978724 3.0  
14 6.936139990328819 1.127659574468085 1.0 1.148936170212766 1.0425531914893618 1.7446808510638299 1.574468085106383 1.8085106382978724 1.0851063829787233 1.872340425531915 2.0  
6 2.3074078403865643 1.6914893617021276 1.5 1.7234042553191489 1.5638297872340425 2.617021276595745 2.3617021276595747 2.7127659574468086 1.627659574468085 2.8085106382978724 3.0  
22 13.20363996662495 1.6914893617021276 1.5 1.7234042553191489 1.5638297872340425 2.617021276595745 2.3617021276595747 2.7127659574468086 1.627659574468085 2.8085106382978724 3.0  
3 63.0 1.6914893617021276 1.5 1.7234042553191489 1.5638297872340425 2.617021276595745 2.3617021276595747 2.7127659574468086 1.627659574468085 2.8085106382978724 3.0  
11 20.582632773058304 1.127659574468085 1.0 1.148936170212766 1.0425531914893618 1.7446808510638299 1.574468085106383 1.8085106382978724 1.0851063829787233 1.872340425531915 2.0  
9 39.282157897888304 1.127659574468085 1.0 1.148936170212766 1.0425531914893618 1.7446808510638299 1.574468085106383 1.8085106382978724 1.0851063829787233 1.872340425531915 2.0  
16 15.60420312969705 1.127659574468085 1.0 1.148936170212766 1.0425531914893618 1.7446808510638299 1.574468085106383 1.8085106382978724 1.0851063829787233 1.872340425531915 2.0  
7 23.35171849427169 1.127659574468085 1.0 1.148936170212766 1.0425531914893618 1.7446808510638299 1.574468085106383 1.8085106382978724 1.0851063829787233 1.872340425531915 2.0  
27 19.79928020770505 1.127659574468085 1.0 1.148936170212766 1.0425531914893618 1.7446808510638299 1.574468085106383 1.8085106382978724 1.0851063829787233 1.872340425531915 2.0  
18 9.516730161012074 1.6914893617021276 1.5 1.7234042553191489 1.5638297872340425 2.617021276595745 2.3617021276595747 2.7127659574468086 1.627659574468085 2.8085106382978724 3.0  
23 9.500060790273558 1.6914893617021276 1.5 1.7234042553191489 1.5638297872340425 2.617021276595745 2.3617021276595747 2.7127659574468086 1.627659574468085 2.8085106382978724 3.0  
28 26.923996738409922 1.6914893617021276 1.5 1.7234042553191489 1.5638297872340425 2.617021276595745 2.3617021276595747 2.7127659574468086 1.627659574468085 2.8085106382978724 3.0  
5 0.896164075286416 1.127659574468085 1.0 1.148936170212766 1.0425531914893618 1.7446808510638299 1.574468085106383 1.8085106382978724 1.0851063829787233 1.872340425531915 2.0  
