90 20
TREE NETWORK (nID nID Weight):
1 0 37.0 
10 0 30.0 
14 0 41.0 
15 14 55.0 
16 15 52.0 
35 14 34.0 
17 16 34.0 
36 35 57.0 
38 35 52.0 
39 38 59.0 
40 39 59.0 
22 15 40.0 
59 14 44.0 
60 59 58.0 
81 0 37.0 
2 1 44.0 
41 40 43.0 
69 14 47.0 
82 81 54.0 
18 17 43.0 
54 35 33.0 
37 36 51.0 
3 2 32.0 
28 15 31.0 
70 69 45.0 
23 22 42.0 
24 23 42.0 
62 59 50.0 
27 22 46.0 
66 59 49.0 
71 70 58.0 
83 81 36.0 
53 38 34.0 
86 0 50.0 
11 10 41.0 
42 41 58.0 
87 86 41.0 
43 41 35.0 
47 41 31.0 
8 1 41.0 
84 83 44.0 
77 70 31.0 
4 2 55.0 
31 15 52.0 
32 15 45.0 
5 2 46.0 
67 66 50.0 
33 32 35.0 
49 40 37.0 
72 71 30.0 
73 72 49.0 
63 62 32.0 
6 5 33.0 
19 18 50.0 
12 11 49.0 
44 43 42.0 
89 0 39.0 
61 60 54.0 
48 47 37.0 
64 63 45.0 
25 24 32.0 
85 84 41.0 
26 24 33.0 
78 77 38.0 
55 54 48.0 
74 73 42.0 
9 8 33.0 
57 35 50.0 
7 5 54.0 
13 10 36.0 
79 70 39.0 
50 49 36.0 
68 67 42.0 
80 79 53.0 
56 54 49.0 
75 72 40.0 
65 63 52.0 
51 40 55.0 
34 15 46.0 
20 19 48.0 
29 28 45.0 
76 71 59.0 
58 35 54.0 
30 29 57.0 
88 86 52.0 
52 51 30.0 
45 43 37.0 
46 45 46.0 
21 16 33.0 
PROGRAMS ASSIGNED TO NODES (nID pID1 pID2 ...):
0 1 2 3 4 5 6 7 8 9 10 11 12 13 14 15 16 17 18 19 20  
42 1 3 4 5 6 7 8 9 10 12 13 14 15 16 17 18 19 20  
16 2 3 5 6 7 9 10 11 13 15 18 20  
64 7 20  
4 2 3 4 6 8 9 12 13 14 16 17 18  
53 1 2 4 5 6 7 8 10 11 15  
57 1 5 8 20  
1 1 2 5 7 9 13 15 16 19  
7 5 10 13 16 17 19  
47 1 2 3 4 6 7 8 9 10 12 13 16 19  
52 3 4 7 9 10 14 15 16 18 19 20  
10 1 2 4 5 10 12 14 16  
36 2 3 4 5 6 7 8 9 10 11 12 13 14 15 16 17 18 19  
59 1 2 3 4 5 6 8 9 10 12 14 15 16 17 19 20  
21 6 9 15  
44 1 2 4 5 6 7 8 10 11 12 13 15 16 17 18 19 20  
78 1 2 3 5 6 7 8 13 14 15 16 18 19 20  
12 1 2 4 5 6 7 8 9 11 12 14 15 16 17 18 19  
8 4 5 9 10 13 16 18 19 20  
26 1 2 3 4 5 6 7 9 10 11 13 14 15 16 17 18 19 20  
60 2 3 4 7 8 9 15 17  
13 2 3 4 5 6 7 8 9 10 11 13 15 17 18 20  
70 1 3 5 6 7 9 11 14 15 18 19  
40 1 2 6 7 8 10 11 13 15 17 18 19 20  
18 5 10 11 17 18 19  
83 5 7 14 16 18 19  
58 1 2 4 6 7 8 9 10 11 12 13 14 17 18 19 20  
31 5 10 11 14 18  
56 1 2 3 4 5 6 7 8 9 11 12 13 14 15 16 18 20  
76 12  
11 4 8 11 13 16 19 20  
79 10 13 17  
88 1 4 5 6 9 10 11 13 17 18 19 20  
48 1 3 4 7 8 9 13 14 15 16 17 18 20  
9 2 3 4 5 6 7 8 9 10 11 12 13 14 15 16 17 18 19 20  
33  
17 1 13 14  
63 1 2 3 4 6 9 11 13 15 17 18 19 20  
67 1 2 3 4 5 7 8 10 11 12 13 14 15 16 17 18 19  
14 2 3 4 5 6 9 10 11 12 14 15 16 17 20  
22 3 4 5 7 9 11 12 14 17 18 19 20  
77 1 4 6 7 8 9 12 13 18 19  
28 1 7 14 18  
50 4 13  
34 1 2 3 5 7 9 12 15 18 19 20  
81 7 13 15 18  
29 1 9 16  
32 1 2 3 4 6 7 8 9 10 11 12 14 15 16 18 19 20  
86 5 6 7 8 14 15 17 18 20  
6 2 3 5 7 9 14 16 18 19  
49 1 3 4 5 6 8 10 11 12 14 15 16 17 18 19 20  
24 1 2 3 4 5 7 8 9 10 11 13 14 15 16 17 18 19 20  
55 1 3 4 7 8 9 10 11 12 13 14 16 17 20  
54 5 14 17 20  
38 1 2 4 5 6 7 9 11 13 16 17 19 20  
72 1 2 3 4 5 6 7 8 9 10 11 12 13 14 15 16 17 19 20  
61 3 5 9 10 11 14 16 17 18 19 20  
62 1 3 5 7 8 9 11 12 13 14 15 16 17 18 20  
2 5 8 14 15 19 20  
46 5 9 10 14 15 19  
20 9 12 18 20  
23 1 2 3 4 6 7 8 9 10 11 12 13 14 15 16 17 18 19 20  
19 11 12  
73 8 20  
43 1 2 4 5 6 7 8 10 14 18 19 20  
5 2 5  
74 2 3 4 5 6 7 8 9 10 11 12 13 14 15 16 17 18 19 20  
71 1 3 10 11 17  
66 2 5 6 8 10 13 14 18 20  
82 5 8 10 12  
87 20  
85 3 5 6 7 8 9 10 11 12 13 14 16 17 18 19 20  
30 1 2 5 6 10 11 12 13 14 16 17 18 20  
68 1 2 4 8 9 10 11 14 17  
25 1 2 4 5 7 10 12 14 15 16 17 18 19  
51 2 8 11 14 17  
37 1 4 6 7 8 9 10 12 18 20  
41 6  
35 1 2 4 5 6 7 9 10 11 12 13 14 15 19  
89 19  
69 1 3 4 5 6 7 8 10 11 12 13 14 15 16 17 18  
3 4 5 6 8 9 15 19  
75 2 5 6 8 10 11 12 15 17 18 19 20  
45 1 2 3 6 7 8 9 10 11 12 15 16 17 20  
15 1 2 4 5 6 8 12 14 15 16 18  
84 1 2 3 4 6 7 9 10 11 12 13 14 16 17 18 19 20  
27 1 4 12 20  
65 2 6 7 8 9 11 13 14 15 16 17 18 19  
39 1 8 14 18  
80  
SIZE OF PROGRAMS (pID SIZE):
1 77.0 
2 74.0 
3 54.0 
4 73.0 
5 95.0 
6 99.0 
7 84.0 
8 68.0 
9 89.0 
10 68.0 
11 53.0 
12 48.0 
13 80.0 
14 42.0 
15 83.0 
16 79.0 
17 91.0 
18 56.0 
19 66.0 
20 66.0 
COST_INSTALL_SERVER_AND_PROGRAMS :
0 5378.787878787879 2.3333333333333335 2.242424242424242 1.6363636363636365 2.212121212121212 2.878787878787879 3.0 2.5454545454545454 2.0606060606060606 2.696969696969697 2.0606060606060606 1.606060606060606 1.4545454545454546 2.4242424242424243 1.2727272727272727 2.515151515151515 2.393939393939394 2.757575757575758 1.696969696969697 2.0 2.0  
42 86.9352890848797 2.3333333333333335 2.242424242424242 1.6363636363636365 2.212121212121212 2.878787878787879 3.0 2.5454545454545454 2.0606060606060606 2.696969696969697 2.0606060606060606 1.606060606060606 1.4545454545454546 2.4242424242424243 1.2727272727272727 2.515151515151515 2.393939393939394 2.757575757575758 1.696969696969697 2.0 2.0  
16 33.01354144951707 2.3333333333333335 2.242424242424242 1.6363636363636365 2.212121212121212 2.878787878787879 3.0 2.5454545454545454 2.0606060606060606 2.696969696969697 2.0606060606060606 1.606060606060606 1.4545454545454546 2.4242424242424243 1.2727272727272727 2.515151515151515 2.393939393939394 2.757575757575758 1.696969696969697 2.0 2.0  
64 4.517447339246119 1.5555555555555556 1.494949494949495 1.0909090909090908 1.4747474747474747 1.9191919191919191 2.0 1.696969696969697 1.3737373737373737 1.797979797979798 1.3737373737373737 1.0707070707070707 0.9696969696969697 1.6161616161616161 0.8484848484848485 1.6767676767676767 1.595959595959596 1.8383838383838385 1.1313131313131313 1.3333333333333333 1.3333333333333333  
4 24.446164241164258 2.3333333333333335 2.242424242424242 1.6363636363636365 2.212121212121212 2.878787878787879 3.0 2.5454545454545454 2.0606060606060606 2.696969696969697 2.0606060606060606 1.606060606060606 1.4545454545454546 2.4242424242424243 1.2727272727272727 2.515151515151515 2.393939393939394 2.757575757575758 1.696969696969697 2.0 2.0  
53 67.51265048372784 2.3333333333333335 2.242424242424242 1.6363636363636365 2.212121212121212 2.878787878787879 3.0 2.5454545454545454 2.0606060606060606 2.696969696969697 2.0606060606060606 1.606060606060606 1.4545454545454546 2.4242424242424243 1.2727272727272727 2.515151515151515 2.393939393939394 2.757575757575758 1.696969696969697 2.0 2.0  
57 11.481117516629714 1.5555555555555556 1.494949494949495 1.0909090909090908 1.4747474747474747 1.9191919191919191 2.0 1.696969696969697 1.3737373737373737 1.797979797979798 1.3737373737373737 1.0707070707070707 0.9696969696969697 1.6161616161616161 0.8484848484848485 1.6767676767676767 1.595959595959596 1.8383838383838385 1.1313131313131313 1.3333333333333333 1.3333333333333333  
1 17.0 2.3333333333333335 2.242424242424242 1.6363636363636365 2.212121212121212 2.878787878787879 3.0 2.5454545454545454 2.0606060606060606 2.696969696969697 2.0606060606060606 1.606060606060606 1.4545454545454546 2.4242424242424243 1.2727272727272727 2.515151515151515 2.393939393939394 2.757575757575758 1.696969696969697 2.0 2.0  
7 33.91665512208991 1.5555555555555556 1.494949494949495 1.0909090909090908 1.4747474747474747 1.9191919191919191 2.0 1.696969696969697 1.3737373737373737 1.797979797979798 1.3737373737373737 1.0707070707070707 0.9696969696969697 1.6161616161616161 0.8484848484848485 1.6767676767676767 1.595959595959596 1.8383838383838385 1.1313131313131313 1.3333333333333333 1.3333333333333333  
47 186.72280798539907 2.3333333333333335 2.242424242424242 1.6363636363636365 2.212121212121212 2.878787878787879 3.0 2.5454545454545454 2.0606060606060606 2.696969696969697 2.0606060606060606 1.606060606060606 1.4545454545454546 2.4242424242424243 1.2727272727272727 2.515151515151515 2.393939393939394 2.757575757575758 1.696969696969697 2.0 2.0  
52 31.519680846028624 1.5555555555555556 1.494949494949495 1.0909090909090908 1.4747474747474747 1.9191919191919191 2.0 1.696969696969697 1.3737373737373737 1.797979797979798 1.3737373737373737 1.0707070707070707 0.9696969696969697 1.6161616161616161 0.8484848484848485 1.6767676767676767 1.595959595959596 1.8383838383838385 1.1313131313131313 1.3333333333333333 1.3333333333333333  
10 3.1902597402597377 2.3333333333333335 2.242424242424242 1.6363636363636365 2.212121212121212 2.878787878787879 3.0 2.5454545454545454 2.0606060606060606 2.696969696969697 2.0606060606060606 1.606060606060606 1.4545454545454546 2.4242424242424243 1.2727272727272727 2.515151515151515 2.393939393939394 2.757575757575758 1.696969696969697 2.0 2.0  
36 71.45069482649716 2.3333333333333335 2.242424242424242 1.6363636363636365 2.212121212121212 2.878787878787879 3.0 2.5454545454545454 2.0606060606060606 2.696969696969697 2.0606060606060606 1.606060606060606 1.4545454545454546 2.4242424242424243 1.2727272727272727 2.515151515151515 2.393939393939394 2.757575757575758 1.696969696969697 2.0 2.0  
59 30.188292624268232 1.5555555555555556 1.494949494949495 1.0909090909090908 1.4747474747474747 1.9191919191919191 2.0 1.696969696969697 1.3737373737373737 1.797979797979798 1.3737373737373737 1.0707070707070707 0.9696969696969697 1.6161616161616161 0.8484848484848485 1.6767676767676767 1.595959595959596 1.8383838383838385 1.1313131313131313 1.3333333333333333 1.3333333333333333  
21 20.460238074933198 1.5555555555555556 1.494949494949495 1.0909090909090908 1.4747474747474747 1.9191919191919191 2.0 1.696969696969697 1.3737373737373737 1.797979797979798 1.3737373737373737 1.0707070707070707 0.9696969696969697 1.6161616161616161 0.8484848484848485 1.6767676767676767 1.595959595959596 1.8383838383838385 1.1313131313131313 1.3333333333333333 1.3333333333333333  
44 197.761579790521 1.5555555555555556 1.494949494949495 1.0909090909090908 1.4747474747474747 1.9191919191919191 2.0 1.696969696969697 1.3737373737373737 1.797979797979798 1.3737373737373737 1.0707070707070707 0.9696969696969697 1.6161616161616161 0.8484848484848485 1.6767676767676767 1.595959595959596 1.8383838383838385 1.1313131313131313 1.3333333333333333 1.3333333333333333  
78 88.53440663152432 2.3333333333333335 2.242424242424242 1.6363636363636365 2.212121212121212 2.878787878787879 3.0 2.5454545454545454 2.0606060606060606 2.696969696969697 2.0606060606060606 1.606060606060606 1.4545454545454546 2.4242424242424243 1.2727272727272727 2.515151515151515 2.393939393939394 2.757575757575758 1.696969696969697 2.0 2.0  
12 44.519671575947456 1.5555555555555556 1.494949494949495 1.0909090909090908 1.4747474747474747 1.9191919191919191 2.0 1.696969696969697 1.3737373737373737 1.797979797979798 1.3737373737373737 1.0707070707070707 0.9696969696969697 1.6161616161616161 0.8484848484848485 1.6767676767676767 1.595959595959596 1.8383838383838385 1.1313131313131313 1.3333333333333333 1.3333333333333333  
8 18.774782765026682 2.3333333333333335 2.242424242424242 1.6363636363636365 2.212121212121212 2.878787878787879 3.0 2.5454545454545454 2.0606060606060606 2.696969696969697 2.0606060606060606 1.606060606060606 1.4545454545454546 2.4242424242424243 1.2727272727272727 2.515151515151515 2.393939393939394 2.757575757575758 1.696969696969697 2.0 2.0  
26 111.30094661542994 1.5555555555555556 1.494949494949495 1.0909090909090908 1.4747474747474747 1.9191919191919191 2.0 1.696969696969697 1.3737373737373737 1.797979797979798 1.3737373737373737 1.0707070707070707 0.9696969696969697 1.6161616161616161 0.8484848484848485 1.6767676767676767 1.595959595959596 1.8383838383838385 1.1313131313131313 1.3333333333333333 1.3333333333333333  
60 43.65781678907513 2.3333333333333335 2.242424242424242 1.6363636363636365 2.212121212121212 2.878787878787879 3.0 2.5454545454545454 2.0606060606060606 2.696969696969697 2.0606060606060606 1.606060606060606 1.4545454545454546 2.4242424242424243 1.2727272727272727 2.515151515151515 2.393939393939394 2.757575757575758 1.696969696969697 2.0 2.0  
13 36.65083333333332 2.3333333333333335 2.242424242424242 1.6363636363636365 2.212121212121212 2.878787878787879 3.0 2.5454545454545454 2.0606060606060606 2.696969696969697 2.0606060606060606 1.606060606060606 1.4545454545454546 2.4242424242424243 1.2727272727272727 2.515151515151515 2.393939393939394 2.757575757575758 1.696969696969697 2.0 2.0  
70 50.204236223904104 1.5555555555555556 1.494949494949495 1.0909090909090908 1.4747474747474747 1.9191919191919191 2.0 1.696969696969697 1.3737373737373737 1.797979797979798 1.3737373737373737 1.0707070707070707 0.9696969696969697 1.6161616161616161 0.8484848484848485 1.6767676767676767 1.595959595959596 1.8383838383838385 1.1313131313131313 1.3333333333333333 1.3333333333333333  
40 96.491138546585 2.3333333333333335 2.242424242424242 1.6363636363636365 2.212121212121212 2.878787878787879 3.0 2.5454545454545454 2.0606060606060606 2.696969696969697 2.0606060606060606 1.606060606060606 1.4545454545454546 2.4242424242424243 1.2727272727272727 2.515151515151515 2.393939393939394 2.757575757575758 1.696969696969697 2.0 2.0  
18 21.27751358092154 2.3333333333333335 2.242424242424242 1.6363636363636365 2.212121212121212 2.878787878787879 3.0 2.5454545454545454 2.0606060606060606 2.696969696969697 2.0606060606060606 1.606060606060606 1.4545454545454546 2.4242424242424243 1.2727272727272727 2.515151515151515 2.393939393939394 2.757575757575758 1.696969696969697 2.0 2.0  
83 10.011425061425063 2.3333333333333335 2.242424242424242 1.6363636363636365 2.212121212121212 2.878787878787879 3.0 2.5454545454545454 2.0606060606060606 2.696969696969697 2.0606060606060606 1.606060606060606 1.4545454545454546 2.4242424242424243 1.2727272727272727 2.515151515151515 2.393939393939394 2.757575757575758 1.696969696969697 2.0 2.0  
58 36.716866018613004 2.3333333333333335 2.242424242424242 1.6363636363636365 2.212121212121212 2.878787878787879 3.0 2.5454545454545454 2.0606060606060606 2.696969696969697 2.0606060606060606 1.606060606060606 1.4545454545454546 2.4242424242424243 1.2727272727272727 2.515151515151515 2.393939393939394 2.757575757575758 1.696969696969697 2.0 2.0  
31 6.09590552175918 1.5555555555555556 1.494949494949495 1.0909090909090908 1.4747474747474747 1.9191919191919191 2.0 1.696969696969697 1.3737373737373737 1.797979797979798 1.3737373737373737 1.0707070707070707 0.9696969696969697 1.6161616161616161 0.8484848484848485 1.6767676767676767 1.595959595959596 1.8383838383838385 1.1313131313131313 1.3333333333333333 1.3333333333333333  
56 77.45892828676186 2.3333333333333335 2.242424242424242 1.6363636363636365 2.212121212121212 2.878787878787879 3.0 2.5454545454545454 2.0606060606060606 2.696969696969697 2.0606060606060606 1.606060606060606 1.4545454545454546 2.4242424242424243 1.2727272727272727 2.515151515151515 2.393939393939394 2.757575757575758 1.696969696969697 2.0 2.0  
76 1.0335825132340248 2.3333333333333335 2.242424242424242 1.6363636363636365 2.212121212121212 2.878787878787879 3.0 2.5454545454545454 2.0606060606060606 2.696969696969697 2.0606060606060606 1.606060606060606 1.4545454545454546 2.4242424242424243 1.2727272727272727 2.515151515151515 2.393939393939394 2.757575757575758 1.696969696969697 2.0 2.0  
11 39.52325475551406 2.3333333333333335 2.242424242424242 1.6363636363636365 2.212121212121212 2.878787878787879 3.0 2.5454545454545454 2.0606060606060606 2.696969696969697 2.0606060606060606 1.606060606060606 1.4545454545454546 2.4242424242424243 1.2727272727272727 2.515151515151515 2.393939393939394 2.757575757575758 1.696969696969697 2.0 2.0  
79 14.02032646935605 1.5555555555555556 1.494949494949495 1.0909090909090908 1.4747474747474747 1.9191919191919191 2.0 1.696969696969697 1.3737373737373737 1.797979797979798 1.3737373737373737 1.0707070707070707 0.9696969696969697 1.6161616161616161 0.8484848484848485 1.6767676767676767 1.595959595959596 1.8383838383838385 1.1313131313131313 1.3333333333333333 1.3333333333333333  
88 17.23960749506905 1.5555555555555556 1.494949494949495 1.0909090909090908 1.4747474747474747 1.9191919191919191 2.0 1.696969696969697 1.3737373737373737 1.797979797979798 1.3737373737373737 1.0707070707070707 0.9696969696969697 1.6161616161616161 0.8484848484848485 1.6767676767676767 1.595959595959596 1.8383838383838385 1.1313131313131313 1.3333333333333333 1.3333333333333333  
48 150.3407494868305 1.5555555555555556 1.494949494949495 1.0909090909090908 1.4747474747474747 1.9191919191919191 2.0 1.696969696969697 1.3737373737373737 1.797979797979798 1.3737373737373737 1.0707070707070707 0.9696969696969697 1.6161616161616161 0.8484848484848485 1.6767676767676767 1.595959595959596 1.8383838383838385 1.1313131313131313 1.3333333333333333 1.3333333333333333  
9 77.37270929466052 2.3333333333333335 2.242424242424242 1.6363636363636365 2.212121212121212 2.878787878787879 3.0 2.5454545454545454 2.0606060606060606 2.696969696969697 2.0606060606060606 1.606060606060606 1.4545454545454546 2.4242424242424243 1.2727272727272727 2.515151515151515 2.393939393939394 2.757575757575758 1.696969696969697 2.0 2.0  
33 41.0 1.5555555555555556 1.494949494949495 1.0909090909090908 1.4747474747474747 1.9191919191919191 2.0 1.696969696969697 1.3737373737373737 1.797979797979798 1.3737373737373737 1.0707070707070707 0.9696969696969697 1.6161616161616161 0.8484848484848485 1.6767676767676767 1.595959595959596 1.8383838383838385 1.1313131313131313 1.3333333333333333 1.3333333333333333  
17 17.70343515164893 1.5555555555555556 1.494949494949495 1.0909090909090908 1.4747474747474747 1.9191919191919191 2.0 1.696969696969697 1.3737373737373737 1.797979797979798 1.3737373737373737 1.0707070707070707 0.9696969696969697 1.6161616161616161 0.8484848484848485 1.6767676767676767 1.595959595959596 1.8383838383838385 1.1313131313131313 1.3333333333333333 1.3333333333333333  
63 120.03441033642659 1.5555555555555556 1.494949494949495 1.0909090909090908 1.4747474747474747 1.9191919191919191 2.0 1.696969696969697 1.3737373737373737 1.797979797979798 1.3737373737373737 1.0707070707070707 0.9696969696969697 1.6161616161616161 0.8484848484848485 1.6767676767676767 1.595959595959596 1.8383838383838385 1.1313131313131313 1.3333333333333333 1.3333333333333333  
67 21.973497443323218 2.3333333333333335 2.242424242424242 1.6363636363636365 2.212121212121212 2.878787878787879 3.0 2.5454545454545454 2.0606060606060606 2.696969696969697 2.0606060606060606 1.606060606060606 1.4545454545454546 2.4242424242424243 1.2727272727272727 2.515151515151515 2.393939393939394 2.757575757575758 1.696969696969697 2.0 2.0  
14 50.0 2.3333333333333335 2.242424242424242 1.6363636363636365 2.212121212121212 2.878787878787879 3.0 2.5454545454545454 2.0606060606060606 2.696969696969697 2.0606060606060606 1.606060606060606 1.4545454545454546 2.4242424242424243 1.2727272727272727 2.515151515151515 2.393939393939394 2.757575757575758 1.696969696969697 2.0 2.0  
22 46.610993353981165 1.5555555555555556 1.494949494949495 1.0909090909090908 1.4747474747474747 1.9191919191919191 2.0 1.696969696969697 1.3737373737373737 1.797979797979798 1.3737373737373737 1.0707070707070707 0.9696969696969697 1.6161616161616161 0.8484848484848485 1.6767676767676767 1.595959595959596 1.8383838383838385 1.1313131313131313 1.3333333333333333 1.3333333333333333  
77 117.19153115432073 1.5555555555555556 1.494949494949495 1.0909090909090908 1.4747474747474747 1.9191919191919191 2.0 1.696969696969697 1.3737373737373737 1.797979797979798 1.3737373737373737 1.0707070707070707 0.9696969696969697 1.6161616161616161 0.8484848484848485 1.6767676767676767 1.595959595959596 1.8383838383838385 1.1313131313131313 1.3333333333333333 1.3333333333333333  
28 17.771320720978473 2.3333333333333335 2.242424242424242 1.6363636363636365 2.212121212121212 2.878787878787879 3.0 2.5454545454545454 2.0606060606060606 2.696969696969697 2.0606060606060606 1.606060606060606 1.4545454545454546 2.4242424242424243 1.2727272727272727 2.515151515151515 2.393939393939394 2.757575757575758 1.696969696969697 2.0 2.0  
50 6.032768155835539 2.3333333333333335 2.242424242424242 1.6363636363636365 2.212121212121212 2.878787878787879 3.0 2.5454545454545454 2.0606060606060606 2.696969696969697 2.0606060606060606 1.606060606060606 1.4545454545454546 2.4242424242424243 1.2727272727272727 2.515151515151515 2.393939393939394 2.757575757575758 1.696969696969697 2.0 2.0  
34 25.03636620714033 1.5555555555555556 1.494949494949495 1.0909090909090908 1.4747474747474747 1.9191919191919191 2.0 1.696969696969697 1.3737373737373737 1.797979797979798 1.3737373737373737 1.0707070707070707 0.9696969696969697 1.6161616161616161 0.8484848484848485 1.6767676767676767 1.595959595959596 1.8383838383838385 1.1313131313131313 1.3333333333333333 1.3333333333333333  
81 6.246018746018746 1.5555555555555556 1.494949494949495 1.0909090909090908 1.4747474747474747 1.9191919191919191 2.0 1.696969696969697 1.3737373737373737 1.797979797979798 1.3737373737373737 1.0707070707070707 0.9696969696969697 1.6161616161616161 0.8484848484848485 1.6767676767676767 1.595959595959596 1.8383838383838385 1.1313131313131313 1.3333333333333333 1.3333333333333333  
29 42.99323605846028 2.3333333333333335 2.242424242424242 1.6363636363636365 2.212121212121212 2.878787878787879 3.0 2.5454545454545454 2.0606060606060606 2.696969696969697 2.0606060606060606 1.606060606060606 1.4545454545454546 2.4242424242424243 1.2727272727272727 2.515151515151515 2.393939393939394 2.757575757575758 1.696969696969697 2.0 2.0  
32 39.13863020448387 1.5555555555555556 1.494949494949495 1.0909090909090908 1.4747474747474747 1.9191919191919191 2.0 1.696969696969697 1.3737373737373737 1.797979797979798 1.3737373737373737 1.0707070707070707 0.9696969696969697 1.6161616161616161 0.8484848484848485 1.6767676767676767 1.595959595959596 1.8383838383838385 1.1313131313131313 1.3333333333333333 1.3333333333333333  
86 4.085454545454548 1.5555555555555556 1.494949494949495 1.0909090909090908 1.4747474747474747 1.9191919191919191 2.0 1.696969696969697 1.3737373737373737 1.797979797979798 1.3737373737373737 1.0707070707070707 0.9696969696969697 1.6161616161616161 0.8484848484848485 1.6767676767676767 1.595959595959596 1.8383838383838385 1.1313131313131313 1.3333333333333333 1.3333333333333333  
6 45.68430189082362 2.3333333333333335 2.242424242424242 1.6363636363636365 2.212121212121212 2.878787878787879 3.0 2.5454545454545454 2.0606060606060606 2.696969696969697 2.0606060606060606 1.606060606060606 1.4545454545454546 2.4242424242424243 1.2727272727272727 2.515151515151515 2.393939393939394 2.757575757575758 1.696969696969697 2.0 2.0  
49 124.16603591741514 1.5555555555555556 1.494949494949495 1.0909090909090908 1.4747474747474747 1.9191919191919191 2.0 1.696969696969697 1.3737373737373737 1.797979797979798 1.3737373737373737 1.0707070707070707 0.9696969696969697 1.6161616161616161 0.8484848484848485 1.6767676767676767 1.595959595959596 1.8383838383838385 1.1313131313131313 1.3333333333333333 1.3333333333333333  
24 71.84563234384662 2.3333333333333335 2.242424242424242 1.6363636363636365 2.212121212121212 2.878787878787879 3.0 2.5454545454545454 2.0606060606060606 2.696969696969697 2.0606060606060606 1.606060606060606 1.4545454545454546 2.4242424242424243 1.2727272727272727 2.515151515151515 2.393939393939394 2.757575757575758 1.696969696969697 2.0 2.0  
55 90.60010760401721 1.5555555555555556 1.494949494949495 1.0909090909090908 1.4747474747474747 1.9191919191919191 2.0 1.696969696969697 1.3737373737373737 1.797979797979798 1.3737373737373737 1.0707070707070707 0.9696969696969697 1.6161616161616161 0.8484848484848485 1.6767676767676767 1.595959595959596 1.8383838383838385 1.1313131313131313 1.3333333333333333 1.3333333333333333  
54 44.06113140008406 1.5555555555555556 1.494949494949495 1.0909090909090908 1.4747474747474747 1.9191919191919191 2.0 1.696969696969697 1.3737373737373737 1.797979797979798 1.3737373737373737 1.0707070707070707 0.9696969696969697 1.6161616161616161 0.8484848484848485 1.6767676767676767 1.595959595959596 1.8383838383838385 1.1313131313131313 1.3333333333333333 1.3333333333333333  
38 53.805908522371936 2.3333333333333335 2.242424242424242 1.6363636363636365 2.212121212121212 2.878787878787879 3.0 2.5454545454545454 2.0606060606060606 2.696969696969697 2.0606060606060606 1.606060606060606 1.4545454545454546 2.4242424242424243 1.2727272727272727 2.515151515151515 2.393939393939394 2.757575757575758 1.696969696969697 2.0 2.0  
72 117.07956737620502 2.3333333333333335 2.242424242424242 1.6363636363636365 2.212121212121212 2.878787878787879 3.0 2.5454545454545454 2.0606060606060606 2.696969696969697 2.0606060606060606 1.606060606060606 1.4545454545454546 2.4242424242424243 1.2727272727272727 2.515151515151515 2.393939393939394 2.757575757575758 1.696969696969697 2.0 2.0  
61 14.27118727221755 1.5555555555555556 1.494949494949495 1.0909090909090908 1.4747474747474747 1.9191919191919191 2.0 1.696969696969697 1.3737373737373737 1.797979797979798 1.3737373737373737 1.0707070707070707 0.9696969696969697 1.6161616161616161 0.8484848484848485 1.6767676767676767 1.595959595959596 1.8383838383838385 1.1313131313131313 1.3333333333333333 1.3333333333333333  
62 43.08951552106431 2.3333333333333335 2.242424242424242 1.6363636363636365 2.212121212121212 2.878787878787879 3.0 2.5454545454545454 2.0606060606060606 2.696969696969697 2.0606060606060606 1.606060606060606 1.4545454545454546 2.4242424242424243 1.2727272727272727 2.515151515151515 2.393939393939394 2.757575757575758 1.696969696969697 2.0 2.0  
2 25.97567603488656 1.5555555555555556 1.494949494949495 1.0909090909090908 1.4747474747474747 1.9191919191919191 2.0 1.696969696969697 1.3737373737373737 1.797979797979798 1.3737373737373737 1.0707070707070707 0.9696969696969697 1.6161616161616161 0.8484848484848485 1.6767676767676767 1.595959595959596 1.8383838383838385 1.1313131313131313 1.3333333333333333 1.3333333333333333  
46 68.41507591161935 2.3333333333333335 2.242424242424242 1.6363636363636365 2.212121212121212 2.878787878787879 3.0 2.5454545454545454 2.0606060606060606 2.696969696969697 2.0606060606060606 1.606060606060606 1.4545454545454546 2.4242424242424243 1.2727272727272727 2.515151515151515 2.393939393939394 2.757575757575758 1.696969696969697 2.0 2.0  
20 35.6127031350391 2.3333333333333335 2.242424242424242 1.6363636363636365 2.212121212121212 2.878787878787879 3.0 2.5454545454545454 2.0606060606060606 2.696969696969697 2.0606060606060606 1.606060606060606 1.4545454545454546 2.4242424242424243 1.2727272727272727 2.515151515151515 2.393939393939394 2.757575757575758 1.696969696969697 2.0 2.0  
23 94.52815799022258 1.5555555555555556 1.494949494949495 1.0909090909090908 1.4747474747474747 1.9191919191919191 2.0 1.696969696969697 1.3737373737373737 1.797979797979798 1.3737373737373737 1.0707070707070707 0.9696969696969697 1.6161616161616161 0.8484848484848485 1.6767676767676767 1.595959595959596 1.8383838383838385 1.1313131313131313 1.3333333333333333 1.3333333333333333  
19 28.521390087185285 1.5555555555555556 1.494949494949495 1.0909090909090908 1.4747474747474747 1.9191919191919191 2.0 1.696969696969697 1.3737373737373737 1.797979797979798 1.3737373737373737 1.0707070707070707 0.9696969696969697 1.6161616161616161 0.8484848484848485 1.6767676767676767 1.595959595959596 1.8383838383838385 1.1313131313131313 1.3333333333333333 1.3333333333333333  
73 185.65283178275635 2.3333333333333335 2.242424242424242 1.6363636363636365 2.212121212121212 2.878787878787879 3.0 2.5454545454545454 2.0606060606060606 2.696969696969697 2.0606060606060606 1.606060606060606 1.4545454545454546 2.4242424242424243 1.2727272727272727 2.515151515151515 2.393939393939394 2.757575757575758 1.696969696969697 2.0 2.0  
43 214.78642886187365 2.3333333333333335 2.242424242424242 1.6363636363636365 2.212121212121212 2.878787878787879 3.0 2.5454545454545454 2.0606060606060606 2.696969696969697 2.0606060606060606 1.606060606060606 1.4545454545454546 2.4242424242424243 1.2727272727272727 2.515151515151515 2.393939393939394 2.757575757575758 1.696969696969697 2.0 2.0  
5 41.450849953023884 2.3333333333333335 2.242424242424242 1.6363636363636365 2.212121212121212 2.878787878787879 3.0 2.5454545454545454 2.0606060606060606 2.696969696969697 2.0606060606060606 1.606060606060606 1.4545454545454546 2.4242424242424243 1.2727272727272727 2.515151515151515 2.393939393939394 2.757575757575758 1.696969696969697 2.0 2.0  
74 162.9843245978703 2.3333333333333335 2.242424242424242 1.6363636363636365 2.212121212121212 2.878787878787879 3.0 2.5454545454545454 2.0606060606060606 2.696969696969697 2.0606060606060606 1.606060606060606 1.4545454545454546 2.4242424242424243 1.2727272727272727 2.515151515151515 2.393939393939394 2.757575757575758 1.696969696969697 2.0 2.0  
71 23.767682615030644 2.3333333333333335 2.242424242424242 1.6363636363636365 2.212121212121212 2.878787878787879 3.0 2.5454545454545454 2.0606060606060606 2.696969696969697 2.0606060606060606 1.606060606060606 1.4545454545454546 2.4242424242424243 1.2727272727272727 2.515151515151515 2.393939393939394 2.757575757575758 1.696969696969697 2.0 2.0  
66 18.69729139148004 2.3333333333333335 2.242424242424242 1.6363636363636365 2.212121212121212 2.878787878787879 3.0 2.5454545454545454 2.0606060606060606 2.696969696969697 2.0606060606060606 1.606060606060606 1.4545454545454546 2.4242424242424243 1.2727272727272727 2.515151515151515 2.393939393939394 2.757575757575758 1.696969696969697 2.0 2.0  
82 1.2757985257985258 2.3333333333333335 2.242424242424242 1.6363636363636365 2.212121212121212 2.878787878787879 3.0 2.5454545454545454 2.0606060606060606 2.696969696969697 2.0606060606060606 1.606060606060606 1.4545454545454546 2.4242424242424243 1.2727272727272727 2.515151515151515 2.393939393939394 2.757575757575758 1.696969696969697 2.0 2.0  
87 1.277138211382114 1.5555555555555556 1.494949494949495 1.0909090909090908 1.4747474747474747 1.9191919191919191 2.0 1.696969696969697 1.3737373737373737 1.797979797979798 1.3737373737373737 1.0707070707070707 0.9696969696969697 1.6161616161616161 0.8484848484848485 1.6767676767676767 1.595959595959596 1.8383838383838385 1.1313131313131313 1.3333333333333333 1.3333333333333333  
85 99.01520121921843 1.5555555555555556 1.494949494949495 1.0909090909090908 1.4747474747474747 1.9191919191919191 2.0 1.696969696969697 1.3737373737373737 1.797979797979798 1.3737373737373737 1.0707070707070707 0.9696969696969697 1.6161616161616161 0.8484848484848485 1.6767676767676767 1.595959595959596 1.8383838383838385 1.1313131313131313 1.3333333333333333 1.3333333333333333  
30 51.30728678979953 1.5555555555555556 1.494949494949495 1.0909090909090908 1.4747474747474747 1.9191919191919191 2.0 1.696969696969697 1.3737373737373737 1.797979797979798 1.3737373737373737 1.0707070707070707 0.9696969696969697 1.6161616161616161 0.8484848484848485 1.6767676767676767 1.595959595959596 1.8383838383838385 1.1313131313131313 1.3333333333333333 1.3333333333333333  
68 20.58217204398389 2.3333333333333335 2.242424242424242 1.6363636363636365 2.212121212121212 2.878787878787879 3.0 2.5454545454545454 2.0606060606060606 2.696969696969697 2.0606060606060606 1.606060606060606 1.4545454545454546 2.4242424242424243 1.2727272727272727 2.515151515151515 2.393939393939394 2.757575757575758 1.696969696969697 2.0 2.0  
25 102.96781505950501 1.5555555555555556 1.494949494949495 1.0909090909090908 1.4747474747474747 1.9191919191919191 2.0 1.696969696969697 1.3737373737373737 1.797979797979798 1.3737373737373737 1.0707070707070707 0.9696969696969697 1.6161616161616161 0.8484848484848485 1.6767676767676767 1.595959595959596 1.8383838383838385 1.1313131313131313 1.3333333333333333 1.3333333333333333  
51 85.53509519135754 2.3333333333333335 2.242424242424242 1.6363636363636365 2.212121212121212 2.878787878787879 3.0 2.5454545454545454 2.0606060606060606 2.696969696969697 2.0606060606060606 1.606060606060606 1.4545454545454546 2.4242424242424243 1.2727272727272727 2.515151515151515 2.393939393939394 2.757575757575758 1.696969696969697 2.0 2.0  
37 21.274053447644988 2.3333333333333335 2.242424242424242 1.6363636363636365 2.212121212121212 2.878787878787879 3.0 2.5454545454545454 2.0606060606060606 2.696969696969697 2.0606060606060606 1.606060606060606 1.4545454545454546 2.4242424242424243 1.2727272727272727 2.515151515151515 2.393939393939394 2.757575757575758 1.696969696969697 2.0 2.0  
41 115.7905069512367 1.5555555555555556 1.494949494949495 1.0909090909090908 1.4747474747474747 1.9191919191919191 2.0 1.696969696969697 1.3737373737373737 1.797979797979798 1.3737373737373737 1.0707070707070707 0.9696969696969697 1.6161616161616161 0.8484848484848485 1.6767676767676767 1.595959595959596 1.8383838383838385 1.1313131313131313 1.3333333333333333 1.3333333333333333  
35 30.74958938983329 1.5555555555555556 1.494949494949495 1.0909090909090908 1.4747474747474747 1.9191919191919191 2.0 1.696969696969697 1.3737373737373737 1.797979797979798 1.3737373737373737 1.0707070707070707 0.9696969696969697 1.6161616161616161 0.8484848484848485 1.6767676767676767 1.595959595959596 1.8383838383838385 1.1313131313131313 1.3333333333333333 1.3333333333333333  
89 76.0 2.3333333333333335 2.242424242424242 1.6363636363636365 2.212121212121212 2.878787878787879 3.0 2.5454545454545454 2.0606060606060606 2.696969696969697 2.0606060606060606 1.606060606060606 1.4545454545454546 2.4242424242424243 1.2727272727272727 2.515151515151515 2.393939393939394 2.757575757575758 1.696969696969697 2.0 2.0  
69 24.632210233403807 2.3333333333333335 2.242424242424242 1.6363636363636365 2.212121212121212 2.878787878787879 3.0 2.5454545454545454 2.0606060606060606 2.696969696969697 2.0606060606060606 1.606060606060606 1.4545454545454546 2.4242424242424243 1.2727272727272727 2.515151515151515 2.393939393939394 2.757575757575758 1.696969696969697 2.0 2.0  
3 19.161838400900905 1.5555555555555556 1.494949494949495 1.0909090909090908 1.4747474747474747 1.9191919191919191 2.0 1.696969696969697 1.3737373737373737 1.797979797979798 1.3737373737373737 1.0707070707070707 0.9696969696969697 1.6161616161616161 0.8484848484848485 1.6767676767676767 1.595959595959596 1.8383838383838385 1.1313131313131313 1.3333333333333333 1.3333333333333333  
75 81.38404736750819 1.5555555555555556 1.494949494949495 1.0909090909090908 1.4747474747474747 1.9191919191919191 2.0 1.696969696969697 1.3737373737373737 1.797979797979798 1.3737373737373737 1.0707070707070707 0.9696969696969697 1.6161616161616161 0.8484848484848485 1.6767676767676767 1.595959595959596 1.8383838383838385 1.1313131313131313 1.3333333333333333 1.3333333333333333  
45 121.71156179682883 2.3333333333333335 2.242424242424242 1.6363636363636365 2.212121212121212 2.878787878787879 3.0 2.5454545454545454 2.0606060606060606 2.696969696969697 2.0606060606060606 1.606060606060606 1.4545454545454546 2.4242424242424243 1.2727272727272727 2.515151515151515 2.393939393939394 2.757575757575758 1.696969696969697 2.0 2.0  
15 16.293566325273634 2.3333333333333335 2.242424242424242 1.6363636363636365 2.212121212121212 2.878787878787879 3.0 2.5454545454545454 2.0606060606060606 2.696969696969697 2.0606060606060606 1.606060606060606 1.4545454545454546 2.4242424242424243 1.2727272727272727 2.515151515151515 2.393939393939394 2.757575757575758 1.696969696969697 2.0 2.0  
84 41.81187551187548 2.3333333333333335 2.242424242424242 1.6363636363636365 2.212121212121212 2.878787878787879 3.0 2.5454545454545454 2.0606060606060606 2.696969696969697 2.0606060606060606 1.606060606060606 1.4545454545454546 2.4242424242424243 1.2727272727272727 2.515151515151515 2.393939393939394 2.757575757575758 1.696969696969697 2.0 2.0  
27 16.42033934252386 1.5555555555555556 1.494949494949495 1.0909090909090908 1.4747474747474747 1.9191919191919191 2.0 1.696969696969697 1.3737373737373737 1.797979797979798 1.3737373737373737 1.0707070707070707 0.9696969696969697 1.6161616161616161 0.8484848484848485 1.6767676767676767 1.595959595959596 1.8383838383838385 1.1313131313131313 1.3333333333333333 1.3333333333333333  
65 43.27849355522525 2.3333333333333335 2.242424242424242 1.6363636363636365 2.212121212121212 2.878787878787879 3.0 2.5454545454545454 2.0606060606060606 2.696969696969697 2.0606060606060606 1.606060606060606 1.4545454545454546 2.4242424242424243 1.2727272727272727 2.515151515151515 2.393939393939394 2.757575757575758 1.696969696969697 2.0 2.0  
39 44.654158235545175 1.5555555555555556 1.494949494949495 1.0909090909090908 1.4747474747474747 1.9191919191919191 2.0 1.696969696969697 1.3737373737373737 1.797979797979798 1.3737373737373737 1.0707070707070707 0.9696969696969697 1.6161616161616161 0.8484848484848485 1.6767676767676767 1.595959595959596 1.8383838383838385 1.1313131313131313 1.3333333333333333 1.3333333333333333  
80 73.0 2.3333333333333335 2.242424242424242 1.6363636363636365 2.212121212121212 2.878787878787879 3.0 2.5454545454545454 2.0606060606060606 2.696969696969697 2.0606060606060606 1.606060606060606 1.4545454545454546 2.4242424242424243 1.2727272727272727 2.515151515151515 2.393939393939394 2.757575757575758 1.696969696969697 2.0 2.0  
