60 10
TREE NETWORK (nID nID Weight):
48 0 30
46 48 48
22 0 42
4 22 34
29 4 46
33 29 59
11 4 59
36 22 39
51 11 37
14 51 49
7 11 30
23 0 39
5 36 46
43 46 46
1 0 43
20 0 39
39 23 42
19 22 37
37 23 49
58 39 45
15 37 32
21 58 32
54 15 42
8 7 53
25 23 56
55 20 51
10 29 54
40 37 56
53 33 50
44 40 59
57 44 40
32 36 38
28 21 57
13 44 35
2 0 37
9 21 46
3 14 42
31 33 49
56 14 59
30 51 53
6 39 47
34 3 53
24 54 42
50 7 37
49 50 43
17 34 54
16 29 42
18 44 34
26 2 50
38 49 41
47 10 51
45 44 58
59 7 34
35 8 49
41 44 38
42 38 35
52 43 39
12 16 46
27 51 37
PROGRAMS ASSIGNED TO NODES (nID pID1 pID2 ...):
0 1 2 3 4 5 6 7 8 9 10
1 1 2 3 4 5 6 7 8 9
2 1 2 3 4 6 8 9
3 7
4 1 2 3 6 10
5 2 3 4 5 8 9
6 1 2 3 4 6 7 10
7 5 8 9
8 2 4 5 7 10
9 9
10 4 5 9
11 1 3 4 5 6 7 10
12 1 2 4 5 6 7
13 1 4 5 6 7 8 9 10
14 2 3 4 5 8
15 1 9
16 5 6 10
17 1 2 3 4 5 6 7 8 10
18 1 3 6 7 10
19 10
20 1 2 3 5 6 7 8 9
21 1 2 3 4 5 6 8 10
22 1 3 4 6 7 9 10
23 1 2 3 4 5 6 7 9
24 1 2 3 4 5 6 7 9 10
25 2 5 7 9
26 4 8 9 10
27 2 7
28 1 2 3 5 6 7 8 9 10
29 2 3 4 5 7 8 10
30 3 5 6 10
31 1 3 4 6 7 10
33 5
34 1 2 5 7 8 9 10
35 1 2 3 5 6 9 10
36 9
37 1 6 9 10
38 4
39 3 6 7
40 4 6 9
41 1 4 6 7 9 10
44 1 2 3 5
45 1 4 7 8 9 10
46 9
47 3 7
49 1 2 3 4 5 6 7 8 9
50 1 4 5 8 9 10
51 3 4 5 6 7 8 9 10
52 3 4 8
53 2 5 6 7 8 9
54 1 2 3 4 5 6 7 8 9
55 8
56 1 2 3 5 6 7 9 10
57 4 6
59 1 2 3 5 6 7 8 10
SIZE OF PROGRAMS (pID SIZE):
1 89.0
2 77.0
3 45.0
4 43.0
5 87.0
6 68.0
7 69.0
8 44.0
9 65.0
10 97.0
COST TO INSTALL SERVERS AND PROGRAMS ON NODES (COST_TO_INSTALL_SERVER COST_TO_INSTALL_pID1 ...):
0 2410.3092783505153 1.8350515463917525 1.5876288659793814 0.9278350515463918 0.8865979381443299 1.7938144329896908 1.402061855670103 1.422680412371134 0.9072164948453608 1.3402061855670102 2.0
1 6.596782612178467 1.8350515463917525 1.5876288659793814 0.9278350515463918 0.8865979381443299 1.7938144329896908 1.402061855670103 1.422680412371134 0.9072164948453608 1.3402061855670102 2.0
2 6.770096738998612 1.8350515463917525 1.5876288659793814 0.9278350515463918 0.8865979381443299 1.7938144329896908 1.402061855670103 1.422680412371134 0.9072164948453608 1.3402061855670102 2.0
3 55.01273721865792 1.8350515463917525 1.5876288659793814 0.9278350515463918 0.8865979381443299 1.7938144329896908 1.402061855670103 1.422680412371134 0.9072164948453608 1.3402061855670102 2.0
4 46.0787067200484 2.752577319587629 2.381443298969072 1.3917525773195876 1.3298969072164948 2.6907216494845363 2.1030927835051547 2.134020618556701 1.3608247422680413 2.0103092783505154 3.0
5 19.06909818054571 1.8350515463917525 1.5876288659793814 0.9278350515463918 0.8865979381443299 1.7938144329896908 1.402061855670103 1.422680412371134 0.9072164948453608 1.3402061855670102 2.0
6 20.753146896057956 2.752577319587629 2.381443298969072 1.3917525773195876 1.3298969072164948 2.6907216494845363 2.1030927835051547 2.134020618556701 1.3608247422680413 2.0103092783505154 3.0
7 84.89910858133169 2.752577319587629 2.381443298969072 1.3917525773195876 1.3298969072164948 2.6907216494845363 2.1030927835051547 2.134020618556701 1.3608247422680413 2.0103092783505154 3.0
8 50.652175907121595 1.8350515463917525 1.5876288659793814 0.9278350515463918 0.8865979381443299 1.7938144329896908 1.402061855670103 1.422680412371134 0.9072164948453608 1.3402061855670102 2.0
9 4.919211291196027 1.8350515463917525 1.5876288659793814 0.9278350515463918 0.8865979381443299 1.7938144329896908 1.402061855670103 1.422680412371134 0.9072164948453608 1.3402061855670102 2.0
10 26.97294626596449 2.752577319587629 2.381443298969072 1.3917525773195876 1.3298969072164948 2.6907216494845363 2.1030927835051547 2.134020618556701 1.3608247422680413 2.0103092783505154 3.0
11 47.542129311038494 2.752577319587629 2.381443298969072 1.3917525773195876 1.3298969072164948 2.6907216494845363 2.1030927835051547 2.134020618556701 1.3608247422680413 2.0103092783505154 3.0
12 60.47199558750089 1.8350515463917525 1.5876288659793814 0.9278350515463918 0.8865979381443299 1.7938144329896908 1.402061855670103 1.422680412371134 0.9072164948453608 1.3402061855670102 2.0
13 59.16985886302907 2.752577319587629 2.381443298969072 1.3917525773195876 1.3298969072164948 2.6907216494845363 2.1030927835051547 2.134020618556701 1.3608247422680413 2.0103092783505154 3.0
14 56.89572276359704 2.752577319587629 2.381443298969072 1.3917525773195876 1.3298969072164948 2.6907216494845363 2.1030927835051547 2.134020618556701 1.3608247422680413 2.0103092783505154 3.0
15 59.79907153856422 1.8350515463917525 1.5876288659793814 0.9278350515463918 0.8865979381443299 1.7938144329896908 1.402061855670103 1.422680412371134 0.9072164948453608 1.3402061855670102 2.0
16 23.726238542610787 1.8350515463917525 1.5876288659793814 0.9278350515463918 0.8865979381443299 1.7938144329896908 1.402061855670103 1.422680412371134 0.9072164948453608 1.3402061855670102 2.0
17 64.53648942955328 1.8350515463917525 1.5876288659793814 0.9278350515463918 0.8865979381443299 1.7938144329896908 1.402061855670103 1.422680412371134 0.9072164948453608 1.3402061855670102 2.0
18 20.85751560112398 1.8350515463917525 1.5876288659793814 0.9278350515463918 0.8865979381443299 1.7938144329896908 1.402061855670103 1.422680412371134 0.9072164948453608 1.3402061855670102 2.0
19 5.352269836214101 2.752577319587629 2.381443298969072 1.3917525773195876 1.3298969072164948 2.6907216494845363 2.1030927835051547 2.134020618556701 1.3608247422680413 2.0103092783505154 3.0
20 4.32688437609157 1.8350515463917525 1.5876288659793814 0.9278350515463918 0.8865979381443299 1.7938144329896908 1.402061855670103 1.422680412371134 0.9072164948453608 1.3402061855670102 2.0
21 90.60372169455599 2.752577319587629 2.381443298969072 1.3917525773195876 1.3298969072164948 2.6907216494845363 2.1030927835051547 2.134020618556701 1.3608247422680413 2.0103092783505154 3.0
22 226.0 1.8350515463917525 1.5876288659793814 0.9278350515463918 0.8865979381443299 1.7938144329896908 1.402061855670103 1.422680412371134 0.9072164948453608 1.3402061855670102 2.0
23 8.578397587476019 2.752577319587629 2.381443298969072 1.3917525773195876 1.3298969072164948 2.6907216494845363 2.1030927835051547 2.134020618556701 1.3608247422680413 2.0103092783505154 3.0
24 102.3090657533871 1.8350515463917525 1.5876288659793814 0.9278350515463918 0.8865979381443299 1.7938144329896908 1.402061855670103 1.422680412371134 0.9072164948453608 1.3402061855670102 2.0
25 8.04735184757596 1.8350515463917525 1.5876288659793814 0.9278350515463918 0.8865979381443299 1.7938144329896908 1.402061855670103 1.422680412371134 0.9072164948453608 1.3402061855670102 2.0
26 10.891643982035403 1.8350515463917525 1.5876288659793814 0.9278350515463918 0.8865979381443299 1.7938144329896908 1.402061855670103 1.422680412371134 0.9072164948453608 1.3402061855670102 2.0
27 9.220850834322832 1.8350515463917525 1.5876288659793814 0.9278350515463918 0.8865979381443299 1.7938144329896908 1.402061855670103 1.422680412371134 0.9072164948453608 1.3402061855670102 2.0
28 63.134891005469036 1.8350515463917525 1.5876288659793814 0.9278350515463918 0.8865979381443299 1.7938144329896908 1.402061855670103 1.422680412371134 0.9072164948453608 1.3402061855670102 2.0
29 24.898164218256202 2.752577319587629 2.381443298969072 1.3917525773195876 1.3298969072164948 2.6907216494845363 2.1030927835051547 2.134020618556701 1.3608247422680413 2.0103092783505154 3.0
30 38.10577006183809 2.752577319587629 2.381443298969072 1.3917525773195876 1.3298969072164948 2.6907216494845363 2.1030927835051547 2.134020618556701 1.3608247422680413 2.0103092783505154 3.0
31 63.149829369759225 1.8350515463917525 1.5876288659793814 0.9278350515463918 0.8865979381443299 1.7938144329896908 1.402061855670103 1.422680412371134 0.9072164948453608 1.3402061855670102 2.0
32 589.0 1.8350515463917525 1.5876288659793814 0.9278350515463918 0.8865979381443299 1.7938144329896908 1.402061855670103 1.422680412371134 0.9072164948453608 1.3402061855670102 2.0
33 18.037307341587365 2.752577319587629 2.381443298969072 1.3917525773195876 1.3298969072164948 2.6907216494845363 2.1030927835051547 2.134020618556701 1.3608247422680413 2.0103092783505154 3.0
34 111.57593570611182 2.752577319587629 2.381443298969072 1.3917525773195876 1.3298969072164948 2.6907216494845363 2.1030927835051547 2.134020618556701 1.3608247422680413 2.0103092783505154 3.0
35 90.40355165069506 1.8350515463917525 1.5876288659793814 0.9278350515463918 0.8865979381443299 1.7938144329896908 1.402061855670103 1.422680412371134 0.9072164948453608 1.3402061855670102 2.0
36 21.950163057267076 1.8350515463917525 1.5876288659793814 0.9278350515463918 0.8865979381443299 1.7938144329896908 1.402061855670103 1.422680412371134 0.9072164948453608 1.3402061855670102 2.0
37 29.67657278439658 2.752577319587629 2.381443298969072 1.3917525773195876 1.3298969072164948 2.6907216494845363 2.1030927835051547 2.134020618556701 1.3608247422680413 2.0103092783505154 3.0
38 6.368964969303915 1.8350515463917525 1.5876288659793814 0.9278350515463918 0.8865979381443299 1.7938144329896908 1.402061855670103 1.422680412371134 0.9072164948453608 1.3402061855670102 2.0
39 24.78098698006159 1.8350515463917525 1.5876288659793814 0.9278350515463918 0.8865979381443299 1.7938144329896908 1.402061855670103 1.422680412371134 0.9072164948453608 1.3402061855670102 2.0
40 50.18574948110614 1.8350515463917525 1.5876288659793814 0.9278350515463918 0.8865979381443299 1.7938144329896908 1.402061855670103 1.422680412371134 0.9072164948453608 1.3402061855670102 2.0
41 40.18108400443714 1.8350515463917525 1.5876288659793814 0.9278350515463918 0.8865979381443299 1.7938144329896908 1.402061855670103 1.422680412371134 0.9072164948453608 1.3402061855670102 2.0
42 802.0 2.752577319587629 2.381443298969072 1.3917525773195876 1.3298969072164948 2.6907216494845363 2.1030927835051547 2.134020618556701 1.3608247422680413 2.0103092783505154 3.0
43 9.89728213295066 1.8350515463917525 1.5876288659793814 0.9278350515463918 0.8865979381443299 1.7938144329896908 1.402061855670103 1.422680412371134 0.9072164948453608 1.3402061855670102 2.0
44 23.039370604534994 2.752577319587629 2.381443298969072 1.3917525773195876 1.3298969072164948 2.6907216494845363 2.1030927835051547 2.134020618556701 1.3608247422680413 2.0103092783505154 3.0
45 48.41849208459813 1.8350515463917525 1.5876288659793814 0.9278350515463918 0.8865979381443299 1.7938144329896908 1.402061855670103 1.422680412371134 0.9072164948453608 1.3402061855670102 2.0
46 10.77702899686797 1.8350515463917525 1.5876288659793814 0.9278350515463918 0.8865979381443299 1.7938144329896908 1.402061855670103 1.422680412371134 0.9072164948453608 1.3402061855670102 2.0
47 19.174622696835755 1.8350515463917525 1.5876288659793814 0.9278350515463918 0.8865979381443299 1.7938144329896908 1.402061855670103 1.422680412371134 0.9072164948453608 1.3402061855670102 2.0
48 2.32739729518765 2.752577319587629 2.381443298969072 1.3917525773195876 1.3298969072164948 2.6907216494845363 2.1030927835051547 2.134020618556701 1.3608247422680413 2.0103092783505154 3.0
49 44.70287232373344 1.8350515463917525 1.5876288659793814 0.9278350515463918 0.8865979381443299 1.7938144329896908 1.402061855670103 1.422680412371134 0.9072164948453608 1.3402061855670102 2.0
50 87.24340096149407 2.752577319587629 2.381443298969072 1.3917525773195876 1.3298969072164948 2.6907216494845363 2.1030927835051547 2.134020618556701 1.3608247422680413 2.0103092783505154 3.0
51 66.94517916290303 2.752577319587629 2.381443298969072 1.3917525773195876 1.3298969072164948 2.6907216494845363 2.1030927835051547 2.134020618556701 1.3608247422680413 2.0103092783505154 3.0
52 11.209756451074444 2.752577319587629 2.381443298969072 1.3917525773195876 1.3298969072164948 2.6907216494845363 2.1030927835051547 2.134020618556701 1.3608247422680413 2.0103092783505154 3.0
53 33.111291414594476 2.752577319587629 2.381443298969072 1.3917525773195876 1.3298969072164948 2.6907216494845363 2.1030927835051547 2.134020618556701 1.3608247422680413 2.0103092783505154 3.0
54 71.3366155080381 1.8350515463917525 1.5876288659793814 0.9278350515463918 0.8865979381443299 1.7938144329896908 1.402061855670103 1.422680412371134 0.9072164948453608 1.3402061855670102 2.0
55 1.7416122513602739 2.752577319587629 2.381443298969072 1.3917525773195876 1.3298969072164948 2.6907216494845363 2.1030927835051547 2.134020618556701 1.3608247422680413 2.0103092783505154 3.0
56 76.24930087868312 2.752577319587629 2.381443298969072 1.3917525773195876 1.3298969072164948 2.6907216494845363 2.1030927835051547 2.134020618556701 1.3608247422680413 2.0103092783505154 3.0
57 13.345308717000242 2.752577319587629 2.381443298969072 1.3917525773195876 1.3298969072164948 2.6907216494845363 2.1030927835051547 2.134020618556701 1.3608247422680413 2.0103092783505154 3.0
58 43.14632339267933 1.8350515463917525 1.5876288659793814 0.9278350515463918 0.8865979381443299 1.7938144329896908 1.402061855670103 1.422680412371134 0.9072164948453608 1.3402061855670102 2.0
59 69.50294602627946 2.752577319587629 2.381443298969072 1.3917525773195876 1.3298969072164948 2.6907216494845363 2.1030927835051547 2.134020618556701 1.3608247422680413 2.0103092783505154 3.0
