60 50
TREE NETWORK (nID nID Weight):
55 0 36
53 55 31
6 55 39
19 55 42
32 0 35
24 32 53
31 55 45
4 6 50
2 31 33
48 6 39
8 32 30
23 24 32
52 4 53
39 8 41
22 24 55
47 0 58
20 19 59
34 31 58
35 48 42
46 4 45
43 0 31
45 22 47
9 20 43
7 4 54
28 0 55
17 19 54
30 9 35
57 55 31
1 6 51
11 0 31
15 0 45
58 55 55
25 23 30
18 9 51
26 22 46
29 47 49
38 18 43
27 52 33
49 31 55
50 4 58
33 49 35
56 25 36
16 34 58
5 1 34
10 53 43
41 38 54
13 58 46
36 25 50
21 36 43
59 19 30
51 25 38
37 5 44
42 52 49
40 55 35
54 49 50
12 55 32
14 59 49
44 38 52
3 5 58
PROGRAMS ASSIGNED TO NODES (nID pID1 pID2 ...):
0 1 2 3 4 5 6 7 8 9 10 11 12 13 14 15 16 17 18 19 20 21 22 23 24 25 26 27 28 29 30 31 32 33 34 35 36 37 38 39 40 41 42 43 44 45 46 47 48 49 50
1 1 2 3 4 5 6 7 8 9 10 11 12 13 14 15 16 17 18 19 20 21 22 23 24 25 26 27 29 30 31 32 33 34 35 36 37 39 40 41 42 43 44 45 46 47 48 49 50
2 1 34 2 3 35 4 39 41 13 46 15 48 17 18 20 21 24 25 27 29
3 38 6 9 10 42 46 16 17 20 25 26 27 30
4 1 3 7 11 12 13 15 19 20 21 23 26 27 30 31 32 34 35 36 37 38 39 40 42 46 48 50
5 1 2 4 6 7 8 12 15 19 21 23 25 26 30 31 32 33 34 38 42 43 44 46 47 49 50
6 50 5 23 39 10 11 28 13
7 1 35 4 36 37 39 11 43 46 14 15 49 50 19 22 24 25 27 28 29 30
8 4 7 10 11 12 15 17 18 21 22 23 25 26 29 31 33 34 36 38 39 43 45 46 48 49
9 32 1 2 4 38 11 15 47 48 19 22 28 30 31
10 17 19 28 14
11 1 2 3 4 5 6 10 12 13 14 17 18 20 22 24 25 26 27 28 31 32 33 34 35 36 38 39 40 41 42 43 44 45 46 49 50
12 16 34 21 7 39 42 13
13 1 34 3 4 36 37 6 8 44 12 45 15 47 16 19 20 21 23 25 28 29 30
14 1 2 4 5 6 7 9 12 13 14 15 16 17 18 20 21 23 25 26 28 29 32 33 34 35 36 37 38 41 42 43 44 45 46 47 48 50
15 1 34 37 22 38 40 13 45 14
16 2 4 7 8 10 12 13 14 17 19 20 22 23 26 27 28 30 31 32 35 36 38 42 43 47 48
17 1 4 6 7 8 10 13 14 15 21 22 23 24 25 27 30 31 34 35 37 38 40 41 44 45 47 50
18 34
19 34 37 6 38 8 40 9 10 11 43 44 45 46 47 16 22 24 25 26
20 26 14 47
21 1 2 4 8 9 10 11 12 13 14 15 16 19 21 22 23 25 26 27 28 29 30 31 33 35 36 37 38 39 40 41 42 43 44 45 46 47 48 49 50
22 1 3 4 5 6 7 10 11 12 13 14 16 17 20 22 23 28 30 31 32 33 34 35 36 37 38 39 43 44 46 47 50
23 1 2 3 4 5 6 7 8 9 10 11 12 13 14 15 16 18 19 20 21 23 24 25 26 27 29 30 31 32 33 34 35 36 37 38 39 40 41 42 43 44 45 46 47 48 49 50
24 3 6 40 8 9 25 42 11 45 13 14 31
25 32 2 3 4 5 8 40 9 41 11 44 45 48 24 26
26 34 7 40 41 10 43 12 45 46 17 22 23 26 27 31
27 2 4 5 7 9 12 14 15 16 17 18 20 22 23 24 25 27 31 32 34 35 36 38 40 41 42 43 44 45 46 47 48 49
28 33 50 35 36 8 41 14 30 15
29 48 3 8 25 11 27
30 1 2 3 4 6 7 8 10 11 12 13 14 15 16 17 18 19 20 21 22 23 24 25 27 28 30 32 36 37 38 39 40 41 42 43 44 45 46 47 50
31 2 3 4 5 37 39 7 9 42 43 11 46 47 17 18 50 20 24 27 29 31
32 32 33 1 34 35 3 5 6 38 9 44 13 16 49 50 19 21 24 25
33 2 27 28 13 30 15 31
34 1 2 4 6 8 9 10 11 13 14 15 16 17 18 19 22 23 24 26 27 29 30 31 32 33 34 35 36 37 38 39 40 41 42 43 45 46 47 48 49 50
35 1 2 3 4 5 6 7 8 9 10 11 12 13 14 15 16 17 18 19 20 21 22 23 24 25 26 27 28 29 30 31 32 33 34 36 37 38 39 40 41 42 43 44 45 46 47 48 49 50
36 1 2 3 4 8 9 10 12 13 14 15 16 17 18 19 20 21 22 23 24 25 26 27 29 30 31 32 35 36 37 38 39 40 41 42 43 46 47 48 49
37 36 22 9 26 15
38 1 2 3 4 5 7 8 12 14 15 16 17 18 19 23 24 29 31 32 33 34 36 37 38 39 40 41 42 43 45 46 47 48 49 50
39 48 32 16 34 35 37 7 40 11 28 12 15
40 33 41 42 27 31 47
41 48 16 40 41 11 45
42 43
43 2 3 4 5 6 7 9 10 11 13 17 18 19 20 23 24 26 28 29 30 31 32 33 34 35 36 37 38 39 40 41 42 43 44 45 46 48 49
44 32 1 4 5 7 8 42 10 45 14 17 49 18 50 21 24 25 26 28 29
45 1 35 36 5 37 39 9 10 42 14 47 49 20 24 27 28 31
46 34 19 28 29
47 48 1 33 2 4 5 8 41 10 28 15
48 2 4 6 7 8 9 10 12 14 15 16 17 18 19 20 21 23 25 26 27 29 30 31 32 33 37 38 39 40 41 43 44 45 46 47 49 50
49 1 2 3 4 5 6 7 8 10 11 12 13 14 15 17 18 19 20 21 22 23 25 26 27 29 31 34 35 36 37 38 39 40 41 42 43 46 48 49 50
50 49 19 20 5 21 8 24 9 41 31 15
51 16 33 20 39 40 24 42 27 43 14 30
52 32 1 17 21 27 12
53 5 14
54 1 2 35 36 5 38 6 7 39 40 9 42 43 14 47 15 50 20 21 25 29 31
55 2 4 6 8 9 11 12 14 15 16 18 19 20 22 24 25 26 27 28 29 30 31 33 35 38 41 43 44 45 46 47 48
57 2 3 4 5 8 9 10 11 12 13 14 15 16 17 18 19 20 21 23 25 26 27 28 29 30 31 32 33 34 35 37 38 39 40 41 43 44 45 46 48 49 50
58 32 1 4 37 38 6 7 8 9 41 43 14 20 22
59 34 4 37 5 8 41 12 44 13 14 46 48 50 18 19 23 25 27 29
SIZE OF PROGRAMS (pID SIZE):
1 91.0
2 58.0
3 50.0
4 53.0
5 90.0
6 72.0
7 97.0
8 48.0
9 54.0
10 63.0
11 73.0
12 46.0
13 70.0
14 45.0
15 77.0
16 61.0
17 95.0
18 74.0
19 91.0
20 82.0
21 98.0
22 55.0
23 79.0
24 61.0
25 49.0
26 96.0
27 46.0
28 43.0
29 66.0
30 45.0
31 83.0
32 62.0
33 69.0
34 66.0
35 91.0
36 47.0
37 47.0
38 65.0
39 83.0
40 92.0
41 67.0
42 85.0
43 89.0
44 44.0
45 77.0
46 99.0
47 83.0
48 66.0
49 82.0
50 58.0
COST TO INSTALL SERVERS AND PROGRAMS ON NODES (COST_TO_INSTALL_SERVER COST_TO_INSTALL_pID1 ...):
0 8036.363636363639 1.8383838383838385 1.1717171717171717 1.0101010101010102 1.0707070707070707 1.8181818181818181 1.4545454545454546 1.9595959595959596 0.9696969696969697 1.0909090909090908 1.2727272727272727 1.4747474747474747 0.9292929292929293 1.4141414141414141 0.9090909090909091 1.5555555555555556 1.2323232323232323 1.9191919191919191 1.494949494949495 1.8383838383838385 1.6565656565656566 1.97979797979798 1.1111111111111112 1.595959595959596 1.2323232323232323 0.98989898989899 1.9393939393939394 0.9292929292929293 0.8686868686868687 1.3333333333333333 0.9090909090909091 1.6767676767676767 1.2525252525252526 1.393939393939394 1.3333333333333333 1.8383838383838385 0.9494949494949495 0.9494949494949495 1.3131313131313131 1.6767676767676767 1.8585858585858586 1.3535353535353536 1.7171717171717171 1.797979797979798 0.8888888888888888 1.5555555555555556 2.0 1.6767676767676767 1.3333333333333333 1.6565656565656566 1.1717171717171717
1 129.875282953983 1.8383838383838385 1.1717171717171717 1.0101010101010102 1.0707070707070707 1.8181818181818181 1.4545454545454546 1.9595959595959596 0.9696969696969697 1.0909090909090908 1.2727272727272727 1.4747474747474747 0.9292929292929293 1.4141414141414141 0.9090909090909091 1.5555555555555556 1.2323232323232323 1.9191919191919191 1.494949494949495 1.8383838383838385 1.6565656565656566 1.97979797979798 1.1111111111111112 1.595959595959596 1.2323232323232323 0.98989898989899 1.9393939393939394 0.9292929292929293 0.8686868686868687 1.3333333333333333 0.9090909090909091 1.6767676767676767 1.2525252525252526 1.393939393939394 1.3333333333333333 1.8383838383838385 0.9494949494949495 0.9494949494949495 1.3131313131313131 1.6767676767676767 1.8585858585858586 1.3535353535353536 1.7171717171717171 1.797979797979798 0.8888888888888888 1.5555555555555556 2.0 1.6767676767676767 1.3333333333333333 1.6565656565656566 1.1717171717171717
2 79.78861615929698 1.8383838383838385 1.1717171717171717 1.0101010101010102 1.0707070707070707 1.8181818181818181 1.4545454545454546 1.9595959595959596 0.9696969696969697 1.0909090909090908 1.2727272727272727 1.4747474747474747 0.9292929292929293 1.4141414141414141 0.9090909090909091 1.5555555555555556 1.2323232323232323 1.9191919191919191 1.494949494949495 1.8383838383838385 1.6565656565656566 1.97979797979798 1.1111111111111112 1.595959595959596 1.2323232323232323 0.98989898989899 1.9393939393939394 0.9292929292929293 0.8686868686868687 1.3333333333333333 0.9090909090909091 1.6767676767676767 1.2525252525252526 1.393939393939394 1.3333333333333333 1.8383838383838385 0.9494949494949495 0.9494949494949495 1.3131313131313131 1.6767676767676767 1.8585858585858586 1.3535353535353536 1.7171717171717171 1.797979797979798 0.8888888888888888 1.5555555555555556 2.0 1.6767676767676767 1.3333333333333333 1.6565656565656566 1.1717171717171717
3 105.26533576513101 1.8383838383838385 1.1717171717171717 1.0101010101010102 1.0707070707070707 1.8181818181818181 1.4545454545454546 1.9595959595959596 0.9696969696969697 1.0909090909090908 1.2727272727272727 1.4747474747474747 0.9292929292929293 1.4141414141414141 0.9090909090909091 1.5555555555555556 1.2323232323232323 1.9191919191919191 1.494949494949495 1.8383838383838385 1.6565656565656566 1.97979797979798 1.1111111111111112 1.595959595959596 1.2323232323232323 0.98989898989899 1.9393939393939394 0.9292929292929293 0.8686868686868687 1.3333333333333333 0.9090909090909091 1.6767676767676767 1.2525252525252526 1.393939393939394 1.3333333333333333 1.8383838383838385 0.9494949494949495 0.9494949494949495 1.3131313131313131 1.6767676767676767 1.8585858585858586 1.3535353535353536 1.7171717171717171 1.797979797979798 0.8888888888888888 1.5555555555555556 2.0 1.6767676767676767 1.3333333333333333 1.6565656565656566 1.1717171717171717
4 253.23081667208436 1.8383838383838385 1.1717171717171717 1.0101010101010102 1.0707070707070707 1.8181818181818181 1.4545454545454546 1.9595959595959596 0.9696969696969697 1.0909090909090908 1.2727272727272727 1.4747474747474747 0.9292929292929293 1.4141414141414141 0.9090909090909091 1.5555555555555556 1.2323232323232323 1.9191919191919191 1.494949494949495 1.8383838383838385 1.6565656565656566 1.97979797979798 1.1111111111111112 1.595959595959596 1.2323232323232323 0.98989898989899 1.9393939393939394 0.9292929292929293 0.8686868686868687 1.3333333333333333 0.9090909090909091 1.6767676767676767 1.2525252525252526 1.393939393939394 1.3333333333333333 1.8383838383838385 0.9494949494949495 0.9494949494949495 1.3131313131313131 1.6767676767676767 1.8585858585858586 1.3535353535353536 1.7171717171717171 1.797979797979798 0.8888888888888888 1.5555555555555556 2.0 1.6767676767676767 1.3333333333333333 1.6565656565656566 1.1717171717171717
5 261.4403323016973 2.757575757575758 1.7575757575757576 1.5151515151515151 1.606060606060606 2.727272727272727 2.1818181818181817 2.9393939393939394 1.4545454545454546 1.6363636363636365 1.9090909090909092 2.212121212121212 1.393939393939394 2.121212121212121 1.3636363636363635 2.3333333333333335 1.8484848484848484 2.878787878787879 2.242424242424242 2.757575757575758 2.484848484848485 2.9696969696969697 1.6666666666666667 2.393939393939394 1.8484848484848484 1.4848484848484849 2.909090909090909 1.393939393939394 1.303030303030303 2.0 1.3636363636363635 2.515151515151515 1.878787878787879 2.090909090909091 2.0 2.757575757575758 1.4242424242424243 1.4242424242424243 1.9696969696969697 2.515151515151515 2.787878787878788 2.0303030303030303 2.5757575757575757 2.696969696969697 1.3333333333333333 2.3333333333333335 3.0 2.515151515151515 2.0 2.484848484848485 1.7575757575757576
6 96.74409353248441 2.757575757575758 1.7575757575757576 1.5151515151515151 1.606060606060606 2.727272727272727 2.1818181818181817 2.9393939393939394 1.4545454545454546 1.6363636363636365 1.9090909090909092 2.212121212121212 1.393939393939394 2.121212121212121 1.3636363636363635 2.3333333333333335 1.8484848484848484 2.878787878787879 2.242424242424242 2.757575757575758 2.484848484848485 2.9696969696969697 1.6666666666666667 2.393939393939394 1.8484848484848484 1.4848484848484849 2.909090909090909 1.393939393939394 1.303030303030303 2.0 1.3636363636363635 2.515151515151515 1.878787878787879 2.090909090909091 2.0 2.757575757575758 1.4242424242424243 1.4242424242424243 1.9696969696969697 2.515151515151515 2.787878787878788 2.0303030303030303 2.5757575757575757 2.696969696969697 1.3333333333333333 2.3333333333333335 3.0 2.515151515151515 2.0 2.484848484848485 1.7575757575757576
7 120.0668651795321 1.8383838383838385 1.1717171717171717 1.0101010101010102 1.0707070707070707 1.8181818181818181 1.4545454545454546 1.9595959595959596 0.9696969696969697 1.0909090909090908 1.2727272727272727 1.4747474747474747 0.9292929292929293 1.4141414141414141 0.9090909090909091 1.5555555555555556 1.2323232323232323 1.9191919191919191 1.494949494949495 1.8383838383838385 1.6565656565656566 1.97979797979798 1.1111111111111112 1.595959595959596 1.2323232323232323 0.98989898989899 1.9393939393939394 0.9292929292929293 0.8686868686868687 1.3333333333333333 0.9090909090909091 1.6767676767676767 1.2525252525252526 1.393939393939394 1.3333333333333333 1.8383838383838385 0.9494949494949495 0.9494949494949495 1.3131313131313131 1.6767676767676767 1.8585858585858586 1.3535353535353536 1.7171717171717171 1.797979797979798 0.8888888888888888 1.5555555555555556 2.0 1.6767676767676767 1.3333333333333333 1.6565656565656566 1.1717171717171717
8 121.60521142316026 2.757575757575758 1.7575757575757576 1.5151515151515151 1.606060606060606 2.727272727272727 2.1818181818181817 2.9393939393939394 1.4545454545454546 1.6363636363636365 1.9090909090909092 2.212121212121212 1.393939393939394 2.121212121212121 1.3636363636363635 2.3333333333333335 1.8484848484848484 2.878787878787879 2.242424242424242 2.757575757575758 2.484848484848485 2.9696969696969697 1.6666666666666667 2.393939393939394 1.8484848484848484 1.4848484848484849 2.909090909090909 1.393939393939394 1.303030303030303 2.0 1.3636363636363635 2.515151515151515 1.878787878787879 2.090909090909091 2.0 2.757575757575758 1.4242424242424243 1.4242424242424243 1.9696969696969697 2.515151515151515 2.787878787878788 2.0303030303030303 2.5757575757575757 2.696969696969697 1.3333333333333333 2.3333333333333335 3.0 2.515151515151515 2.0 2.484848484848485 1.7575757575757576
9 405.64621440287067 2.757575757575758 1.7575757575757576 1.5151515151515151 1.606060606060606 2.727272727272727 2.1818181818181817 2.9393939393939394 1.4545454545454546 1.6363636363636365 1.9090909090909092 2.212121212121212 1.393939393939394 2.121212121212121 1.3636363636363635 2.3333333333333335 1.8484848484848484 2.878787878787879 2.242424242424242 2.757575757575758 2.484848484848485 2.9696969696969697 1.6666666666666667 2.393939393939394 1.8484848484848484 1.4848484848484849 2.909090909090909 1.393939393939394 1.303030303030303 2.0 1.3636363636363635 2.515151515151515 1.878787878787879 2.090909090909091 2.0 2.757575757575758 1.4242424242424243 1.4242424242424243 1.9696969696969697 2.515151515151515 2.787878787878788 2.0303030303030303 2.5757575757575757 2.696969696969697 1.3333333333333333 2.3333333333333335 3.0 2.515151515151515 2.0 2.484848484848485 1.7575757575757576
10 28.364459242243008 2.757575757575758 1.7575757575757576 1.5151515151515151 1.606060606060606 2.727272727272727 2.1818181818181817 2.9393939393939394 1.4545454545454546 1.6363636363636365 1.9090909090909092 2.212121212121212 1.393939393939394 2.121212121212121 1.3636363636363635 2.3333333333333335 1.8484848484848484 2.878787878787879 2.242424242424242 2.757575757575758 2.484848484848485 2.9696969696969697 1.6666666666666667 2.393939393939394 1.8484848484848484 1.4848484848484849 2.909090909090909 1.393939393939394 1.303030303030303 2.0 1.3636363636363635 2.515151515151515 1.878787878787879 2.090909090909091 2.0 2.757575757575758 1.4242424242424243 1.4242424242424243 1.9696969696969697 2.515151515151515 2.787878787878788 2.0303030303030303 2.5757575757575757 2.696969696969697 1.3333333333333333 2.3333333333333335 3.0 2.515151515151515 2.0 2.484848484848485 1.7575757575757576
11 72.82059455492112 2.757575757575758 1.7575757575757576 1.5151515151515151 1.606060606060606 2.727272727272727 2.1818181818181817 2.9393939393939394 1.4545454545454546 1.6363636363636365 1.9090909090909092 2.212121212121212 1.393939393939394 2.121212121212121 1.3636363636363635 2.3333333333333335 1.8484848484848484 2.878787878787879 2.242424242424242 2.757575757575758 2.484848484848485 2.9696969696969697 1.6666666666666667 2.393939393939394 1.8484848484848484 1.4848484848484849 2.909090909090909 1.393939393939394 1.303030303030303 2.0 1.3636363636363635 2.515151515151515 1.878787878787879 2.090909090909091 2.0 2.757575757575758 1.4242424242424243 1.4242424242424243 1.9696969696969697 2.515151515151515 2.787878787878788 2.0303030303030303 2.5757575757575757 2.696969696969697 1.3333333333333333 2.3333333333333335 3.0 2.515151515151515 2.0 2.484848484848485 1.7575757575757576
12 10.34010112168413 1.8383838383838385 1.1717171717171717 1.0101010101010102 1.0707070707070707 1.8181818181818181 1.4545454545454546 1.9595959595959596 0.9696969696969697 1.0909090909090908 1.2727272727272727 1.4747474747474747 0.9292929292929293 1.4141414141414141 0.9090909090909091 1.5555555555555556 1.2323232323232323 1.9191919191919191 1.494949494949495 1.8383838383838385 1.6565656565656566 1.97979797979798 1.1111111111111112 1.595959595959596 1.2323232323232323 0.98989898989899 1.9393939393939394 0.9292929292929293 0.8686868686868687 1.3333333333333333 0.9090909090909091 1.6767676767676767 1.2525252525252526 1.393939393939394 1.3333333333333333 1.8383838383838385 0.9494949494949495 0.9494949494949495 1.3131313131313131 1.6767676767676767 1.8585858585858586 1.3535353535353536 1.7171717171717171 1.797979797979798 0.8888888888888888 1.5555555555555556 2.0 1.6767676767676767 1.3333333333333333 1.6565656565656566 1.1717171717171717
13 121.97301200602466 1.8383838383838385 1.1717171717171717 1.0101010101010102 1.0707070707070707 1.8181818181818181 1.4545454545454546 1.9595959595959596 0.9696969696969697 1.0909090909090908 1.2727272727272727 1.4747474747474747 0.9292929292929293 1.4141414141414141 0.9090909090909091 1.5555555555555556 1.2323232323232323 1.9191919191919191 1.494949494949495 1.8383838383838385 1.6565656565656566 1.97979797979798 1.1111111111111112 1.595959595959596 1.2323232323232323 0.98989898989899 1.9393939393939394 0.9292929292929293 0.8686868686868687 1.3333333333333333 0.9090909090909091 1.6767676767676767 1.2525252525252526 1.393939393939394 1.3333333333333333 1.8383838383838385 0.9494949494949495 0.9494949494949495 1.3131313131313131 1.6767676767676767 1.8585858585858586 1.3535353535353536 1.7171717171717171 1.797979797979798 0.8888888888888888 1.5555555555555556 2.0 1.6767676767676767 1.3333333333333333 1.6565656565656566 1.1717171717171717
14 320.8953301841521 2.757575757575758 1.7575757575757576 1.5151515151515151 1.606060606060606 2.727272727272727 2.1818181818181817 2.9393939393939394 1.4545454545454546 1.6363636363636365 1.9090909090909092 2.212121212121212 1.393939393939394 2.121212121212121 1.3636363636363635 2.3333333333333335 1.8484848484848484 2.878787878787879 2.242424242424242 2.757575757575758 2.484848484848485 2.9696969696969697 1.6666666666666667 2.393939393939394 1.8484848484848484 1.4848484848484849 2.909090909090909 1.393939393939394 1.303030303030303 2.0 1.3636363636363635 2.515151515151515 1.878787878787879 2.090909090909091 2.0 2.757575757575758 1.4242424242424243 1.4242424242424243 1.9696969696969697 2.515151515151515 2.787878787878788 2.0303030303030303 2.5757575757575757 2.696969696969697 1.3333333333333333 2.3333333333333335 3.0 2.515151515151515 2.0 2.484848484848485 1.7575757575757576
15 4.377088537696102 1.8383838383838385 1.1717171717171717 1.0101010101010102 1.0707070707070707 1.8181818181818181 1.4545454545454546 1.9595959595959596 0.9696969696969697 1.0909090909090908 1.2727272727272727 1.4747474747474747 0.9292929292929293 1.4141414141414141 0.9090909090909091 1.5555555555555556 1.2323232323232323 1.9191919191919191 1.494949494949495 1.8383838383838385 1.6565656565656566 1.97979797979798 1.1111111111111112 1.595959595959596 1.2323232323232323 0.98989898989899 1.9393939393939394 0.9292929292929293 0.8686868686868687 1.3333333333333333 0.9090909090909091 1.6767676767676767 1.2525252525252526 1.393939393939394 1.3333333333333333 1.8383838383838385 0.9494949494949495 0.9494949494949495 1.3131313131313131 1.6767676767676767 1.8585858585858586 1.3535353535353536 1.7171717171717171 1.797979797979798 0.8888888888888888 1.5555555555555556 2.0 1.6767676767676767 1.3333333333333333 1.6565656565656566 1.1717171717171717
16 61.610969424691035 2.757575757575758 1.7575757575757576 1.5151515151515151 1.606060606060606 2.727272727272727 2.1818181818181817 2.9393939393939394 1.4545454545454546 1.6363636363636365 1.9090909090909092 2.212121212121212 1.393939393939394 2.121212121212121 1.3636363636363635 2.3333333333333335 1.8484848484848484 2.878787878787879 2.242424242424242 2.757575757575758 2.484848484848485 2.9696969696969697 1.6666666666666667 2.393939393939394 1.8484848484848484 1.4848484848484849 2.909090909090909 1.393939393939394 1.303030303030303 2.0 1.3636363636363635 2.515151515151515 1.878787878787879 2.090909090909091 2.0 2.757575757575758 1.4242424242424243 1.4242424242424243 1.9696969696969697 2.515151515151515 2.787878787878788 2.0303030303030303 2.5757575757575757 2.696969696969697 1.3333333333333333 2.3333333333333335 3.0 2.515151515151515 2.0 2.484848484848485 1.7575757575757576
17 70.99105587627788 2.757575757575758 1.7575757575757576 1.5151515151515151 1.606060606060606 2.727272727272727 2.1818181818181817 2.9393939393939394 1.4545454545454546 1.6363636363636365 1.9090909090909092 2.212121212121212 1.393939393939394 2.121212121212121 1.3636363636363635 2.3333333333333335 1.8484848484848484 2.878787878787879 2.242424242424242 2.757575757575758 2.484848484848485 2.9696969696969697 1.6666666666666667 2.393939393939394 1.8484848484848484 1.4848484848484849 2.909090909090909 1.393939393939394 1.303030303030303 2.0 1.3636363636363635 2.515151515151515 1.878787878787879 2.090909090909091 2.0 2.757575757575758 1.4242424242424243 1.4242424242424243 1.9696969696969697 2.515151515151515 2.787878787878788 2.0303030303030303 2.5757575757575757 2.696969696969697 1.3333333333333333 2.3333333333333335 3.0 2.515151515151515 2.0 2.484848484848485 1.7575757575757576
18 291.94754354502606 1.8383838383838385 1.1717171717171717 1.0101010101010102 1.0707070707070707 1.8181818181818181 1.4545454545454546 1.9595959595959596 0.9696969696969697 1.0909090909090908 1.2727272727272727 1.4747474747474747 0.9292929292929293 1.4141414141414141 0.9090909090909091 1.5555555555555556 1.2323232323232323 1.9191919191919191 1.494949494949495 1.8383838383838385 1.6565656565656566 1.97979797979798 1.1111111111111112 1.595959595959596 1.2323232323232323 0.98989898989899 1.9393939393939394 0.9292929292929293 0.8686868686868687 1.3333333333333333 0.9090909090909091 1.6767676767676767 1.2525252525252526 1.393939393939394 1.3333333333333333 1.8383838383838385 0.9494949494949495 0.9494949494949495 1.3131313131313131 1.6767676767676767 1.8585858585858586 1.3535353535353536 1.7171717171717171 1.797979797979798 0.8888888888888888 1.5555555555555556 2.0 1.6767676767676767 1.3333333333333333 1.6565656565656566 1.1717171717171717
19 179.194348085035 2.757575757575758 1.7575757575757576 1.5151515151515151 1.606060606060606 2.727272727272727 2.1818181818181817 2.9393939393939394 1.4545454545454546 1.6363636363636365 1.9090909090909092 2.212121212121212 1.393939393939394 2.121212121212121 1.3636363636363635 2.3333333333333335 1.8484848484848484 2.878787878787879 2.242424242424242 2.757575757575758 2.484848484848485 2.9696969696969697 1.6666666666666667 2.393939393939394 1.8484848484848484 1.4848484848484849 2.909090909090909 1.393939393939394 1.303030303030303 2.0 1.3636363636363635 2.515151515151515 1.878787878787879 2.090909090909091 2.0 2.757575757575758 1.4242424242424243 1.4242424242424243 1.9696969696969697 2.515151515151515 2.787878787878788 2.0303030303030303 2.5757575757575757 2.696969696969697 1.3333333333333333 2.3333333333333335 3.0 2.515151515151515 2.0 2.484848484848485 1.7575757575757576
20 196.49537651393814 1.8383838383838385 1.1717171717171717 1.0101010101010102 1.0707070707070707 1.8181818181818181 1.4545454545454546 1.9595959595959596 0.9696969696969697 1.0909090909090908 1.2727272727272727 1.4747474747474747 0.9292929292929293 1.4141414141414141 0.9090909090909091 1.5555555555555556 1.2323232323232323 1.9191919191919191 1.494949494949495 1.8383838383838385 1.6565656565656566 1.97979797979798 1.1111111111111112 1.595959595959596 1.2323232323232323 0.98989898989899 1.9393939393939394 0.9292929292929293 0.8686868686868687 1.3333333333333333 0.9090909090909091 1.6767676767676767 1.2525252525252526 1.393939393939394 1.3333333333333333 1.8383838383838385 0.9494949494949495 0.9494949494949495 1.3131313131313131 1.6767676767676767 1.8585858585858586 1.3535353535353536 1.7171717171717171 1.797979797979798 0.8888888888888888 1.5555555555555556 2.0 1.6767676767676767 1.3333333333333333 1.6565656565656566 1.1717171717171717
21 564.751567915919 1.8383838383838385 1.1717171717171717 1.0101010101010102 1.0707070707070707 1.8181818181818181 1.4545454545454546 1.9595959595959596 0.9696969696969697 1.0909090909090908 1.2727272727272727 1.4747474747474747 0.9292929292929293 1.4141414141414141 0.9090909090909091 1.5555555555555556 1.2323232323232323 1.9191919191919191 1.494949494949495 1.8383838383838385 1.6565656565656566 1.97979797979798 1.1111111111111112 1.595959595959596 1.2323232323232323 0.98989898989899 1.9393939393939394 0.9292929292929293 0.8686868686868687 1.3333333333333333 0.9090909090909091 1.6767676767676767 1.2525252525252526 1.393939393939394 1.3333333333333333 1.8383838383838385 0.9494949494949495 0.9494949494949495 1.3131313131313131 1.6767676767676767 1.8585858585858586 1.3535353535353536 1.7171717171717171 1.797979797979798 0.8888888888888888 1.5555555555555556 2.0 1.6767676767676767 1.3333333333333333 1.6565656565656566 1.1717171717171717
22 233.799987163723 1.8383838383838385 1.1717171717171717 1.0101010101010102 1.0707070707070707 1.8181818181818181 1.4545454545454546 1.9595959595959596 0.9696969696969697 1.0909090909090908 1.2727272727272727 1.4747474747474747 0.9292929292929293 1.4141414141414141 0.9090909090909091 1.5555555555555556 1.2323232323232323 1.9191919191919191 1.494949494949495 1.8383838383838385 1.6565656565656566 1.97979797979798 1.1111111111111112 1.595959595959596 1.2323232323232323 0.98989898989899 1.9393939393939394 0.9292929292929293 0.8686868686868687 1.3333333333333333 0.9090909090909091 1.6767676767676767 1.2525252525252526 1.393939393939394 1.3333333333333333 1.8383838383838385 0.9494949494949495 0.9494949494949495 1.3131313131313131 1.6767676767676767 1.8585858585858586 1.3535353535353536 1.7171717171717171 1.797979797979798 0.8888888888888888 1.5555555555555556 2.0 1.6767676767676767 1.3333333333333333 1.6565656565656566 1.1717171717171717
23 139.7878158076697 1.8383838383838385 1.1717171717171717 1.0101010101010102 1.0707070707070707 1.8181818181818181 1.4545454545454546 1.9595959595959596 0.9696969696969697 1.0909090909090908 1.2727272727272727 1.4747474747474747 0.9292929292929293 1.4141414141414141 0.9090909090909091 1.5555555555555556 1.2323232323232323 1.9191919191919191 1.494949494949495 1.8383838383838385 1.6565656565656566 1.97979797979798 1.1111111111111112 1.595959595959596 1.2323232323232323 0.98989898989899 1.9393939393939394 0.9292929292929293 0.8686868686868687 1.3333333333333333 0.9090909090909091 1.6767676767676767 1.2525252525252526 1.393939393939394 1.3333333333333333 1.8383838383838385 0.9494949494949495 0.9494949494949495 1.3131313131313131 1.6767676767676767 1.8585858585858586 1.3535353535353536 1.7171717171717171 1.797979797979798 0.8888888888888888 1.5555555555555556 2.0 1.6767676767676767 1.3333333333333333 1.6565656565656566 1.1717171717171717
24 382.0 2.757575757575758 1.7575757575757576 1.5151515151515151 1.606060606060606 2.727272727272727 2.1818181818181817 2.9393939393939394 1.4545454545454546 1.6363636363636365 1.9090909090909092 2.212121212121212 1.393939393939394 2.121212121212121 1.3636363636363635 2.3333333333333335 1.8484848484848484 2.878787878787879 2.242424242424242 2.757575757575758 2.484848484848485 2.9696969696969697 1.6666666666666667 2.393939393939394 1.8484848484848484 1.4848484848484849 2.909090909090909 1.393939393939394 1.303030303030303 2.0 1.3636363636363635 2.515151515151515 1.878787878787879 2.090909090909091 2.0 2.757575757575758 1.4242424242424243 1.4242424242424243 1.9696969696969697 2.515151515151515 2.787878787878788 2.0303030303030303 2.5757575757575757 2.696969696969697 1.3333333333333333 2.3333333333333335 3.0 2.515151515151515 2.0 2.484848484848485 1.7575757575757576
25 209.74886247118957 2.757575757575758 1.7575757575757576 1.5151515151515151 1.606060606060606 2.727272727272727 2.1818181818181817 2.9393939393939394 1.4545454545454546 1.6363636363636365 1.9090909090909092 2.212121212121212 1.393939393939394 2.121212121212121 1.3636363636363635 2.3333333333333335 1.8484848484848484 2.878787878787879 2.242424242424242 2.757575757575758 2.484848484848485 2.9696969696969697 1.6666666666666667 2.393939393939394 1.8484848484848484 1.4848484848484849 2.909090909090909 1.393939393939394 1.303030303030303 2.0 1.3636363636363635 2.515151515151515 1.878787878787879 2.090909090909091 2.0 2.757575757575758 1.4242424242424243 1.4242424242424243 1.9696969696969697 2.515151515151515 2.787878787878788 2.0303030303030303 2.5757575757575757 2.696969696969697 1.3333333333333333 2.3333333333333335 3.0 2.515151515151515 2.0 2.484848484848485 1.7575757575757576
26 119.22383116459592 1.8383838383838385 1.1717171717171717 1.0101010101010102 1.0707070707070707 1.8181818181818181 1.4545454545454546 1.9595959595959596 0.9696969696969697 1.0909090909090908 1.2727272727272727 1.4747474747474747 0.9292929292929293 1.4141414141414141 0.9090909090909091 1.5555555555555556 1.2323232323232323 1.9191919191919191 1.494949494949495 1.8383838383838385 1.6565656565656566 1.97979797979798 1.1111111111111112 1.595959595959596 1.2323232323232323 0.98989898989899 1.9393939393939394 0.9292929292929293 0.8686868686868687 1.3333333333333333 0.9090909090909091 1.6767676767676767 1.2525252525252526 1.393939393939394 1.3333333333333333 1.8383838383838385 0.9494949494949495 0.9494949494949495 1.3131313131313131 1.6767676767676767 1.8585858585858586 1.3535353535353536 1.7171717171717171 1.797979797979798 0.8888888888888888 1.5555555555555556 2.0 1.6767676767676767 1.3333333333333333 1.6565656565656566 1.1717171717171717
27 305.2421108972629 2.757575757575758 1.7575757575757576 1.5151515151515151 1.606060606060606 2.727272727272727 2.1818181818181817 2.9393939393939394 1.4545454545454546 1.6363636363636365 1.9090909090909092 2.212121212121212 1.393939393939394 2.121212121212121 1.3636363636363635 2.3333333333333335 1.8484848484848484 2.878787878787879 2.242424242424242 2.757575757575758 2.484848484848485 2.9696969696969697 1.6666666666666667 2.393939393939394 1.8484848484848484 1.4848484848484849 2.909090909090909 1.393939393939394 1.303030303030303 2.0 1.3636363636363635 2.515151515151515 1.878787878787879 2.090909090909091 2.0 2.757575757575758 1.4242424242424243 1.4242424242424243 1.9696969696969697 2.515151515151515 2.787878787878788 2.0303030303030303 2.5757575757575757 2.696969696969697 1.3333333333333333 2.3333333333333335 3.0 2.515151515151515 2.0 2.484848484848485 1.7575757575757576
28 11.893081451613348 2.757575757575758 1.7575757575757576 1.5151515151515151 1.606060606060606 2.727272727272727 2.1818181818181817 2.9393939393939394 1.4545454545454546 1.6363636363636365 1.9090909090909092 2.212121212121212 1.393939393939394 2.121212121212121 1.3636363636363635 2.3333333333333335 1.8484848484848484 2.878787878787879 2.242424242424242 2.757575757575758 2.484848484848485 2.9696969696969697 1.6666666666666667 2.393939393939394 1.8484848484848484 1.4848484848484849 2.909090909090909 1.393939393939394 1.303030303030303 2.0 1.3636363636363635 2.515151515151515 1.878787878787879 2.090909090909091 2.0 2.757575757575758 1.4242424242424243 1.4242424242424243 1.9696969696969697 2.515151515151515 2.787878787878788 2.0303030303030303 2.5757575757575757 2.696969696969697 1.3333333333333333 2.3333333333333335 3.0 2.515151515151515 2.0 2.484848484848485 1.7575757575757576
29 180.0 2.757575757575758 1.7575757575757576 1.5151515151515151 1.606060606060606 2.727272727272727 2.1818181818181817 2.9393939393939394 1.4545454545454546 1.6363636363636365 1.9090909090909092 2.212121212121212 1.393939393939394 2.121212121212121 1.3636363636363635 2.3333333333333335 1.8484848484848484 2.878787878787879 2.242424242424242 2.757575757575758 2.484848484848485 2.9696969696969697 1.6666666666666667 2.393939393939394 1.8484848484848484 1.4848484848484849 2.909090909090909 1.393939393939394 1.303030303030303 2.0 1.3636363636363635 2.515151515151515 1.878787878787879 2.090909090909091 2.0 2.757575757575758 1.4242424242424243 1.4242424242424243 1.9696969696969697 2.515151515151515 2.787878787878788 2.0303030303030303 2.5757575757575757 2.696969696969697 1.3333333333333333 2.3333333333333335 3.0 2.515151515151515 2.0 2.484848484848485 1.7575757575757576
30 384.26787545143384 1.8383838383838385 1.1717171717171717 1.0101010101010102 1.0707070707070707 1.8181818181818181 1.4545454545454546 1.9595959595959596 0.9696969696969697 1.0909090909090908 1.2727272727272727 1.4747474747474747 0.9292929292929293 1.4141414141414141 0.9090909090909091 1.5555555555555556 1.2323232323232323 1.9191919191919191 1.494949494949495 1.8383838383838385 1.6565656565656566 1.97979797979798 1.1111111111111112 1.595959595959596 1.2323232323232323 0.98989898989899 1.9393939393939394 0.9292929292929293 0.8686868686868687 1.3333333333333333 0.9090909090909091 1.6767676767676767 1.2525252525252526 1.393939393939394 1.3333333333333333 1.8383838383838385 0.9494949494949495 0.9494949494949495 1.3131313131313131 1.6767676767676767 1.8585858585858586 1.3535353535353536 1.7171717171717171 1.797979797979798 0.8888888888888888 1.5555555555555556 2.0 1.6767676767676767 1.3333333333333333 1.6565656565656566 1.1717171717171717
31 195.01782192538514 1.8383838383838385 1.1717171717171717 1.0101010101010102 1.0707070707070707 1.8181818181818181 1.4545454545454546 1.9595959595959596 0.9696969696969697 1.0909090909090908 1.2727272727272727 1.4747474747474747 0.9292929292929293 1.4141414141414141 0.9090909090909091 1.5555555555555556 1.2323232323232323 1.9191919191919191 1.494949494949495 1.8383838383838385 1.6565656565656566 1.97979797979798 1.1111111111111112 1.595959595959596 1.2323232323232323 0.98989898989899 1.9393939393939394 0.9292929292929293 0.8686868686868687 1.3333333333333333 0.9090909090909091 1.6767676767676767 1.2525252525252526 1.393939393939394 1.3333333333333333 1.8383838383838385 0.9494949494949495 0.9494949494949495 1.3131313131313131 1.6767676767676767 1.8585858585858586 1.3535353535353536 1.7171717171717171 1.797979797979798 0.8888888888888888 1.5555555555555556 2.0 1.6767676767676767 1.3333333333333333 1.6565656565656566 1.1717171717171717
32 59.3950804214872 1.8383838383838385 1.1717171717171717 1.0101010101010102 1.0707070707070707 1.8181818181818181 1.4545454545454546 1.9595959595959596 0.9696969696969697 1.0909090909090908 1.2727272727272727 1.4747474747474747 0.9292929292929293 1.4141414141414141 0.9090909090909091 1.5555555555555556 1.2323232323232323 1.9191919191919191 1.494949494949495 1.8383838383838385 1.6565656565656566 1.97979797979798 1.1111111111111112 1.595959595959596 1.2323232323232323 0.98989898989899 1.9393939393939394 0.9292929292929293 0.8686868686868687 1.3333333333333333 0.9090909090909091 1.6767676767676767 1.2525252525252526 1.393939393939394 1.3333333333333333 1.8383838383838385 0.9494949494949495 0.9494949494949495 1.3131313131313131 1.6767676767676767 1.8585858585858586 1.3535353535353536 1.7171717171717171 1.797979797979798 0.8888888888888888 1.5555555555555556 2.0 1.6767676767676767 1.3333333333333333 1.6565656565656566 1.1717171717171717
33 27.44859567250865 2.757575757575758 1.7575757575757576 1.5151515151515151 1.606060606060606 2.727272727272727 2.1818181818181817 2.9393939393939394 1.4545454545454546 1.6363636363636365 1.9090909090909092 2.212121212121212 1.393939393939394 2.121212121212121 1.3636363636363635 2.3333333333333335 1.8484848484848484 2.878787878787879 2.242424242424242 2.757575757575758 2.484848484848485 2.9696969696969697 1.6666666666666667 2.393939393939394 1.8484848484848484 1.4848484848484849 2.909090909090909 1.393939393939394 1.303030303030303 2.0 1.3636363636363635 2.515151515151515 1.878787878787879 2.090909090909091 2.0 2.757575757575758 1.4242424242424243 1.4242424242424243 1.9696969696969697 2.515151515151515 2.787878787878788 2.0303030303030303 2.5757575757575757 2.696969696969697 1.3333333333333333 2.3333333333333335 3.0 2.515151515151515 2.0 2.484848484848485 1.7575757575757576
34 258.64793910664 1.8383838383838385 1.1717171717171717 1.0101010101010102 1.0707070707070707 1.8181818181818181 1.4545454545454546 1.9595959595959596 0.9696969696969697 1.0909090909090908 1.2727272727272727 1.4747474747474747 0.9292929292929293 1.4141414141414141 0.9090909090909091 1.5555555555555556 1.2323232323232323 1.9191919191919191 1.494949494949495 1.8383838383838385 1.6565656565656566 1.97979797979798 1.1111111111111112 1.595959595959596 1.2323232323232323 0.98989898989899 1.9393939393939394 0.9292929292929293 0.8686868686868687 1.3333333333333333 0.9090909090909091 1.6767676767676767 1.2525252525252526 1.393939393939394 1.3333333333333333 1.8383838383838385 0.9494949494949495 0.9494949494949495 1.3131313131313131 1.6767676767676767 1.8585858585858586 1.3535353535353536 1.7171717171717171 1.797979797979798 0.8888888888888888 1.5555555555555556 2.0 1.6767676767676767 1.3333333333333333 1.6565656565656566 1.1717171717171717
35 258.69445429427793 2.757575757575758 1.7575757575757576 1.5151515151515151 1.606060606060606 2.727272727272727 2.1818181818181817 2.9393939393939394 1.4545454545454546 1.6363636363636365 1.9090909090909092 2.212121212121212 1.393939393939394 2.121212121212121 1.3636363636363635 2.3333333333333335 1.8484848484848484 2.878787878787879 2.242424242424242 2.757575757575758 2.484848484848485 2.9696969696969697 1.6666666666666667 2.393939393939394 1.8484848484848484 1.4848484848484849 2.909090909090909 1.393939393939394 1.303030303030303 2.0 1.3636363636363635 2.515151515151515 1.878787878787879 2.090909090909091 2.0 2.757575757575758 1.4242424242424243 1.4242424242424243 1.9696969696969697 2.515151515151515 2.787878787878788 2.0303030303030303 2.5757575757575757 2.696969696969697 1.3333333333333333 2.3333333333333335 3.0 2.515151515151515 2.0 2.484848484848485 1.7575757575757576
36 426.9013863927338 2.757575757575758 1.7575757575757576 1.5151515151515151 1.606060606060606 2.727272727272727 2.1818181818181817 2.9393939393939394 1.4545454545454546 1.6363636363636365 1.9090909090909092 2.212121212121212 1.393939393939394 2.121212121212121 1.3636363636363635 2.3333333333333335 1.8484848484848484 2.878787878787879 2.242424242424242 2.757575757575758 2.484848484848485 2.9696969696969697 1.6666666666666667 2.393939393939394 1.8484848484848484 1.4848484848484849 2.909090909090909 1.393939393939394 1.303030303030303 2.0 1.3636363636363635 2.515151515151515 1.878787878787879 2.090909090909091 2.0 2.757575757575758 1.4242424242424243 1.4242424242424243 1.9696969696969697 2.515151515151515 2.787878787878788 2.0303030303030303 2.5757575757575757 2.696969696969697 1.3333333333333333 2.3333333333333335 3.0 2.515151515151515 2.0 2.484848484848485 1.7575757575757576
37 44.43042664789548 1.8383838383838385 1.1717171717171717 1.0101010101010102 1.0707070707070707 1.8181818181818181 1.4545454545454546 1.9595959595959596 0.9696969696969697 1.0909090909090908 1.2727272727272727 1.4747474747474747 0.9292929292929293 1.4141414141414141 0.9090909090909091 1.5555555555555556 1.2323232323232323 1.9191919191919191 1.494949494949495 1.8383838383838385 1.6565656565656566 1.97979797979798 1.1111111111111112 1.595959595959596 1.2323232323232323 0.98989898989899 1.9393939393939394 0.9292929292929293 0.8686868686868687 1.3333333333333333 0.9090909090909091 1.6767676767676767 1.2525252525252526 1.393939393939394 1.3333333333333333 1.8383838383838385 0.9494949494949495 0.9494949494949495 1.3131313131313131 1.6767676767676767 1.8585858585858586 1.3535353535353536 1.7171717171717171 1.797979797979798 0.8888888888888888 1.5555555555555556 2.0 1.6767676767676767 1.3333333333333333 1.6565656565656566 1.1717171717171717
38 448.98481454752283 2.757575757575758 1.7575757575757576 1.5151515151515151 1.606060606060606 2.727272727272727 2.1818181818181817 2.9393939393939394 1.4545454545454546 1.6363636363636365 1.9090909090909092 2.212121212121212 1.393939393939394 2.121212121212121 1.3636363636363635 2.3333333333333335 1.8484848484848484 2.878787878787879 2.242424242424242 2.757575757575758 2.484848484848485 2.9696969696969697 1.6666666666666667 2.393939393939394 1.8484848484848484 1.4848484848484849 2.909090909090909 1.393939393939394 1.303030303030303 2.0 1.3636363636363635 2.515151515151515 1.878787878787879 2.090909090909091 2.0 2.757575757575758 1.4242424242424243 1.4242424242424243 1.9696969696969697 2.515151515151515 2.787878787878788 2.0303030303030303 2.5757575757575757 2.696969696969697 1.3333333333333333 2.3333333333333335 3.0 2.515151515151515 2.0 2.484848484848485 1.7575757575757576
39 72.41884644290487 1.8383838383838385 1.1717171717171717 1.0101010101010102 1.0707070707070707 1.8181818181818181 1.4545454545454546 1.9595959595959596 0.9696969696969697 1.0909090909090908 1.2727272727272727 1.4747474747474747 0.9292929292929293 1.4141414141414141 0.9090909090909091 1.5555555555555556 1.2323232323232323 1.9191919191919191 1.494949494949495 1.8383838383838385 1.6565656565656566 1.97979797979798 1.1111111111111112 1.595959595959596 1.2323232323232323 0.98989898989899 1.9393939393939394 0.9292929292929293 0.8686868686868687 1.3333333333333333 0.9090909090909091 1.6767676767676767 1.2525252525252526 1.393939393939394 1.3333333333333333 1.8383838383838385 0.9494949494949495 0.9494949494949495 1.3131313131313131 1.6767676767676767 1.8585858585858586 1.3535353535353536 1.7171717171717171 1.797979797979798 0.8888888888888888 1.5555555555555556 2.0 1.6767676767676767 1.3333333333333333 1.6565656565656566 1.1717171717171717
40 10.946567908612623 2.757575757575758 1.7575757575757576 1.5151515151515151 1.606060606060606 2.727272727272727 2.1818181818181817 2.9393939393939394 1.4545454545454546 1.6363636363636365 1.9090909090909092 2.212121212121212 1.393939393939394 2.121212121212121 1.3636363636363635 2.3333333333333335 1.8484848484848484 2.878787878787879 2.242424242424242 2.757575757575758 2.484848484848485 2.9696969696969697 1.6666666666666667 2.393939393939394 1.8484848484848484 1.4848484848484849 2.909090909090909 1.393939393939394 1.303030303030303 2.0 1.3636363636363635 2.515151515151515 1.878787878787879 2.090909090909091 2.0 2.757575757575758 1.4242424242424243 1.4242424242424243 1.9696969696969697 2.515151515151515 2.787878787878788 2.0303030303030303 2.5757575757575757 2.696969696969697 1.3333333333333333 2.3333333333333335 3.0 2.515151515151515 2.0 2.484848484848485 1.7575757575757576
41 55.76485124876374 1.8383838383838385 1.1717171717171717 1.0101010101010102 1.0707070707070707 1.8181818181818181 1.4545454545454546 1.9595959595959596 0.9696969696969697 1.0909090909090908 1.2727272727272727 1.4747474747474747 0.9292929292929293 1.4141414141414141 0.9090909090909091 1.5555555555555556 1.2323232323232323 1.9191919191919191 1.494949494949495 1.8383838383838385 1.6565656565656566 1.97979797979798 1.1111111111111112 1.595959595959596 1.2323232323232323 0.98989898989899 1.9393939393939394 0.9292929292929293 0.8686868686868687 1.3333333333333333 0.9090909090909091 1.6767676767676767 1.2525252525252526 1.393939393939394 1.3333333333333333 1.8383838383838385 0.9494949494949495 0.9494949494949495 1.3131313131313131 1.6767676767676767 1.8585858585858586 1.3535353535353536 1.7171717171717171 1.797979797979798 0.8888888888888888 1.5555555555555556 2.0 1.6767676767676767 1.3333333333333333 1.6565656565656566 1.1717171717171717
42 14.281980199912546 1.8383838383838385 1.1717171717171717 1.0101010101010102 1.0707070707070707 1.8181818181818181 1.4545454545454546 1.9595959595959596 0.9696969696969697 1.0909090909090908 1.2727272727272727 1.4747474747474747 0.9292929292929293 1.4141414141414141 0.9090909090909091 1.5555555555555556 1.2323232323232323 1.9191919191919191 1.494949494949495 1.8383838383838385 1.6565656565656566 1.97979797979798 1.1111111111111112 1.595959595959596 1.2323232323232323 0.98989898989899 1.9393939393939394 0.9292929292929293 0.8686868686868687 1.3333333333333333 0.9090909090909091 1.6767676767676767 1.2525252525252526 1.393939393939394 1.3333333333333333 1.8383838383838385 0.9494949494949495 0.9494949494949495 1.3131313131313131 1.6767676767676767 1.8585858585858586 1.3535353535353536 1.7171717171717171 1.797979797979798 0.8888888888888888 1.5555555555555556 2.0 1.6767676767676767 1.3333333333333333 1.6565656565656566 1.1717171717171717
43 92.47233321955397 2.757575757575758 1.7575757575757576 1.5151515151515151 1.606060606060606 2.727272727272727 2.1818181818181817 2.9393939393939394 1.4545454545454546 1.6363636363636365 1.9090909090909092 2.212121212121212 1.393939393939394 2.121212121212121 1.3636363636363635 2.3333333333333335 1.8484848484848484 2.878787878787879 2.242424242424242 2.757575757575758 2.484848484848485 2.9696969696969697 1.6666666666666667 2.393939393939394 1.8484848484848484 1.4848484848484849 2.909090909090909 1.393939393939394 1.303030303030303 2.0 1.3636363636363635 2.515151515151515 1.878787878787879 2.090909090909091 2.0 2.757575757575758 1.4242424242424243 1.4242424242424243 1.9696969696969697 2.515151515151515 2.787878787878788 2.0303030303030303 2.5757575757575757 2.696969696969697 1.3333333333333333 2.3333333333333335 3.0 2.515151515151515 2.0 2.484848484848485 1.7575757575757576
44 158.22582440874208 1.8383838383838385 1.1717171717171717 1.0101010101010102 1.0707070707070707 1.8181818181818181 1.4545454545454546 1.9595959595959596 0.9696969696969697 1.0909090909090908 1.2727272727272727 1.4747474747474747 0.9292929292929293 1.4141414141414141 0.9090909090909091 1.5555555555555556 1.2323232323232323 1.9191919191919191 1.494949494949495 1.8383838383838385 1.6565656565656566 1.97979797979798 1.1111111111111112 1.595959595959596 1.2323232323232323 0.98989898989899 1.9393939393939394 0.9292929292929293 0.8686868686868687 1.3333333333333333 0.9090909090909091 1.6767676767676767 1.2525252525252526 1.393939393939394 1.3333333333333333 1.8383838383838385 0.9494949494949495 0.9494949494949495 1.3131313131313131 1.6767676767676767 1.8585858585858586 1.3535353535353536 1.7171717171717171 1.797979797979798 0.8888888888888888 1.5555555555555556 2.0 1.6767676767676767 1.3333333333333333 1.6565656565656566 1.1717171717171717
45 49.169743303015544 2.757575757575758 1.7575757575757576 1.5151515151515151 1.606060606060606 2.727272727272727 2.1818181818181817 2.9393939393939394 1.4545454545454546 1.6363636363636365 1.9090909090909092 2.212121212121212 1.393939393939394 2.121212121212121 1.3636363636363635 2.3333333333333335 1.8484848484848484 2.878787878787879 2.242424242424242 2.757575757575758 2.484848484848485 2.9696969696969697 1.6666666666666667 2.393939393939394 1.8484848484848484 1.4848484848484849 2.909090909090909 1.393939393939394 1.303030303030303 2.0 1.3636363636363635 2.515151515151515 1.878787878787879 2.090909090909091 2.0 2.757575757575758 1.4242424242424243 1.4242424242424243 1.9696969696969697 2.515151515151515 2.787878787878788 2.0303030303030303 2.5757575757575757 2.696969696969697 1.3333333333333333 2.3333333333333335 3.0 2.515151515151515 2.0 2.484848484848485 1.7575757575757576
46 19.98781915592888 2.757575757575758 1.7575757575757576 1.5151515151515151 1.606060606060606 2.727272727272727 2.1818181818181817 2.9393939393939394 1.4545454545454546 1.6363636363636365 1.9090909090909092 2.212121212121212 1.393939393939394 2.121212121212121 1.3636363636363635 2.3333333333333335 1.8484848484848484 2.878787878787879 2.242424242424242 2.757575757575758 2.484848484848485 2.9696969696969697 1.6666666666666667 2.393939393939394 1.8484848484848484 1.4848484848484849 2.909090909090909 1.393939393939394 1.303030303030303 2.0 1.3636363636363635 2.515151515151515 1.878787878787879 2.090909090909091 2.0 2.757575757575758 1.4242424242424243 1.4242424242424243 1.9696969696969697 2.515151515151515 2.787878787878788 2.0303030303030303 2.5757575757575757 2.696969696969697 1.3333333333333333 2.3333333333333335 3.0 2.515151515151515 2.0 2.484848484848485 1.7575757575757576
47 209.0 1.8383838383838385 1.1717171717171717 1.0101010101010102 1.0707070707070707 1.8181818181818181 1.4545454545454546 1.9595959595959596 0.9696969696969697 1.0909090909090908 1.2727272727272727 1.4747474747474747 0.9292929292929293 1.4141414141414141 0.9090909090909091 1.5555555555555556 1.2323232323232323 1.9191919191919191 1.494949494949495 1.8383838383838385 1.6565656565656566 1.97979797979798 1.1111111111111112 1.595959595959596 1.2323232323232323 0.98989898989899 1.9393939393939394 0.9292929292929293 0.8686868686868687 1.3333333333333333 0.9090909090909091 1.6767676767676767 1.2525252525252526 1.393939393939394 1.3333333333333333 1.8383838383838385 0.9494949494949495 0.9494949494949495 1.3131313131313131 1.6767676767676767 1.8585858585858586 1.3535353535353536 1.7171717171717171 1.797979797979798 0.8888888888888888 1.5555555555555556 2.0 1.6767676767676767 1.3333333333333333 1.6565656565656566 1.1717171717171717
48 326.4943157459554 1.8383838383838385 1.1717171717171717 1.0101010101010102 1.0707070707070707 1.8181818181818181 1.4545454545454546 1.9595959595959596 0.9696969696969697 1.0909090909090908 1.2727272727272727 1.4747474747474747 0.9292929292929293 1.4141414141414141 0.9090909090909091 1.5555555555555556 1.2323232323232323 1.9191919191919191 1.494949494949495 1.8383838383838385 1.6565656565656566 1.97979797979798 1.1111111111111112 1.595959595959596 1.2323232323232323 0.98989898989899 1.9393939393939394 0.9292929292929293 0.8686868686868687 1.3333333333333333 0.9090909090909091 1.6767676767676767 1.2525252525252526 1.393939393939394 1.3333333333333333 1.8383838383838385 0.9494949494949495 0.9494949494949495 1.3131313131313131 1.6767676767676767 1.8585858585858586 1.3535353535353536 1.7171717171717171 1.797979797979798 0.8888888888888888 1.5555555555555556 2.0 1.6767676767676767 1.3333333333333333 1.6565656565656566 1.1717171717171717
49 254.11865506483124 1.8383838383838385 1.1717171717171717 1.0101010101010102 1.0707070707070707 1.8181818181818181 1.4545454545454546 1.9595959595959596 0.9696969696969697 1.0909090909090908 1.2727272727272727 1.4747474747474747 0.9292929292929293 1.4141414141414141 0.9090909090909091 1.5555555555555556 1.2323232323232323 1.9191919191919191 1.494949494949495 1.8383838383838385 1.6565656565656566 1.97979797979798 1.1111111111111112 1.595959595959596 1.2323232323232323 0.98989898989899 1.9393939393939394 0.9292929292929293 0.8686868686868687 1.3333333333333333 0.9090909090909091 1.6767676767676767 1.2525252525252526 1.393939393939394 1.3333333333333333 1.8383838383838385 0.9494949494949495 0.9494949494949495 1.3131313131313131 1.6767676767676767 1.8585858585858586 1.3535353535353536 1.7171717171717171 1.797979797979798 0.8888888888888888 1.5555555555555556 2.0 1.6767676767676767 1.3333333333333333 1.6565656565656566 1.1717171717171717
50 19.628541476309977 2.757575757575758 1.7575757575757576 1.5151515151515151 1.606060606060606 2.727272727272727 2.1818181818181817 2.9393939393939394 1.4545454545454546 1.6363636363636365 1.9090909090909092 2.212121212121212 1.393939393939394 2.121212121212121 1.3636363636363635 2.3333333333333335 1.8484848484848484 2.878787878787879 2.242424242424242 2.757575757575758 2.484848484848485 2.9696969696969697 1.6666666666666667 2.393939393939394 1.8484848484848484 1.4848484848484849 2.909090909090909 1.393939393939394 1.303030303030303 2.0 1.3636363636363635 2.515151515151515 1.878787878787879 2.090909090909091 2.0 2.757575757575758 1.4242424242424243 1.4242424242424243 1.9696969696969697 2.515151515151515 2.787878787878788 2.0303030303030303 2.5757575757575757 2.696969696969697 1.3333333333333333 2.3333333333333335 3.0 2.515151515151515 2.0 2.484848484848485 1.7575757575757576
51 94.93356807221755 2.757575757575758 1.7575757575757576 1.5151515151515151 1.606060606060606 2.727272727272727 2.1818181818181817 2.9393939393939394 1.4545454545454546 1.6363636363636365 1.9090909090909092 2.212121212121212 1.393939393939394 2.121212121212121 1.3636363636363635 2.3333333333333335 1.8484848484848484 2.878787878787879 2.242424242424242 2.757575757575758 2.484848484848485 2.9696969696969697 1.6666666666666667 2.393939393939394 1.8484848484848484 1.4848484848484849 2.909090909090909 1.393939393939394 1.303030303030303 2.0 1.3636363636363635 2.515151515151515 1.878787878787879 2.090909090909091 2.0 2.757575757575758 1.4242424242424243 1.4242424242424243 1.9696969696969697 2.515151515151515 2.787878787878788 2.0303030303030303 2.5757575757575757 2.696969696969697 1.3333333333333333 2.3333333333333335 3.0 2.515151515151515 2.0 2.484848484848485 1.7575757575757576
52 217.08909026338623 2.757575757575758 1.7575757575757576 1.5151515151515151 1.606060606060606 2.727272727272727 2.1818181818181817 2.9393939393939394 1.4545454545454546 1.6363636363636365 1.9090909090909092 2.212121212121212 1.393939393939394 2.121212121212121 1.3636363636363635 2.3333333333333335 1.8484848484848484 2.878787878787879 2.242424242424242 2.757575757575758 2.484848484848485 2.9696969696969697 1.6666666666666667 2.393939393939394 1.8484848484848484 1.4848484848484849 2.909090909090909 1.393939393939394 1.303030303030303 2.0 1.3636363636363635 2.515151515151515 1.878787878787879 2.090909090909091 2.0 2.757575757575758 1.4242424242424243 1.4242424242424243 1.9696969696969697 2.515151515151515 2.787878787878788 2.0303030303030303 2.5757575757575757 2.696969696969697 1.3333333333333333 2.3333333333333335 3.0 2.515151515151515 2.0 2.484848484848485 1.7575757575757576
53 21.086183323271747 1.8383838383838385 1.1717171717171717 1.0101010101010102 1.0707070707070707 1.8181818181818181 1.4545454545454546 1.9595959595959596 0.9696969696969697 1.0909090909090908 1.2727272727272727 1.4747474747474747 0.9292929292929293 1.4141414141414141 0.9090909090909091 1.5555555555555556 1.2323232323232323 1.9191919191919191 1.494949494949495 1.8383838383838385 1.6565656565656566 1.97979797979798 1.1111111111111112 1.595959595959596 1.2323232323232323 0.98989898989899 1.9393939393939394 0.9292929292929293 0.8686868686868687 1.3333333333333333 0.9090909090909091 1.6767676767676767 1.2525252525252526 1.393939393939394 1.3333333333333333 1.8383838383838385 0.9494949494949495 0.9494949494949495 1.3131313131313131 1.6767676767676767 1.8585858585858586 1.3535353535353536 1.7171717171717171 1.797979797979798 0.8888888888888888 1.5555555555555556 2.0 1.6767676767676767 1.3333333333333333 1.6565656565656566 1.1717171717171717
54 78.469401484927 1.8383838383838385 1.1717171717171717 1.0101010101010102 1.0707070707070707 1.8181818181818181 1.4545454545454546 1.9595959595959596 0.9696969696969697 1.0909090909090908 1.2727272727272727 1.4747474747474747 0.9292929292929293 1.4141414141414141 0.9090909090909091 1.5555555555555556 1.2323232323232323 1.9191919191919191 1.494949494949495 1.8383838383838385 1.6565656565656566 1.97979797979798 1.1111111111111112 1.595959595959596 1.2323232323232323 0.98989898989899 1.9393939393939394 0.9292929292929293 0.8686868686868687 1.3333333333333333 0.9090909090909091 1.6767676767676767 1.2525252525252526 1.393939393939394 1.3333333333333333 1.8383838383838385 0.9494949494949495 0.9494949494949495 1.3131313131313131 1.6767676767676767 1.8585858585858586 1.3535353535353536 1.7171717171717171 1.797979797979798 0.8888888888888888 1.5555555555555556 2.0 1.6767676767676767 1.3333333333333333 1.6565656565656566 1.1717171717171717
55 119.57756640679234 1.8383838383838385 1.1717171717171717 1.0101010101010102 1.0707070707070707 1.8181818181818181 1.4545454545454546 1.9595959595959596 0.9696969696969697 1.0909090909090908 1.2727272727272727 1.4747474747474747 0.9292929292929293 1.4141414141414141 0.9090909090909091 1.5555555555555556 1.2323232323232323 1.9191919191919191 1.494949494949495 1.8383838383838385 1.6565656565656566 1.97979797979798 1.1111111111111112 1.595959595959596 1.2323232323232323 0.98989898989899 1.9393939393939394 0.9292929292929293 0.8686868686868687 1.3333333333333333 0.9090909090909091 1.6767676767676767 1.2525252525252526 1.393939393939394 1.3333333333333333 1.8383838383838385 0.9494949494949495 0.9494949494949495 1.3131313131313131 1.6767676767676767 1.8585858585858586 1.3535353535353536 1.7171717171717171 1.797979797979798 0.8888888888888888 1.5555555555555556 2.0 1.6767676767676767 1.3333333333333333 1.6565656565656566 1.1717171717171717
56 947.0 1.8383838383838385 1.1717171717171717 1.0101010101010102 1.0707070707070707 1.8181818181818181 1.4545454545454546 1.9595959595959596 0.9696969696969697 1.0909090909090908 1.2727272727272727 1.4747474747474747 0.9292929292929293 1.4141414141414141 0.9090909090909091 1.5555555555555556 1.2323232323232323 1.9191919191919191 1.494949494949495 1.8383838383838385 1.6565656565656566 1.97979797979798 1.1111111111111112 1.595959595959596 1.2323232323232323 0.98989898989899 1.9393939393939394 0.9292929292929293 0.8686868686868687 1.3333333333333333 0.9090909090909091 1.6767676767676767 1.2525252525252526 1.393939393939394 1.3333333333333333 1.8383838383838385 0.9494949494949495 0.9494949494949495 1.3131313131313131 1.6767676767676767 1.8585858585858586 1.3535353535353536 1.7171717171717171 1.797979797979798 0.8888888888888888 1.5555555555555556 2.0 1.6767676767676767 1.3333333333333333 1.6565656565656566 1.1717171717171717
57 94.98699447243746 1.8383838383838385 1.1717171717171717 1.0101010101010102 1.0707070707070707 1.8181818181818181 1.4545454545454546 1.9595959595959596 0.9696969696969697 1.0909090909090908 1.2727272727272727 1.4747474747474747 0.9292929292929293 1.4141414141414141 0.9090909090909091 1.5555555555555556 1.2323232323232323 1.9191919191919191 1.494949494949495 1.8383838383838385 1.6565656565656566 1.97979797979798 1.1111111111111112 1.595959595959596 1.2323232323232323 0.98989898989899 1.9393939393939394 0.9292929292929293 0.8686868686868687 1.3333333333333333 0.9090909090909091 1.6767676767676767 1.2525252525252526 1.393939393939394 1.3333333333333333 1.8383838383838385 0.9494949494949495 0.9494949494949495 1.3131313131313131 1.6767676767676767 1.8585858585858586 1.3535353535353536 1.7171717171717171 1.797979797979798 0.8888888888888888 1.5555555555555556 2.0 1.6767676767676767 1.3333333333333333 1.6565656565656566 1.1717171717171717
58 99.07285054549806 2.757575757575758 1.7575757575757576 1.5151515151515151 1.606060606060606 2.727272727272727 2.1818181818181817 2.9393939393939394 1.4545454545454546 1.6363636363636365 1.9090909090909092 2.212121212121212 1.393939393939394 2.121212121212121 1.3636363636363635 2.3333333333333335 1.8484848484848484 2.878787878787879 2.242424242424242 2.757575757575758 2.484848484848485 2.9696969696969697 1.6666666666666667 2.393939393939394 1.8484848484848484 1.4848484848484849 2.909090909090909 1.393939393939394 1.303030303030303 2.0 1.3636363636363635 2.515151515151515 1.878787878787879 2.090909090909091 2.0 2.757575757575758 1.4242424242424243 1.4242424242424243 1.9696969696969697 2.515151515151515 2.787878787878788 2.0303030303030303 2.5757575757575757 2.696969696969697 1.3333333333333333 2.3333333333333335 3.0 2.515151515151515 2.0 2.484848484848485 1.7575757575757576
59 122.59164277674219 2.757575757575758 1.7575757575757576 1.5151515151515151 1.606060606060606 2.727272727272727 2.1818181818181817 2.9393939393939394 1.4545454545454546 1.6363636363636365 1.9090909090909092 2.212121212121212 1.393939393939394 2.121212121212121 1.3636363636363635 2.3333333333333335 1.8484848484848484 2.878787878787879 2.242424242424242 2.757575757575758 2.484848484848485 2.9696969696969697 1.6666666666666667 2.393939393939394 1.8484848484848484 1.4848484848484849 2.909090909090909 1.393939393939394 1.303030303030303 2.0 1.3636363636363635 2.515151515151515 1.878787878787879 2.090909090909091 2.0 2.757575757575758 1.4242424242424243 1.4242424242424243 1.9696969696969697 2.515151515151515 2.787878787878788 2.0303030303030303 2.5757575757575757 2.696969696969697 1.3333333333333333 2.3333333333333335 3.0 2.515151515151515 2.0 2.484848484848485 1.7575757575757576
