20 50
TREE NETWORK (nID nID Weight):
12 0 46
19 12 45
2 12 45
9 19 54
16 2 57
4 12 44
7 9 37
15 0 52
11 9 49
1 9 53
6 12 56
8 4 39
5 8 49
18 2 38
14 7 32
13 11 48
17 11 33
3 5 53
10 6 42
PROGRAMS ASSIGNED TO NODES (nID pID1 pID2 ...):
0 1 2 3 4 5 6 7 8 9 10 11 12 13 14 15 16 17 18 19 20 21 22 23 24 25 26 27 28 29 30 31 32 33 34 35 36 37 38 39 40 41 42 43 44 45 46 47 48 49 50
2 1 4 5 6 7 8 9 10 11 12 13 14 15 16 18 20 21 22 23 24 25 27 28 29 30 31 33 34 35 36 37 38 39 40 41 42 43 44 45 46 48 49 50
3 48 16 50 20 36 21 38 7 42 43 12 29
4 4 5 39 7 40 8 9 42 11 44 13 14 47 49 18 20 26 31
5 16 18 19 10 26
6 1 2 35 4 38 39 40 42 12 46 48 17 20 21 22 23 25 29
7 1 3 4 5 6 7 9 10 11 13 14 15 16 20 22 23 24 25 26 27 28 29 32 33 34 36 38 39 40 43 46 47 48
8 33 35 3 38 40 10 42 44 17 18 21 23 24
9 1 2 3 4 5 6 7 8 9 10 11 12 13 14 15 16 17 18 19 20 21 22 23 24 25 26 27 28 29 30 31 32 33 34 35 36 37 38 39 40 41 42 43 44 45 46 47 48 50
10 1 3 4 5 7 8 9 10 11 13 15 17 18 20 21 23 24 25 26 27 28 29 32 33 34 36 38 40 41 42 43 45 46 47 48 50
11 1 2 4 5 6 8 9 10 11 12 13 14 15 16 17 18 20 23 24 25 26 27 28 29 30 32 33 36 37 38 39 40 41 42 43 44 45 46 47 49 50
12 1 2 3 4 5 6 7 8 10 11 12 13 14 15 16 17 18 19 20 21 22 23 24 25 26 27 29 30 32 33 34 36 37 39 40 41 42 43 44 45 46 47 48 49 50
13 1 2 3 4 5 6 7 8 9 10 12 13 14 15 16 17 18 19 20 21 22 23 24 25 26 28 30 31 32 33 34 35 36 37 38 39 41 42 43 44 45 46 47 48 50
14 1 2 7 8 10 11 13 16 17 18 19 20 21 23 24 25 30 32 33 34 36 37 38 39 40 41 43 44 45 46 48 49 50
15 9
16 3 4 5 6 7 8 9 11 12 13 14 15 16 17 18 20 22 25 27 28 29 30 31 32 33 38 40 42 43 44 45 46 47 49 50
17 33 19 21 23 9 27
18 35 24 25 41 43
19 21
SIZE OF PROGRAMS (pID SIZE):
1 90.0
2 61.0
3 74.0
4 63.0
5 64.0
6 74.0
7 93.0
8 51.0
9 93.0
10 80.0
11 59.0
12 81.0
13 94.0
14 66.0
15 72.0
16 83.0
17 52.0
18 59.0
19 99.0
20 68.0
21 59.0
22 96.0
23 89.0
24 62.0
25 47.0
26 69.0
27 74.0
28 71.0
29 59.0
30 95.0
31 52.0
32 46.0
33 67.0
34 92.0
35 78.0
36 54.0
37 57.0
38 67.0
39 85.0
40 93.0
41 48.0
42 59.0
43 43.0
44 87.0
45 75.0
46 91.0
47 77.0
48 78.0
49 65.0
50 84.0
COST TO INSTALL SERVERS AND PROGRAMS ON NODES (COST_TO_INSTALL_SERVER COST_TO_INSTALL_pID1 ...):
0 11893.939393939392 2.727272727272727 1.8484848484848484 2.242424242424242 1.9090909090909092 1.9393939393939394 2.242424242424242 2.8181818181818183 1.5454545454545454 2.8181818181818183 2.4242424242424243 1.7878787878787878 2.4545454545454546 2.8484848484848486 2.0 2.1818181818181817 2.515151515151515 1.5757575757575757 1.7878787878787878 3.0 2.0606060606060606 1.7878787878787878 2.909090909090909 2.696969696969697 1.878787878787879 1.4242424242424243 2.090909090909091 2.242424242424242 2.1515151515151514 1.7878787878787878 2.878787878787879 1.5757575757575757 1.393939393939394 2.0303030303030303 2.787878787878788 2.3636363636363638 1.6363636363636365 1.7272727272727273 2.0303030303030303 2.5757575757575757 2.8181818181818183 1.4545454545454546 1.7878787878787878 1.303030303030303 2.6363636363636362 2.272727272727273 2.757575757575758 2.3333333333333335 2.3636363636363638 1.9696969696969697 2.5454545454545454
1 564.0 1.8181818181818181 1.2323232323232323 1.494949494949495 1.2727272727272727 1.292929292929293 1.494949494949495 1.878787878787879 1.0303030303030303 1.878787878787879 1.6161616161616161 1.1919191919191918 1.6363636363636365 1.898989898989899 1.3333333333333333 1.4545454545454546 1.6767676767676767 1.0505050505050506 1.1919191919191918 2.0 1.3737373737373737 1.1919191919191918 1.9393939393939394 1.797979797979798 1.2525252525252526 0.9494949494949495 1.393939393939394 1.494949494949495 1.4343434343434343 1.1919191919191918 1.9191919191919191 1.0505050505050506 0.9292929292929293 1.3535353535353536 1.8585858585858586 1.5757575757575757 1.0909090909090908 1.1515151515151516 1.3535353535353536 1.7171717171717171 1.878787878787879 0.9696969696969697 1.1919191919191918 0.8686868686868687 1.7575757575757576 1.5151515151515151 1.8383838383838385 1.5555555555555556 1.5757575757575757 1.3131313131313131 1.696969696969697
2 8.168797923036024 2.727272727272727 1.8484848484848484 2.242424242424242 1.9090909090909092 1.9393939393939394 2.242424242424242 2.8181818181818183 1.5454545454545454 2.8181818181818183 2.4242424242424243 1.7878787878787878 2.4545454545454546 2.8484848484848486 2.0 2.1818181818181817 2.515151515151515 1.5757575757575757 1.7878787878787878 3.0 2.0606060606060606 1.7878787878787878 2.909090909090909 2.696969696969697 1.878787878787879 1.4242424242424243 2.090909090909091 2.242424242424242 2.1515151515151514 1.7878787878787878 2.878787878787879 1.5757575757575757 1.393939393939394 2.0303030303030303 2.787878787878788 2.3636363636363638 1.6363636363636365 1.7272727272727273 2.0303030303030303 2.5757575757575757 2.8181818181818183 1.4545454545454546 1.7878787878787878 1.303030303030303 2.6363636363636362 2.272727272727273 2.757575757575758 2.3333333333333335 2.3636363636363638 1.9696969696969697 2.5454545454545454
3 54.48232714183238 1.8181818181818181 1.2323232323232323 1.494949494949495 1.2727272727272727 1.292929292929293 1.494949494949495 1.878787878787879 1.0303030303030303 1.878787878787879 1.6161616161616161 1.1919191919191918 1.6363636363636365 1.898989898989899 1.3333333333333333 1.4545454545454546 1.6767676767676767 1.0505050505050506 1.1919191919191918 2.0 1.3737373737373737 1.1919191919191918 1.9393939393939394 1.797979797979798 1.2525252525252526 0.9494949494949495 1.393939393939394 1.494949494949495 1.4343434343434343 1.1919191919191918 1.9191919191919191 1.0505050505050506 0.9292929292929293 1.3535353535353536 1.8585858585858586 1.5757575757575757 1.0909090909090908 1.1515151515151516 1.3535353535353536 1.7171717171717171 1.878787878787879 0.9696969696969697 1.1919191919191918 0.8686868686868687 1.7575757575757576 1.5151515151515151 1.8383838383838385 1.5555555555555556 1.5757575757575757 1.3131313131313131 1.696969696969697
4 58.35472620810112 1.8181818181818181 1.2323232323232323 1.494949494949495 1.2727272727272727 1.292929292929293 1.494949494949495 1.878787878787879 1.0303030303030303 1.878787878787879 1.6161616161616161 1.1919191919191918 1.6363636363636365 1.898989898989899 1.3333333333333333 1.4545454545454546 1.6767676767676767 1.0505050505050506 1.1919191919191918 2.0 1.3737373737373737 1.1919191919191918 1.9393939393939394 1.797979797979798 1.2525252525252526 0.9494949494949495 1.393939393939394 1.494949494949495 1.4343434343434343 1.1919191919191918 1.9191919191919191 1.0505050505050506 0.9292929292929293 1.3535353535353536 1.8585858585858586 1.5757575757575757 1.0909090909090908 1.1515151515151516 1.3535353535353536 1.7171717171717171 1.878787878787879 0.9696969696969697 1.1919191919191918 0.8686868686868687 1.7575757575757576 1.5151515151515151 1.8383838383838385 1.5555555555555556 1.5757575757575757 1.3131313131313131 1.696969696969697
5 34.05227681395034 1.8181818181818181 1.2323232323232323 1.494949494949495 1.2727272727272727 1.292929292929293 1.494949494949495 1.878787878787879 1.0303030303030303 1.878787878787879 1.6161616161616161 1.1919191919191918 1.6363636363636365 1.898989898989899 1.3333333333333333 1.4545454545454546 1.6767676767676767 1.0505050505050506 1.1919191919191918 2.0 1.3737373737373737 1.1919191919191918 1.9393939393939394 1.797979797979798 1.2525252525252526 0.9494949494949495 1.393939393939394 1.494949494949495 1.4343434343434343 1.1919191919191918 1.9191919191919191 1.0505050505050506 0.9292929292929293 1.3535353535353536 1.8585858585858586 1.5757575757575757 1.0909090909090908 1.1515151515151516 1.3535353535353536 1.7171717171717171 1.878787878787879 0.9696969696969697 1.1919191919191918 0.8686868686868687 1.7575757575757576 1.5151515151515151 1.8383838383838385 1.5555555555555556 1.5757575757575757 1.3131313131313131 1.696969696969697
6 80.44892131603709 2.727272727272727 1.8484848484848484 2.242424242424242 1.9090909090909092 1.9393939393939394 2.242424242424242 2.8181818181818183 1.5454545454545454 2.8181818181818183 2.4242424242424243 1.7878787878787878 2.4545454545454546 2.8484848484848486 2.0 2.1818181818181817 2.515151515151515 1.5757575757575757 1.7878787878787878 3.0 2.0606060606060606 1.7878787878787878 2.909090909090909 2.696969696969697 1.878787878787879 1.4242424242424243 2.090909090909091 2.242424242424242 2.1515151515151514 1.7878787878787878 2.878787878787879 1.5757575757575757 1.393939393939394 2.0303030303030303 2.787878787878788 2.3636363636363638 1.6363636363636365 1.7272727272727273 2.0303030303030303 2.5757575757575757 2.8181818181818183 1.4545454545454546 1.7878787878787878 1.303030303030303 2.6363636363636362 2.272727272727273 2.757575757575758 2.3333333333333335 2.3636363636363638 1.9696969696969697 2.5454545454545454
7 362.46191652754766 1.8181818181818181 1.2323232323232323 1.494949494949495 1.2727272727272727 1.292929292929293 1.494949494949495 1.878787878787879 1.0303030303030303 1.878787878787879 1.6161616161616161 1.1919191919191918 1.6363636363636365 1.898989898989899 1.3333333333333333 1.4545454545454546 1.6767676767676767 1.0505050505050506 1.1919191919191918 2.0 1.3737373737373737 1.1919191919191918 1.9393939393939394 1.797979797979798 1.2525252525252526 0.9494949494949495 1.393939393939394 1.494949494949495 1.4343434343434343 1.1919191919191918 1.9191919191919191 1.0505050505050506 0.9292929292929293 1.3535353535353536 1.8585858585858586 1.5757575757575757 1.0909090909090908 1.1515151515151516 1.3535353535353536 1.7171717171717171 1.878787878787879 0.9696969696969697 1.1919191919191918 0.8686868686868687 1.7575757575757576 1.5151515151515151 1.8383838383838385 1.5555555555555556 1.5757575757575757 1.3131313131313131 1.696969696969697
8 122.60306167832096 2.727272727272727 1.8484848484848484 2.242424242424242 1.9090909090909092 1.9393939393939394 2.242424242424242 2.8181818181818183 1.5454545454545454 2.8181818181818183 2.4242424242424243 1.7878787878787878 2.4545454545454546 2.8484848484848486 2.0 2.1818181818181817 2.515151515151515 1.5757575757575757 1.7878787878787878 3.0 2.0606060606060606 1.7878787878787878 2.909090909090909 2.696969696969697 1.878787878787879 1.4242424242424243 2.090909090909091 2.242424242424242 2.1515151515151514 1.7878787878787878 2.878787878787879 1.5757575757575757 1.393939393939394 2.0303030303030303 2.787878787878788 2.3636363636363638 1.6363636363636365 1.7272727272727273 2.0303030303030303 2.5757575757575757 2.8181818181818183 1.4545454545454546 1.7878787878787878 1.303030303030303 2.6363636363636362 2.272727272727273 2.757575757575758 2.3333333333333335 2.3636363636363638 1.9696969696969697 2.5454545454545454
9 228.06757887301055 1.8181818181818181 1.2323232323232323 1.494949494949495 1.2727272727272727 1.292929292929293 1.494949494949495 1.878787878787879 1.0303030303030303 1.878787878787879 1.6161616161616161 1.1919191919191918 1.6363636363636365 1.898989898989899 1.3333333333333333 1.4545454545454546 1.6767676767676767 1.0505050505050506 1.1919191919191918 2.0 1.3737373737373737 1.1919191919191918 1.9393939393939394 1.797979797979798 1.2525252525252526 0.9494949494949495 1.393939393939394 1.494949494949495 1.4343434343434343 1.1919191919191918 1.9191919191919191 1.0505050505050506 0.9292929292929293 1.3535353535353536 1.8585858585858586 1.5757575757575757 1.0909090909090908 1.1515151515151516 1.3535353535353536 1.7171717171717171 1.878787878787879 0.9696969696969697 1.1919191919191918 0.8686868686868687 1.7575757575757576 1.5151515151515151 1.8383838383838385 1.5555555555555556 1.5757575757575757 1.3131313131313131 1.696969696969697
10 148.82309838819586 1.8181818181818181 1.2323232323232323 1.494949494949495 1.2727272727272727 1.292929292929293 1.494949494949495 1.878787878787879 1.0303030303030303 1.878787878787879 1.6161616161616161 1.1919191919191918 1.6363636363636365 1.898989898989899 1.3333333333333333 1.4545454545454546 1.6767676767676767 1.0505050505050506 1.1919191919191918 2.0 1.3737373737373737 1.1919191919191918 1.9393939393939394 1.797979797979798 1.2525252525252526 0.9494949494949495 1.393939393939394 1.494949494949495 1.4343434343434343 1.1919191919191918 1.9191919191919191 1.0505050505050506 0.9292929292929293 1.3535353535353536 1.8585858585858586 1.5757575757575757 1.0909090909090908 1.1515151515151516 1.3535353535353536 1.7171717171717171 1.878787878787879 0.9696969696969697 1.1919191919191918 0.8686868686868687 1.7575757575757576 1.5151515151515151 1.8383838383838385 1.5555555555555556 1.5757575757575757 1.3131313131313131 1.696969696969697
11 385.5813215839682 2.727272727272727 1.8484848484848484 2.242424242424242 1.9090909090909092 1.9393939393939394 2.242424242424242 2.8181818181818183 1.5454545454545454 2.8181818181818183 2.4242424242424243 1.7878787878787878 2.4545454545454546 2.8484848484848486 2.0 2.1818181818181817 2.515151515151515 1.5757575757575757 1.7878787878787878 3.0 2.0606060606060606 1.7878787878787878 2.909090909090909 2.696969696969697 1.878787878787879 1.4242424242424243 2.090909090909091 2.242424242424242 2.1515151515151514 1.7878787878787878 2.878787878787879 1.5757575757575757 1.393939393939394 2.0303030303030303 2.787878787878788 2.3636363636363638 1.6363636363636365 1.7272727272727273 2.0303030303030303 2.5757575757575757 2.8181818181818183 1.4545454545454546 1.7878787878787878 1.303030303030303 2.6363636363636362 2.272727272727273 2.757575757575758 2.3333333333333335 2.3636363636363638 1.9696969696969697 2.5454545454545454
12 25.975048013247545 2.727272727272727 1.8484848484848484 2.242424242424242 1.9090909090909092 1.9393939393939394 2.242424242424242 2.8181818181818183 1.5454545454545454 2.8181818181818183 2.4242424242424243 1.7878787878787878 2.4545454545454546 2.8484848484848486 2.0 2.1818181818181817 2.515151515151515 1.5757575757575757 1.7878787878787878 3.0 2.0606060606060606 1.7878787878787878 2.909090909090909 2.696969696969697 1.878787878787879 1.4242424242424243 2.090909090909091 2.242424242424242 2.1515151515151514 1.7878787878787878 2.878787878787879 1.5757575757575757 1.393939393939394 2.0303030303030303 2.787878787878788 2.3636363636363638 1.6363636363636365 1.7272727272727273 2.0303030303030303 2.5757575757575757 2.8181818181818183 1.4545454545454546 1.7878787878787878 1.303030303030303 2.6363636363636362 2.272727272727273 2.757575757575758 2.3333333333333335 2.3636363636363638 1.9696969696969697 2.5454545454545454
13 421.5660891514668 2.727272727272727 1.8484848484848484 2.242424242424242 1.9090909090909092 1.9393939393939394 2.242424242424242 2.8181818181818183 1.5454545454545454 2.8181818181818183 2.4242424242424243 1.7878787878787878 2.4545454545454546 2.8484848484848486 2.0 2.1818181818181817 2.515151515151515 1.5757575757575757 1.7878787878787878 3.0 2.0606060606060606 1.7878787878787878 2.909090909090909 2.696969696969697 1.878787878787879 1.4242424242424243 2.090909090909091 2.242424242424242 2.1515151515151514 1.7878787878787878 2.878787878787879 1.5757575757575757 1.393939393939394 2.0303030303030303 2.787878787878788 2.3636363636363638 1.6363636363636365 1.7272727272727273 2.0303030303030303 2.5757575757575757 2.8181818181818183 1.4545454545454546 1.7878787878787878 1.303030303030303 2.6363636363636362 2.272727272727273 2.757575757575758 2.3333333333333335 2.3636363636363638 1.9696969696969697 2.5454545454545454
14 205.9548332257915 2.727272727272727 1.8484848484848484 2.242424242424242 1.9090909090909092 1.9393939393939394 2.242424242424242 2.8181818181818183 1.5454545454545454 2.8181818181818183 2.4242424242424243 1.7878787878787878 2.4545454545454546 2.8484848484848486 2.0 2.1818181818181817 2.515151515151515 1.5757575757575757 1.7878787878787878 3.0 2.0606060606060606 1.7878787878787878 2.909090909090909 2.696969696969697 1.878787878787879 1.4242424242424243 2.090909090909091 2.242424242424242 2.1515151515151514 1.7878787878787878 2.878787878787879 1.5757575757575757 1.393939393939394 2.0303030303030303 2.787878787878788 2.3636363636363638 1.6363636363636365 1.7272727272727273 2.0303030303030303 2.5757575757575757 2.8181818181818183 1.4545454545454546 1.7878787878787878 1.303030303030303 2.6363636363636362 2.272727272727273 2.757575757575758 2.3333333333333335 2.3636363636363638 1.9696969696969697 2.5454545454545454
15 2.1409850343580765 1.8181818181818181 1.2323232323232323 1.494949494949495 1.2727272727272727 1.292929292929293 1.494949494949495 1.878787878787879 1.0303030303030303 1.878787878787879 1.6161616161616161 1.1919191919191918 1.6363636363636365 1.898989898989899 1.3333333333333333 1.4545454545454546 1.6767676767676767 1.0505050505050506 1.1919191919191918 2.0 1.3737373737373737 1.1919191919191918 1.9393939393939394 1.797979797979798 1.2525252525252526 0.9494949494949495 1.393939393939394 1.494949494949495 1.4343434343434343 1.1919191919191918 1.9191919191919191 1.0505050505050506 0.9292929292929293 1.3535353535353536 1.8585858585858586 1.5757575757575757 1.0909090909090908 1.1515151515151516 1.3535353535353536 1.7171717171717171 1.878787878787879 0.9696969696969697 1.1919191919191918 0.8686868686868687 1.7575757575757576 1.5151515151515151 1.8383838383838385 1.5555555555555556 1.5757575757575757 1.3131313131313131 1.696969696969697
16 73.89900415333598 1.8181818181818181 1.2323232323232323 1.494949494949495 1.2727272727272727 1.292929292929293 1.494949494949495 1.878787878787879 1.0303030303030303 1.878787878787879 1.6161616161616161 1.1919191919191918 1.6363636363636365 1.898989898989899 1.3333333333333333 1.4545454545454546 1.6767676767676767 1.0505050505050506 1.1919191919191918 2.0 1.3737373737373737 1.1919191919191918 1.9393939393939394 1.797979797979798 1.2525252525252526 0.9494949494949495 1.393939393939394 1.494949494949495 1.4343434343434343 1.1919191919191918 1.9191919191919191 1.0505050505050506 0.9292929292929293 1.3535353535353536 1.8585858585858586 1.5757575757575757 1.0909090909090908 1.1515151515151516 1.3535353535353536 1.7171717171717171 1.878787878787879 0.9696969696969697 1.1919191919191918 0.8686868686868687 1.7575757575757576 1.5151515151515151 1.8383838383838385 1.5555555555555556 1.5757575757575757 1.3131313131313131 1.696969696969697
17 31.35130560653803 1.8181818181818181 1.2323232323232323 1.494949494949495 1.2727272727272727 1.292929292929293 1.494949494949495 1.878787878787879 1.0303030303030303 1.878787878787879 1.6161616161616161 1.1919191919191918 1.6363636363636365 1.898989898989899 1.3333333333333333 1.4545454545454546 1.6767676767676767 1.0505050505050506 1.1919191919191918 2.0 1.3737373737373737 1.1919191919191918 1.9393939393939394 1.797979797979798 1.2525252525252526 0.9494949494949495 1.393939393939394 1.494949494949495 1.4343434343434343 1.1919191919191918 1.9191919191919191 1.0505050505050506 0.9292929292929293 1.3535353535353536 1.8585858585858586 1.5757575757575757 1.0909090909090908 1.1515151515151516 1.3535353535353536 1.7171717171717171 1.878787878787879 0.9696969696969697 1.1919191919191918 0.8686868686868687 1.7575757575757576 1.5151515151515151 1.8383838383838385 1.5555555555555556 1.5757575757575757 1.3131313131313131 1.696969696969697
18 23.817843285218796 2.727272727272727 1.8484848484848484 2.242424242424242 1.9090909090909092 1.9393939393939394 2.242424242424242 2.8181818181818183 1.5454545454545454 2.8181818181818183 2.4242424242424243 1.7878787878787878 2.4545454545454546 2.8484848484848486 2.0 2.1818181818181817 2.515151515151515 1.5757575757575757 1.7878787878787878 3.0 2.0606060606060606 1.7878787878787878 2.909090909090909 2.696969696969697 1.878787878787879 1.4242424242424243 2.090909090909091 2.242424242424242 2.1515151515151514 1.7878787878787878 2.878787878787879 1.5757575757575757 1.393939393939394 2.0303030303030303 2.787878787878788 2.3636363636363638 1.6363636363636365 1.7272727272727273 2.0303030303030303 2.5757575757575757 2.8181818181818183 1.4545454545454546 1.7878787878787878 1.303030303030303 2.6363636363636362 2.272727272727273 2.757575757575758 2.3333333333333335 2.3636363636363638 1.9696969696969697 2.5454545454545454
19 121.2844398055417 1.8181818181818181 1.2323232323232323 1.494949494949495 1.2727272727272727 1.292929292929293 1.494949494949495 1.878787878787879 1.0303030303030303 1.878787878787879 1.6161616161616161 1.1919191919191918 1.6363636363636365 1.898989898989899 1.3333333333333333 1.4545454545454546 1.6767676767676767 1.0505050505050506 1.1919191919191918 2.0 1.3737373737373737 1.1919191919191918 1.9393939393939394 1.797979797979798 1.2525252525252526 0.9494949494949495 1.393939393939394 1.494949494949495 1.4343434343434343 1.1919191919191918 1.9191919191919191 1.0505050505050506 0.9292929292929293 1.3535353535353536 1.8585858585858586 1.5757575757575757 1.0909090909090908 1.1515151515151516 1.3535353535353536 1.7171717171717171 1.878787878787879 0.9696969696969697 1.1919191919191918 0.8686868686868687 1.7575757575757576 1.5151515151515151 1.8383838383838385 1.5555555555555556 1.5757575757575757 1.3131313131313131 1.696969696969697
