60 30
TREE NETWORK (nID nID Weight):
3 0 32
47 3 53
48 47 43
31 3 34
5 48 54
43 3 52
21 43 57
45 48 32
26 31 38
7 31 56
30 45 58
32 48 30
11 7 32
24 48 46
55 24 36
36 24 43
6 32 38
9 0 43
15 31 49
59 45 34
37 48 39
40 59 49
13 30 31
2 0 42
38 45 48
14 55 51
46 15 40
50 48 45
54 14 38
29 59 33
17 7 43
51 15 56
57 30 48
12 21 30
22 55 55
34 13 35
52 21 38
33 3 30
44 5 58
53 13 44
39 47 34
16 9 43
19 37 57
23 32 51
25 17 58
20 47 53
1 34 47
4 0 37
58 50 44
35 23 55
42 3 50
8 35 55
28 35 53
41 32 46
27 8 41
10 35 51
56 28 50
49 50 43
18 48 53
PROGRAMS ASSIGNED TO NODES (nID pID1 pID2 ...):
0 1 2 3 4 5 6 7 8 9 10 11 12 13 14 15 16 17 18 19 20 21 22 23 24 25 26 27 28 29 30
1 1 2 3 4 5 7 8 9 10 12 13 14 15 16 17 18 19 20 21 22 23 24 25 26 27 28 29 30
2 8 28 29
3 1 2 3 4 5 6 7 8 9 10 12 13 14 15 16 17 18 19 21 22 23 25 26 27 28 29 30
4 1 2 3 4 5 6 7 8 9 10 12 13 14 16 17 18 19 20 22 24 27 29 30
5 16 1 2 3 20 22 23 24
6 19
7 18 7 14 15
8 1 3 5 8 12 16 17 21 22 24 25 27 28 30
9 4 20 8 24 29 13 15
10 1 2 3 4 5 6 7 8 9 10 11 12 13 15 16 17 18 19 20 21 22 23 24 25 26 27 28 29
11 1 2 3 4 5 7 8 9 10 11 12 13 14 15 16 17 19 20 22 23 24 25 26 27 28 29 30
12 1 5 6 7 25 10
13 17 2 4 20 23 7 24 26 27 12 13
14 4 5 29
15 16 18 25 10 12
16 21 24 29 14
17 1 2 3 4 5 6 7 8 9 10 11 13 14 15 16 17 18 19 20 21 22 23 24 25 26 27 28 29 30
18 12
19 16 1 6 7 24
20 8
21 16 4 22 25 26 11 14 15
22 1 2 3 4 5 6 7 8 9 10 11 12 13 14 15 16 18 19 21 22 23 24 25 26 27 28 29 30
23 17 22 10 29 14
24 17 21
25 1 2 3 4 5 6 7 8 9 10 11 12 13 14 15 16 17 19 20 21 22 23 24 25 26 27 28 29 30
26 24 13 30
27 3 4 5 7 9 10 13 14 15 16 17 22 24 25 26 27 29 30
28 2 3 6 8 12 13 14 15 22 23 24 25 26 27 29 30
29 17 5 21 24 28 12
30 2 3 5 6 7 8 9 10 13 14 15 16 17 18 20 22 24 25 26 27 28 29 30
31 1 2 3 4 5 6 7 8 9 10 11 12 13 14 15 16 17 18 19 20 21 22 23 25 26 27 28 29 30
32 16 17 3 4 22 25 11 12 30
33 2 21 6 14
34 1 2 3 4 5 6 9 10 11 13 14 15 16 17 19 20 21 22 24 25 26 27 29 30
35 17 18 3 24 10 12 28
36 2 4 5 6 7 9 10 12 17 19 20 21 26 27 30
37 1 2 3 4 6 7 9 10 11 12 13 14 15 16 17 18 19 20 21 22 23 24 25 26 28 29 30
38 1 2 4 7 8 9 11 14 16 17 18 19 20 21 22 23 25 28 29
39 4 5 10 11 12 14 15 17 18 19 23 24 27 29
40 1 2 3 4 5 6 7 8 9 10 11 12 13 14 15 16 18 19 20 21 22 23 24 25 26 27 28 29 30
41 1 3 5 10 11 12 13 15 17 18 20 21 22 23 28 29 30
42 16 20 5 7 26 13 30
43 1 2 3 4 5 6 7 8 9 10 11 12 13 15 16 17 18 19 21 24 25 26
44 2 5 6 7 9 10 11 14 15 16 17 18 19 22 23 25 27 28 29 30
45 28
46 22 7
47 16 8 9 12 13 30 14
48 3 8 9 11 29 13
49 1 2 3 5 6 9 10 13 15 16 19 21 23 25 26 27 28 30
50 2 3 4 6 7 8 10 13 15 17 18 21 22 23 24 25 27 28 29 30
51 17 18 3 26 28 29
52 2 3 4 5 6 11 13 15 16 19 22 23 29
53 1 2 6 11 13 14 16 17 18 19 21 24 26 29 30
54 16 1 23 26 28 30
55 16 3 20 21 22 7 24 27 11 30
56 1 2 3 4 6 7 8 9 11 12 15 16 17 21 25 27 28 30
57 5 7 8 24 9 25 10 11 12 30 14 15
58 1 2 4 5 6 7 9 10 11 12 13 15 18 19 20 21 22 23 25 27 29 30
59 2 3 6 13 14 17 19 20 22 24 25 28 29
SIZE OF PROGRAMS (pID SIZE):
1 62.0
2 49.0
3 56.0
4 54.0
5 46.0
6 48.0
7 91.0
8 46.0
9 46.0
10 49.0
11 71.0
12 98.0
13 93.0
14 87.0
15 59.0
16 87.0
17 69.0
18 78.0
19 60.0
20 84.0
21 85.0
22 80.0
23 43.0
24 67.0
25 45.0
26 56.0
27 78.0
28 44.0
29 76.0
30 66.0
COST TO INSTALL SERVERS AND PROGRAMS ON NODES (COST_TO_INSTALL_SERVER COST_TO_INSTALL_pID1 ...):
0 5026.530612244898 1.2653061224489797 1.0 1.1428571428571428 1.1020408163265305 0.9387755102040817 0.9795918367346939 1.8571428571428572 0.9387755102040817 0.9387755102040817 1.0 1.4489795918367347 2.0 1.8979591836734695 1.7755102040816326 1.2040816326530612 1.7755102040816326 1.4081632653061225 1.5918367346938775 1.2244897959183674 1.7142857142857142 1.7346938775510203 1.6326530612244898 0.8775510204081632 1.3673469387755102 0.9183673469387755 1.1428571428571428 1.5918367346938775 0.8979591836734694 1.5510204081632653 1.346938775510204
1 328.2309404069666 1.8979591836734695 1.5 1.7142857142857142 1.653061224489796 1.4081632653061225 1.469387755102041 2.7857142857142856 1.4081632653061225 1.4081632653061225 1.5 2.173469387755102 3.0 2.8469387755102042 2.663265306122449 1.8061224489795917 2.663265306122449 2.1122448979591835 2.3877551020408165 1.836734693877551 2.5714285714285716 2.6020408163265305 2.4489795918367347 1.316326530612245 2.0510204081632653 1.3775510204081634 1.7142857142857142 2.3877551020408165 1.346938775510204 2.326530612244898 2.020408163265306
2 3.202306180904562 1.2653061224489797 1.0 1.1428571428571428 1.1020408163265305 0.9387755102040817 0.9795918367346939 1.8571428571428572 0.9387755102040817 0.9387755102040817 1.0 1.4489795918367347 2.0 1.8979591836734695 1.7755102040816326 1.2040816326530612 1.7755102040816326 1.4081632653061225 1.5918367346938775 1.2244897959183674 1.7142857142857142 1.7346938775510203 1.6326530612244898 0.8775510204081632 1.3673469387755102 0.9183673469387755 1.1428571428571428 1.5918367346938775 0.8979591836734694 1.5510204081632653 1.346938775510204
3 33.295274246002606 1.8979591836734695 1.5 1.7142857142857142 1.653061224489796 1.4081632653061225 1.469387755102041 2.7857142857142856 1.4081632653061225 1.4081632653061225 1.5 2.173469387755102 3.0 2.8469387755102042 2.663265306122449 1.8061224489795917 2.663265306122449 2.1122448979591835 2.3877551020408165 1.836734693877551 2.5714285714285716 2.6020408163265305 2.4489795918367347 1.316326530612245 2.0510204081632653 1.3775510204081634 1.7142857142857142 2.3877551020408165 1.346938775510204 2.326530612244898 2.020408163265306
4 457.0 1.8979591836734695 1.5 1.7142857142857142 1.653061224489796 1.4081632653061225 1.469387755102041 2.7857142857142856 1.4081632653061225 1.4081632653061225 1.5 2.173469387755102 3.0 2.8469387755102042 2.663265306122449 1.8061224489795917 2.663265306122449 2.1122448979591835 2.3877551020408165 1.836734693877551 2.5714285714285716 2.6020408163265305 2.4489795918367347 1.316326530612245 2.0510204081632653 1.3775510204081634 1.7142857142857142 2.3877551020408165 1.346938775510204 2.326530612244898 2.020408163265306
5 48.59031481551382 1.8979591836734695 1.5 1.7142857142857142 1.653061224489796 1.4081632653061225 1.469387755102041 2.7857142857142856 1.4081632653061225 1.4081632653061225 1.5 2.173469387755102 3.0 2.8469387755102042 2.663265306122449 1.8061224489795917 2.663265306122449 2.1122448979591835 2.3877551020408165 1.836734693877551 2.5714285714285716 2.6020408163265305 2.4489795918367347 1.316326530612245 2.0510204081632653 1.3775510204081634 1.7142857142857142 2.3877551020408165 1.346938775510204 2.326530612244898 2.020408163265306
6 7.1953168459371994 1.8979591836734695 1.5 1.7142857142857142 1.653061224489796 1.4081632653061225 1.469387755102041 2.7857142857142856 1.4081632653061225 1.4081632653061225 1.5 2.173469387755102 3.0 2.8469387755102042 2.663265306122449 1.8061224489795917 2.663265306122449 2.1122448979591835 2.3877551020408165 1.836734693877551 2.5714285714285716 2.6020408163265305 2.4489795918367347 1.316326530612245 2.0510204081632653 1.3775510204081634 1.7142857142857142 2.3877551020408165 1.346938775510204 2.326530612244898 2.020408163265306
7 81.2196980872736 1.8979591836734695 1.5 1.7142857142857142 1.653061224489796 1.4081632653061225 1.469387755102041 2.7857142857142856 1.4081632653061225 1.4081632653061225 1.5 2.173469387755102 3.0 2.8469387755102042 2.663265306122449 1.8061224489795917 2.663265306122449 2.1122448979591835 2.3877551020408165 1.836734693877551 2.5714285714285716 2.6020408163265305 2.4489795918367347 1.316326530612245 2.0510204081632653 1.3775510204081634 1.7142857142857142 2.3877551020408165 1.346938775510204 2.326530612244898 2.020408163265306
8 256.34541422434114 1.8979591836734695 1.5 1.7142857142857142 1.653061224489796 1.4081632653061225 1.469387755102041 2.7857142857142856 1.4081632653061225 1.4081632653061225 1.5 2.173469387755102 3.0 2.8469387755102042 2.663265306122449 1.8061224489795917 2.663265306122449 2.1122448979591835 2.3877551020408165 1.836734693877551 2.5714285714285716 2.6020408163265305 2.4489795918367347 1.316326530612245 2.0510204081632653 1.3775510204081634 1.7142857142857142 2.3877551020408165 1.346938775510204 2.326530612244898 2.020408163265306
9 9.961440381008433 1.2653061224489797 1.0 1.1428571428571428 1.1020408163265305 0.9387755102040817 0.9795918367346939 1.8571428571428572 0.9387755102040817 0.9387755102040817 1.0 1.4489795918367347 2.0 1.8979591836734695 1.7755102040816326 1.2040816326530612 1.7755102040816326 1.4081632653061225 1.5918367346938775 1.2244897959183674 1.7142857142857142 1.7346938775510203 1.6326530612244898 0.8775510204081632 1.3673469387755102 0.9183673469387755 1.1428571428571428 1.5918367346938775 0.8979591836734694 1.5510204081632653 1.346938775510204
10 157.56980580173396 1.2653061224489797 1.0 1.1428571428571428 1.1020408163265305 0.9387755102040817 0.9795918367346939 1.8571428571428572 0.9387755102040817 0.9387755102040817 1.0 1.4489795918367347 2.0 1.8979591836734695 1.7755102040816326 1.2040816326530612 1.7755102040816326 1.4081632653061225 1.5918367346938775 1.2244897959183674 1.7142857142857142 1.7346938775510203 1.6326530612244898 0.8775510204081632 1.3673469387755102 0.9183673469387755 1.1428571428571428 1.5918367346938775 0.8979591836734694 1.5510204081632653 1.346938775510204
11 127.23376430523207 1.8979591836734695 1.5 1.7142857142857142 1.653061224489796 1.4081632653061225 1.469387755102041 2.7857142857142856 1.4081632653061225 1.4081632653061225 1.5 2.173469387755102 3.0 2.8469387755102042 2.663265306122449 1.8061224489795917 2.663265306122449 2.1122448979591835 2.3877551020408165 1.836734693877551 2.5714285714285716 2.6020408163265305 2.4489795918367347 1.316326530612245 2.0510204081632653 1.3775510204081634 1.7142857142857142 2.3877551020408165 1.346938775510204 2.326530612244898 2.020408163265306
12 31.874140369821824 1.8979591836734695 1.5 1.7142857142857142 1.653061224489796 1.4081632653061225 1.469387755102041 2.7857142857142856 1.4081632653061225 1.4081632653061225 1.5 2.173469387755102 3.0 2.8469387755102042 2.663265306122449 1.8061224489795917 2.663265306122449 2.1122448979591835 2.3877551020408165 1.836734693877551 2.5714285714285716 2.6020408163265305 2.4489795918367347 1.316326530612245 2.0510204081632653 1.3775510204081634 1.7142857142857142 2.3877551020408165 1.346938775510204 2.326530612244898 2.020408163265306
13 295.74844410026714 1.8979591836734695 1.5 1.7142857142857142 1.653061224489796 1.4081632653061225 1.469387755102041 2.7857142857142856 1.4081632653061225 1.4081632653061225 1.5 2.173469387755102 3.0 2.8469387755102042 2.663265306122449 1.8061224489795917 2.663265306122449 2.1122448979591835 2.3877551020408165 1.836734693877551 2.5714285714285716 2.6020408163265305 2.4489795918367347 1.316326530612245 2.0510204081632653 1.3775510204081634 1.7142857142857142 2.3877551020408165 1.346938775510204 2.326530612244898 2.020408163265306
14 103.91405832646407 1.2653061224489797 1.0 1.1428571428571428 1.1020408163265305 0.9387755102040817 0.9795918367346939 1.8571428571428572 0.9387755102040817 0.9387755102040817 1.0 1.4489795918367347 2.0 1.8979591836734695 1.7755102040816326 1.2040816326530612 1.7755102040816326 1.4081632653061225 1.5918367346938775 1.2244897959183674 1.7142857142857142 1.7346938775510203 1.6326530612244898 0.8775510204081632 1.3673469387755102 0.9183673469387755 1.1428571428571428 1.5918367346938775 0.8979591836734694 1.5510204081632653 1.346938775510204
15 36.53878477573823 1.8979591836734695 1.5 1.7142857142857142 1.653061224489796 1.4081632653061225 1.469387755102041 2.7857142857142856 1.4081632653061225 1.4081632653061225 1.5 2.173469387755102 3.0 2.8469387755102042 2.663265306122449 1.8061224489795917 2.663265306122449 2.1122448979591835 2.3877551020408165 1.836734693877551 2.5714285714285716 2.6020408163265305 2.4489795918367347 1.316326530612245 2.0510204081632653 1.3775510204081634 1.7142857142857142 2.3877551020408165 1.346938775510204 2.326530612244898 2.020408163265306
16 15.591633381610492 1.2653061224489797 1.0 1.1428571428571428 1.1020408163265305 0.9387755102040817 0.9795918367346939 1.8571428571428572 0.9387755102040817 0.9387755102040817 1.0 1.4489795918367347 2.0 1.8979591836734695 1.7755102040816326 1.2040816326530612 1.7755102040816326 1.4081632653061225 1.5918367346938775 1.2244897959183674 1.7142857142857142 1.7346938775510203 1.6326530612244898 0.8775510204081632 1.3673469387755102 0.9183673469387755 1.1428571428571428 1.5918367346938775 0.8979591836734694 1.5510204081632653 1.346938775510204
17 66.49219610649138 1.2653061224489797 1.0 1.1428571428571428 1.1020408163265305 0.9387755102040817 0.9795918367346939 1.8571428571428572 0.9387755102040817 0.9387755102040817 1.0 1.4489795918367347 2.0 1.8979591836734695 1.7755102040816326 1.2040816326530612 1.7755102040816326 1.4081632653061225 1.5918367346938775 1.2244897959183674 1.7142857142857142 1.7346938775510203 1.6326530612244898 0.8775510204081632 1.3673469387755102 0.9183673469387755 1.1428571428571428 1.5918367346938775 0.8979591836734694 1.5510204081632653 1.346938775510204
18 7.920188030045779 1.2653061224489797 1.0 1.1428571428571428 1.1020408163265305 0.9387755102040817 0.9795918367346939 1.8571428571428572 0.9387755102040817 0.9387755102040817 1.0 1.4489795918367347 2.0 1.8979591836734695 1.7755102040816326 1.2040816326530612 1.7755102040816326 1.4081632653061225 1.5918367346938775 1.2244897959183674 1.7142857142857142 1.7346938775510203 1.6326530612244898 0.8775510204081632 1.3673469387755102 0.9183673469387755 1.1428571428571428 1.5918367346938775 0.8979591836734694 1.5510204081632653 1.346938775510204
19 23.38473474503121 1.8979591836734695 1.5 1.7142857142857142 1.653061224489796 1.4081632653061225 1.469387755102041 2.7857142857142856 1.4081632653061225 1.4081632653061225 1.5 2.173469387755102 3.0 2.8469387755102042 2.663265306122449 1.8061224489795917 2.663265306122449 2.1122448979591835 2.3877551020408165 1.836734693877551 2.5714285714285716 2.6020408163265305 2.4489795918367347 1.316326530612245 2.0510204081632653 1.3775510204081634 1.7142857142857142 2.3877551020408165 1.346938775510204 2.326530612244898 2.020408163265306
20 1.766623685904556 1.8979591836734695 1.5 1.7142857142857142 1.653061224489796 1.4081632653061225 1.469387755102041 2.7857142857142856 1.4081632653061225 1.4081632653061225 1.5 2.173469387755102 3.0 2.8469387755102042 2.663265306122449 1.8061224489795917 2.663265306122449 2.1122448979591835 2.3877551020408165 1.836734693877551 2.5714285714285716 2.6020408163265305 2.4489795918367347 1.316326530612245 2.0510204081632653 1.3775510204081634 1.7142857142857142 2.3877551020408165 1.346938775510204 2.326530612244898 2.020408163265306
21 78.28395644372091 1.8979591836734695 1.5 1.7142857142857142 1.653061224489796 1.4081632653061225 1.469387755102041 2.7857142857142856 1.4081632653061225 1.4081632653061225 1.5 2.173469387755102 3.0 2.8469387755102042 2.663265306122449 1.8061224489795917 2.663265306122449 2.1122448979591835 2.3877551020408165 1.836734693877551 2.5714285714285716 2.6020408163265305 2.4489795918367347 1.316326530612245 2.0510204081632653 1.3775510204081634 1.7142857142857142 2.3877551020408165 1.346938775510204 2.326530612244898 2.020408163265306
22 152.75951734883648 1.2653061224489797 1.0 1.1428571428571428 1.1020408163265305 0.9387755102040817 0.9795918367346939 1.8571428571428572 0.9387755102040817 0.9387755102040817 1.0 1.4489795918367347 2.0 1.8979591836734695 1.7755102040816326 1.2040816326530612 1.7755102040816326 1.4081632653061225 1.5918367346938775 1.2244897959183674 1.7142857142857142 1.7346938775510203 1.6326530612244898 0.8775510204081632 1.3673469387755102 0.9183673469387755 1.1428571428571428 1.5918367346938775 0.8979591836734694 1.5510204081632653 1.346938775510204
23 329.9864554312887 1.8979591836734695 1.5 1.7142857142857142 1.653061224489796 1.4081632653061225 1.469387755102041 2.7857142857142856 1.4081632653061225 1.4081632653061225 1.5 2.173469387755102 3.0 2.8469387755102042 2.663265306122449 1.8061224489795917 2.663265306122449 2.1122448979591835 2.3877551020408165 1.836734693877551 2.5714285714285716 2.6020408163265305 2.4489795918367347 1.316326530612245 2.0510204081632653 1.3775510204081634 1.7142857142857142 2.3877551020408165 1.346938775510204 2.326530612244898 2.020408163265306
24 192.23205088769328 1.8979591836734695 1.5 1.7142857142857142 1.653061224489796 1.4081632653061225 1.469387755102041 2.7857142857142856 1.4081632653061225 1.4081632653061225 1.5 2.173469387755102 3.0 2.8469387755102042 2.663265306122449 1.8061224489795917 2.663265306122449 2.1122448979591835 2.3877551020408165 1.836734693877551 2.5714285714285716 2.6020408163265305 2.4489795918367347 1.316326530612245 2.0510204081632653 1.3775510204081634 1.7142857142857142 2.3877551020408165 1.346938775510204 2.326530612244898 2.020408163265306
25 160.51208054960472 1.2653061224489797 1.0 1.1428571428571428 1.1020408163265305 0.9387755102040817 0.9795918367346939 1.8571428571428572 0.9387755102040817 0.9387755102040817 1.0 1.4489795918367347 2.0 1.8979591836734695 1.7755102040816326 1.2040816326530612 1.7755102040816326 1.4081632653061225 1.5918367346938775 1.2244897959183674 1.7142857142857142 1.7346938775510203 1.6326530612244898 0.8775510204081632 1.3673469387755102 0.9183673469387755 1.1428571428571428 1.5918367346938775 0.8979591836734694 1.5510204081632653 1.346938775510204
26 20.360558489562987 1.2653061224489797 1.0 1.1428571428571428 1.1020408163265305 0.9387755102040817 0.9795918367346939 1.8571428571428572 0.9387755102040817 0.9387755102040817 1.0 1.4489795918367347 2.0 1.8979591836734695 1.7755102040816326 1.2040816326530612 1.7755102040816326 1.4081632653061225 1.5918367346938775 1.2244897959183674 1.7142857142857142 1.7346938775510203 1.6326530612244898 0.8775510204081632 1.3673469387755102 0.9183673469387755 1.1428571428571428 1.5918367346938775 0.8979591836734694 1.5510204081632653 1.346938775510204
27 252.30965917221604 1.2653061224489797 1.0 1.1428571428571428 1.1020408163265305 0.9387755102040817 0.9795918367346939 1.8571428571428572 0.9387755102040817 0.9387755102040817 1.0 1.4489795918367347 2.0 1.8979591836734695 1.7755102040816326 1.2040816326530612 1.7755102040816326 1.4081632653061225 1.5918367346938775 1.2244897959183674 1.7142857142857142 1.7346938775510203 1.6326530612244898 0.8775510204081632 1.3673469387755102 0.9183673469387755 1.1428571428571428 1.5918367346938775 0.8979591836734694 1.5510204081632653 1.346938775510204
28 305.361294967383 1.2653061224489797 1.0 1.1428571428571428 1.1020408163265305 0.9387755102040817 0.9795918367346939 1.8571428571428572 0.9387755102040817 0.9387755102040817 1.0 1.4489795918367347 2.0 1.8979591836734695 1.7755102040816326 1.2040816326530612 1.7755102040816326 1.4081632653061225 1.5918367346938775 1.2244897959183674 1.7142857142857142 1.7346938775510203 1.6326530612244898 0.8775510204081632 1.3673469387755102 0.9183673469387755 1.1428571428571428 1.5918367346938775 0.8979591836734694 1.5510204081632653 1.346938775510204
29 79.00883982684962 1.2653061224489797 1.0 1.1428571428571428 1.1020408163265305 0.9387755102040817 0.9795918367346939 1.8571428571428572 0.9387755102040817 0.9387755102040817 1.0 1.4489795918367347 2.0 1.8979591836734695 1.7755102040816326 1.2040816326530612 1.7755102040816326 1.4081632653061225 1.5918367346938775 1.2244897959183674 1.7142857142857142 1.7346938775510203 1.6326530612244898 0.8775510204081632 1.3673469387755102 0.9183673469387755 1.1428571428571428 1.5918367346938775 0.8979591836734694 1.5510204081632653 1.346938775510204
30 320.49557852903854 1.8979591836734695 1.5 1.7142857142857142 1.653061224489796 1.4081632653061225 1.469387755102041 2.7857142857142856 1.4081632653061225 1.4081632653061225 1.5 2.173469387755102 3.0 2.8469387755102042 2.663265306122449 1.8061224489795917 2.663265306122449 2.1122448979591835 2.3877551020408165 1.836734693877551 2.5714285714285716 2.6020408163265305 2.4489795918367347 1.316326530612245 2.0510204081632653 1.3775510204081634 1.7142857142857142 2.3877551020408165 1.346938775510204 2.326530612244898 2.020408163265306
31 96.26946248394798 1.2653061224489797 1.0 1.1428571428571428 1.1020408163265305 0.9387755102040817 0.9795918367346939 1.8571428571428572 0.9387755102040817 0.9387755102040817 1.0 1.4489795918367347 2.0 1.8979591836734695 1.7755102040816326 1.2040816326530612 1.7755102040816326 1.4081632653061225 1.5918367346938775 1.2244897959183674 1.7142857142857142 1.7346938775510203 1.6326530612244898 0.8775510204081632 1.3673469387755102 0.9183673469387755 1.1428571428571428 1.5918367346938775 0.8979591836734694 1.5510204081632653 1.346938775510204
32 272.9941336782899 1.8979591836734695 1.5 1.7142857142857142 1.653061224489796 1.4081632653061225 1.469387755102041 2.7857142857142856 1.4081632653061225 1.4081632653061225 1.5 2.173469387755102 3.0 2.8469387755102042 2.663265306122449 1.8061224489795917 2.663265306122449 2.1122448979591835 2.3877551020408165 1.836734693877551 2.5714285714285716 2.6020408163265305 2.4489795918367347 1.316326530612245 2.0510204081632653 1.3775510204081634 1.7142857142857142 2.3877551020408165 1.346938775510204 2.326530612244898 2.020408163265306
33 15.298914109780728 1.2653061224489797 1.0 1.1428571428571428 1.1020408163265305 0.9387755102040817 0.9795918367346939 1.8571428571428572 0.9387755102040817 0.9387755102040817 1.0 1.4489795918367347 2.0 1.8979591836734695 1.7755102040816326 1.2040816326530612 1.7755102040816326 1.4081632653061225 1.5918367346938775 1.2244897959183674 1.7142857142857142 1.7346938775510203 1.6326530612244898 0.8775510204081632 1.3673469387755102 0.9183673469387755 1.1428571428571428 1.5918367346938775 0.8979591836734694 1.5510204081632653 1.346938775510204
34 228.34360038018895 1.2653061224489797 1.0 1.1428571428571428 1.1020408163265305 0.9387755102040817 0.9795918367346939 1.8571428571428572 0.9387755102040817 0.9387755102040817 1.0 1.4489795918367347 2.0 1.8979591836734695 1.7755102040816326 1.2040816326530612 1.7755102040816326 1.4081632653061225 1.5918367346938775 1.2244897959183674 1.7142857142857142 1.7346938775510203 1.6326530612244898 0.8775510204081632 1.3673469387755102 0.9183673469387755 1.1428571428571428 1.5918367346938775 0.8979591836734694 1.5510204081632653 1.346938775510204
35 165.47910945212897 1.2653061224489797 1.0 1.1428571428571428 1.1020408163265305 0.9387755102040817 0.9795918367346939 1.8571428571428572 0.9387755102040817 0.9387755102040817 1.0 1.4489795918367347 2.0 1.8979591836734695 1.7755102040816326 1.2040816326530612 1.7755102040816326 1.4081632653061225 1.5918367346938775 1.2244897959183674 1.7142857142857142 1.7346938775510203 1.6326530612244898 0.8775510204081632 1.3673469387755102 0.9183673469387755 1.1428571428571428 1.5918367346938775 0.8979591836734694 1.5510204081632653 1.346938775510204
36 43.48973986791251 1.8979591836734695 1.5 1.7142857142857142 1.653061224489796 1.4081632653061225 1.469387755102041 2.7857142857142856 1.4081632653061225 1.4081632653061225 1.5 2.173469387755102 3.0 2.8469387755102042 2.663265306122449 1.8061224489795917 2.663265306122449 2.1122448979591835 2.3877551020408165 1.836734693877551 2.5714285714285716 2.6020408163265305 2.4489795918367347 1.316326530612245 2.0510204081632653 1.3775510204081634 1.7142857142857142 2.3877551020408165 1.346938775510204 2.326530612244898 2.020408163265306
37 227.6607994444014 1.8979591836734695 1.5 1.7142857142857142 1.653061224489796 1.4081632653061225 1.469387755102041 2.7857142857142856 1.4081632653061225 1.4081632653061225 1.5 2.173469387755102 3.0 2.8469387755102042 2.663265306122449 1.8061224489795917 2.663265306122449 2.1122448979591835 2.3877551020408165 1.836734693877551 2.5714285714285716 2.6020408163265305 2.4489795918367347 1.316326530612245 2.0510204081632653 1.3775510204081634 1.7142857142857142 2.3877551020408165 1.346938775510204 2.326530612244898 2.020408163265306
38 104.77827774264667 1.2653061224489797 1.0 1.1428571428571428 1.1020408163265305 0.9387755102040817 0.9795918367346939 1.8571428571428572 0.9387755102040817 0.9387755102040817 1.0 1.4489795918367347 2.0 1.8979591836734695 1.7755102040816326 1.2040816326530612 1.7755102040816326 1.4081632653061225 1.5918367346938775 1.2244897959183674 1.7142857142857142 1.7346938775510203 1.6326530612244898 0.8775510204081632 1.3673469387755102 0.9183673469387755 1.1428571428571428 1.5918367346938775 0.8979591836734694 1.5510204081632653 1.346938775510204
39 52.712025822109496 1.2653061224489797 1.0 1.1428571428571428 1.1020408163265305 0.9387755102040817 0.9795918367346939 1.8571428571428572 0.9387755102040817 0.9387755102040817 1.0 1.4489795918367347 2.0 1.8979591836734695 1.7755102040816326 1.2040816326530612 1.7755102040816326 1.4081632653061225 1.5918367346938775 1.2244897959183674 1.7142857142857142 1.7346938775510203 1.6326530612244898 0.8775510204081632 1.3673469387755102 0.9183673469387755 1.1428571428571428 1.5918367346938775 0.8979591836734694 1.5510204081632653 1.346938775510204
40 257.7386884525604 1.8979591836734695 1.5 1.7142857142857142 1.653061224489796 1.4081632653061225 1.469387755102041 2.7857142857142856 1.4081632653061225 1.4081632653061225 1.5 2.173469387755102 3.0 2.8469387755102042 2.663265306122449 1.8061224489795917 2.663265306122449 2.1122448979591835 2.3877551020408165 1.836734693877551 2.5714285714285716 2.6020408163265305 2.4489795918367347 1.316326530612245 2.0510204081632653 1.3775510204081634 1.7142857142857142 2.3877551020408165 1.346938775510204 2.326530612244898 2.020408163265306
41 196.46125227238056 1.2653061224489797 1.0 1.1428571428571428 1.1020408163265305 0.9387755102040817 0.9795918367346939 1.8571428571428572 0.9387755102040817 0.9387755102040817 1.0 1.4489795918367347 2.0 1.8979591836734695 1.7755102040816326 1.2040816326530612 1.7755102040816326 1.4081632653061225 1.5918367346938775 1.2244897959183674 1.7142857142857142 1.7346938775510203 1.6326530612244898 0.8775510204081632 1.3673469387755102 0.9183673469387755 1.1428571428571428 1.5918367346938775 0.8979591836734694 1.5510204081632653 1.346938775510204
42 24.12276389450101 1.2653061224489797 1.0 1.1428571428571428 1.1020408163265305 0.9387755102040817 0.9795918367346939 1.8571428571428572 0.9387755102040817 0.9387755102040817 1.0 1.4489795918367347 2.0 1.8979591836734695 1.7755102040816326 1.2040816326530612 1.7755102040816326 1.4081632653061225 1.5918367346938775 1.2244897959183674 1.7142857142857142 1.7346938775510203 1.6326530612244898 0.8775510204081632 1.3673469387755102 0.9183673469387755 1.1428571428571428 1.5918367346938775 0.8979591836734694 1.5510204081632653 1.346938775510204
43 103.94444807635736 1.8979591836734695 1.5 1.7142857142857142 1.653061224489796 1.4081632653061225 1.469387755102041 2.7857142857142856 1.4081632653061225 1.4081632653061225 1.5 2.173469387755102 3.0 2.8469387755102042 2.663265306122449 1.8061224489795917 2.663265306122449 2.1122448979591835 2.3877551020408165 1.836734693877551 2.5714285714285716 2.6020408163265305 2.4489795918367347 1.316326530612245 2.0510204081632653 1.3775510204081634 1.7142857142857142 2.3877551020408165 1.346938775510204 2.326530612244898 2.020408163265306
44 72.41748396994024 1.8979591836734695 1.5 1.7142857142857142 1.653061224489796 1.4081632653061225 1.469387755102041 2.7857142857142856 1.4081632653061225 1.4081632653061225 1.5 2.173469387755102 3.0 2.8469387755102042 2.663265306122449 1.8061224489795917 2.663265306122449 2.1122448979591835 2.3877551020408165 1.836734693877551 2.5714285714285716 2.6020408163265305 2.4489795918367347 1.316326530612245 2.0510204081632653 1.3775510204081634 1.7142857142857142 2.3877551020408165 1.346938775510204 2.326530612244898 2.020408163265306
45 267.6829843777814 1.2653061224489797 1.0 1.1428571428571428 1.1020408163265305 0.9387755102040817 0.9795918367346939 1.8571428571428572 0.9387755102040817 0.9387755102040817 1.0 1.4489795918367347 2.0 1.8979591836734695 1.7755102040816326 1.2040816326530612 1.7755102040816326 1.4081632653061225 1.5918367346938775 1.2244897959183674 1.7142857142857142 1.7346938775510203 1.6326530612244898 0.8775510204081632 1.3673469387755102 0.9183673469387755 1.1428571428571428 1.5918367346938775 0.8979591836734694 1.5510204081632653 1.346938775510204
46 10.160532462309511 1.8979591836734695 1.5 1.7142857142857142 1.653061224489796 1.4081632653061225 1.469387755102041 2.7857142857142856 1.4081632653061225 1.4081632653061225 1.5 2.173469387755102 3.0 2.8469387755102042 2.663265306122449 1.8061224489795917 2.663265306122449 2.1122448979591835 2.3877551020408165 1.836734693877551 2.5714285714285716 2.6020408163265305 2.4489795918367347 1.316326530612245 2.0510204081632653 1.3775510204081634 1.7142857142857142 2.3877551020408165 1.346938775510204 2.326530612244898 2.020408163265306
47 103.7756125027547 1.2653061224489797 1.0 1.1428571428571428 1.1020408163265305 0.9387755102040817 0.9795918367346939 1.8571428571428572 0.9387755102040817 0.9387755102040817 1.0 1.4489795918367347 2.0 1.8979591836734695 1.7755102040816326 1.2040816326530612 1.7755102040816326 1.4081632653061225 1.5918367346938775 1.2244897959183674 1.7142857142857142 1.7346938775510203 1.6326530612244898 0.8775510204081632 1.3673469387755102 0.9183673469387755 1.1428571428571428 1.5918367346938775 0.8979591836734694 1.5510204081632653 1.346938775510204
48 98.35345662785102 1.8979591836734695 1.5 1.7142857142857142 1.653061224489796 1.4081632653061225 1.469387755102041 2.7857142857142856 1.4081632653061225 1.4081632653061225 1.5 2.173469387755102 3.0 2.8469387755102042 2.663265306122449 1.8061224489795917 2.663265306122449 2.1122448979591835 2.3877551020408165 1.836734693877551 2.5714285714285716 2.6020408163265305 2.4489795918367347 1.316326530612245 2.0510204081632653 1.3775510204081634 1.7142857142857142 2.3877551020408165 1.346938775510204 2.326530612244898 2.020408163265306
49 160.9850763348922 1.2653061224489797 1.0 1.1428571428571428 1.1020408163265305 0.9387755102040817 0.9795918367346939 1.8571428571428572 0.9387755102040817 0.9387755102040817 1.0 1.4489795918367347 2.0 1.8979591836734695 1.7755102040816326 1.2040816326530612 1.7755102040816326 1.4081632653061225 1.5918367346938775 1.2244897959183674 1.7142857142857142 1.7346938775510203 1.6326530612244898 0.8775510204081632 1.3673469387755102 0.9183673469387755 1.1428571428571428 1.5918367346938775 0.8979591836734694 1.5510204081632653 1.346938775510204
50 188.8525801589975 1.2653061224489797 1.0 1.1428571428571428 1.1020408163265305 0.9387755102040817 0.9795918367346939 1.8571428571428572 0.9387755102040817 0.9387755102040817 1.0 1.4489795918367347 2.0 1.8979591836734695 1.7755102040816326 1.2040816326530612 1.7755102040816326 1.4081632653061225 1.5918367346938775 1.2244897959183674 1.7142857142857142 1.7346938775510203 1.6326530612244898 0.8775510204081632 1.3673469387755102 0.9183673469387755 1.1428571428571428 1.5918367346938775 0.8979591836734694 1.5510204081632653 1.346938775510204
51 13.217355772730622 1.8979591836734695 1.5 1.7142857142857142 1.653061224489796 1.4081632653061225 1.469387755102041 2.7857142857142856 1.4081632653061225 1.4081632653061225 1.5 2.173469387755102 3.0 2.8469387755102042 2.663265306122449 1.8061224489795917 2.663265306122449 2.1122448979591835 2.3877551020408165 1.836734693877551 2.5714285714285716 2.6020408163265305 2.4489795918367347 1.316326530612245 2.0510204081632653 1.3775510204081634 1.7142857142857142 2.3877551020408165 1.346938775510204 2.326530612244898 2.020408163265306
52 56.48118242764673 1.2653061224489797 1.0 1.1428571428571428 1.1020408163265305 0.9387755102040817 0.9795918367346939 1.8571428571428572 0.9387755102040817 0.9387755102040817 1.0 1.4489795918367347 2.0 1.8979591836734695 1.7755102040816326 1.2040816326530612 1.7755102040816326 1.4081632653061225 1.5918367346938775 1.2244897959183674 1.7142857142857142 1.7346938775510203 1.6326530612244898 0.8775510204081632 1.3673469387755102 0.9183673469387755 1.1428571428571428 1.5918367346938775 0.8979591836734694 1.5510204081632653 1.346938775510204
53 259.8348215785517 1.8979591836734695 1.5 1.7142857142857142 1.653061224489796 1.4081632653061225 1.469387755102041 2.7857142857142856 1.4081632653061225 1.4081632653061225 1.5 2.173469387755102 3.0 2.8469387755102042 2.663265306122449 1.8061224489795917 2.663265306122449 2.1122448979591835 2.3877551020408165 1.836734693877551 2.5714285714285716 2.6020408163265305 2.4489795918367347 1.316326530612245 2.0510204081632653 1.3775510204081634 1.7142857142857142 2.3877551020408165 1.346938775510204 2.326530612244898 2.020408163265306
54 84.99930654498796 1.2653061224489797 1.0 1.1428571428571428 1.1020408163265305 0.9387755102040817 0.9795918367346939 1.8571428571428572 0.9387755102040817 0.9387755102040817 1.0 1.4489795918367347 2.0 1.8979591836734695 1.7755102040816326 1.2040816326530612 1.7755102040816326 1.4081632653061225 1.5918367346938775 1.2244897959183674 1.7142857142857142 1.7346938775510203 1.6326530612244898 0.8775510204081632 1.3673469387755102 0.9183673469387755 1.1428571428571428 1.5918367346938775 0.8979591836734694 1.5510204081632653 1.346938775510204
55 244.85022824565786 1.2653061224489797 1.0 1.1428571428571428 1.1020408163265305 0.9387755102040817 0.9795918367346939 1.8571428571428572 0.9387755102040817 0.9387755102040817 1.0 1.4489795918367347 2.0 1.8979591836734695 1.7755102040816326 1.2040816326530612 1.7755102040816326 1.4081632653061225 1.5918367346938775 1.2244897959183674 1.7142857142857142 1.7346938775510203 1.6326530612244898 0.8775510204081632 1.3673469387755102 0.9183673469387755 1.1428571428571428 1.5918367346938775 0.8979591836734694 1.5510204081632653 1.346938775510204
56 312.2988068962116 1.2653061224489797 1.0 1.1428571428571428 1.1020408163265305 0.9387755102040817 0.9795918367346939 1.8571428571428572 0.9387755102040817 0.9387755102040817 1.0 1.4489795918367347 2.0 1.8979591836734695 1.7755102040816326 1.2040816326530612 1.7755102040816326 1.4081632653061225 1.5918367346938775 1.2244897959183674 1.7142857142857142 1.7346938775510203 1.6326530612244898 0.8775510204081632 1.3673469387755102 0.9183673469387755 1.1428571428571428 1.5918367346938775 0.8979591836734694 1.5510204081632653 1.346938775510204
57 65.644688692913 1.8979591836734695 1.5 1.7142857142857142 1.653061224489796 1.4081632653061225 1.469387755102041 2.7857142857142856 1.4081632653061225 1.4081632653061225 1.5 2.173469387755102 3.0 2.8469387755102042 2.663265306122449 1.8061224489795917 2.663265306122449 2.1122448979591835 2.3877551020408165 1.836734693877551 2.5714285714285716 2.6020408163265305 2.4489795918367347 1.316326530612245 2.0510204081632653 1.3775510204081634 1.7142857142857142 2.3877551020408165 1.346938775510204 2.326530612244898 2.020408163265306
58 226.0163664424951 1.2653061224489797 1.0 1.1428571428571428 1.1020408163265305 0.9387755102040817 0.9795918367346939 1.8571428571428572 0.9387755102040817 0.9387755102040817 1.0 1.4489795918367347 2.0 1.8979591836734695 1.7755102040816326 1.2040816326530612 1.7755102040816326 1.4081632653061225 1.5918367346938775 1.2244897959183674 1.7142857142857142 1.7346938775510203 1.6326530612244898 0.8775510204081632 1.3673469387755102 0.9183673469387755 1.1428571428571428 1.5918367346938775 0.8979591836734694 1.5510204081632653 1.346938775510204
59 275.0383948357621 1.8979591836734695 1.5 1.7142857142857142 1.653061224489796 1.4081632653061225 1.469387755102041 2.7857142857142856 1.4081632653061225 1.4081632653061225 1.5 2.173469387755102 3.0 2.8469387755102042 2.663265306122449 1.8061224489795917 2.663265306122449 2.1122448979591835 2.3877551020408165 1.836734693877551 2.5714285714285716 2.6020408163265305 2.4489795918367347 1.316326530612245 2.0510204081632653 1.3775510204081634 1.7142857142857142 2.3877551020408165 1.346938775510204 2.326530612244898 2.020408163265306
