80 30
TREE NETWORK (nID nID Weight):
43 0 38
79 43 50
30 79 58
50 0 39
22 0 34
78 50 40
71 43 47
23 78 39
55 78 43
33 22 38
57 23 37
25 30 50
60 71 59
1 55 44
39 71 50
65 39 40
48 43 49
77 0 43
8 0 38
3 79 49
15 65 56
12 79 40
41 43 31
73 22 42
20 25 40
10 77 35
70 23 30
67 25 56
40 1 53
9 33 30
46 60 34
49 12 41
62 1 44
53 48 31
21 12 54
51 62 36
32 33 55
16 46 47
44 9 56
42 25 46
17 16 57
37 30 46
14 67 47
38 3 42
34 0 31
7 39 49
56 57 42
19 60 33
52 8 41
18 8 51
54 37 45
74 12 33
26 21 44
66 54 39
64 57 41
27 12 51
69 78 58
5 54 42
45 34 49
29 14 31
72 70 33
68 41 32
59 49 37
2 65 59
31 3 34
36 67 53
11 71 37
13 34 36
61 19 45
58 41 33
4 15 50
24 20 57
76 64 33
47 19 32
35 19 58
6 11 58
75 43 34
28 60 57
63 52 30
PROGRAMS ASSIGNED TO NODES (nID pID1 pID2 ...):
0 1 2 3 4 5 6 7 8 9 10 11 12 13 14 15 16 17 18 19 20 21 22 23 24 25 26 27 28 29 30
1 1 2 3 4 6 7 9 10 11 12 13 14 15 16 17 18 19 20 21 22 23 24 25 27 28 29 30
2 16 2 6 23 8 9 11 12 29 14
3 5 7 8 13 14 16 17 18 20 25 26 29 30
4 10 11
5 1 2 3 4 5 6 7 8 9 10 11 12 13 14 15 16 17 18 19 21 22 23 24 25 26 27 28 29 30
6 3 4 5 6 8 11 16 17 19 22 24 25 26 27 29 30
7 16 1 20 7 24 25 9 27 11 12 29 14
8 1 3 4 5 6 7 9 10 12 13 14 15 16 18 19 20 21 22 23 24 26 27 28 30
9 18 19 3 21 8 9 10 27 29 15
10 20
11 1 2 5 6 7 8 10 13 15 16 17 18 19 20 21 22 23 25 26 27 28 30
12 17 1 6 8 24 27 11 13 15
13 1 2 4 6 7 9 10 11 12 18 21 22 23 24 26 27 28 29 30
14 1 2 4 5 7 8 9 10 11 13 14 16 17 19 20 21 22 23 24 25 27 28 29 30
15 5 8 9 14 15 16 18 20 21 22 23 27 29 30
16 16 17 20 4 22 24 25 28
17 1 23 9 15
18 19 24 10 27 29 14
19 1 3 4 7 8 9 10 12 13 15 16 17 18 19 20 21 22 24 25 26 27 28 29 30
20 17 2 22
21 1 6 7 8 10 13 14 18 20 21 23 27 28 30
22 3 20 21 6 11
23 1 2 3 5 6 8 9 10 11 12 13 14 15 16 17 18 19 20 21 22 23 24 25 26 27 28 29 30
24 1 2 4 5 6 7 8 10 12 13 16 17 20 21 22 23 24 25 26 27 28 30
25 1 2 3 4 5 6 7 9 11 12 13 15 16 17 18 19 20 22 23 24 25 26 27 28 29 30
26 19 24 8 28 30
27 4 8 9 11 13 14 15 18 20 21 22 26 28
28 21 5 7 9 11
29 2 22 6 26 12
30 3 4 23 25 9 12 28 29
31 5 22 23 9 26 13 14
32 16 1 19 20 22 6 23 24 9 27
33 1 2 6 7 8 12 13 14 15 17 18 19 22 26 28 29 30
34 2 3 4 8 9 11 12 13 15 17 18 19 20 21 22 24 25 27 30
35 16 1 2 3 4 5 22 25 26 30
36 1 2 3 4 5 6 7 8 9 10 11 12 14 15 16 18 20 22 23 25 26 27 28 29 30
37 1 2 4 5 6 7 8 9 11 15 19 20 21 23 24 25 26 28 30
38 18
39 2 3 4 6 8 10 11 13 15 16 17 19 21 22 23 25 26 28 29 30
40 17 2 18 19 8 26 27 11 14
41 1 2 4 6 7 8 9 15 16 17 20 21 22 25 26 27 29 30
42 1 2 3 4 5 6 7 8 9 10 12 14 17 18 19 20 21 22 23 24 25 26 27 29 30
43 18 3 19 21 22 7 8 10 26 27 12
44 20 21 5 8 11 12 28 29 30 14 15
45 2 5 6 7 8 10 11 12 13 14 15 17 18 19 21 22 23 25 26 27 28 29 30
46 2 3 4 5 6 7 8 9 11 12 13 14 15 16 17 18 20 21 22 23 24 25 26 27 28 29 30
47 1 3 4 6 8 10 12 13 14 16 19 22 24 29
48 1 2 3 8 11 12 13 14 18 21 22 23 26 28
49 1 2 5 6 8 9 10 11 14 15 16 17 18 19 20 21 22 23 25 26 27 28 29 30
50 2 3 4 5 6 7 8 9 10 11 12 13 14 15 16 17 18 19 20 21 22 23 24 25 26 27 28 29 30
52 1 2 3 4 5 6 7 8 9 10 11 12 13 14 15 16 17 18 19 20 21 24 25 26 27 28 29 30
53 16 1 18 19 4 20 21 7 24 10 27 13
54 16 20 5 22 6 23 7 12 13 14
55 1 2 3 4 6 7 8 11 12 13 14 15 18 20 21 23 24 25 26 27 28 29
56 3 5 6 7 8 9 10 11 13 14 15 17 19 20 21 22 23 24 25 27 28 30
57 19 3 21 5 23 24 9 10 27 28 13
58 18 5 22 23 7 26 11 30
59 1 4 5 6 7 8 9 10 11 12 13 14 17 19 20 21 23 24 25 26 27 28 29 30
60 1 2 3 4 5 7 8 9 10 12 13 14 15 17 18 22 23 25 26 28 29
61 1 4 7 10 11 13 16 18 22 23 24 25 27 29 30
62 2 3 5 8 12 14 15 16 18 19 20 25 30
63 1 2 3 4 5 6 7 8 9 12 14 15 16 17 18 19 20 21 22 23 24 25 27 29 30
64 2 3 20 23
65 1 2 3 4 6 8 9 10 11 12 14 15 16 17 19 21 22 23 25 26 27 28 29 30
66 1 2 6 7 10 11 13 14 15 17 18 19 21 22 23 24 25 26 28 29 30
67 1 2 3 4 5 6 8 9 10 11 12 13 14 16 17 18 19 20 21 22 23 24 25 26 27 28 29
68 1 2 3 4 5 6 8 9 11 12 13 14 15 16 17 18 19 21 22 23 24 25 26 27 28 29 30
69 3 4 5 6 8 10 11 12 14 16 20 21 22 23 25 26 29
70 1 3 4 5 6 7 8 9 10 11 12 13 14 15 16 18 19 20 21 22 23 24 25 26 27 28 29 30
71 18 4 5 22 28 13 15
72 1 2 3 5 7 9 11 12 13 14 15 16 17 18 19 22 23 25 27 29
73 2 3 8 9 10 11 12 13 14 17 20 21 23 26 30
74 1 2 3 5 6 7 8 9 10 11 12 13 14 15 18 19 20 21 22 23 24 25 26 27 28 29 30
75 2 3 4 6 7 8 13 14 17 18 20 26 27 29 30
76 1 2 4 5 6 7 8 9 12 13 14 16 17 19 20 21 22 27 29
77 3 7 8 9 10 13 14 16 17 18 19 20 22 23 27 30
79 1 2 3 4 5 7 10 11 12 14 15 18 19 20 21 22 24 26 28
SIZE OF PROGRAMS (pID SIZE):
1 52.0
2 93.0
3 63.0
4 99.0
5 92.0
6 83.0
7 92.0
8 78.0
9 58.0
10 51.0
11 46.0
12 86.0
13 61.0
14 91.0
15 49.0
16 99.0
17 45.0
18 45.0
19 42.0
20 66.0
21 40.0
22 75.0
23 63.0
24 40.0
25 85.0
26 54.0
27 71.0
28 62.0
29 94.0
30 67.0
COST TO INSTALL SERVERS AND PROGRAMS ON NODES (COST_TO_INSTALL_SERVER COST_TO_INSTALL_pID1 ...):
0 7187.878787878788 1.5757575757575757 2.8181818181818183 1.9090909090909092 3.0 2.787878787878788 2.515151515151515 2.787878787878788 2.3636363636363638 1.7575757575757576 1.5454545454545454 1.393939393939394 2.606060606060606 1.8484848484848484 2.757575757575758 1.4848484848484849 3.0 1.3636363636363635 1.3636363636363635 1.2727272727272727 2.0 1.2121212121212122 2.272727272727273 1.9090909090909092 1.2121212121212122 2.5757575757575757 1.6363636363636365 2.1515151515151514 1.878787878787879 2.8484848484848486 2.0303030303030303
1 254.80948160174762 1.5757575757575757 2.8181818181818183 1.9090909090909092 3.0 2.787878787878788 2.515151515151515 2.787878787878788 2.3636363636363638 1.7575757575757576 1.5454545454545454 1.393939393939394 2.606060606060606 1.8484848484848484 2.757575757575758 1.4848484848484849 3.0 1.3636363636363635 1.3636363636363635 1.2727272727272727 2.0 1.2121212121212122 2.272727272727273 1.9090909090909092 1.2121212121212122 2.5757575757575757 1.6363636363636365 2.1515151515151514 1.878787878787879 2.8484848484848486 2.0303030303030303
2 32.983274411227114 1.5757575757575757 2.8181818181818183 1.9090909090909092 3.0 2.787878787878788 2.515151515151515 2.787878787878788 2.3636363636363638 1.7575757575757576 1.5454545454545454 1.393939393939394 2.606060606060606 1.8484848484848484 2.757575757575758 1.4848484848484849 3.0 1.3636363636363635 1.3636363636363635 1.2727272727272727 2.0 1.2121212121212122 2.272727272727273 1.9090909090909092 1.2121212121212122 2.5757575757575757 1.6363636363636365 2.1515151515151514 1.878787878787879 2.8484848484848486 2.0303030303030303
3 54.357435450684065 1.0505050505050506 1.878787878787879 1.2727272727272727 2.0 1.8585858585858586 1.6767676767676767 1.8585858585858586 1.5757575757575757 1.1717171717171717 1.0303030303030303 0.9292929292929293 1.7373737373737375 1.2323232323232323 1.8383838383838385 0.98989898989899 2.0 0.9090909090909091 0.9090909090909091 0.8484848484848485 1.3333333333333333 0.8080808080808081 1.5151515151515151 1.2727272727272727 0.8080808080808081 1.7171717171717171 1.0909090909090908 1.4343434343434343 1.2525252525252526 1.898989898989899 1.3535353535353536
4 10.06827121166716 1.5757575757575757 2.8181818181818183 1.9090909090909092 3.0 2.787878787878788 2.515151515151515 2.787878787878788 2.3636363636363638 1.7575757575757576 1.5454545454545454 1.393939393939394 2.606060606060606 1.8484848484848484 2.757575757575758 1.4848484848484849 3.0 1.3636363636363635 1.3636363636363635 1.2727272727272727 2.0 1.2121212121212122 2.272727272727273 1.9090909090909092 1.2121212121212122 2.5757575757575757 1.6363636363636365 2.1515151515151514 1.878787878787879 2.8484848484848486 2.0303030303030303
5 306.7255435312435 1.5757575757575757 2.8181818181818183 1.9090909090909092 3.0 2.787878787878788 2.515151515151515 2.787878787878788 2.3636363636363638 1.7575757575757576 1.5454545454545454 1.393939393939394 2.606060606060606 1.8484848484848484 2.757575757575758 1.4848484848484849 3.0 1.3636363636363635 1.3636363636363635 1.2727272727272727 2.0 1.2121212121212122 2.272727272727273 1.9090909090909092 1.2121212121212122 2.5757575757575757 1.6363636363636365 2.1515151515151514 1.878787878787879 2.8484848484848486 2.0303030303030303
6 102.68157161801719 1.5757575757575757 2.8181818181818183 1.9090909090909092 3.0 2.787878787878788 2.515151515151515 2.787878787878788 2.3636363636363638 1.7575757575757576 1.5454545454545454 1.393939393939394 2.606060606060606 1.8484848484848484 2.757575757575758 1.4848484848484849 3.0 1.3636363636363635 1.3636363636363635 1.2727272727272727 2.0 1.2121212121212122 2.272727272727273 1.9090909090909092 1.2121212121212122 2.5757575757575757 1.6363636363636365 2.1515151515151514 1.878787878787879 2.8484848484848486 2.0303030303030303
7 77.21084968998431 1.5757575757575757 2.8181818181818183 1.9090909090909092 3.0 2.787878787878788 2.515151515151515 2.787878787878788 2.3636363636363638 1.7575757575757576 1.5454545454545454 1.393939393939394 2.606060606060606 1.8484848484848484 2.757575757575758 1.4848484848484849 3.0 1.3636363636363635 1.3636363636363635 1.2727272727272727 2.0 1.2121212121212122 2.272727272727273 1.9090909090909092 1.2121212121212122 2.5757575757575757 1.6363636363636365 2.1515151515151514 1.878787878787879 2.8484848484848486 2.0303030303030303
8 1.4169761638778766 1.0505050505050506 1.878787878787879 1.2727272727272727 2.0 1.8585858585858586 1.6767676767676767 1.8585858585858586 1.5757575757575757 1.1717171717171717 1.0303030303030303 0.9292929292929293 1.7373737373737375 1.2323232323232323 1.8383838383838385 0.98989898989899 2.0 0.9090909090909091 0.9090909090909091 0.8484848484848485 1.3333333333333333 0.8080808080808081 1.5151515151515151 1.2727272727272727 0.8080808080808081 1.7171717171717171 1.0909090909090908 1.4343434343434343 1.2525252525252526 1.898989898989899 1.3535353535353536
9 131.7530843868288 1.0505050505050506 1.878787878787879 1.2727272727272727 2.0 1.8585858585858586 1.6767676767676767 1.8585858585858586 1.5757575757575757 1.1717171717171717 1.0303030303030303 0.9292929292929293 1.7373737373737375 1.2323232323232323 1.8383838383838385 0.98989898989899 2.0 0.9090909090909091 0.9090909090909091 0.8484848484848485 1.3333333333333333 0.8080808080808081 1.5151515151515151 1.2727272727272727 0.8080808080808081 1.7171717171717171 1.0909090909090908 1.4343434343434343 1.2525252525252526 1.898989898989899 1.3535353535353536
10 2.6492959885730336 1.5757575757575757 2.8181818181818183 1.9090909090909092 3.0 2.787878787878788 2.515151515151515 2.787878787878788 2.3636363636363638 1.7575757575757576 1.5454545454545454 1.393939393939394 2.606060606060606 1.8484848484848484 2.757575757575758 1.4848484848484849 3.0 1.3636363636363635 1.3636363636363635 1.2727272727272727 2.0 1.2121212121212122 2.272727272727273 1.9090909090909092 1.2121212121212122 2.5757575757575757 1.6363636363636365 2.1515151515151514 1.878787878787879 2.8484848484848486 2.0303030303030303
11 61.654148621848094 1.5757575757575757 2.8181818181818183 1.9090909090909092 3.0 2.787878787878788 2.515151515151515 2.787878787878788 2.3636363636363638 1.7575757575757576 1.5454545454545454 1.393939393939394 2.606060606060606 1.8484848484848484 2.757575757575758 1.4848484848484849 3.0 1.3636363636363635 1.3636363636363635 1.2727272727272727 2.0 1.2121212121212122 2.272727272727273 1.9090909090909092 1.2121212121212122 2.5757575757575757 1.6363636363636365 2.1515151515151514 1.878787878787879 2.8484848484848486 2.0303030303030303
12 64.5582024276882 1.0505050505050506 1.878787878787879 1.2727272727272727 2.0 1.8585858585858586 1.6767676767676767 1.8585858585858586 1.5757575757575757 1.1717171717171717 1.0303030303030303 0.9292929292929293 1.7373737373737375 1.2323232323232323 1.8383838383838385 0.98989898989899 2.0 0.9090909090909091 0.9090909090909091 0.8484848484848485 1.3333333333333333 0.8080808080808081 1.5151515151515151 1.2727272727272727 0.8080808080808081 1.7171717171717171 1.0909090909090908 1.4343434343434343 1.2525252525252526 1.898989898989899 1.3535353535353536
13 52.06933636115259 1.0505050505050506 1.878787878787879 1.2727272727272727 2.0 1.8585858585858586 1.6767676767676767 1.8585858585858586 1.5757575757575757 1.1717171717171717 1.0303030303030303 0.9292929292929293 1.7373737373737375 1.2323232323232323 1.8383838383838385 0.98989898989899 2.0 0.9090909090909091 0.9090909090909091 0.8484848484848485 1.3333333333333333 0.8080808080808081 1.5151515151515151 1.2727272727272727 0.8080808080808081 1.7171717171717171 1.0909090909090908 1.4343434343434343 1.2525252525252526 1.898989898989899 1.3535353535353536
14 277.19663390780113 1.0505050505050506 1.878787878787879 1.2727272727272727 2.0 1.8585858585858586 1.6767676767676767 1.8585858585858586 1.5757575757575757 1.1717171717171717 1.0303030303030303 0.9292929292929293 1.7373737373737375 1.2323232323232323 1.8383838383838385 0.98989898989899 2.0 0.9090909090909091 0.9090909090909091 0.8484848484848485 1.3333333333333333 0.8080808080808081 1.5151515151515151 1.2727272727272727 0.8080808080808081 1.7171717171717171 1.0909090909090908 1.4343434343434343 1.2525252525252526 1.898989898989899 1.3535353535353536
15 136.79765748422255 1.5757575757575757 2.8181818181818183 1.9090909090909092 3.0 2.787878787878788 2.515151515151515 2.787878787878788 2.3636363636363638 1.7575757575757576 1.5454545454545454 1.393939393939394 2.606060606060606 1.8484848484848484 2.757575757575758 1.4848484848484849 3.0 1.3636363636363635 1.3636363636363635 1.2727272727272727 2.0 1.2121212121212122 2.272727272727273 1.9090909090909092 1.2121212121212122 2.5757575757575757 1.6363636363636365 2.1515151515151514 1.878787878787879 2.8484848484848486 2.0303030303030303
16 76.61752967200584 1.5757575757575757 2.8181818181818183 1.9090909090909092 3.0 2.787878787878788 2.515151515151515 2.787878787878788 2.3636363636363638 1.7575757575757576 1.5454545454545454 1.393939393939394 2.606060606060606 1.8484848484848484 2.757575757575758 1.4848484848484849 3.0 1.3636363636363635 1.3636363636363635 1.2727272727272727 2.0 1.2121212121212122 2.272727272727273 1.9090909090909092 1.2121212121212122 2.5757575757575757 1.6363636363636365 2.1515151515151514 1.878787878787879 2.8484848484848486 2.0303030303030303
17 32.859484693673096 1.0505050505050506 1.878787878787879 1.2727272727272727 2.0 1.8585858585858586 1.6767676767676767 1.8585858585858586 1.5757575757575757 1.1717171717171717 1.0303030303030303 0.9292929292929293 1.7373737373737375 1.2323232323232323 1.8383838383838385 0.98989898989899 2.0 0.9090909090909091 0.9090909090909091 0.8484848484848485 1.3333333333333333 0.8080808080808081 1.5151515151515151 1.2727272727272727 0.8080808080808081 1.7171717171717171 1.0909090909090908 1.4343434343434343 1.2525252525252526 1.898989898989899 1.3535353535353536
18 16.3571475066421 1.0505050505050506 1.878787878787879 1.2727272727272727 2.0 1.8585858585858586 1.6767676767676767 1.8585858585858586 1.5757575757575757 1.1717171717171717 1.0303030303030303 0.9292929292929293 1.7373737373737375 1.2323232323232323 1.8383838383838385 0.98989898989899 2.0 0.9090909090909091 0.9090909090909091 0.8484848484848485 1.3333333333333333 0.8080808080808081 1.5151515151515151 1.2727272727272727 0.8080808080808081 1.7171717171717171 1.0909090909090908 1.4343434343434343 1.2525252525252526 1.898989898989899 1.3535353535353536
19 91.98885955884822 1.5757575757575757 2.8181818181818183 1.9090909090909092 3.0 2.787878787878788 2.515151515151515 2.787878787878788 2.3636363636363638 1.7575757575757576 1.5454545454545454 1.393939393939394 2.606060606060606 1.8484848484848484 2.757575757575758 1.4848484848484849 3.0 1.3636363636363635 1.3636363636363635 1.2727272727272727 2.0 1.2121212121212122 2.272727272727273 1.9090909090909092 1.2121212121212122 2.5757575757575757 1.6363636363636365 2.1515151515151514 1.878787878787879 2.8484848484848486 2.0303030303030303
20 176.96494252547362 1.5757575757575757 2.8181818181818183 1.9090909090909092 3.0 2.787878787878788 2.515151515151515 2.787878787878788 2.3636363636363638 1.7575757575757576 1.5454545454545454 1.393939393939394 2.606060606060606 1.8484848484848484 2.757575757575758 1.4848484848484849 3.0 1.3636363636363635 1.3636363636363635 1.2727272727272727 2.0 1.2121212121212122 2.272727272727273 1.9090909090909092 1.2121212121212122 2.5757575757575757 1.6363636363636365 2.1515151515151514 1.878787878787879 2.8484848484848486 2.0303030303030303
21 77.68723737185042 1.5757575757575757 2.8181818181818183 1.9090909090909092 3.0 2.787878787878788 2.515151515151515 2.787878787878788 2.3636363636363638 1.7575757575757576 1.5454545454545454 1.393939393939394 2.606060606060606 1.8484848484848484 2.757575757575758 1.4848484848484849 3.0 1.3636363636363635 1.3636363636363635 1.2727272727272727 2.0 1.2121212121212122 2.272727272727273 1.9090909090909092 1.2121212121212122 2.5757575757575757 1.6363636363636365 2.1515151515151514 1.878787878787879 2.8484848484848486 2.0303030303030303
22 503.0 1.5757575757575757 2.8181818181818183 1.9090909090909092 3.0 2.787878787878788 2.515151515151515 2.787878787878788 2.3636363636363638 1.7575757575757576 1.5454545454545454 1.393939393939394 2.606060606060606 1.8484848484848484 2.757575757575758 1.4848484848484849 3.0 1.3636363636363635 1.3636363636363635 1.2727272727272727 2.0 1.2121212121212122 2.272727272727273 1.9090909090909092 1.2121212121212122 2.5757575757575757 1.6363636363636365 2.1515151515151514 1.878787878787879 2.8484848484848486 2.0303030303030303
23 177.11754175805157 1.0505050505050506 1.878787878787879 1.2727272727272727 2.0 1.8585858585858586 1.6767676767676767 1.8585858585858586 1.5757575757575757 1.1717171717171717 1.0303030303030303 0.9292929292929293 1.7373737373737375 1.2323232323232323 1.8383838383838385 0.98989898989899 2.0 0.9090909090909091 0.9090909090909091 0.8484848484848485 1.3333333333333333 0.8080808080808081 1.5151515151515151 1.2727272727272727 0.8080808080808081 1.7171717171717171 1.0909090909090908 1.4343434343434343 1.2525252525252526 1.898989898989899 1.3535353535353536
24 199.47323308001077 1.5757575757575757 2.8181818181818183 1.9090909090909092 3.0 2.787878787878788 2.515151515151515 2.787878787878788 2.3636363636363638 1.7575757575757576 1.5454545454545454 1.393939393939394 2.606060606060606 1.8484848484848484 2.757575757575758 1.4848484848484849 3.0 1.3636363636363635 1.3636363636363635 1.2727272727272727 2.0 1.2121212121212122 2.272727272727273 1.9090909090909092 1.2121212121212122 2.5757575757575757 1.6363636363636365 2.1515151515151514 1.878787878787879 2.8484848484848486 2.0303030303030303
25 88.70930750738268 1.5757575757575757 2.8181818181818183 1.9090909090909092 3.0 2.787878787878788 2.515151515151515 2.787878787878788 2.3636363636363638 1.7575757575757576 1.5454545454545454 1.393939393939394 2.606060606060606 1.8484848484848484 2.757575757575758 1.4848484848484849 3.0 1.3636363636363635 1.3636363636363635 1.2727272727272727 2.0 1.2121212121212122 2.272727272727273 1.9090909090909092 1.2121212121212122 2.5757575757575757 1.6363636363636365 2.1515151515151514 1.878787878787879 2.8484848484848486 2.0303030303030303
26 14.563277783363011 1.0505050505050506 1.878787878787879 1.2727272727272727 2.0 1.8585858585858586 1.6767676767676767 1.8585858585858586 1.5757575757575757 1.1717171717171717 1.0303030303030303 0.9292929292929293 1.7373737373737375 1.2323232323232323 1.8383838383838385 0.98989898989899 2.0 0.9090909090909091 0.9090909090909091 0.8484848484848485 1.3333333333333333 0.8080808080808081 1.5151515151515151 1.2727272727272727 0.8080808080808081 1.7171717171717171 1.0909090909090908 1.4343434343434343 1.2525252525252526 1.898989898989899 1.3535353535353536
27 57.52486538371179 1.0505050505050506 1.878787878787879 1.2727272727272727 2.0 1.8585858585858586 1.6767676767676767 1.8585858585858586 1.5757575757575757 1.1717171717171717 1.0303030303030303 0.9292929292929293 1.7373737373737375 1.2323232323232323 1.8383838383838385 0.98989898989899 2.0 0.9090909090909091 0.9090909090909091 0.8484848484848485 1.3333333333333333 0.8080808080808081 1.5151515151515151 1.2727272727272727 0.8080808080808081 1.7171717171717171 1.0909090909090908 1.4343434343434343 1.2525252525252526 1.898989898989899 1.3535353535353536
28 23.901060114506862 1.5757575757575757 2.8181818181818183 1.9090909090909092 3.0 2.787878787878788 2.515151515151515 2.787878787878788 2.3636363636363638 1.7575757575757576 1.5454545454545454 1.393939393939394 2.606060606060606 1.8484848484848484 2.757575757575758 1.4848484848484849 3.0 1.3636363636363635 1.3636363636363635 1.2727272727272727 2.0 1.2121212121212122 2.272727272727273 1.9090909090909092 1.2121212121212122 2.5757575757575757 1.6363636363636365 2.1515151515151514 1.878787878787879 2.8484848484848486 2.0303030303030303
29 24.068523352114724 1.0505050505050506 1.878787878787879 1.2727272727272727 2.0 1.8585858585858586 1.6767676767676767 1.8585858585858586 1.5757575757575757 1.1717171717171717 1.0303030303030303 0.9292929292929293 1.7373737373737375 1.2323232323232323 1.8383838383838385 0.98989898989899 2.0 0.9090909090909091 0.9090909090909091 0.8484848484848485 1.3333333333333333 0.8080808080808081 1.5151515151515151 1.2727272727272727 0.8080808080808081 1.7171717171717171 1.0909090909090908 1.4343434343434343 1.2525252525252526 1.898989898989899 1.3535353535353536
30 44.29225236687792 1.5757575757575757 2.8181818181818183 1.9090909090909092 3.0 2.787878787878788 2.515151515151515 2.787878787878788 2.3636363636363638 1.7575757575757576 1.5454545454545454 1.393939393939394 2.606060606060606 1.8484848484848484 2.757575757575758 1.4848484848484849 3.0 1.3636363636363635 1.3636363636363635 1.2727272727272727 2.0 1.2121212121212122 2.272727272727273 1.9090909090909092 1.2121212121212122 2.5757575757575757 1.6363636363636365 2.1515151515151514 1.878787878787879 2.8484848484848486 2.0303030303030303
31 55.30020903659624 1.5757575757575757 2.8181818181818183 1.9090909090909092 3.0 2.787878787878788 2.515151515151515 2.787878787878788 2.3636363636363638 1.7575757575757576 1.5454545454545454 1.393939393939394 2.606060606060606 1.8484848484848484 2.757575757575758 1.4848484848484849 3.0 1.3636363636363635 1.3636363636363635 1.2727272727272727 2.0 1.2121212121212122 2.272727272727273 1.9090909090909092 1.2121212121212122 2.5757575757575757 1.6363636363636365 2.1515151515151514 1.878787878787879 2.8484848484848486 2.0303030303030303
32 49.1328606460428 1.5757575757575757 2.8181818181818183 1.9090909090909092 3.0 2.787878787878788 2.515151515151515 2.787878787878788 2.3636363636363638 1.7575757575757576 1.5454545454545454 1.393939393939394 2.606060606060606 1.8484848484848484 2.757575757575758 1.4848484848484849 3.0 1.3636363636363635 1.3636363636363635 1.2727272727272727 2.0 1.2121212121212122 2.272727272727273 1.9090909090909092 1.2121212121212122 2.5757575757575757 1.6363636363636365 2.1515151515151514 1.878787878787879 2.8484848484848486 2.0303030303030303
33 61.40302682530506 1.0505050505050506 1.878787878787879 1.2727272727272727 2.0 1.8585858585858586 1.6767676767676767 1.8585858585858586 1.5757575757575757 1.1717171717171717 1.0303030303030303 0.9292929292929293 1.7373737373737375 1.2323232323232323 1.8383838383838385 0.98989898989899 2.0 0.9090909090909091 0.9090909090909091 0.8484848484848485 1.3333333333333333 0.8080808080808081 1.5151515151515151 1.2727272727272727 0.8080808080808081 1.7171717171717171 1.0909090909090908 1.4343434343434343 1.2525252525252526 1.898989898989899 1.3535353535353536
34 46.849248564128736 1.0505050505050506 1.878787878787879 1.2727272727272727 2.0 1.8585858585858586 1.6767676767676767 1.8585858585858586 1.5757575757575757 1.1717171717171717 1.0303030303030303 0.9292929292929293 1.7373737373737375 1.2323232323232323 1.8383838383838385 0.98989898989899 2.0 0.9090909090909091 0.9090909090909091 0.8484848484848485 1.3333333333333333 0.8080808080808081 1.5151515151515151 1.2727272727272727 0.8080808080808081 1.7171717171717171 1.0909090909090908 1.4343434343434343 1.2525252525252526 1.898989898989899 1.3535353535353536
35 54.42846386882972 1.0505050505050506 1.878787878787879 1.2727272727272727 2.0 1.8585858585858586 1.6767676767676767 1.8585858585858586 1.5757575757575757 1.1717171717171717 1.0303030303030303 0.9292929292929293 1.7373737373737375 1.2323232323232323 1.8383838383838385 0.98989898989899 2.0 0.9090909090909091 0.9090909090909091 0.8484848484848485 1.3333333333333333 0.8080808080808081 1.5151515151515151 1.2727272727272727 0.8080808080808081 1.7171717171717171 1.0909090909090908 1.4343434343434343 1.2525252525252526 1.898989898989899 1.3535353535353536
36 254.2703018412012 1.5757575757575757 2.8181818181818183 1.9090909090909092 3.0 2.787878787878788 2.515151515151515 2.787878787878788 2.3636363636363638 1.7575757575757576 1.5454545454545454 1.393939393939394 2.606060606060606 1.8484848484848484 2.757575757575758 1.4848484848484849 3.0 1.3636363636363635 1.3636363636363635 1.2727272727272727 2.0 1.2121212121212122 2.272727272727273 1.9090909090909092 1.2121212121212122 2.5757575757575757 1.6363636363636365 2.1515151515151514 1.878787878787879 2.8484848484848486 2.0303030303030303
37 103.25620267399904 1.5757575757575757 2.8181818181818183 1.9090909090909092 3.0 2.787878787878788 2.515151515151515 2.787878787878788 2.3636363636363638 1.7575757575757576 1.5454545454545454 1.393939393939394 2.606060606060606 1.8484848484848484 2.757575757575758 1.4848484848484849 3.0 1.3636363636363635 1.3636363636363635 1.2727272727272727 2.0 1.2121212121212122 2.272727272727273 1.9090909090909092 1.2121212121212122 2.5757575757575757 1.6363636363636365 2.1515151515151514 1.878787878787879 2.8484848484848486 2.0303030303030303
38 4.749038091469367 1.0505050505050506 1.878787878787879 1.2727272727272727 2.0 1.8585858585858586 1.6767676767676767 1.8585858585858586 1.5757575757575757 1.1717171717171717 1.0303030303030303 0.9292929292929293 1.7373737373737375 1.2323232323232323 1.8383838383838385 0.98989898989899 2.0 0.9090909090909091 0.9090909090909091 0.8484848484848485 1.3333333333333333 0.8080808080808081 1.5151515151515151 1.2727272727272727 0.8080808080808081 1.7171717171717171 1.0909090909090908 1.4343434343434343 1.2525252525252526 1.898989898989899 1.3535353535353536
39 105.71638930783504 1.5757575757575757 2.8181818181818183 1.9090909090909092 3.0 2.787878787878788 2.515151515151515 2.787878787878788 2.3636363636363638 1.7575757575757576 1.5454545454545454 1.393939393939394 2.606060606060606 1.8484848484848484 2.757575757575758 1.4848484848484849 3.0 1.3636363636363635 1.3636363636363635 1.2727272727272727 2.0 1.2121212121212122 2.272727272727273 1.9090909090909092 1.2121212121212122 2.5757575757575757 1.6363636363636365 2.1515151515151514 1.878787878787879 2.8484848484848486 2.0303030303030303
40 76.06920790248391 1.0505050505050506 1.878787878787879 1.2727272727272727 2.0 1.8585858585858586 1.6767676767676767 1.8585858585858586 1.5757575757575757 1.1717171717171717 1.0303030303030303 0.9292929292929293 1.7373737373737375 1.2323232323232323 1.8383838383838385 0.98989898989899 2.0 0.9090909090909091 0.9090909090909091 0.8484848484848485 1.3333333333333333 0.8080808080808081 1.5151515151515151 1.2727272727272727 0.8080808080808081 1.7171717171717171 1.0909090909090908 1.4343434343434343 1.2525252525252526 1.898989898989899 1.3535353535353536
41 144.62653778938565 1.5757575757575757 2.8181818181818183 1.9090909090909092 3.0 2.787878787878788 2.515151515151515 2.787878787878788 2.3636363636363638 1.7575757575757576 1.5454545454545454 1.393939393939394 2.606060606060606 1.8484848484848484 2.757575757575758 1.4848484848484849 3.0 1.3636363636363635 1.3636363636363635 1.2727272727272727 2.0 1.2121212121212122 2.272727272727273 1.9090909090909092 1.2121212121212122 2.5757575757575757 1.6363636363636365 2.1515151515151514 1.878787878787879 2.8484848484848486 2.0303030303030303
42 172.02499112296732 1.0505050505050506 1.878787878787879 1.2727272727272727 2.0 1.8585858585858586 1.6767676767676767 1.8585858585858586 1.5757575757575757 1.1717171717171717 1.0303030303030303 0.9292929292929293 1.7373737373737375 1.2323232323232323 1.8383838383838385 0.98989898989899 2.0 0.9090909090909091 0.9090909090909091 0.8484848484848485 1.3333333333333333 0.8080808080808081 1.5151515151515151 1.2727272727272727 0.8080808080808081 1.7171717171717171 1.0909090909090908 1.4343434343434343 1.2525252525252526 1.898989898989899 1.3535353535353536
43 27.79125195872605 1.5757575757575757 2.8181818181818183 1.9090909090909092 3.0 2.787878787878788 2.515151515151515 2.787878787878788 2.3636363636363638 1.7575757575757576 1.5454545454545454 1.393939393939394 2.606060606060606 1.8484848484848484 2.757575757575758 1.4848484848484849 3.0 1.3636363636363635 1.3636363636363635 1.2727272727272727 2.0 1.2121212121212122 2.272727272727273 1.9090909090909092 1.2121212121212122 2.5757575757575757 1.6363636363636365 2.1515151515151514 1.878787878787879 2.8484848484848486 2.0303030303030303
44 30.526793545803862 1.0505050505050506 1.878787878787879 1.2727272727272727 2.0 1.8585858585858586 1.6767676767676767 1.8585858585858586 1.5757575757575757 1.1717171717171717 1.0303030303030303 0.9292929292929293 1.7373737373737375 1.2323232323232323 1.8383838383838385 0.98989898989899 2.0 0.9090909090909091 0.9090909090909091 0.8484848484848485 1.3333333333333333 0.8080808080808081 1.5151515151515151 1.2727272727272727 0.8080808080808081 1.7171717171717171 1.0909090909090908 1.4343434343434343 1.2525252525252526 1.898989898989899 1.3535353535353536
45 80.62687763390193 1.0505050505050506 1.878787878787879 1.2727272727272727 2.0 1.8585858585858586 1.6767676767676767 1.8585858585858586 1.5757575757575757 1.1717171717171717 1.0303030303030303 0.9292929292929293 1.7373737373737375 1.2323232323232323 1.8383838383838385 0.98989898989899 2.0 0.9090909090909091 0.9090909090909091 0.8484848484848485 1.3333333333333333 0.8080808080808081 1.5151515151515151 1.2727272727272727 0.8080808080808081 1.7171717171717171 1.0909090909090908 1.4343434343434343 1.2525252525252526 1.898989898989899 1.3535353535353536
46 163.74831099971001 1.5757575757575757 2.8181818181818183 1.9090909090909092 3.0 2.787878787878788 2.515151515151515 2.787878787878788 2.3636363636363638 1.7575757575757576 1.5454545454545454 1.393939393939394 2.606060606060606 1.8484848484848484 2.757575757575758 1.4848484848484849 3.0 1.3636363636363635 1.3636363636363635 1.2727272727272727 2.0 1.2121212121212122 2.272727272727273 1.9090909090909092 1.2121212121212122 2.5757575757575757 1.6363636363636365 2.1515151515151514 1.878787878787879 2.8484848484848486 2.0303030303030303
47 129.1723369876217 1.5757575757575757 2.8181818181818183 1.9090909090909092 3.0 2.787878787878788 2.515151515151515 2.787878787878788 2.3636363636363638 1.7575757575757576 1.5454545454545454 1.393939393939394 2.606060606060606 1.8484848484848484 2.757575757575758 1.4848484848484849 3.0 1.3636363636363635 1.3636363636363635 1.2727272727272727 2.0 1.2121212121212122 2.272727272727273 1.9090909090909092 1.2121212121212122 2.5757575757575757 1.6363636363636365 2.1515151515151514 1.878787878787879 2.8484848484848486 2.0303030303030303
48 46.8270416114394 1.0505050505050506 1.878787878787879 1.2727272727272727 2.0 1.8585858585858586 1.6767676767676767 1.8585858585858586 1.5757575757575757 1.1717171717171717 1.0303030303030303 0.9292929292929293 1.7373737373737375 1.2323232323232323 1.8383838383838385 0.98989898989899 2.0 0.9090909090909091 0.9090909090909091 0.8484848484848485 1.3333333333333333 0.8080808080808081 1.5151515151515151 1.2727272727272727 0.8080808080808081 1.7171717171717171 1.0909090909090908 1.4343434343434343 1.2525252525252526 1.898989898989899 1.3535353535353536
49 255.7009493349512 1.0505050505050506 1.878787878787879 1.2727272727272727 2.0 1.8585858585858586 1.6767676767676767 1.8585858585858586 1.5757575757575757 1.1717171717171717 1.0303030303030303 0.9292929292929293 1.7373737373737375 1.2323232323232323 1.8383838383838385 0.98989898989899 2.0 0.9090909090909091 0.9090909090909091 0.8484848484848485 1.3333333333333333 0.8080808080808081 1.5151515151515151 1.2727272727272727 0.8080808080808081 1.7171717171717171 1.0909090909090908 1.4343434343434343 1.2525252525252526 1.898989898989899 1.3535353535353536
50 27.84824277602481 1.0505050505050506 1.878787878787879 1.2727272727272727 2.0 1.8585858585858586 1.6767676767676767 1.8585858585858586 1.5757575757575757 1.1717171717171717 1.0303030303030303 0.9292929292929293 1.7373737373737375 1.2323232323232323 1.8383838383838385 0.98989898989899 2.0 0.9090909090909091 0.9090909090909091 0.8484848484848485 1.3333333333333333 0.8080808080808081 1.5151515151515151 1.2727272727272727 0.8080808080808081 1.7171717171717171 1.0909090909090908 1.4343434343434343 1.2525252525252526 1.898989898989899 1.3535353535353536
51 872.0 1.0505050505050506 1.878787878787879 1.2727272727272727 2.0 1.8585858585858586 1.6767676767676767 1.8585858585858586 1.5757575757575757 1.1717171717171717 1.0303030303030303 0.9292929292929293 1.7373737373737375 1.2323232323232323 1.8383838383838385 0.98989898989899 2.0 0.9090909090909091 0.9090909090909091 0.8484848484848485 1.3333333333333333 0.8080808080808081 1.5151515151515151 1.2727272727272727 0.8080808080808081 1.7171717171717171 1.0909090909090908 1.4343434343434343 1.2525252525252526 1.898989898989899 1.3535353535353536
52 79.00861479070159 1.0505050505050506 1.878787878787879 1.2727272727272727 2.0 1.8585858585858586 1.6767676767676767 1.8585858585858586 1.5757575757575757 1.1717171717171717 1.0303030303030303 0.9292929292929293 1.7373737373737375 1.2323232323232323 1.8383838383838385 0.98989898989899 2.0 0.9090909090909091 0.9090909090909091 0.8484848484848485 1.3333333333333333 0.8080808080808081 1.5151515151515151 1.2727272727272727 0.8080808080808081 1.7171717171717171 1.0909090909090908 1.4343434343434343 1.2525252525252526 1.898989898989899 1.3535353535353536
53 72.48322161513532 1.0505050505050506 1.878787878787879 1.2727272727272727 2.0 1.8585858585858586 1.6767676767676767 1.8585858585858586 1.5757575757575757 1.1717171717171717 1.0303030303030303 0.9292929292929293 1.7373737373737375 1.2323232323232323 1.8383838383838385 0.98989898989899 2.0 0.9090909090909091 0.9090909090909091 0.8484848484848485 1.3333333333333333 0.8080808080808081 1.5151515151515151 1.2727272727272727 0.8080808080808081 1.7171717171717171 1.0909090909090908 1.4343434343434343 1.2525252525252526 1.898989898989899 1.3535353535353536
54 113.5493513481973 1.0505050505050506 1.878787878787879 1.2727272727272727 2.0 1.8585858585858586 1.6767676767676767 1.8585858585858586 1.5757575757575757 1.1717171717171717 1.0303030303030303 0.9292929292929293 1.7373737373737375 1.2323232323232323 1.8383838383838385 0.98989898989899 2.0 0.9090909090909091 0.9090909090909091 0.8484848484848485 1.3333333333333333 0.8080808080808081 1.5151515151515151 1.2727272727272727 0.8080808080808081 1.7171717171717171 1.0909090909090908 1.4343434343434343 1.2525252525252526 1.898989898989899 1.3535353535353536
55 187.80918272605504 1.0505050505050506 1.878787878787879 1.2727272727272727 2.0 1.8585858585858586 1.6767676767676767 1.8585858585858586 1.5757575757575757 1.1717171717171717 1.0303030303030303 0.9292929292929293 1.7373737373737375 1.2323232323232323 1.8383838383838385 0.98989898989899 2.0 0.9090909090909091 0.9090909090909091 0.8484848484848485 1.3333333333333333 0.8080808080808081 1.5151515151515151 1.2727272727272727 0.8080808080808081 1.7171717171717171 1.0909090909090908 1.4343434343434343 1.2525252525252526 1.898989898989899 1.3535353535353536
56 192.4566208769506 1.5757575757575757 2.8181818181818183 1.9090909090909092 3.0 2.787878787878788 2.515151515151515 2.787878787878788 2.3636363636363638 1.7575757575757576 1.5454545454545454 1.393939393939394 2.606060606060606 1.8484848484848484 2.757575757575758 1.4848484848484849 3.0 1.3636363636363635 1.3636363636363635 1.2727272727272727 2.0 1.2121212121212122 2.272727272727273 1.9090909090909092 1.2121212121212122 2.5757575757575757 1.6363636363636365 2.1515151515151514 1.878787878787879 2.8484848484848486 2.0303030303030303
57 149.4509000303535 1.5757575757575757 2.8181818181818183 1.9090909090909092 3.0 2.787878787878788 2.515151515151515 2.787878787878788 2.3636363636363638 1.7575757575757576 1.5454545454545454 1.393939393939394 2.606060606060606 1.8484848484848484 2.757575757575758 1.4848484848484849 3.0 1.3636363636363635 1.3636363636363635 1.2727272727272727 2.0 1.2121212121212122 2.272727272727273 1.9090909090909092 1.2121212121212122 2.5757575757575757 1.6363636363636365 2.1515151515151514 1.878787878787879 2.8484848484848486 2.0303030303030303
58 22.13412291491177 1.5757575757575757 2.8181818181818183 1.9090909090909092 3.0 2.787878787878788 2.515151515151515 2.787878787878788 2.3636363636363638 1.7575757575757576 1.5454545454545454 1.393939393939394 2.606060606060606 1.8484848484848484 2.757575757575758 1.4848484848484849 3.0 1.3636363636363635 1.3636363636363635 1.2727272727272727 2.0 1.2121212121212122 2.272727272727273 1.9090909090909092 1.2121212121212122 2.5757575757575757 1.6363636363636365 2.1515151515151514 1.878787878787879 2.8484848484848486 2.0303030303030303
59 265.31835763197756 1.0505050505050506 1.878787878787879 1.2727272727272727 2.0 1.8585858585858586 1.6767676767676767 1.8585858585858586 1.5757575757575757 1.1717171717171717 1.0303030303030303 0.9292929292929293 1.7373737373737375 1.2323232323232323 1.8383838383838385 0.98989898989899 2.0 0.9090909090909091 0.9090909090909091 0.8484848484848485 1.3333333333333333 0.8080808080808081 1.5151515151515151 1.2727272727272727 0.8080808080808081 1.7171717171717171 1.0909090909090908 1.4343434343434343 1.2525252525252526 1.898989898989899 1.3535353535353536
60 109.26329013801563 1.5757575757575757 2.8181818181818183 1.9090909090909092 3.0 2.787878787878788 2.515151515151515 2.787878787878788 2.3636363636363638 1.7575757575757576 1.5454545454545454 1.393939393939394 2.606060606060606 1.8484848484848484 2.757575757575758 1.4848484848484849 3.0 1.3636363636363635 1.3636363636363635 1.2727272727272727 2.0 1.2121212121212122 2.272727272727273 1.9090909090909092 1.2121212121212122 2.5757575757575757 1.6363636363636365 2.1515151515151514 1.878787878787879 2.8484848484848486 2.0303030303030303
61 63.520718450729454 1.5757575757575757 2.8181818181818183 1.9090909090909092 3.0 2.787878787878788 2.515151515151515 2.787878787878788 2.3636363636363638 1.7575757575757576 1.5454545454545454 1.393939393939394 2.606060606060606 1.8484848484848484 2.757575757575758 1.4848484848484849 3.0 1.3636363636363635 1.3636363636363635 1.2727272727272727 2.0 1.2121212121212122 2.272727272727273 1.9090909090909092 1.2121212121212122 2.5757575757575757 1.6363636363636365 2.1515151515151514 1.878787878787879 2.8484848484848486 2.0303030303030303
62 66.85305265137403 1.0505050505050506 1.878787878787879 1.2727272727272727 2.0 1.8585858585858586 1.6767676767676767 1.8585858585858586 1.5757575757575757 1.1717171717171717 1.0303030303030303 0.9292929292929293 1.7373737373737375 1.2323232323232323 1.8383838383838385 0.98989898989899 2.0 0.9090909090909091 0.9090909090909091 0.8484848484848485 1.3333333333333333 0.8080808080808081 1.5151515151515151 1.2727272727272727 0.8080808080808081 1.7171717171717171 1.0909090909090908 1.4343434343434343 1.2525252525252526 1.898989898989899 1.3535353535353536
63 90.79985409940113 1.5757575757575757 2.8181818181818183 1.9090909090909092 3.0 2.787878787878788 2.515151515151515 2.787878787878788 2.3636363636363638 1.7575757575757576 1.5454545454545454 1.393939393939394 2.606060606060606 1.8484848484848484 2.757575757575758 1.4848484848484849 3.0 1.3636363636363635 1.3636363636363635 1.2727272727272727 2.0 1.2121212121212122 2.272727272727273 1.9090909090909092 1.2121212121212122 2.5757575757575757 1.6363636363636365 2.1515151515151514 1.878787878787879 2.8484848484848486 2.0303030303030303
64 154.2465352869359 1.5757575757575757 2.8181818181818183 1.9090909090909092 3.0 2.787878787878788 2.515151515151515 2.787878787878788 2.3636363636363638 1.7575757575757576 1.5454545454545454 1.393939393939394 2.606060606060606 1.8484848484848484 2.757575757575758 1.4848484848484849 3.0 1.3636363636363635 1.3636363636363635 1.2727272727272727 2.0 1.2121212121212122 2.272727272727273 1.9090909090909092 1.2121212121212122 2.5757575757575757 1.6363636363636365 2.1515151515151514 1.878787878787879 2.8484848484848486 2.0303030303030303
65 199.31129657926485 1.5757575757575757 2.8181818181818183 1.9090909090909092 3.0 2.787878787878788 2.515151515151515 2.787878787878788 2.3636363636363638 1.7575757575757576 1.5454545454545454 1.393939393939394 2.606060606060606 1.8484848484848484 2.757575757575758 1.4848484848484849 3.0 1.3636363636363635 1.3636363636363635 1.2727272727272727 2.0 1.2121212121212122 2.272727272727273 1.9090909090909092 1.2121212121212122 2.5757575757575757 1.6363636363636365 2.1515151515151514 1.878787878787879 2.8484848484848486 2.0303030303030303
66 136.31278531683762 1.0505050505050506 1.878787878787879 1.2727272727272727 2.0 1.8585858585858586 1.6767676767676767 1.8585858585858586 1.5757575757575757 1.1717171717171717 1.0303030303030303 0.9292929292929293 1.7373737373737375 1.2323232323232323 1.8383838383838385 0.98989898989899 2.0 0.9090909090909091 0.9090909090909091 0.8484848484848485 1.3333333333333333 0.8080808080808081 1.5151515151515151 1.2727272727272727 0.8080808080808081 1.7171717171717171 1.0909090909090908 1.4343434343434343 1.2525252525252526 1.898989898989899 1.3535353535353536
67 111.48231767796494 1.0505050505050506 1.878787878787879 1.2727272727272727 2.0 1.8585858585858586 1.6767676767676767 1.8585858585858586 1.5757575757575757 1.1717171717171717 1.0303030303030303 0.9292929292929293 1.7373737373737375 1.2323232323232323 1.8383838383838385 0.98989898989899 2.0 0.9090909090909091 0.9090909090909091 0.8484848484848485 1.3333333333333333 0.8080808080808081 1.5151515151515151 1.2727272727272727 0.8080808080808081 1.7171717171717171 1.0909090909090908 1.4343434343434343 1.2525252525252526 1.898989898989899 1.3535353535353536
68 135.67292158901418 1.5757575757575757 2.8181818181818183 1.9090909090909092 3.0 2.787878787878788 2.515151515151515 2.787878787878788 2.3636363636363638 1.7575757575757576 1.5454545454545454 1.393939393939394 2.606060606060606 1.8484848484848484 2.757575757575758 1.4848484848484849 3.0 1.3636363636363635 1.3636363636363635 1.2727272727272727 2.0 1.2121212121212122 2.272727272727273 1.9090909090909092 1.2121212121212122 2.5757575757575757 1.6363636363636365 2.1515151515151514 1.878787878787879 2.8484848484848486 2.0303030303030303
69 60.663695925631814 1.0505050505050506 1.878787878787879 1.2727272727272727 2.0 1.8585858585858586 1.6767676767676767 1.8585858585858586 1.5757575757575757 1.1717171717171717 1.0303030303030303 0.9292929292929293 1.7373737373737375 1.2323232323232323 1.8383838383838385 0.98989898989899 2.0 0.9090909090909091 0.9090909090909091 0.8484848484848485 1.3333333333333333 0.8080808080808081 1.5151515151515151 1.2727272727272727 0.8080808080808081 1.7171717171717171 1.0909090909090908 1.4343434343434343 1.2525252525252526 1.898989898989899 1.3535353535353536
70 313.11625831646074 1.5757575757575757 2.8181818181818183 1.9090909090909092 3.0 2.787878787878788 2.515151515151515 2.787878787878788 2.3636363636363638 1.7575757575757576 1.5454545454545454 1.393939393939394 2.606060606060606 1.8484848484848484 2.757575757575758 1.4848484848484849 3.0 1.3636363636363635 1.3636363636363635 1.2727272727272727 2.0 1.2121212121212122 2.272727272727273 1.9090909090909092 1.2121212121212122 2.5757575757575757 1.6363636363636365 2.1515151515151514 1.878787878787879 2.8484848484848486 2.0303030303030303
71 84.41787436414525 1.0505050505050506 1.878787878787879 1.2727272727272727 2.0 1.8585858585858586 1.6767676767676767 1.8585858585858586 1.5757575757575757 1.1717171717171717 1.0303030303030303 0.9292929292929293 1.7373737373737375 1.2323232323232323 1.8383838383838385 0.98989898989899 2.0 0.9090909090909091 0.9090909090909091 0.8484848484848485 1.3333333333333333 0.8080808080808081 1.5151515151515151 1.2727272727272727 0.8080808080808081 1.7171717171717171 1.0909090909090908 1.4343434343434343 1.2525252525252526 1.898989898989899 1.3535353535353536
72 287.72424742066875 1.5757575757575757 2.8181818181818183 1.9090909090909092 3.0 2.787878787878788 2.515151515151515 2.787878787878788 2.3636363636363638 1.7575757575757576 1.5454545454545454 1.393939393939394 2.606060606060606 1.8484848484848484 2.757575757575758 1.4848484848484849 3.0 1.3636363636363635 1.3636363636363635 1.2727272727272727 2.0 1.2121212121212122 2.272727272727273 1.9090909090909092 1.2121212121212122 2.5757575757575757 1.6363636363636365 2.1515151515151514 1.878787878787879 2.8484848484848486 2.0303030303030303
73 28.5900665887209 1.0505050505050506 1.878787878787879 1.2727272727272727 2.0 1.8585858585858586 1.6767676767676767 1.8585858585858586 1.5757575757575757 1.1717171717171717 1.0303030303030303 0.9292929292929293 1.7373737373737375 1.2323232323232323 1.8383838383838385 0.98989898989899 2.0 0.9090909090909091 0.9090909090909091 0.8484848484848485 1.3333333333333333 0.8080808080808081 1.5151515151515151 1.2727272727272727 0.8080808080808081 1.7171717171717171 1.0909090909090908 1.4343434343434343 1.2525252525252526 1.898989898989899 1.3535353535353536
74 112.88990665144144 1.5757575757575757 2.8181818181818183 1.9090909090909092 3.0 2.787878787878788 2.515151515151515 2.787878787878788 2.3636363636363638 1.7575757575757576 1.5454545454545454 1.393939393939394 2.606060606060606 1.8484848484848484 2.757575757575758 1.4848484848484849 3.0 1.3636363636363635 1.3636363636363635 1.2727272727272727 2.0 1.2121212121212122 2.272727272727273 1.9090909090909092 1.2121212121212122 2.5757575757575757 1.6363636363636365 2.1515151515151514 1.878787878787879 2.8484848484848486 2.0303030303030303
75 68.0272045938678 1.0505050505050506 1.878787878787879 1.2727272727272727 2.0 1.8585858585858586 1.6767676767676767 1.8585858585858586 1.5757575757575757 1.1717171717171717 1.0303030303030303 0.9292929292929293 1.7373737373737375 1.2323232323232323 1.8383838383838385 0.98989898989899 2.0 0.9090909090909091 0.9090909090909091 0.8484848484848485 1.3333333333333333 0.8080808080808081 1.5151515151515151 1.2727272727272727 0.8080808080808081 1.7171717171717171 1.0909090909090908 1.4343434343434343 1.2525252525252526 1.898989898989899 1.3535353535353536
76 175.1612921458174 1.5757575757575757 2.8181818181818183 1.9090909090909092 3.0 2.787878787878788 2.515151515151515 2.787878787878788 2.3636363636363638 1.7575757575757576 1.5454545454545454 1.393939393939394 2.606060606060606 1.8484848484848484 2.757575757575758 1.4848484848484849 3.0 1.3636363636363635 1.3636363636363635 1.2727272727272727 2.0 1.2121212121212122 2.272727272727273 1.9090909090909092 1.2121212121212122 2.5757575757575757 1.6363636363636365 2.1515151515151514 1.878787878787879 2.8484848484848486 2.0303030303030303
77 5.7719141674614 1.5757575757575757 2.8181818181818183 1.9090909090909092 3.0 2.787878787878788 2.515151515151515 2.787878787878788 2.3636363636363638 1.7575757575757576 1.5454545454545454 1.393939393939394 2.606060606060606 1.8484848484848484 2.757575757575758 1.4848484848484849 3.0 1.3636363636363635 1.3636363636363635 1.2727272727272727 2.0 1.2121212121212122 2.272727272727273 1.9090909090909092 1.2121212121212122 2.5757575757575757 1.6363636363636365 2.1515151515151514 1.878787878787879 2.8484848484848486 2.0303030303030303
78 109.36920108219434 1.5757575757575757 2.8181818181818183 1.9090909090909092 3.0 2.787878787878788 2.515151515151515 2.787878787878788 2.3636363636363638 1.7575757575757576 1.5454545454545454 1.393939393939394 2.606060606060606 1.8484848484848484 2.757575757575758 1.4848484848484849 3.0 1.3636363636363635 1.3636363636363635 1.2727272727272727 2.0 1.2121212121212122 2.272727272727273 1.9090909090909092 1.2121212121212122 2.5757575757575757 1.6363636363636365 2.1515151515151514 1.878787878787879 2.8484848484848486 2.0303030303030303
79 67.22844102506772 1.5757575757575757 2.8181818181818183 1.9090909090909092 3.0 2.787878787878788 2.515151515151515 2.787878787878788 2.3636363636363638 1.7575757575757576 1.5454545454545454 1.393939393939394 2.606060606060606 1.8484848484848484 2.757575757575758 1.4848484848484849 3.0 1.3636363636363635 1.3636363636363635 1.2727272727272727 2.0 1.2121212121212122 2.272727272727273 1.9090909090909092 1.2121212121212122 2.5757575757575757 1.6363636363636365 2.1515151515151514 1.878787878787879 2.8484848484848486 2.0303030303030303
