60 40
TREE NETWORK (nID nID Weight):
25 0 32
20 25 40
50 0 45
40 20 31
35 0 42
16 0 42
14 0 44
19 14 40
2 19 32
13 19 44
58 0 40
41 35 50
24 41 38
37 58 31
11 2 48
3 16 54
1 0 55
7 3 31
23 13 53
31 35 42
45 25 39
56 13 52
36 41 55
18 23 30
39 24 33
30 25 54
47 35 42
32 58 48
22 7 40
49 32 34
42 50 52
44 31 38
4 24 42
26 31 58
21 30 46
12 41 48
6 11 36
8 1 47
15 50 30
5 50 41
33 50 57
57 50 42
29 24 43
48 40 48
52 12 44
54 0 37
34 26 31
51 56 42
46 51 55
10 34 54
59 45 37
9 35 31
27 9 57
28 41 53
53 13 55
17 31 59
38 28 49
43 57 43
55 11 37
PROGRAMS ASSIGNED TO NODES (nID pID1 pID2 ...):
0 1 2 3 4 5 6 7 8 9 10 11 12 13 14 15 16 17 18 19 20 21 22 23 24 25 26 27 28 29 30 31 32 33 34 35 36 37 38 39 40
1 32 37 6 39 15 16 17 19 22 25 26 28 30
2 20
3 2 4 6 7 9 10 11 12 13 14 15 16 17 18 19 20 21 22 23 26 29 30 32 34 37 40
4 2 3 4 5 6 7 8 9 10 11 12 13 15 17 18 19 20 21 22 23 25 27 28 29 30 31 32 34 35 36 37 38 39 40
5 1 2 3 4 5 6 7 8 9 10 11 12 13 14 15 16 17 18 19 20 21 23 25 26 27 28 29 30 31 32 35 36 37 40
6 2 3 4 5 6 7 9 10 11 14 15 16 17 18 19 20 21 22 24 25 26 28 29 30 31 33 35 36 37 39 40
7 33 1 2 34 3 35 36 4 37 5 40 8 9 10 14 15 16 21 23 24 26 27 29 30
8 1 2 4 5 6 8 9 11 12 14 15 17 18 19 20 21 22 23 24 25 27 28 29 30 31 32 33 35 36 37 38 39 40
9 2 3 6 8 9 11 13 15 16 17 18 20 21 22 23 24 30 31 33 34 35 36 37 39 40
10 32 33 2 36 37 5 11 12 21 24 25 28 29
11 1 3 5 6 8 11 12 13 15 18 19 21 22 25 26 27 28 29 30 32 33 35 36 37 38 39 40
12 2 3 5 6 7 8 9 10 11 12 13 15 16 17 18 19 21 23 26 27 30 31 32 35 38 39
13 1 18 35 21
14 32 33 3 40
15 32 33 3 37 7 39 40 9 15 16 17 19 21 23 24 26 28 29 30
16 2 3 4 5 7 8 9 10 11 12 13 14 15 16 18 19 20 21 22 24 25 26 27 28 29 30 31 32 34 35 36 39
17 10 12
18 34 6 8 15
19 32 1 34 3 4 36 5 38 6 7 39 8 9 10 11 14 16 18 23 25 27 28 30 31
20 1 2 3 4 5 6 8 9 10 11 12 15 16 17 19 20 22 23 24 25 26 27 29 31 32 33 34 36 38 40
21 1 2 3 6 7 8 10 11 12 13 14 15 16 17 18 20 21 22 23 24 25 26 27 28 29 30 31 33 34 35 36 37 38 39 40
22 1 3 4 5 6 7 8 9 12 13 16 17 18 21 22 23 26 27 28 30 31 34 35 36 37 38 39 40
23 32 33 1 2 4 36 37 5 6 38 39 40 9 10 12 13 15 16 17 22 25 27 29 31
24 32 1 33 3 4 36 38 39 12 17 20 21 25
25 2 3 4 5 6 8 9 10 12 14 16 17 18 20 21 22 23 25 26 30 31 32 36 37 39 40
26 17 1 35 3 20 36 37 5 39 11
27 32 33 34 18 4 21 5 22 24 29 31
28 1 2 3 4 6 7 8 9 10 11 12 13 14 15 16 18 19 20 21 22 23 24 25 26 27 28 29 31 32 33 34 35 36 37 38 39 40
29 17 34 35 4 22 7 10 27 30
30 32 36 7 26 28
31 1 2 3 4 5 7 8 11 12 14 15 16 17 18 20 21 22 23 24 25 27 29 30 31 32 33 34 35 36 37 38 40
32 1 2 4 5 7 8 10 11 12 13 14 15 16 17 18 19 20 22 23 24 25 26 28 29 30 31 32 33 34 35 36 37 38 39 40
33 2 3 5 8 10 11 12 13 14 15 16 18 19 20 23 24 25 27 29 30 31 32 33 34 35 37 38 39 40
34 2 23 12 31
35 17 7 28 15
36 1 2 3 4 5 6 7 8 9 10 11 12 13 14 15 16 17 18 19 20 21 22 23 24 25 26 28 29 30 31 32 33 34 35 36 37 38 39 40
37 1 2 3 4 5 6 8 9 10 11 12 13 14 15 16 17 18 19 20 21 22 23 24 25 26 27 28 29 30 31 32 33 34 35 36 37 38 39 40
38 32 1 3 36 37 5 6 7 8 9 10 12 13 14 16 17 19 20 22 26 27 28 30
39 1 2 3 4 6 7 9 10 11 12 13 14 15 16 17 19 20 21 22 23 24 25 26 28 29 30 31 32 33 34 35 36 37 38 39 40
40 34 35 38 23 39 40 27 12 28 13 14
41 35 36 22 23 25 14 15
42 11 29 13 15
43 2 34 5 38 7 39 9 11 12 14 15 16 17 19 20 21 23 28 29
44 1 2 37 21 38 39 25 11 28
45 33 1 4 36 37 6 38 9 10 13 14 15 18 20 22 25 30
46 1 2 3 4 5 6 7 8 9 10 11 12 13 14 16 17 18 19 21 22 23 24 25 27 29 30 31 33 34 35 36 37 38 39 40
47 1 2 3 4 5 6 7 8 9 10 11 12 13 14 15 16 17 19 20 21 22 23 24 25 26 27 28 29 30 32 33 34 35 36 37 38 39 40
48 1 2 3 4 5 8 9 10 11 12 13 14 16 18 19 20 22 24 27 29 32 33 34 36 37 38 40
49 1 2 3 5 6 7 9 10 11 12 13 14 15 16 17 18 20 22 24 25 27 29 31 32 33 35 37 39
50 1 2 3 4 5 6 7 8 9 10 11 12 13 14 15 16 17 18 20 21 23 24 25 26 27 28 29 30 31 32 33 34 35 36 37 38 39 40
51 33 1 34 3 35 4 6 38 39 40 9 10 12 14 15 16 20 22 23 24 26 28 31
52 33 1 2 34 3 5 38 6 40 8 9 10 14 15 22 25 27 31
53 32 1 33 2 3 35 36 37 38 7 39 9 13 16 17 18 20 22 24 27 28 29 31
54 1 2 4 5 6 7 8 9 10 11 12 13 14 15 16 17 18 19 21 22 23 24 25 26 27 28 29 30 31 32 33 34 36 37 38 39 40
55 2 34 36 4 38 9 10 11 13 16 17 18 20 22 23 26 30
56 1 2 5 6 7 8 10 11 12 13 14 15 16 17 18 19 20 21 22 23 24 25 26 27 28 29 30 31 34 35 36 37 38 39 40
57 2 3 4 5 6 7 8 9 10 11 12 13 14 15 16 17 18 19 20 21 22 23 24 25 26 27 29 31 32 33 34 35 36 37 38 39 40
58 19 20 36 21 7 8
59 1 3 4 5 7 8 9 10 11 12 13 14 15 16 17 18 19 21 22 23 24 25 26 27 29 30 31 32 33 34 35 37 39 40
SIZE OF PROGRAMS (pID SIZE):
1 83.0
2 54.0
3 65.0
4 60.0
5 56.0
6 90.0
7 70.0
8 86.0
9 50.0
10 97.0
11 41.0
12 76.0
13 54.0
14 68.0
15 80.0
16 75.0
17 97.0
18 42.0
19 85.0
20 57.0
21 47.0
22 50.0
23 46.0
24 42.0
25 45.0
26 42.0
27 78.0
28 94.0
29 98.0
30 56.0
31 53.0
32 45.0
33 84.0
34 76.0
35 42.0
36 77.0
37 99.0
38 76.0
39 50.0
40 68.0
COST TO INSTALL SERVERS AND PROGRAMS ON NODES (COST_TO_INSTALL_SERVER COST_TO_INSTALL_pID1 ...):
0 6361.616161616162 1.6767676767676767 1.0909090909090908 1.3131313131313131 1.2121212121212122 1.1313131313131313 1.8181818181818181 1.4141414141414141 1.7373737373737375 1.0101010101010102 1.9595959595959596 0.8282828282828283 1.5353535353535352 1.0909090909090908 1.3737373737373737 1.6161616161616161 1.5151515151515151 1.9595959595959596 0.8484848484848485 1.7171717171717171 1.1515151515151516 0.9494949494949495 1.0101010101010102 0.9292929292929293 0.8484848484848485 0.9090909090909091 0.8484848484848485 1.5757575757575757 1.898989898989899 1.97979797979798 1.1313131313131313 1.0707070707070707 0.9090909090909091 1.696969696969697 1.5353535353535352 0.8484848484848485 1.5555555555555556 2.0 1.5353535353535352 1.0101010101010102 1.3737373737373737
1 1050.0 2.515151515151515 1.6363636363636365 1.9696969696969697 1.8181818181818181 1.696969696969697 2.727272727272727 2.121212121212121 2.606060606060606 1.5151515151515151 2.9393939393939394 1.2424242424242424 2.303030303030303 1.6363636363636365 2.0606060606060606 2.4242424242424243 2.272727272727273 2.9393939393939394 1.2727272727272727 2.5757575757575757 1.7272727272727273 1.4242424242424243 1.5151515151515151 1.393939393939394 1.2727272727272727 1.3636363636363635 1.2727272727272727 2.3636363636363638 2.8484848484848486 2.9696969696969697 1.696969696969697 1.606060606060606 1.3636363636363635 2.5454545454545454 2.303030303030303 1.2727272727272727 2.3333333333333335 3.0 2.303030303030303 1.5151515151515151 2.0606060606060606
2 199.31179709100013 2.515151515151515 1.6363636363636365 1.9696969696969697 1.8181818181818181 1.696969696969697 2.727272727272727 2.121212121212121 2.606060606060606 1.5151515151515151 2.9393939393939394 1.2424242424242424 2.303030303030303 1.6363636363636365 2.0606060606060606 2.4242424242424243 2.272727272727273 2.9393939393939394 1.2727272727272727 2.5757575757575757 1.7272727272727273 1.4242424242424243 1.5151515151515151 1.393939393939394 1.2727272727272727 1.3636363636363635 1.2727272727272727 2.3636363636363638 2.8484848484848486 2.9696969696969697 1.696969696969697 1.606060606060606 1.3636363636363635 2.5454545454545454 2.303030303030303 1.2727272727272727 2.3333333333333335 3.0 2.303030303030303 1.5151515151515151 2.0606060606060606
3 149.40032103786328 1.6767676767676767 1.0909090909090908 1.3131313131313131 1.2121212121212122 1.1313131313131313 1.8181818181818181 1.4141414141414141 1.7373737373737375 1.0101010101010102 1.9595959595959596 0.8282828282828283 1.5353535353535352 1.0909090909090908 1.3737373737373737 1.6161616161616161 1.5151515151515151 1.9595959595959596 0.8484848484848485 1.7171717171717171 1.1515151515151516 0.9494949494949495 1.0101010101010102 0.9292929292929293 0.8484848484848485 0.9090909090909091 0.8484848484848485 1.5757575757575757 1.898989898989899 1.97979797979798 1.1313131313131313 1.0707070707070707 0.9090909090909091 1.696969696969697 1.5353535353535352 0.8484848484848485 1.5555555555555556 2.0 1.5353535353535352 1.0101010101010102 1.3737373737373737
4 156.0668563867741 2.515151515151515 1.6363636363636365 1.9696969696969697 1.8181818181818181 1.696969696969697 2.727272727272727 2.121212121212121 2.606060606060606 1.5151515151515151 2.9393939393939394 1.2424242424242424 2.303030303030303 1.6363636363636365 2.0606060606060606 2.4242424242424243 2.272727272727273 2.9393939393939394 1.2727272727272727 2.5757575757575757 1.7272727272727273 1.4242424242424243 1.5151515151515151 1.393939393939394 1.2727272727272727 1.3636363636363635 1.2727272727272727 2.3636363636363638 2.8484848484848486 2.9696969696969697 1.696969696969697 1.606060606060606 1.3636363636363635 2.5454545454545454 2.303030303030303 1.2727272727272727 2.3333333333333335 3.0 2.303030303030303 1.5151515151515151 2.0606060606060606
5 76.62235098036103 2.515151515151515 1.6363636363636365 1.9696969696969697 1.8181818181818181 1.696969696969697 2.727272727272727 2.121212121212121 2.606060606060606 1.5151515151515151 2.9393939393939394 1.2424242424242424 2.303030303030303 1.6363636363636365 2.0606060606060606 2.4242424242424243 2.272727272727273 2.9393939393939394 1.2727272727272727 2.5757575757575757 1.7272727272727273 1.4242424242424243 1.5151515151515151 1.393939393939394 1.2727272727272727 1.3636363636363635 1.2727272727272727 2.3636363636363638 2.8484848484848486 2.9696969696969697 1.696969696969697 1.606060606060606 1.3636363636363635 2.5454545454545454 2.303030303030303 1.2727272727272727 2.3333333333333335 3.0 2.303030303030303 1.5151515151515151 2.0606060606060606
6 184.4408232577141 2.515151515151515 1.6363636363636365 1.9696969696969697 1.8181818181818181 1.696969696969697 2.727272727272727 2.121212121212121 2.606060606060606 1.5151515151515151 2.9393939393939394 1.2424242424242424 2.303030303030303 1.6363636363636365 2.0606060606060606 2.4242424242424243 2.272727272727273 2.9393939393939394 1.2727272727272727 2.5757575757575757 1.7272727272727273 1.4242424242424243 1.5151515151515151 1.393939393939394 1.2727272727272727 1.3636363636363635 1.2727272727272727 2.3636363636363638 2.8484848484848486 2.9696969696969697 1.696969696969697 1.606060606060606 1.3636363636363635 2.5454545454545454 2.303030303030303 1.2727272727272727 2.3333333333333335 3.0 2.303030303030303 1.5151515151515151 2.0606060606060606
7 223.11920275749804 2.515151515151515 1.6363636363636365 1.9696969696969697 1.8181818181818181 1.696969696969697 2.727272727272727 2.121212121212121 2.606060606060606 1.5151515151515151 2.9393939393939394 1.2424242424242424 2.303030303030303 1.6363636363636365 2.0606060606060606 2.4242424242424243 2.272727272727273 2.9393939393939394 1.2727272727272727 2.5757575757575757 1.7272727272727273 1.4242424242424243 1.5151515151515151 1.393939393939394 1.2727272727272727 1.3636363636363635 1.2727272727272727 2.3636363636363638 2.8484848484848486 2.9696969696969697 1.696969696969697 1.606060606060606 1.3636363636363635 2.5454545454545454 2.303030303030303 1.2727272727272727 2.3333333333333335 3.0 2.303030303030303 1.5151515151515151 2.0606060606060606
8 60.75956401552144 2.515151515151515 1.6363636363636365 1.9696969696969697 1.8181818181818181 1.696969696969697 2.727272727272727 2.121212121212121 2.606060606060606 1.5151515151515151 2.9393939393939394 1.2424242424242424 2.303030303030303 1.6363636363636365 2.0606060606060606 2.4242424242424243 2.272727272727273 2.9393939393939394 1.2727272727272727 2.5757575757575757 1.7272727272727273 1.4242424242424243 1.5151515151515151 1.393939393939394 1.2727272727272727 1.3636363636363635 1.2727272727272727 2.3636363636363638 2.8484848484848486 2.9696969696969697 1.696969696969697 1.606060606060606 1.3636363636363635 2.5454545454545454 2.303030303030303 1.2727272727272727 2.3333333333333335 3.0 2.303030303030303 1.5151515151515151 2.0606060606060606
9 120.25739770754113 1.6767676767676767 1.0909090909090908 1.3131313131313131 1.2121212121212122 1.1313131313131313 1.8181818181818181 1.4141414141414141 1.7373737373737375 1.0101010101010102 1.9595959595959596 0.8282828282828283 1.5353535353535352 1.0909090909090908 1.3737373737373737 1.6161616161616161 1.5151515151515151 1.9595959595959596 0.8484848484848485 1.7171717171717171 1.1515151515151516 0.9494949494949495 1.0101010101010102 0.9292929292929293 0.8484848484848485 0.9090909090909091 0.8484848484848485 1.5757575757575757 1.898989898989899 1.97979797979798 1.1313131313131313 1.0707070707070707 0.9090909090909091 1.696969696969697 1.5353535353535352 0.8484848484848485 1.5555555555555556 2.0 1.5353535353535352 1.0101010101010102 1.3737373737373737
10 130.14609252861402 1.6767676767676767 1.0909090909090908 1.3131313131313131 1.2121212121212122 1.1313131313131313 1.8181818181818181 1.4141414141414141 1.7373737373737375 1.0101010101010102 1.9595959595959596 0.8282828282828283 1.5353535353535352 1.0909090909090908 1.3737373737373737 1.6161616161616161 1.5151515151515151 1.9595959595959596 0.8484848484848485 1.7171717171717171 1.1515151515151516 0.9494949494949495 1.0101010101010102 0.9292929292929293 0.8484848484848485 0.9090909090909091 0.8484848484848485 1.5757575757575757 1.898989898989899 1.97979797979798 1.1313131313131313 1.0707070707070707 0.9090909090909091 1.696969696969697 1.5353535353535352 0.8484848484848485 1.5555555555555556 2.0 1.5353535353535352 1.0101010101010102 1.3737373737373737
11 359.6937745908574 2.515151515151515 1.6363636363636365 1.9696969696969697 1.8181818181818181 1.696969696969697 2.727272727272727 2.121212121212121 2.606060606060606 1.5151515151515151 2.9393939393939394 1.2424242424242424 2.303030303030303 1.6363636363636365 2.0606060606060606 2.4242424242424243 2.272727272727273 2.9393939393939394 1.2727272727272727 2.5757575757575757 1.7272727272727273 1.4242424242424243 1.5151515151515151 1.393939393939394 1.2727272727272727 1.3636363636363635 1.2727272727272727 2.3636363636363638 2.8484848484848486 2.9696969696969697 1.696969696969697 1.606060606060606 1.3636363636363635 2.5454545454545454 2.303030303030303 1.2727272727272727 2.3333333333333335 3.0 2.303030303030303 1.5151515151515151 2.0606060606060606
12 53.007105557962845 2.515151515151515 1.6363636363636365 1.9696969696969697 1.8181818181818181 1.696969696969697 2.727272727272727 2.121212121212121 2.606060606060606 1.5151515151515151 2.9393939393939394 1.2424242424242424 2.303030303030303 1.6363636363636365 2.0606060606060606 2.4242424242424243 2.272727272727273 2.9393939393939394 1.2727272727272727 2.5757575757575757 1.7272727272727273 1.4242424242424243 1.5151515151515151 1.393939393939394 1.2727272727272727 1.3636363636363635 1.2727272727272727 2.3636363636363638 2.8484848484848486 2.9696969696969697 1.696969696969697 1.606060606060606 1.3636363636363635 2.5454545454545454 2.303030303030303 1.2727272727272727 2.3333333333333335 3.0 2.303030303030303 1.5151515151515151 2.0606060606060606
13 217.94409195750325 2.515151515151515 1.6363636363636365 1.9696969696969697 1.8181818181818181 1.696969696969697 2.727272727272727 2.121212121212121 2.606060606060606 1.5151515151515151 2.9393939393939394 1.2424242424242424 2.303030303030303 1.6363636363636365 2.0606060606060606 2.4242424242424243 2.272727272727273 2.9393939393939394 1.2727272727272727 2.5757575757575757 1.7272727272727273 1.4242424242424243 1.5151515151515151 1.393939393939394 1.2727272727272727 1.3636363636363635 1.2727272727272727 2.3636363636363638 2.8484848484848486 2.9696969696969697 1.696969696969697 1.606060606060606 1.3636363636363635 2.5454545454545454 2.303030303030303 1.2727272727272727 2.3333333333333335 3.0 2.303030303030303 1.5151515151515151 2.0606060606060606
14 18.14562470037697 2.515151515151515 1.6363636363636365 1.9696969696969697 1.8181818181818181 1.696969696969697 2.727272727272727 2.121212121212121 2.606060606060606 1.5151515151515151 2.9393939393939394 1.2424242424242424 2.303030303030303 1.6363636363636365 2.0606060606060606 2.4242424242424243 2.272727272727273 2.9393939393939394 1.2727272727272727 2.5757575757575757 1.7272727272727273 1.4242424242424243 1.5151515151515151 1.393939393939394 1.2727272727272727 1.3636363636363635 1.2727272727272727 2.3636363636363638 2.8484848484848486 2.9696969696969697 1.696969696969697 1.606060606060606 1.3636363636363635 2.5454545454545454 2.303030303030303 1.2727272727272727 2.3333333333333335 3.0 2.303030303030303 1.5151515151515151 2.0606060606060606
15 73.23383163474332 1.6767676767676767 1.0909090909090908 1.3131313131313131 1.2121212121212122 1.1313131313131313 1.8181818181818181 1.4141414141414141 1.7373737373737375 1.0101010101010102 1.9595959595959596 0.8282828282828283 1.5353535353535352 1.0909090909090908 1.3737373737373737 1.6161616161616161 1.5151515151515151 1.9595959595959596 0.8484848484848485 1.7171717171717171 1.1515151515151516 0.9494949494949495 1.0101010101010102 0.9292929292929293 0.8484848484848485 0.9090909090909091 0.8484848484848485 1.5757575757575757 1.898989898989899 1.97979797979798 1.1313131313131313 1.0707070707070707 0.9090909090909091 1.696969696969697 1.5353535353535352 0.8484848484848485 1.5555555555555556 2.0 1.5353535353535352 1.0101010101010102 1.3737373737373737
16 3.125018842525229 1.6767676767676767 1.0909090909090908 1.3131313131313131 1.2121212121212122 1.1313131313131313 1.8181818181818181 1.4141414141414141 1.7373737373737375 1.0101010101010102 1.9595959595959596 0.8282828282828283 1.5353535353535352 1.0909090909090908 1.3737373737373737 1.6161616161616161 1.5151515151515151 1.9595959595959596 0.8484848484848485 1.7171717171717171 1.1515151515151516 0.9494949494949495 1.0101010101010102 0.9292929292929293 0.8484848484848485 0.9090909090909091 0.8484848484848485 1.5757575757575757 1.898989898989899 1.97979797979798 1.1313131313131313 1.0707070707070707 0.9090909090909091 1.696969696969697 1.5353535353535352 0.8484848484848485 1.5555555555555556 2.0 1.5353535353535352 1.0101010101010102 1.3737373737373737
17 5.436533476269894 2.515151515151515 1.6363636363636365 1.9696969696969697 1.8181818181818181 1.696969696969697 2.727272727272727 2.121212121212121 2.606060606060606 1.5151515151515151 2.9393939393939394 1.2424242424242424 2.303030303030303 1.6363636363636365 2.0606060606060606 2.4242424242424243 2.272727272727273 2.9393939393939394 1.2727272727272727 2.5757575757575757 1.7272727272727273 1.4242424242424243 1.5151515151515151 1.393939393939394 1.2727272727272727 1.3636363636363635 1.2727272727272727 2.3636363636363638 2.8484848484848486 2.9696969696969697 1.696969696969697 1.606060606060606 1.3636363636363635 2.5454545454545454 2.303030303030303 1.2727272727272727 2.3333333333333335 3.0 2.303030303030303 1.5151515151515151 2.0606060606060606
18 41.754186639833506 2.515151515151515 1.6363636363636365 1.9696969696969697 1.8181818181818181 1.696969696969697 2.727272727272727 2.121212121212121 2.606060606060606 1.5151515151515151 2.9393939393939394 1.2424242424242424 2.303030303030303 1.6363636363636365 2.0606060606060606 2.4242424242424243 2.272727272727273 2.9393939393939394 1.2727272727272727 2.5757575757575757 1.7272727272727273 1.4242424242424243 1.5151515151515151 1.393939393939394 1.2727272727272727 1.3636363636363635 1.2727272727272727 2.3636363636363638 2.8484848484848486 2.9696969696969697 1.696969696969697 1.606060606060606 1.3636363636363635 2.5454545454545454 2.303030303030303 1.2727272727272727 2.3333333333333335 3.0 2.303030303030303 1.5151515151515151 2.0606060606060606
19 53.17227891466897 2.515151515151515 1.6363636363636365 1.9696969696969697 1.8181818181818181 1.696969696969697 2.727272727272727 2.121212121212121 2.606060606060606 1.5151515151515151 2.9393939393939394 1.2424242424242424 2.303030303030303 1.6363636363636365 2.0606060606060606 2.4242424242424243 2.272727272727273 2.9393939393939394 1.2727272727272727 2.5757575757575757 1.7272727272727273 1.4242424242424243 1.5151515151515151 1.393939393939394 1.2727272727272727 1.3636363636363635 1.2727272727272727 2.3636363636363638 2.8484848484848486 2.9696969696969697 1.696969696969697 1.606060606060606 1.3636363636363635 2.5454545454545454 2.303030303030303 1.2727272727272727 2.3333333333333335 3.0 2.303030303030303 1.5151515151515151 2.0606060606060606
20 118.38522841433081 1.6767676767676767 1.0909090909090908 1.3131313131313131 1.2121212121212122 1.1313131313131313 1.8181818181818181 1.4141414141414141 1.7373737373737375 1.0101010101010102 1.9595959595959596 0.8282828282828283 1.5353535353535352 1.0909090909090908 1.3737373737373737 1.6161616161616161 1.5151515151515151 1.9595959595959596 0.8484848484848485 1.7171717171717171 1.1515151515151516 0.9494949494949495 1.0101010101010102 0.9292929292929293 0.8484848484848485 0.9090909090909091 0.8484848484848485 1.5757575757575757 1.898989898989899 1.97979797979798 1.1313131313131313 1.0707070707070707 0.9090909090909091 1.696969696969697 1.5353535353535352 0.8484848484848485 1.5555555555555556 2.0 1.5353535353535352 1.0101010101010102 1.3737373737373737
21 173.3228877571017 2.515151515151515 1.6363636363636365 1.9696969696969697 1.8181818181818181 1.696969696969697 2.727272727272727 2.121212121212121 2.606060606060606 1.5151515151515151 2.9393939393939394 1.2424242424242424 2.303030303030303 1.6363636363636365 2.0606060606060606 2.4242424242424243 2.272727272727273 2.9393939393939394 1.2727272727272727 2.5757575757575757 1.7272727272727273 1.4242424242424243 1.5151515151515151 1.393939393939394 1.2727272727272727 1.3636363636363635 1.2727272727272727 2.3636363636363638 2.8484848484848486 2.9696969696969697 1.696969696969697 1.606060606060606 1.3636363636363635 2.5454545454545454 2.303030303030303 1.2727272727272727 2.3333333333333335 3.0 2.303030303030303 1.5151515151515151 2.0606060606060606
22 216.3441620368341 1.6767676767676767 1.0909090909090908 1.3131313131313131 1.2121212121212122 1.1313131313131313 1.8181818181818181 1.4141414141414141 1.7373737373737375 1.0101010101010102 1.9595959595959596 0.8282828282828283 1.5353535353535352 1.0909090909090908 1.3737373737373737 1.6161616161616161 1.5151515151515151 1.9595959595959596 0.8484848484848485 1.7171717171717171 1.1515151515151516 0.9494949494949495 1.0101010101010102 0.9292929292929293 0.8484848484848485 0.9090909090909091 0.8484848484848485 1.5757575757575757 1.898989898989899 1.97979797979798 1.1313131313131313 1.0707070707070707 0.9090909090909091 1.696969696969697 1.5353535353535352 0.8484848484848485 1.5555555555555556 2.0 1.5353535353535352 1.0101010101010102 1.3737373737373737
23 194.2970387803416 1.6767676767676767 1.0909090909090908 1.3131313131313131 1.2121212121212122 1.1313131313131313 1.8181818181818181 1.4141414141414141 1.7373737373737375 1.0101010101010102 1.9595959595959596 0.8282828282828283 1.5353535353535352 1.0909090909090908 1.3737373737373737 1.6161616161616161 1.5151515151515151 1.9595959595959596 0.8484848484848485 1.7171717171717171 1.1515151515151516 0.9494949494949495 1.0101010101010102 0.9292929292929293 0.8484848484848485 0.9090909090909091 0.8484848484848485 1.5757575757575757 1.898989898989899 1.97979797979798 1.1313131313131313 1.0707070707070707 0.9090909090909091 1.696969696969697 1.5353535353535352 0.8484848484848485 1.5555555555555556 2.0 1.5353535353535352 1.0101010101010102 1.3737373737373737
24 51.21532121498916 2.515151515151515 1.6363636363636365 1.9696969696969697 1.8181818181818181 1.696969696969697 2.727272727272727 2.121212121212121 2.606060606060606 1.5151515151515151 2.9393939393939394 1.2424242424242424 2.303030303030303 1.6363636363636365 2.0606060606060606 2.4242424242424243 2.272727272727273 2.9393939393939394 1.2727272727272727 2.5757575757575757 1.7272727272727273 1.4242424242424243 1.5151515151515151 1.393939393939394 1.2727272727272727 1.3636363636363635 1.2727272727272727 2.3636363636363638 2.8484848484848486 2.9696969696969697 1.696969696969697 1.606060606060606 1.3636363636363635 2.5454545454545454 2.303030303030303 1.2727272727272727 2.3333333333333335 3.0 2.303030303030303 1.5151515151515151 2.0606060606060606
25 40.878926121250615 1.6767676767676767 1.0909090909090908 1.3131313131313131 1.2121212121212122 1.1313131313131313 1.8181818181818181 1.4141414141414141 1.7373737373737375 1.0101010101010102 1.9595959595959596 0.8282828282828283 1.5353535353535352 1.0909090909090908 1.3737373737373737 1.6161616161616161 1.5151515151515151 1.9595959595959596 0.8484848484848485 1.7171717171717171 1.1515151515151516 0.9494949494949495 1.0101010101010102 0.9292929292929293 0.8484848484848485 0.9090909090909091 0.8484848484848485 1.5757575757575757 1.898989898989899 1.97979797979798 1.1313131313131313 1.0707070707070707 0.9090909090909091 1.696969696969697 1.5353535353535352 0.8484848484848485 1.5555555555555556 2.0 1.5353535353535352 1.0101010101010102 1.3737373737373737
26 31.740276831659738 2.515151515151515 1.6363636363636365 1.9696969696969697 1.8181818181818181 1.696969696969697 2.727272727272727 2.121212121212121 2.606060606060606 1.5151515151515151 2.9393939393939394 1.2424242424242424 2.303030303030303 1.6363636363636365 2.0606060606060606 2.4242424242424243 2.272727272727273 2.9393939393939394 1.2727272727272727 2.5757575757575757 1.7272727272727273 1.4242424242424243 1.5151515151515151 1.393939393939394 1.2727272727272727 1.3636363636363635 1.2727272727272727 2.3636363636363638 2.8484848484848486 2.9696969696969697 1.696969696969697 1.606060606060606 1.3636363636363635 2.5454545454545454 2.303030303030303 1.2727272727272727 2.3333333333333335 3.0 2.303030303030303 1.5151515151515151 2.0606060606060606
27 23.886890338108252 1.6767676767676767 1.0909090909090908 1.3131313131313131 1.2121212121212122 1.1313131313131313 1.8181818181818181 1.4141414141414141 1.7373737373737375 1.0101010101010102 1.9595959595959596 0.8282828282828283 1.5353535353535352 1.0909090909090908 1.3737373737373737 1.6161616161616161 1.5151515151515151 1.9595959595959596 0.8484848484848485 1.7171717171717171 1.1515151515151516 0.9494949494949495 1.0101010101010102 0.9292929292929293 0.8484848484848485 0.9090909090909091 0.8484848484848485 1.5757575757575757 1.898989898989899 1.97979797979798 1.1313131313131313 1.0707070707070707 0.9090909090909091 1.696969696969697 1.5353535353535352 0.8484848484848485 1.5555555555555556 2.0 1.5353535353535352 1.0101010101010102 1.3737373737373737
28 199.96688337867656 2.515151515151515 1.6363636363636365 1.9696969696969697 1.8181818181818181 1.696969696969697 2.727272727272727 2.121212121212121 2.606060606060606 1.5151515151515151 2.9393939393939394 1.2424242424242424 2.303030303030303 1.6363636363636365 2.0606060606060606 2.4242424242424243 2.272727272727273 2.9393939393939394 1.2727272727272727 2.5757575757575757 1.7272727272727273 1.4242424242424243 1.5151515151515151 1.393939393939394 1.2727272727272727 1.3636363636363635 1.2727272727272727 2.3636363636363638 2.8484848484848486 2.9696969696969697 1.696969696969697 1.606060606060606 1.3636363636363635 2.5454545454545454 2.303030303030303 1.2727272727272727 2.3333333333333335 3.0 2.303030303030303 1.5151515151515151 2.0606060606060606
29 58.095215858859476 2.515151515151515 1.6363636363636365 1.9696969696969697 1.8181818181818181 1.696969696969697 2.727272727272727 2.121212121212121 2.606060606060606 1.5151515151515151 2.9393939393939394 1.2424242424242424 2.303030303030303 1.6363636363636365 2.0606060606060606 2.4242424242424243 2.272727272727273 2.9393939393939394 1.2727272727272727 2.5757575757575757 1.7272727272727273 1.4242424242424243 1.5151515151515151 1.393939393939394 1.2727272727272727 1.3636363636363635 1.2727272727272727 2.3636363636363638 2.8484848484848486 2.9696969696969697 1.696969696969697 1.606060606060606 1.3636363636363635 2.5454545454545454 2.303030303030303 1.2727272727272727 2.3333333333333335 3.0 2.303030303030303 1.5151515151515151 2.0606060606060606
30 84.52406288267164 2.515151515151515 1.6363636363636365 1.9696969696969697 1.8181818181818181 1.696969696969697 2.727272727272727 2.121212121212121 2.606060606060606 1.5151515151515151 2.9393939393939394 1.2424242424242424 2.303030303030303 1.6363636363636365 2.0606060606060606 2.4242424242424243 2.272727272727273 2.9393939393939394 1.2727272727272727 2.5757575757575757 1.7272727272727273 1.4242424242424243 1.5151515151515151 1.393939393939394 1.2727272727272727 1.3636363636363635 1.2727272727272727 2.3636363636363638 2.8484848484848486 2.9696969696969697 1.696969696969697 1.606060606060606 1.3636363636363635 2.5454545454545454 2.303030303030303 1.2727272727272727 2.3333333333333335 3.0 2.303030303030303 1.5151515151515151 2.0606060606060606
31 70.38508419398983 2.515151515151515 1.6363636363636365 1.9696969696969697 1.8181818181818181 1.696969696969697 2.727272727272727 2.121212121212121 2.606060606060606 1.5151515151515151 2.9393939393939394 1.2424242424242424 2.303030303030303 1.6363636363636365 2.0606060606060606 2.4242424242424243 2.272727272727273 2.9393939393939394 1.2727272727272727 2.5757575757575757 1.7272727272727273 1.4242424242424243 1.5151515151515151 1.393939393939394 1.2727272727272727 1.3636363636363635 1.2727272727272727 2.3636363636363638 2.8484848484848486 2.9696969696969697 1.696969696969697 1.606060606060606 1.3636363636363635 2.5454545454545454 2.303030303030303 1.2727272727272727 2.3333333333333335 3.0 2.303030303030303 1.5151515151515151 2.0606060606060606
32 81.5824696688579 1.6767676767676767 1.0909090909090908 1.3131313131313131 1.2121212121212122 1.1313131313131313 1.8181818181818181 1.4141414141414141 1.7373737373737375 1.0101010101010102 1.9595959595959596 0.8282828282828283 1.5353535353535352 1.0909090909090908 1.3737373737373737 1.6161616161616161 1.5151515151515151 1.9595959595959596 0.8484848484848485 1.7171717171717171 1.1515151515151516 0.9494949494949495 1.0101010101010102 0.9292929292929293 0.8484848484848485 0.9090909090909091 0.8484848484848485 1.5757575757575757 1.898989898989899 1.97979797979798 1.1313131313131313 1.0707070707070707 0.9090909090909091 1.696969696969697 1.5353535353535352 0.8484848484848485 1.5555555555555556 2.0 1.5353535353535352 1.0101010101010102 1.3737373737373737
33 87.761199466601 2.515151515151515 1.6363636363636365 1.9696969696969697 1.8181818181818181 1.696969696969697 2.727272727272727 2.121212121212121 2.606060606060606 1.5151515151515151 2.9393939393939394 1.2424242424242424 2.303030303030303 1.6363636363636365 2.0606060606060606 2.4242424242424243 2.272727272727273 2.9393939393939394 1.2727272727272727 2.5757575757575757 1.7272727272727273 1.4242424242424243 1.5151515151515151 1.393939393939394 1.2727272727272727 1.3636363636363635 1.2727272727272727 2.3636363636363638 2.8484848484848486 2.9696969696969697 1.696969696969697 1.606060606060606 1.3636363636363635 2.5454545454545454 2.303030303030303 1.2727272727272727 2.3333333333333335 3.0 2.303030303030303 1.5151515151515151 2.0606060606060606
34 97.49195704099594 2.515151515151515 1.6363636363636365 1.9696969696969697 1.8181818181818181 1.696969696969697 2.727272727272727 2.121212121212121 2.606060606060606 1.5151515151515151 2.9393939393939394 1.2424242424242424 2.303030303030303 1.6363636363636365 2.0606060606060606 2.4242424242424243 2.272727272727273 2.9393939393939394 1.2727272727272727 2.5757575757575757 1.7272727272727273 1.4242424242424243 1.5151515151515151 1.393939393939394 1.2727272727272727 1.3636363636363635 1.2727272727272727 2.3636363636363638 2.8484848484848486 2.9696969696969697 1.696969696969697 1.606060606060606 1.3636363636363635 2.5454545454545454 2.303030303030303 1.2727272727272727 2.3333333333333335 3.0 2.303030303030303 1.5151515151515151 2.0606060606060606
35 656.0 2.515151515151515 1.6363636363636365 1.9696969696969697 1.8181818181818181 1.696969696969697 2.727272727272727 2.121212121212121 2.606060606060606 1.5151515151515151 2.9393939393939394 1.2424242424242424 2.303030303030303 1.6363636363636365 2.0606060606060606 2.4242424242424243 2.272727272727273 2.9393939393939394 1.2727272727272727 2.5757575757575757 1.7272727272727273 1.4242424242424243 1.5151515151515151 1.393939393939394 1.2727272727272727 1.3636363636363635 1.2727272727272727 2.3636363636363638 2.8484848484848486 2.9696969696969697 1.696969696969697 1.606060606060606 1.3636363636363635 2.5454545454545454 2.303030303030303 1.2727272727272727 2.3333333333333335 3.0 2.303030303030303 1.5151515151515151 2.0606060606060606
36 104.73418182712453 1.6767676767676767 1.0909090909090908 1.3131313131313131 1.2121212121212122 1.1313131313131313 1.8181818181818181 1.4141414141414141 1.7373737373737375 1.0101010101010102 1.9595959595959596 0.8282828282828283 1.5353535353535352 1.0909090909090908 1.3737373737373737 1.6161616161616161 1.5151515151515151 1.9595959595959596 0.8484848484848485 1.7171717171717171 1.1515151515151516 0.9494949494949495 1.0101010101010102 0.9292929292929293 0.8484848484848485 0.9090909090909091 0.8484848484848485 1.5757575757575757 1.898989898989899 1.97979797979798 1.1313131313131313 1.0707070707070707 0.9090909090909091 1.696969696969697 1.5353535353535352 0.8484848484848485 1.5555555555555556 2.0 1.5353535353535352 1.0101010101010102 1.3737373737373737
37 83.4035472386883 1.6767676767676767 1.0909090909090908 1.3131313131313131 1.2121212121212122 1.1313131313131313 1.8181818181818181 1.4141414141414141 1.7373737373737375 1.0101010101010102 1.9595959595959596 0.8282828282828283 1.5353535353535352 1.0909090909090908 1.3737373737373737 1.6161616161616161 1.5151515151515151 1.9595959595959596 0.8484848484848485 1.7171717171717171 1.1515151515151516 0.9494949494949495 1.0101010101010102 0.9292929292929293 0.8484848484848485 0.9090909090909091 0.8484848484848485 1.5757575757575757 1.898989898989899 1.97979797979798 1.1313131313131313 1.0707070707070707 0.9090909090909091 1.696969696969697 1.5353535353535352 0.8484848484848485 1.5555555555555556 2.0 1.5353535353535352 1.0101010101010102 1.3737373737373737
38 169.5621480077708 1.6767676767676767 1.0909090909090908 1.3131313131313131 1.2121212121212122 1.1313131313131313 1.8181818181818181 1.4141414141414141 1.7373737373737375 1.0101010101010102 1.9595959595959596 0.8282828282828283 1.5353535353535352 1.0909090909090908 1.3737373737373737 1.6161616161616161 1.5151515151515151 1.9595959595959596 0.8484848484848485 1.7171717171717171 1.1515151515151516 0.9494949494949495 1.0101010101010102 0.9292929292929293 0.8484848484848485 0.9090909090909091 0.8484848484848485 1.5757575757575757 1.898989898989899 1.97979797979798 1.1313131313131313 1.0707070707070707 0.9090909090909091 1.696969696969697 1.5353535353535352 0.8484848484848485 1.5555555555555556 2.0 1.5353535353535352 1.0101010101010102 1.3737373737373737
39 180.69446560734116 1.6767676767676767 1.0909090909090908 1.3131313131313131 1.2121212121212122 1.1313131313131313 1.8181818181818181 1.4141414141414141 1.7373737373737375 1.0101010101010102 1.9595959595959596 0.8282828282828283 1.5353535353535352 1.0909090909090908 1.3737373737373737 1.6161616161616161 1.5151515151515151 1.9595959595959596 0.8484848484848485 1.7171717171717171 1.1515151515151516 0.9494949494949495 1.0101010101010102 0.9292929292929293 0.8484848484848485 0.9090909090909091 0.8484848484848485 1.5757575757575757 1.898989898989899 1.97979797979798 1.1313131313131313 1.0707070707070707 0.9090909090909091 1.696969696969697 1.5353535353535352 0.8484848484848485 1.5555555555555556 2.0 1.5353535353535352 1.0101010101010102 1.3737373737373737
40 188.87538325957536 2.515151515151515 1.6363636363636365 1.9696969696969697 1.8181818181818181 1.696969696969697 2.727272727272727 2.121212121212121 2.606060606060606 1.5151515151515151 2.9393939393939394 1.2424242424242424 2.303030303030303 1.6363636363636365 2.0606060606060606 2.4242424242424243 2.272727272727273 2.9393939393939394 1.2727272727272727 2.5757575757575757 1.7272727272727273 1.4242424242424243 1.5151515151515151 1.393939393939394 1.2727272727272727 1.3636363636363635 1.2727272727272727 2.3636363636363638 2.8484848484848486 2.9696969696969697 1.696969696969697 1.606060606060606 1.3636363636363635 2.5454545454545454 2.303030303030303 1.2727272727272727 2.3333333333333335 3.0 2.303030303030303 1.5151515151515151 2.0606060606060606
41 137.87145033924602 1.6767676767676767 1.0909090909090908 1.3131313131313131 1.2121212121212122 1.1313131313131313 1.8181818181818181 1.4141414141414141 1.7373737373737375 1.0101010101010102 1.9595959595959596 0.8282828282828283 1.5353535353535352 1.0909090909090908 1.3737373737373737 1.6161616161616161 1.5151515151515151 1.9595959595959596 0.8484848484848485 1.7171717171717171 1.1515151515151516 0.9494949494949495 1.0101010101010102 0.9292929292929293 0.8484848484848485 0.9090909090909091 0.8484848484848485 1.5757575757575757 1.898989898989899 1.97979797979798 1.1313131313131313 1.0707070707070707 0.9090909090909091 1.696969696969697 1.5353535353535352 0.8484848484848485 1.5555555555555556 2.0 1.5353535353535352 1.0101010101010102 1.3737373737373737
42 7.324010927407509 2.515151515151515 1.6363636363636365 1.9696969696969697 1.8181818181818181 1.696969696969697 2.727272727272727 2.121212121212121 2.606060606060606 1.5151515151515151 2.9393939393939394 1.2424242424242424 2.303030303030303 1.6363636363636365 2.0606060606060606 2.4242424242424243 2.272727272727273 2.9393939393939394 1.2727272727272727 2.5757575757575757 1.7272727272727273 1.4242424242424243 1.5151515151515151 1.393939393939394 1.2727272727272727 1.3636363636363635 1.2727272727272727 2.3636363636363638 2.8484848484848486 2.9696969696969697 1.696969696969697 1.606060606060606 1.3636363636363635 2.5454545454545454 2.303030303030303 1.2727272727272727 2.3333333333333335 3.0 2.303030303030303 1.5151515151515151 2.0606060606060606
43 65.03645991459726 1.6767676767676767 1.0909090909090908 1.3131313131313131 1.2121212121212122 1.1313131313131313 1.8181818181818181 1.4141414141414141 1.7373737373737375 1.0101010101010102 1.9595959595959596 0.8282828282828283 1.5353535353535352 1.0909090909090908 1.3737373737373737 1.6161616161616161 1.5151515151515151 1.9595959595959596 0.8484848484848485 1.7171717171717171 1.1515151515151516 0.9494949494949495 1.0101010101010102 0.9292929292929293 0.8484848484848485 0.9090909090909091 0.8484848484848485 1.5757575757575757 1.898989898989899 1.97979797979798 1.1313131313131313 1.0707070707070707 0.9090909090909091 1.696969696969697 1.5353535353535352 0.8484848484848485 1.5555555555555556 2.0 1.5353535353535352 1.0101010101010102 1.3737373737373737
44 50.66583555574648 1.6767676767676767 1.0909090909090908 1.3131313131313131 1.2121212121212122 1.1313131313131313 1.8181818181818181 1.4141414141414141 1.7373737373737375 1.0101010101010102 1.9595959595959596 0.8282828282828283 1.5353535353535352 1.0909090909090908 1.3737373737373737 1.6161616161616161 1.5151515151515151 1.9595959595959596 0.8484848484848485 1.7171717171717171 1.1515151515151516 0.9494949494949495 1.0101010101010102 0.9292929292929293 0.8484848484848485 0.9090909090909091 0.8484848484848485 1.5757575757575757 1.898989898989899 1.97979797979798 1.1313131313131313 1.0707070707070707 0.9090909090909091 1.696969696969697 1.5353535353535352 0.8484848484848485 1.5555555555555556 2.0 1.5353535353535352 1.0101010101010102 1.3737373737373737
45 101.83915506168756 1.6767676767676767 1.0909090909090908 1.3131313131313131 1.2121212121212122 1.1313131313131313 1.8181818181818181 1.4141414141414141 1.7373737373737375 1.0101010101010102 1.9595959595959596 0.8282828282828283 1.5353535353535352 1.0909090909090908 1.3737373737373737 1.6161616161616161 1.5151515151515151 1.9595959595959596 0.8484848484848485 1.7171717171717171 1.1515151515151516 0.9494949494949495 1.0101010101010102 0.9292929292929293 0.8484848484848485 0.9090909090909091 0.8484848484848485 1.5757575757575757 1.898989898989899 1.97979797979798 1.1313131313131313 1.0707070707070707 0.9090909090909091 1.696969696969697 1.5353535353535352 0.8484848484848485 1.5555555555555556 2.0 1.5353535353535352 1.0101010101010102 1.3737373737373737
46 375.78960124051406 2.515151515151515 1.6363636363636365 1.9696969696969697 1.8181818181818181 1.696969696969697 2.727272727272727 2.121212121212121 2.606060606060606 1.5151515151515151 2.9393939393939394 1.2424242424242424 2.303030303030303 1.6363636363636365 2.0606060606060606 2.4242424242424243 2.272727272727273 2.9393939393939394 1.2727272727272727 2.5757575757575757 1.7272727272727273 1.4242424242424243 1.5151515151515151 1.393939393939394 1.2727272727272727 1.3636363636363635 1.2727272727272727 2.3636363636363638 2.8484848484848486 2.9696969696969697 1.696969696969697 1.606060606060606 1.3636363636363635 2.5454545454545454 2.303030303030303 1.2727272727272727 2.3333333333333335 3.0 2.303030303030303 1.5151515151515151 2.0606060606060606
47 86.96679640068366 2.515151515151515 1.6363636363636365 1.9696969696969697 1.8181818181818181 1.696969696969697 2.727272727272727 2.121212121212121 2.606060606060606 1.5151515151515151 2.9393939393939394 1.2424242424242424 2.303030303030303 1.6363636363636365 2.0606060606060606 2.4242424242424243 2.272727272727273 2.9393939393939394 1.2727272727272727 2.5757575757575757 1.7272727272727273 1.4242424242424243 1.5151515151515151 1.393939393939394 1.2727272727272727 1.3636363636363635 1.2727272727272727 2.3636363636363638 2.8484848484848486 2.9696969696969697 1.696969696969697 1.606060606060606 1.3636363636363635 2.5454545454545454 2.303030303030303 1.2727272727272727 2.3333333333333335 3.0 2.303030303030303 1.5151515151515151 2.0606060606060606
48 123.2628251445776 2.515151515151515 1.6363636363636365 1.9696969696969697 1.8181818181818181 1.696969696969697 2.727272727272727 2.121212121212121 2.606060606060606 1.5151515151515151 2.9393939393939394 1.2424242424242424 2.303030303030303 1.6363636363636365 2.0606060606060606 2.4242424242424243 2.272727272727273 2.9393939393939394 1.2727272727272727 2.5757575757575757 1.7272727272727273 1.4242424242424243 1.5151515151515151 1.393939393939394 1.2727272727272727 1.3636363636363635 1.2727272727272727 2.3636363636363638 2.8484848484848486 2.9696969696969697 1.696969696969697 1.606060606060606 1.3636363636363635 2.5454545454545454 2.303030303030303 1.2727272727272727 2.3333333333333335 3.0 2.303030303030303 1.5151515151515151 2.0606060606060606
49 76.77610684848628 2.515151515151515 1.6363636363636365 1.9696969696969697 1.8181818181818181 1.696969696969697 2.727272727272727 2.121212121212121 2.606060606060606 1.5151515151515151 2.9393939393939394 1.2424242424242424 2.303030303030303 1.6363636363636365 2.0606060606060606 2.4242424242424243 2.272727272727273 2.9393939393939394 1.2727272727272727 2.5757575757575757 1.7272727272727273 1.4242424242424243 1.5151515151515151 1.393939393939394 1.2727272727272727 1.3636363636363635 1.2727272727272727 2.3636363636363638 2.8484848484848486 2.9696969696969697 1.696969696969697 1.606060606060606 1.3636363636363635 2.5454545454545454 2.303030303030303 1.2727272727272727 2.3333333333333335 3.0 2.303030303030303 1.5151515151515151 2.0606060606060606
50 663.0 2.515151515151515 1.6363636363636365 1.9696969696969697 1.8181818181818181 1.696969696969697 2.727272727272727 2.121212121212121 2.606060606060606 1.5151515151515151 2.9393939393939394 1.2424242424242424 2.303030303030303 1.6363636363636365 2.0606060606060606 2.4242424242424243 2.272727272727273 2.9393939393939394 1.2727272727272727 2.5757575757575757 1.7272727272727273 1.4242424242424243 1.5151515151515151 1.393939393939394 1.2727272727272727 1.3636363636363635 1.2727272727272727 2.3636363636363638 2.8484848484848486 2.9696969696969697 1.696969696969697 1.606060606060606 1.3636363636363635 2.5454545454545454 2.303030303030303 1.2727272727272727 2.3333333333333335 3.0 2.303030303030303 1.5151515151515151 2.0606060606060606
51 268.5938433493067 2.515151515151515 1.6363636363636365 1.9696969696969697 1.8181818181818181 1.696969696969697 2.727272727272727 2.121212121212121 2.606060606060606 1.5151515151515151 2.9393939393939394 1.2424242424242424 2.303030303030303 1.6363636363636365 2.0606060606060606 2.4242424242424243 2.272727272727273 2.9393939393939394 1.2727272727272727 2.5757575757575757 1.7272727272727273 1.4242424242424243 1.5151515151515151 1.393939393939394 1.2727272727272727 1.3636363636363635 1.2727272727272727 2.3636363636363638 2.8484848484848486 2.9696969696969697 1.696969696969697 1.606060606060606 1.3636363636363635 2.5454545454545454 2.303030303030303 1.2727272727272727 2.3333333333333335 3.0 2.303030303030303 1.5151515151515151 2.0606060606060606
52 116.52189181510761 1.6767676767676767 1.0909090909090908 1.3131313131313131 1.2121212121212122 1.1313131313131313 1.8181818181818181 1.4141414141414141 1.7373737373737375 1.0101010101010102 1.9595959595959596 0.8282828282828283 1.5353535353535352 1.0909090909090908 1.3737373737373737 1.6161616161616161 1.5151515151515151 1.9595959595959596 0.8484848484848485 1.7171717171717171 1.1515151515151516 0.9494949494949495 1.0101010101010102 0.9292929292929293 0.8484848484848485 0.9090909090909091 0.8484848484848485 1.5757575757575757 1.898989898989899 1.97979797979798 1.1313131313131313 1.0707070707070707 0.9090909090909091 1.696969696969697 1.5353535353535352 0.8484848484848485 1.5555555555555556 2.0 1.5353535353535352 1.0101010101010102 1.3737373737373737
53 186.9689306715187 2.515151515151515 1.6363636363636365 1.9696969696969697 1.8181818181818181 1.696969696969697 2.727272727272727 2.121212121212121 2.606060606060606 1.5151515151515151 2.9393939393939394 1.2424242424242424 2.303030303030303 1.6363636363636365 2.0606060606060606 2.4242424242424243 2.272727272727273 2.9393939393939394 1.2727272727272727 2.5757575757575757 1.7272727272727273 1.4242424242424243 1.5151515151515151 1.393939393939394 1.2727272727272727 1.3636363636363635 1.2727272727272727 2.3636363636363638 2.8484848484848486 2.9696969696969697 1.696969696969697 1.606060606060606 1.3636363636363635 2.5454545454545454 2.303030303030303 1.2727272727272727 2.3333333333333335 3.0 2.303030303030303 1.5151515151515151 2.0606060606060606
54 23.996005918935424 1.6767676767676767 1.0909090909090908 1.3131313131313131 1.2121212121212122 1.1313131313131313 1.8181818181818181 1.4141414141414141 1.7373737373737375 1.0101010101010102 1.9595959595959596 0.8282828282828283 1.5353535353535352 1.0909090909090908 1.3737373737373737 1.6161616161616161 1.5151515151515151 1.9595959595959596 0.8484848484848485 1.7171717171717171 1.1515151515151516 0.9494949494949495 1.0101010101010102 0.9292929292929293 0.8484848484848485 0.9090909090909091 0.8484848484848485 1.5757575757575757 1.898989898989899 1.97979797979798 1.1313131313131313 1.0707070707070707 0.9090909090909091 1.696969696969697 1.5353535353535352 0.8484848484848485 1.5555555555555556 2.0 1.5353535353535352 1.0101010101010102 1.3737373737373737
55 97.6790694768217 1.6767676767676767 1.0909090909090908 1.3131313131313131 1.2121212121212122 1.1313131313131313 1.8181818181818181 1.4141414141414141 1.7373737373737375 1.0101010101010102 1.9595959595959596 0.8282828282828283 1.5353535353535352 1.0909090909090908 1.3737373737373737 1.6161616161616161 1.5151515151515151 1.9595959595959596 0.8484848484848485 1.7171717171717171 1.1515151515151516 0.9494949494949495 1.0101010101010102 0.9292929292929293 0.8484848484848485 0.9090909090909091 0.8484848484848485 1.5757575757575757 1.898989898989899 1.97979797979798 1.1313131313131313 1.0707070707070707 0.9090909090909091 1.696969696969697 1.5353535353535352 0.8484848484848485 1.5555555555555556 2.0 1.5353535353535352 1.0101010101010102 1.3737373737373737
56 335.5141717295672 1.6767676767676767 1.0909090909090908 1.3131313131313131 1.2121212121212122 1.1313131313131313 1.8181818181818181 1.4141414141414141 1.7373737373737375 1.0101010101010102 1.9595959595959596 0.8282828282828283 1.5353535353535352 1.0909090909090908 1.3737373737373737 1.6161616161616161 1.5151515151515151 1.9595959595959596 0.8484848484848485 1.7171717171717171 1.1515151515151516 0.9494949494949495 1.0101010101010102 0.9292929292929293 0.8484848484848485 0.9090909090909091 0.8484848484848485 1.5757575757575757 1.898989898989899 1.97979797979798 1.1313131313131313 1.0707070707070707 0.9090909090909091 1.696969696969697 1.5353535353535352 0.8484848484848485 1.5555555555555556 2.0 1.5353535353535352 1.0101010101010102 1.3737373737373737
57 32.90400121473063 2.515151515151515 1.6363636363636365 1.9696969696969697 1.8181818181818181 1.696969696969697 2.727272727272727 2.121212121212121 2.606060606060606 1.5151515151515151 2.9393939393939394 1.2424242424242424 2.303030303030303 1.6363636363636365 2.0606060606060606 2.4242424242424243 2.272727272727273 2.9393939393939394 1.2727272727272727 2.5757575757575757 1.7272727272727273 1.4242424242424243 1.5151515151515151 1.393939393939394 1.2727272727272727 1.3636363636363635 1.2727272727272727 2.3636363636363638 2.8484848484848486 2.9696969696969697 1.696969696969697 1.606060606060606 1.3636363636363635 2.5454545454545454 2.303030303030303 1.2727272727272727 2.3333333333333335 3.0 2.303030303030303 1.5151515151515151 2.0606060606060606
58 63.094640810573104 1.6767676767676767 1.0909090909090908 1.3131313131313131 1.2121212121212122 1.1313131313131313 1.8181818181818181 1.4141414141414141 1.7373737373737375 1.0101010101010102 1.9595959595959596 0.8282828282828283 1.5353535353535352 1.0909090909090908 1.3737373737373737 1.6161616161616161 1.5151515151515151 1.9595959595959596 0.8484848484848485 1.7171717171717171 1.1515151515151516 0.9494949494949495 1.0101010101010102 0.9292929292929293 0.8484848484848485 0.9090909090909091 0.8484848484848485 1.5757575757575757 1.898989898989899 1.97979797979798 1.1313131313131313 1.0707070707070707 0.9090909090909091 1.696969696969697 1.5353535353535352 0.8484848484848485 1.5555555555555556 2.0 1.5353535353535352 1.0101010101010102 1.3737373737373737
59 75.24873056262703 2.515151515151515 1.6363636363636365 1.9696969696969697 1.8181818181818181 1.696969696969697 2.727272727272727 2.121212121212121 2.606060606060606 1.5151515151515151 2.9393939393939394 1.2424242424242424 2.303030303030303 1.6363636363636365 2.0606060606060606 2.4242424242424243 2.272727272727273 2.9393939393939394 1.2727272727272727 2.5757575757575757 1.7272727272727273 1.4242424242424243 1.5151515151515151 1.393939393939394 1.2727272727272727 1.3636363636363635 1.2727272727272727 2.3636363636363638 2.8484848484848486 2.9696969696969697 1.696969696969697 1.606060606060606 1.3636363636363635 2.5454545454545454 2.303030303030303 1.2727272727272727 2.3333333333333335 3.0 2.303030303030303 1.5151515151515151 2.0606060606060606
