40 20
TREE NETWORK (nID nID Weight):
28 0 32
12 0 58
31 12 58
14 28 54
13 31 38
17 13 37
10 17 53
8 12 41
21 13 51
19 21 57
33 10 49
16 10 38
9 12 49
3 10 32
2 14 51
37 21 55
34 16 47
30 19 49
22 33 31
5 31 57
1 17 30
25 12 52
29 5 51
39 0 35
15 1 51
18 37 46
27 31 49
4 22 53
26 27 34
7 17 54
6 26 31
11 8 59
24 26 41
32 31 59
20 6 50
35 5 36
23 29 40
38 9 45
36 19 30
PROGRAMS ASSIGNED TO NODES (nID pID1 pID2 ...):
0 1 2 3 4 5 6 7 8 9 10 11 12 13 14 15 16 17 18 19 20
1 4
2 1 2 4 5 7 8 10 11 12 14 16 19 20
3 1 2 3 4 5 6 8 9 10 11 12 13 14 15 16 17 18 19 20
4 1 2 3 4 5 6 7 8 9 10 11 12 13 15 16 17 18 19 20
5 1 3 4 6 8 9 11 12 13 15 16 17 18 19 20
6 16 1 17 2 19 4 5 8 9 10 13
8 1 2 3 4 5 6 7 8 9 10 11 12 13 14 15 16 18 19 20
10 3 4 6 7 8 9 10 11 12 14 16 18 19
11 1 2 3 5 6 7 8 9 10 11 12 13 15 16 17 18 19 20
12 1 2 3 4 5 6 7 8 9 11 12 13 14 15 16 17 18 19 20
13 17
15 17 19 4 20 7 9 10 12 13 14 15
16 3 6 9 12
17 18 2 19 4 6 9 12 14
18 1 18 19 6 7 8 10 11 12
19 16 17 2 19 3 4 7 8 10 11 13 14
20 1 3 4 5 7 9 10 11 12 13 14 15 16 17 18 19 20
21 16 18 5 6 8 11 12
22 6 11 13
23 3 19 4 6 9 11 12 13 15
24 1 4 5 6 7 8 9 12 13 14
25 1 17 6 7 9
26 1 2 3 5 6 7 8 9 10 14 16 17 18 19 20
27 18 2 19 20 4 6 9 11 12 13 14
28 1 2 3 4 6 7 8 9 10 11 13 14 15 16 17 19 20
29 6 12
30 17 1 3 7 8 9 10 11 15
31 16 1 18 2 3 19 20 4 6 7 8 12
32 17 1 2 3 5 9 11 12 14
33 2 4 9
34 1 2 3 4 5 6 7 8 9 10 11 12 13 14 16 18 19 20
35 16 1 17 4 6 7 8 9 12 13
36 16 1 17 19 4 20 5 8 11 13
37 1 2 3 4 5 6 7 8 9 10 11 12 13 14 15 16 17 20
38 1 18 2 19 9
39 16 1 2 3 19 20 5 7 10 11 13 14
SIZE OF PROGRAMS (pID SIZE):
1 48.0
2 46.0
3 78.0
4 89.0
5 99.0
6 61.0
7 78.0
8 48.0
9 48.0
10 88.0
11 61.0
12 73.0
13 59.0
14 61.0
15 57.0
16 78.0
17 61.0
18 74.0
19 45.0
20 67.0
COST TO INSTALL SERVERS AND PROGRAMS ON NODES (COST_TO_INSTALL_SERVER COST_TO_INSTALL_pID1 ...):
0 4996.969696969698 1.4545454545454546 1.393939393939394 2.3636363636363638 2.696969696969697 3.0 1.8484848484848484 2.3636363636363638 1.4545454545454546 1.4545454545454546 2.6666666666666665 1.8484848484848484 2.212121212121212 1.7878787878787878 1.8484848484848484 1.7272727272727273 2.3636363636363638 1.8484848484848484 2.242424242424242 1.3636363636363635 2.0303030303030303
1 114.75929877145387 0.9696969696969697 0.9292929292929293 1.5757575757575757 1.797979797979798 2.0 1.2323232323232323 1.5757575757575757 0.9696969696969697 0.9696969696969697 1.7777777777777777 1.2323232323232323 1.4747474747474747 1.1919191919191918 1.2323232323232323 1.1515151515151516 1.5757575757575757 1.2323232323232323 1.494949494949495 0.9090909090909091 1.3535353535353536
2 46.508418383905735 1.4545454545454546 1.393939393939394 2.3636363636363638 2.696969696969697 3.0 1.8484848484848484 2.3636363636363638 1.4545454545454546 1.4545454545454546 2.6666666666666665 1.8484848484848484 2.212121212121212 1.7878787878787878 1.8484848484848484 1.7272727272727273 2.3636363636363638 1.8484848484848484 2.242424242424242 1.3636363636363635 2.0303030303030303
3 216.49420531685627 1.4545454545454546 1.393939393939394 2.3636363636363638 2.696969696969697 3.0 1.8484848484848484 2.3636363636363638 1.4545454545454546 1.4545454545454546 2.6666666666666665 1.8484848484848484 2.212121212121212 1.7878787878787878 1.8484848484848484 1.7272727272727273 2.3636363636363638 1.8484848484848484 2.242424242424242 1.3636363636363635 2.0303030303030303
4 101.34098554408902 0.9696969696969697 0.9292929292929293 1.5757575757575757 1.797979797979798 2.0 1.2323232323232323 1.5757575757575757 0.9696969696969697 0.9696969696969697 1.7777777777777777 1.2323232323232323 1.4747474747474747 1.1919191919191918 1.2323232323232323 1.1515151515151516 1.5757575757575757 1.2323232323232323 1.494949494949495 0.9090909090909091 1.3535353535353536
5 24.0163005125518 0.9696969696969697 0.9292929292929293 1.5757575757575757 1.797979797979798 2.0 1.2323232323232323 1.5757575757575757 0.9696969696969697 0.9696969696969697 1.7777777777777777 1.2323232323232323 1.4747474747474747 1.1919191919191918 1.2323232323232323 1.1515151515151516 1.5757575757575757 1.2323232323232323 1.494949494949495 0.9090909090909091 1.3535353535353536
6 125.45903734825453 1.4545454545454546 1.393939393939394 2.3636363636363638 2.696969696969697 3.0 1.8484848484848484 2.3636363636363638 1.4545454545454546 1.4545454545454546 2.6666666666666665 1.8484848484848484 2.212121212121212 1.7878787878787878 1.8484848484848484 1.7272727272727273 2.3636363636363638 1.8484848484848484 2.242424242424242 1.3636363636363635 2.0303030303030303
7 1015.0 0.9696969696969697 0.9292929292929293 1.5757575757575757 1.797979797979798 2.0 1.2323232323232323 1.5757575757575757 0.9696969696969697 0.9696969696969697 1.7777777777777777 1.2323232323232323 1.4747474747474747 1.1919191919191918 1.2323232323232323 1.1515151515151516 1.5757575757575757 1.2323232323232323 1.494949494949495 0.9090909090909091 1.3535353535353536
8 43.0470040987425 1.4545454545454546 1.393939393939394 2.3636363636363638 2.696969696969697 3.0 1.8484848484848484 2.3636363636363638 1.4545454545454546 1.4545454545454546 2.6666666666666665 1.8484848484848484 2.212121212121212 1.7878787878787878 1.8484848484848484 1.7272727272727273 2.3636363636363638 1.8484848484848484 2.242424242424242 1.3636363636363635 2.0303030303030303
9 4.324346939435511 0.9696969696969697 0.9292929292929293 1.5757575757575757 1.797979797979798 2.0 1.2323232323232323 1.5757575757575757 0.9696969696969697 0.9696969696969697 1.7777777777777777 1.2323232323232323 1.4747474747474747 1.1919191919191918 1.2323232323232323 1.1515151515151516 1.5757575757575757 1.2323232323232323 1.494949494949495 0.9090909090909091 1.3535353535353536
10 171.80793037916766 0.9696969696969697 0.9292929292929293 1.5757575757575757 1.797979797979798 2.0 1.2323232323232323 1.5757575757575757 0.9696969696969697 0.9696969696969697 1.7777777777777777 1.2323232323232323 1.4747474747474747 1.1919191919191918 1.2323232323232323 1.1515151515151516 1.5757575757575757 1.2323232323232323 1.494949494949495 0.9090909090909091 1.3535353535353536
11 87.69139513161417 0.9696969696969697 0.9292929292929293 1.5757575757575757 1.797979797979798 2.0 1.2323232323232323 1.5757575757575757 0.9696969696969697 0.9696969696969697 1.7777777777777777 1.2323232323232323 1.4747474747474747 1.1919191919191918 1.2323232323232323 1.1515151515151516 1.5757575757575757 1.2323232323232323 1.494949494949495 0.9090909090909091 1.3535353535353536
12 686.0 1.4545454545454546 1.393939393939394 2.3636363636363638 2.696969696969697 3.0 1.8484848484848484 2.3636363636363638 1.4545454545454546 1.4545454545454546 2.6666666666666665 1.8484848484848484 2.212121212121212 1.7878787878787878 1.8484848484848484 1.7272727272727273 2.3636363636363638 1.8484848484848484 2.242424242424242 1.3636363636363635 2.0303030303030303
13 69.08043203949032 1.4545454545454546 1.393939393939394 2.3636363636363638 2.696969696969697 3.0 1.8484848484848484 2.3636363636363638 1.4545454545454546 1.4545454545454546 2.6666666666666665 1.8484848484848484 2.212121212121212 1.7878787878787878 1.8484848484848484 1.7272727272727273 2.3636363636363638 1.8484848484848484 2.242424242424242 1.3636363636363635 2.0303030303030303
14 49.426894035060116 0.9696969696969697 0.9292929292929293 1.5757575757575757 1.797979797979798 2.0 1.2323232323232323 1.5757575757575757 0.9696969696969697 0.9696969696969697 1.7777777777777777 1.2323232323232323 1.4747474747474747 1.1919191919191918 1.2323232323232323 1.1515151515151516 1.5757575757575757 1.2323232323232323 1.494949494949495 0.9090909090909091 1.3535353535353536
15 102.0038230903321 0.9696969696969697 0.9292929292929293 1.5757575757575757 1.797979797979798 2.0 1.2323232323232323 1.5757575757575757 0.9696969696969697 0.9696969696969697 1.7777777777777777 1.2323232323232323 1.4747474747474747 1.1919191919191918 1.2323232323232323 1.1515151515151516 1.5757575757575757 1.2323232323232323 1.494949494949495 0.9090909090909091 1.3535353535353536
16 99.27756557427482 1.4545454545454546 1.393939393939394 2.3636363636363638 2.696969696969697 3.0 1.8484848484848484 2.3636363636363638 1.4545454545454546 1.4545454545454546 2.6666666666666665 1.8484848484848484 2.212121212121212 1.7878787878787878 1.8484848484848484 1.7272727272727273 2.3636363636363638 1.8484848484848484 2.242424242424242 1.3636363636363635 2.0303030303030303
17 148.4223688780673 0.9696969696969697 0.9292929292929293 1.5757575757575757 1.797979797979798 2.0 1.2323232323232323 1.5757575757575757 0.9696969696969697 0.9696969696969697 1.7777777777777777 1.2323232323232323 1.4747474747474747 1.1919191919191918 1.2323232323232323 1.1515151515151516 1.5757575757575757 1.2323232323232323 1.494949494949495 0.9090909090909091 1.3535353535353536
18 55.76393845831161 0.9696969696969697 0.9292929292929293 1.5757575757575757 1.797979797979798 2.0 1.2323232323232323 1.5757575757575757 0.9696969696969697 0.9696969696969697 1.7777777777777777 1.2323232323232323 1.4747474747474747 1.1919191919191918 1.2323232323232323 1.1515151515151516 1.5757575757575757 1.2323232323232323 1.494949494949495 0.9090909090909091 1.3535353535353536
19 65.95182810452891 0.9696969696969697 0.9292929292929293 1.5757575757575757 1.797979797979798 2.0 1.2323232323232323 1.5757575757575757 0.9696969696969697 0.9696969696969697 1.7777777777777777 1.2323232323232323 1.4747474747474747 1.1919191919191918 1.2323232323232323 1.1515151515151516 1.5757575757575757 1.2323232323232323 1.494949494949495 0.9090909090909091 1.3535353535353536
20 127.52131283164778 1.4545454545454546 1.393939393939394 2.3636363636363638 2.696969696969697 3.0 1.8484848484848484 2.3636363636363638 1.4545454545454546 1.4545454545454546 2.6666666666666665 1.8484848484848484 2.212121212121212 1.7878787878787878 1.8484848484848484 1.7272727272727273 2.3636363636363638 1.8484848484848484 2.242424242424242 1.3636363636363635 2.0303030303030303
21 68.96120602099022 1.4545454545454546 1.393939393939394 2.3636363636363638 2.696969696969697 3.0 1.8484848484848484 2.3636363636363638 1.4545454545454546 1.4545454545454546 2.6666666666666665 1.8484848484848484 2.212121212121212 1.7878787878787878 1.8484848484848484 1.7272727272727273 2.3636363636363638 1.8484848484848484 2.242424242424242 1.3636363636363635 2.0303030303030303
22 94.33515985141919 1.4545454545454546 1.393939393939394 2.3636363636363638 2.696969696969697 3.0 1.8484848484848484 2.3636363636363638 1.4545454545454546 1.4545454545454546 2.6666666666666665 1.8484848484848484 2.212121212121212 1.7878787878787878 1.8484848484848484 1.7272727272727273 2.3636363636363638 1.8484848484848484 2.242424242424242 1.3636363636363635 2.0303030303030303
23 31.32294611886703 1.4545454545454546 1.393939393939394 2.3636363636363638 2.696969696969697 3.0 1.8484848484848484 2.3636363636363638 1.4545454545454546 1.4545454545454546 2.6666666666666665 1.8484848484848484 2.212121212121212 1.7878787878787878 1.8484848484848484 1.7272727272727273 2.3636363636363638 1.8484848484848484 2.242424242424242 1.3636363636363635 2.0303030303030303
24 72.17804344505284 1.4545454545454546 1.393939393939394 2.3636363636363638 2.696969696969697 3.0 1.8484848484848484 2.3636363636363638 1.4545454545454546 1.4545454545454546 2.6666666666666665 1.8484848484848484 2.212121212121212 1.7878787878787878 1.8484848484848484 1.7272727272727273 2.3636363636363638 1.8484848484848484 2.242424242424242 1.3636363636363635 2.0303030303030303
25 4.782953321560189 0.9696969696969697 0.9292929292929293 1.5757575757575757 1.797979797979798 2.0 1.2323232323232323 1.5757575757575757 0.9696969696969697 0.9696969696969697 1.7777777777777777 1.2323232323232323 1.4747474747474747 1.1919191919191918 1.2323232323232323 1.1515151515151516 1.5757575757575757 1.2323232323232323 1.494949494949495 0.9090909090909091 1.3535353535353536
26 83.1029564685211 1.4545454545454546 1.393939393939394 2.3636363636363638 2.696969696969697 3.0 1.8484848484848484 2.3636363636363638 1.4545454545454546 1.4545454545454546 2.6666666666666665 1.8484848484848484 2.212121212121212 1.7878787878787878 1.8484848484848484 1.7272727272727273 2.3636363636363638 1.8484848484848484 2.242424242424242 1.3636363636363635 2.0303030303030303
27 43.23066863647473 0.9696969696969697 0.9292929292929293 1.5757575757575757 1.797979797979798 2.0 1.2323232323232323 1.5757575757575757 0.9696969696969697 0.9696969696969697 1.7777777777777777 1.2323232323232323 1.4747474747474747 1.1919191919191918 1.2323232323232323 1.1515151515151516 1.5757575757575757 1.2323232323232323 1.494949494949495 0.9090909090909091 1.3535353535353536
28 45.06596873425487 1.4545454545454546 1.393939393939394 2.3636363636363638 2.696969696969697 3.0 1.8484848484848484 2.3636363636363638 1.4545454545454546 1.4545454545454546 2.6666666666666665 1.8484848484848484 2.212121212121212 1.7878787878787878 1.8484848484848484 1.7272727272727273 2.3636363636363638 1.8484848484848484 2.242424242424242 1.3636363636363635 2.0303030303030303
29 26.56863865598813 0.9696969696969697 0.9292929292929293 1.5757575757575757 1.797979797979798 2.0 1.2323232323232323 1.5757575757575757 0.9696969696969697 0.9696969696969697 1.7777777777777777 1.2323232323232323 1.4747474747474747 1.1919191919191918 1.2323232323232323 1.1515151515151516 1.5757575757575757 1.2323232323232323 1.494949494949495 0.9090909090909091 1.3535353535353536
30 69.52272809390692 1.4545454545454546 1.393939393939394 2.3636363636363638 2.696969696969697 3.0 1.8484848484848484 2.3636363636363638 1.4545454545454546 1.4545454545454546 2.6666666666666665 1.8484848484848484 2.212121212121212 1.7878787878787878 1.8484848484848484 1.7272727272727273 2.3636363636363638 1.8484848484848484 2.242424242424242 1.3636363636363635 2.0303030303030303
31 32.24029678110158 1.4545454545454546 1.393939393939394 2.3636363636363638 2.696969696969697 3.0 1.8484848484848484 2.3636363636363638 1.4545454545454546 1.4545454545454546 2.6666666666666665 1.8484848484848484 2.212121212121212 1.7878787878787878 1.8484848484848484 1.7272727272727273 2.3636363636363638 1.8484848484848484 2.242424242424242 1.3636363636363635 2.0303030303030303
32 21.453528272325585 1.4545454545454546 1.393939393939394 2.3636363636363638 2.696969696969697 3.0 1.8484848484848484 2.3636363636363638 1.4545454545454546 1.4545454545454546 2.6666666666666665 1.8484848484848484 2.212121212121212 1.7878787878787878 1.8484848484848484 1.7272727272727273 2.3636363636363638 1.8484848484848484 2.242424242424242 1.3636363636363635 2.0303030303030303
33 72.85676814765792 1.4545454545454546 1.393939393939394 2.3636363636363638 2.696969696969697 3.0 1.8484848484848484 2.3636363636363638 1.4545454545454546 1.4545454545454546 2.6666666666666665 1.8484848484848484 2.212121212121212 1.7878787878787878 1.8484848484848484 1.7272727272727273 2.3636363636363638 1.8484848484848484 2.242424242424242 1.3636363636363635 2.0303030303030303
34 260.2410067502511 0.9696969696969697 0.9292929292929293 1.5757575757575757 1.797979797979798 2.0 1.2323232323232323 1.5757575757575757 0.9696969696969697 0.9696969696969697 1.7777777777777777 1.2323232323232323 1.4747474747474747 1.1919191919191918 1.2323232323232323 1.1515151515151516 1.5757575757575757 1.2323232323232323 1.494949494949495 0.9090909090909091 1.3535353535353536
35 26.20660247765059 1.4545454545454546 1.393939393939394 2.3636363636363638 2.696969696969697 3.0 1.8484848484848484 2.3636363636363638 1.4545454545454546 1.4545454545454546 2.6666666666666665 1.8484848484848484 2.212121212121212 1.7878787878787878 1.8484848484848484 1.7272727272727273 2.3636363636363638 1.8484848484848484 2.242424242424242 1.3636363636363635 2.0303030303030303
36 99.7939823602084 1.4545454545454546 1.393939393939394 2.3636363636363638 2.696969696969697 3.0 1.8484848484848484 2.3636363636363638 1.4545454545454546 1.4545454545454546 2.6666666666666665 1.8484848484848484 2.212121212121212 1.7878787878787878 1.8484848484848484 1.7272727272727273 2.3636363636363638 1.8484848484848484 2.242424242424242 1.3636363636363635 2.0303030303030303
37 92.49933619608879 0.9696969696969697 0.9292929292929293 1.5757575757575757 1.797979797979798 2.0 1.2323232323232323 1.5757575757575757 0.9696969696969697 0.9696969696969697 1.7777777777777777 1.2323232323232323 1.4747474747474747 1.1919191919191918 1.2323232323232323 1.1515151515151516 1.5757575757575757 1.2323232323232323 1.494949494949495 0.9090909090909091 1.3535353535353536
38 15.025389358354733 0.9696969696969697 0.9292929292929293 1.5757575757575757 1.797979797979798 2.0 1.2323232323232323 1.5757575757575757 0.9696969696969697 0.9696969696969697 1.7777777777777777 1.2323232323232323 1.4747474747474747 1.1919191919191918 1.2323232323232323 1.1515151515151516 1.5757575757575757 1.2323232323232323 1.494949494949495 0.9090909090909091 1.3535353535353536
39 16.366770452954096 0.9696969696969697 0.9292929292929293 1.5757575757575757 1.797979797979798 2.0 1.2323232323232323 1.5757575757575757 0.9696969696969697 0.9696969696969697 1.7777777777777777 1.2323232323232323 1.4747474747474747 1.1919191919191918 1.2323232323232323 1.1515151515151516 1.5757575757575757 1.2323232323232323 1.494949494949495 0.9090909090909091 1.3535353535353536
