40 50
TREE NETWORK (nID nID Weight):
32 0 38
28 0 36
4 32 44
27 32 42
38 32 33
24 27 45
37 28 58
36 27 31
19 36 46
10 38 59
34 28 38
3 27 45
11 27 32
1 32 45
33 19 59
6 34 40
5 1 58
23 1 59
31 6 43
25 1 39
30 34 51
29 32 52
15 32 48
17 34 39
16 15 36
14 5 43
35 3 55
12 29 37
7 17 31
2 32 40
13 19 44
20 6 39
8 0 33
26 25 45
22 28 43
39 6 40
9 15 58
18 22 35
21 8 52
PROGRAMS ASSIGNED TO NODES (nID pID1 pID2 ...):
0 1 2 3 4 5 6 7 8 9 10 11 12 13 14 15 16 17 18 19 20 21 22 23 24 25 26 27 28 29 30 31 32 33 34 35 36 37 38 39 40 41 42 43 44 45 46 47 48 49 50
1 32 34 3 39 40 41 12 13 15 16 19 21 22 23 24 27 28 29 30
2 1 2 3 4 9 11 12 13 14 15 16 18 19 21 22 25 27 28 29 30 31 32 33 34 35 36 37 38 39 40 41 42 43 44 45 46 49 50
3 1 2 3 6 7 8 11 12 13 14 16 18 19 20 21 22 25 26 28 29 33 34 35 36 37 38 39 40 41 42 46 47 48 49
5 48 18 19 3 20 5 6 24 8 12
6 3 4 5 6 7 8 9 10 11 12 16 17 18 19 20 21 22 24 25 26 27 28 29 30 31 32 33 34 35 38 39 40 41 42 43 45 46 47 48 49 50
7 2 4 7 8 9 11 12 13 14 15 18 20 21 22 23 24 25 27 29 30 33 34 37 39 40 41 43 44 45 46 47 49
8 1 2 35 36 6 7 10 42 44 12 13 45 47 16 17 50 19 20 21 23 24 25 27 31
9 2 4 7 8 9 10 11 12 13 16 17 18 19 24 26 27 28 31 32 36 37 38 40 43 46 47 48 49 50
10 32 37 6 7 24 41 25 43 29 46 15
11 48 17 1 34 37 22 40 26 13 29
12 1 2 3 4 5 6 9 11 12 14 15 18 22 23 24 25 26 27 28 30 31 32 33 34 35 40 41 42 44 45 46 47 48 49 50
13 1 3 4 5 6 7 8 9 10 12 13 15 17 18 19 21 22 23 24 26 27 28 29 30 31 32 33 37 39 40 41 43 47 50
14 1 4 5 6 8 10 15 16 17 20 21 25 26 27 32 33 35 37 40 43 44 45 46 47 48
15 3 6 10 11 13 21 22 23 24 28 29 30 32 35 36 37 39 41 42 43 45 46 47 49 50
16 16 3 38 39 46
17 33 36 5 7 40 41 9 42 10 44 12 13 45 47 48 20 26 31
18 1 2 3 4 5 7 8 9 10 11 13 14 19 21 22 23 24 25 26 27 28 32 33 34 36 37 38 39 40 42 43 44 46 47 48 49 50
19 1 2 3 4 5 6 7 8 9 10 11 12 13 14 15 16 17 18 19 20 21 22 23 24 25 26 27 28 29 30 31 32 33 34 35 36 37 38 39 40 42 43 44 45 47 48 49 50
20 32 35 5 21 38 7 40 42 10 15 31
21 1 2 3 4 5 6 7 9 10 11 12 13 14 15 16 18 19 21 22 23 25 27 28 29 30 32 33 34 35 36 37 38 39 40 41 42 43 45 46 47 48 49 50
22 1 2 3 4 5 6 8 9 12 13 14 15 17 18 20 21 22 23 24 25 26 28 29 31 32 33 34 35 36 37 39 41 42 43 44 46 47 48 49 50
23 1 4 5 8 10 11 12 13 15 17 18 19 21 22 23 24 26 28 30 31 32 33 35 37 38 40 41 42 43 44 45 46 47 48 50
24 16 34 38 42 27 15 47
25 1 34 2 3 4 37 6 39 8 41 42 43 12 44 47 50 19 23 24 25 26 27 28 29
26 1 2 3 4 6 7 8 10 11 12 14 15 16 17 18 21 22 24 25 27 29 31 32 33 34 36 37 38 39 41 42 43 44 46 47 48 49
27 49 19 20 36 21 7 39 40 28
28 1 37 7 8 41 9 42 10 45 48 17 20 24 26 27 29 31
29 33 17 19 35 36 20 6 26 11 43 45 15
30 32 1 33 2 36 7 39 9 12 13 47 16 17 49 50 20 22 23 24 26 28 30 31
31 1 3 4 5 6 7 8 9 10 11 12 13 14 16 17 18 19 20 21 22 23 25 26 28 29 30 31 32 33 34 35 36 37 38 39 40 41 42 43 44 45 46 47 48 49
32 1 2 3 5 6 7 10 11 12 15 17 20 22 23 25 28 30 31 33 34 36 37 38 39 40 42 43 44 45 46 47
33 1 2 3 4 5 6 8 9 11 12 13 14 15 16 17 18 20 21 22 23 24 26 27 28 30 31 32 33 36 37 38 39 40 41 42 43 45 46 47 49 50
34 1 2 3 5 6 8 11 12 13 14 16 17 20 21 23 24 25 26 27 28 30 32 34 35 36 38 39 41 42 48 49 50
35 32 33 34 2 3 5 37 8 42 10 45 13 46 47 16 48 17 50 20 27 30 31
36 32 33 34 3 4 6 40 41 43 12 13 47 15 16 49 17 19 20 21 23 30 31
37 1 2 3 5 6 7 9 10 11 12 13 14 15 16 17 19 20 21 22 25 26 27 28 29 30 31 32 33 34 35 36 38 39 40 42 44 45 46 47 48 49 50
38 48 2 21 5 39 27 12
39 34 35 3 8 29
SIZE OF PROGRAMS (pID SIZE):
1 81.0
2 64.0
3 53.0
4 84.0
5 88.0
6 88.0
7 68.0
8 77.0
9 93.0
10 40.0
11 67.0
12 56.0
13 87.0
14 74.0
15 60.0
16 58.0
17 41.0
18 47.0
19 87.0
20 68.0
21 83.0
22 44.0
23 68.0
24 67.0
25 72.0
26 68.0
27 89.0
28 87.0
29 87.0
30 94.0
31 93.0
32 59.0
33 53.0
34 76.0
35 41.0
36 43.0
37 77.0
38 46.0
39 80.0
40 66.0
41 80.0
42 66.0
43 70.0
44 99.0
45 48.0
46 81.0
47 85.0
48 70.0
49 99.0
50 46.0
COST TO INSTALL SERVERS AND PROGRAMS ON NODES (COST_TO_INSTALL_SERVER COST_TO_INSTALL_pID1 ...):
0 11660.606060606056 2.4545454545454546 1.9393939393939394 1.606060606060606 2.5454545454545454 2.6666666666666665 2.6666666666666665 2.0606060606060606 2.3333333333333335 2.8181818181818183 1.2121212121212122 2.0303030303030303 1.696969696969697 2.6363636363636362 2.242424242424242 1.8181818181818181 1.7575757575757576 1.2424242424242424 1.4242424242424243 2.6363636363636362 2.0606060606060606 2.515151515151515 1.3333333333333333 2.0606060606060606 2.0303030303030303 2.1818181818181817 2.0606060606060606 2.696969696969697 2.6363636363636362 2.6363636363636362 2.8484848484848486 2.8181818181818183 1.7878787878787878 1.606060606060606 2.303030303030303 1.2424242424242424 1.303030303030303 2.3333333333333335 1.393939393939394 2.4242424242424243 2.0 2.4242424242424243 2.0 2.121212121212121 3.0 1.4545454545454546 2.4545454545454546 2.5757575757575757 2.121212121212121 3.0 1.393939393939394
1 76.11491073141204 2.4545454545454546 1.9393939393939394 1.606060606060606 2.5454545454545454 2.6666666666666665 2.6666666666666665 2.0606060606060606 2.3333333333333335 2.8181818181818183 1.2121212121212122 2.0303030303030303 1.696969696969697 2.6363636363636362 2.242424242424242 1.8181818181818181 1.7575757575757576 1.2424242424242424 1.4242424242424243 2.6363636363636362 2.0606060606060606 2.515151515151515 1.3333333333333333 2.0606060606060606 2.0303030303030303 2.1818181818181817 2.0606060606060606 2.696969696969697 2.6363636363636362 2.6363636363636362 2.8484848484848486 2.8181818181818183 1.7878787878787878 1.606060606060606 2.303030303030303 1.2424242424242424 1.303030303030303 2.3333333333333335 1.393939393939394 2.4242424242424243 2.0 2.4242424242424243 2.0 2.121212121212121 3.0 1.4545454545454546 2.4545454545454546 2.5757575757575757 2.121212121212121 3.0 1.393939393939394
2 39.40382315786421 1.6363636363636365 1.292929292929293 1.0707070707070707 1.696969696969697 1.7777777777777777 1.7777777777777777 1.3737373737373737 1.5555555555555556 1.878787878787879 0.8080808080808081 1.3535353535353536 1.1313131313131313 1.7575757575757576 1.494949494949495 1.2121212121212122 1.1717171717171717 0.8282828282828283 0.9494949494949495 1.7575757575757576 1.3737373737373737 1.6767676767676767 0.8888888888888888 1.3737373737373737 1.3535353535353536 1.4545454545454546 1.3737373737373737 1.797979797979798 1.7575757575757576 1.7575757575757576 1.898989898989899 1.878787878787879 1.1919191919191918 1.0707070707070707 1.5353535353535352 0.8282828282828283 0.8686868686868687 1.5555555555555556 0.9292929292929293 1.6161616161616161 1.3333333333333333 1.6161616161616161 1.3333333333333333 1.4141414141414141 2.0 0.9696969696969697 1.6363636363636365 1.7171717171717171 1.4141414141414141 2.0 0.9292929292929293
3 31.599387201794514 2.4545454545454546 1.9393939393939394 1.606060606060606 2.5454545454545454 2.6666666666666665 2.6666666666666665 2.0606060606060606 2.3333333333333335 2.8181818181818183 1.2121212121212122 2.0303030303030303 1.696969696969697 2.6363636363636362 2.242424242424242 1.8181818181818181 1.7575757575757576 1.2424242424242424 1.4242424242424243 2.6363636363636362 2.0606060606060606 2.515151515151515 1.3333333333333333 2.0606060606060606 2.0303030303030303 2.1818181818181817 2.0606060606060606 2.696969696969697 2.6363636363636362 2.6363636363636362 2.8484848484848486 2.8181818181818183 1.7878787878787878 1.606060606060606 2.303030303030303 1.2424242424242424 1.303030303030303 2.3333333333333335 1.393939393939394 2.4242424242424243 2.0 2.4242424242424243 2.0 2.121212121212121 3.0 1.4545454545454546 2.4545454545454546 2.5757575757575757 2.121212121212121 3.0 1.393939393939394
4 453.0 1.6363636363636365 1.292929292929293 1.0707070707070707 1.696969696969697 1.7777777777777777 1.7777777777777777 1.3737373737373737 1.5555555555555556 1.878787878787879 0.8080808080808081 1.3535353535353536 1.1313131313131313 1.7575757575757576 1.494949494949495 1.2121212121212122 1.1717171717171717 0.8282828282828283 0.9494949494949495 1.7575757575757576 1.3737373737373737 1.6767676767676767 0.8888888888888888 1.3737373737373737 1.3535353535353536 1.4545454545454546 1.3737373737373737 1.797979797979798 1.7575757575757576 1.7575757575757576 1.898989898989899 1.878787878787879 1.1919191919191918 1.0707070707070707 1.5353535353535352 0.8282828282828283 0.8686868686868687 1.5555555555555556 0.9292929292929293 1.6161616161616161 1.3333333333333333 1.6161616161616161 1.3333333333333333 1.4141414141414141 2.0 0.9696969696969697 1.6363636363636365 1.7171717171717171 1.4141414141414141 2.0 0.9292929292929293
5 96.90523002683469 1.6363636363636365 1.292929292929293 1.0707070707070707 1.696969696969697 1.7777777777777777 1.7777777777777777 1.3737373737373737 1.5555555555555556 1.878787878787879 0.8080808080808081 1.3535353535353536 1.1313131313131313 1.7575757575757576 1.494949494949495 1.2121212121212122 1.1717171717171717 0.8282828282828283 0.9494949494949495 1.7575757575757576 1.3737373737373737 1.6767676767676767 0.8888888888888888 1.3737373737373737 1.3535353535353536 1.4545454545454546 1.3737373737373737 1.797979797979798 1.7575757575757576 1.7575757575757576 1.898989898989899 1.878787878787879 1.1919191919191918 1.0707070707070707 1.5353535353535352 0.8282828282828283 0.8686868686868687 1.5555555555555556 0.9292929292929293 1.6161616161616161 1.3333333333333333 1.6161616161616161 1.3333333333333333 1.4141414141414141 2.0 0.9696969696969697 1.6363636363636365 1.7171717171717171 1.4141414141414141 2.0 0.9292929292929293
6 296.55076193138575 2.4545454545454546 1.9393939393939394 1.606060606060606 2.5454545454545454 2.6666666666666665 2.6666666666666665 2.0606060606060606 2.3333333333333335 2.8181818181818183 1.2121212121212122 2.0303030303030303 1.696969696969697 2.6363636363636362 2.242424242424242 1.8181818181818181 1.7575757575757576 1.2424242424242424 1.4242424242424243 2.6363636363636362 2.0606060606060606 2.515151515151515 1.3333333333333333 2.0606060606060606 2.0303030303030303 2.1818181818181817 2.0606060606060606 2.696969696969697 2.6363636363636362 2.6363636363636362 2.8484848484848486 2.8181818181818183 1.7878787878787878 1.606060606060606 2.303030303030303 1.2424242424242424 1.303030303030303 2.3333333333333335 1.393939393939394 2.4242424242424243 2.0 2.4242424242424243 2.0 2.121212121212121 3.0 1.4545454545454546 2.4545454545454546 2.5757575757575757 2.121212121212121 3.0 1.393939393939394
7 338.4719479736578 2.4545454545454546 1.9393939393939394 1.606060606060606 2.5454545454545454 2.6666666666666665 2.6666666666666665 2.0606060606060606 2.3333333333333335 2.8181818181818183 1.2121212121212122 2.0303030303030303 1.696969696969697 2.6363636363636362 2.242424242424242 1.8181818181818181 1.7575757575757576 1.2424242424242424 1.4242424242424243 2.6363636363636362 2.0606060606060606 2.515151515151515 1.3333333333333333 2.0606060606060606 2.0303030303030303 2.1818181818181817 2.0606060606060606 2.696969696969697 2.6363636363636362 2.6363636363636362 2.8484848484848486 2.8181818181818183 1.7878787878787878 1.606060606060606 2.303030303030303 1.2424242424242424 1.303030303030303 2.3333333333333335 1.393939393939394 2.4242424242424243 2.0 2.4242424242424243 2.0 2.121212121212121 3.0 1.4545454545454546 2.4545454545454546 2.5757575757575757 2.121212121212121 3.0 1.393939393939394
8 47.36188482532734 1.6363636363636365 1.292929292929293 1.0707070707070707 1.696969696969697 1.7777777777777777 1.7777777777777777 1.3737373737373737 1.5555555555555556 1.878787878787879 0.8080808080808081 1.3535353535353536 1.1313131313131313 1.7575757575757576 1.494949494949495 1.2121212121212122 1.1717171717171717 0.8282828282828283 0.9494949494949495 1.7575757575757576 1.3737373737373737 1.6767676767676767 0.8888888888888888 1.3737373737373737 1.3535353535353536 1.4545454545454546 1.3737373737373737 1.797979797979798 1.7575757575757576 1.7575757575757576 1.898989898989899 1.878787878787879 1.1919191919191918 1.0707070707070707 1.5353535353535352 0.8282828282828283 0.8686868686868687 1.5555555555555556 0.9292929292929293 1.6161616161616161 1.3333333333333333 1.6161616161616161 1.3333333333333333 1.4141414141414141 2.0 0.9696969696969697 1.6363636363636365 1.7171717171717171 1.4141414141414141 2.0 0.9292929292929293
9 69.26329668702253 1.6363636363636365 1.292929292929293 1.0707070707070707 1.696969696969697 1.7777777777777777 1.7777777777777777 1.3737373737373737 1.5555555555555556 1.878787878787879 0.8080808080808081 1.3535353535353536 1.1313131313131313 1.7575757575757576 1.494949494949495 1.2121212121212122 1.1717171717171717 0.8282828282828283 0.9494949494949495 1.7575757575757576 1.3737373737373737 1.6767676767676767 0.8888888888888888 1.3737373737373737 1.3535353535353536 1.4545454545454546 1.3737373737373737 1.797979797979798 1.7575757575757576 1.7575757575757576 1.898989898989899 1.878787878787879 1.1919191919191918 1.0707070707070707 1.5353535353535352 0.8282828282828283 0.8686868686868687 1.5555555555555556 0.9292929292929293 1.6161616161616161 1.3333333333333333 1.6161616161616161 1.3333333333333333 1.4141414141414141 2.0 0.9696969696969697 1.6363636363636365 1.7171717171717171 1.4141414141414141 2.0 0.9292929292929293
10 65.96881421931728 2.4545454545454546 1.9393939393939394 1.606060606060606 2.5454545454545454 2.6666666666666665 2.6666666666666665 2.0606060606060606 2.3333333333333335 2.8181818181818183 1.2121212121212122 2.0303030303030303 1.696969696969697 2.6363636363636362 2.242424242424242 1.8181818181818181 1.7575757575757576 1.2424242424242424 1.4242424242424243 2.6363636363636362 2.0606060606060606 2.515151515151515 1.3333333333333333 2.0606060606060606 2.0303030303030303 2.1818181818181817 2.0606060606060606 2.696969696969697 2.6363636363636362 2.6363636363636362 2.8484848484848486 2.8181818181818183 1.7878787878787878 1.606060606060606 2.303030303030303 1.2424242424242424 1.303030303030303 2.3333333333333335 1.393939393939394 2.4242424242424243 2.0 2.4242424242424243 2.0 2.121212121212121 3.0 1.4545454545454546 2.4545454545454546 2.5757575757575757 2.121212121212121 3.0 1.393939393939394
11 57.03242417800506 1.6363636363636365 1.292929292929293 1.0707070707070707 1.696969696969697 1.7777777777777777 1.7777777777777777 1.3737373737373737 1.5555555555555556 1.878787878787879 0.8080808080808081 1.3535353535353536 1.1313131313131313 1.7575757575757576 1.494949494949495 1.2121212121212122 1.1717171717171717 0.8282828282828283 0.9494949494949495 1.7575757575757576 1.3737373737373737 1.6767676767676767 0.8888888888888888 1.3737373737373737 1.3535353535353536 1.4545454545454546 1.3737373737373737 1.797979797979798 1.7575757575757576 1.7575757575757576 1.898989898989899 1.878787878787879 1.1919191919191918 1.0707070707070707 1.5353535353535352 0.8282828282828283 0.8686868686868687 1.5555555555555556 0.9292929292929293 1.6161616161616161 1.3333333333333333 1.6161616161616161 1.3333333333333333 1.4141414141414141 2.0 0.9696969696969697 1.6363636363636365 1.7171717171717171 1.4141414141414141 2.0 0.9292929292929293
12 139.92285069351746 2.4545454545454546 1.9393939393939394 1.606060606060606 2.5454545454545454 2.6666666666666665 2.6666666666666665 2.0606060606060606 2.3333333333333335 2.8181818181818183 1.2121212121212122 2.0303030303030303 1.696969696969697 2.6363636363636362 2.242424242424242 1.8181818181818181 1.7575757575757576 1.2424242424242424 1.4242424242424243 2.6363636363636362 2.0606060606060606 2.515151515151515 1.3333333333333333 2.0606060606060606 2.0303030303030303 2.1818181818181817 2.0606060606060606 2.696969696969697 2.6363636363636362 2.6363636363636362 2.8484848484848486 2.8181818181818183 1.7878787878787878 1.606060606060606 2.303030303030303 1.2424242424242424 1.303030303030303 2.3333333333333335 1.393939393939394 2.4242424242424243 2.0 2.4242424242424243 2.0 2.121212121212121 3.0 1.4545454545454546 2.4545454545454546 2.5757575757575757 2.121212121212121 3.0 1.393939393939394
13 365.25412861035636 1.6363636363636365 1.292929292929293 1.0707070707070707 1.696969696969697 1.7777777777777777 1.7777777777777777 1.3737373737373737 1.5555555555555556 1.878787878787879 0.8080808080808081 1.3535353535353536 1.1313131313131313 1.7575757575757576 1.494949494949495 1.2121212121212122 1.1717171717171717 0.8282828282828283 0.9494949494949495 1.7575757575757576 1.3737373737373737 1.6767676767676767 0.8888888888888888 1.3737373737373737 1.3535353535353536 1.4545454545454546 1.3737373737373737 1.797979797979798 1.7575757575757576 1.7575757575757576 1.898989898989899 1.878787878787879 1.1919191919191918 1.0707070707070707 1.5353535353535352 0.8282828282828283 0.8686868686868687 1.5555555555555556 0.9292929292929293 1.6161616161616161 1.3333333333333333 1.6161616161616161 1.3333333333333333 1.4141414141414141 2.0 0.9696969696969697 1.6363636363636365 1.7171717171717171 1.4141414141414141 2.0 0.9292929292929293
14 88.6882554854678 2.4545454545454546 1.9393939393939394 1.606060606060606 2.5454545454545454 2.6666666666666665 2.6666666666666665 2.0606060606060606 2.3333333333333335 2.8181818181818183 1.2121212121212122 2.0303030303030303 1.696969696969697 2.6363636363636362 2.242424242424242 1.8181818181818181 1.7575757575757576 1.2424242424242424 1.4242424242424243 2.6363636363636362 2.0606060606060606 2.515151515151515 1.3333333333333333 2.0606060606060606 2.0303030303030303 2.1818181818181817 2.0606060606060606 2.696969696969697 2.6363636363636362 2.6363636363636362 2.8484848484848486 2.8181818181818183 1.7878787878787878 1.606060606060606 2.303030303030303 1.2424242424242424 1.303030303030303 2.3333333333333335 1.393939393939394 2.4242424242424243 2.0 2.4242424242424243 2.0 2.121212121212121 3.0 1.4545454545454546 2.4545454545454546 2.5757575757575757 2.121212121212121 3.0 1.393939393939394
15 115.4198226949972 2.4545454545454546 1.9393939393939394 1.606060606060606 2.5454545454545454 2.6666666666666665 2.6666666666666665 2.0606060606060606 2.3333333333333335 2.8181818181818183 1.2121212121212122 2.0303030303030303 1.696969696969697 2.6363636363636362 2.242424242424242 1.8181818181818181 1.7575757575757576 1.2424242424242424 1.4242424242424243 2.6363636363636362 2.0606060606060606 2.515151515151515 1.3333333333333333 2.0606060606060606 2.0303030303030303 2.1818181818181817 2.0606060606060606 2.696969696969697 2.6363636363636362 2.6363636363636362 2.8484848484848486 2.8181818181818183 1.7878787878787878 1.606060606060606 2.303030303030303 1.2424242424242424 1.303030303030303 2.3333333333333335 1.393939393939394 2.4242424242424243 2.0 2.4242424242424243 2.0 2.121212121212121 3.0 1.4545454545454546 2.4545454545454546 2.5757575757575757 2.121212121212121 3.0 1.393939393939394
16 21.33239703221269 1.6363636363636365 1.292929292929293 1.0707070707070707 1.696969696969697 1.7777777777777777 1.7777777777777777 1.3737373737373737 1.5555555555555556 1.878787878787879 0.8080808080808081 1.3535353535353536 1.1313131313131313 1.7575757575757576 1.494949494949495 1.2121212121212122 1.1717171717171717 0.8282828282828283 0.9494949494949495 1.7575757575757576 1.3737373737373737 1.6767676767676767 0.8888888888888888 1.3737373737373737 1.3535353535353536 1.4545454545454546 1.3737373737373737 1.797979797979798 1.7575757575757576 1.7575757575757576 1.898989898989899 1.878787878787879 1.1919191919191918 1.0707070707070707 1.5353535353535352 0.8282828282828283 0.8686868686868687 1.5555555555555556 0.9292929292929293 1.6161616161616161 1.3333333333333333 1.6161616161616161 1.3333333333333333 1.4141414141414141 2.0 0.9696969696969697 1.6363636363636365 1.7171717171717171 1.4141414141414141 2.0 0.9292929292929293
17 191.39397963135676 1.6363636363636365 1.292929292929293 1.0707070707070707 1.696969696969697 1.7777777777777777 1.7777777777777777 1.3737373737373737 1.5555555555555556 1.878787878787879 0.8080808080808081 1.3535353535353536 1.1313131313131313 1.7575757575757576 1.494949494949495 1.2121212121212122 1.1717171717171717 0.8282828282828283 0.9494949494949495 1.7575757575757576 1.3737373737373737 1.6767676767676767 0.8888888888888888 1.3737373737373737 1.3535353535353536 1.4545454545454546 1.3737373737373737 1.797979797979798 1.7575757575757576 1.7575757575757576 1.898989898989899 1.878787878787879 1.1919191919191918 1.0707070707070707 1.5353535353535352 0.8282828282828283 0.8686868686868687 1.5555555555555556 0.9292929292929293 1.6161616161616161 1.3333333333333333 1.6161616161616161 1.3333333333333333 1.4141414141414141 2.0 0.9696969696969697 1.6363636363636365 1.7171717171717171 1.4141414141414141 2.0 0.9292929292929293
18 271.59279392144344 2.4545454545454546 1.9393939393939394 1.606060606060606 2.5454545454545454 2.6666666666666665 2.6666666666666665 2.0606060606060606 2.3333333333333335 2.8181818181818183 1.2121212121212122 2.0303030303030303 1.696969696969697 2.6363636363636362 2.242424242424242 1.8181818181818181 1.7575757575757576 1.2424242424242424 1.4242424242424243 2.6363636363636362 2.0606060606060606 2.515151515151515 1.3333333333333333 2.0606060606060606 2.0303030303030303 2.1818181818181817 2.0606060606060606 2.696969696969697 2.6363636363636362 2.6363636363636362 2.8484848484848486 2.8181818181818183 1.7878787878787878 1.606060606060606 2.303030303030303 1.2424242424242424 1.303030303030303 2.3333333333333335 1.393939393939394 2.4242424242424243 2.0 2.4242424242424243 2.0 2.121212121212121 3.0 1.4545454545454546 2.4545454545454546 2.5757575757575757 2.121212121212121 3.0 1.393939393939394
19 291.51471324763304 2.4545454545454546 1.9393939393939394 1.606060606060606 2.5454545454545454 2.6666666666666665 2.6666666666666665 2.0606060606060606 2.3333333333333335 2.8181818181818183 1.2121212121212122 2.0303030303030303 1.696969696969697 2.6363636363636362 2.242424242424242 1.8181818181818181 1.7575757575757576 1.2424242424242424 1.4242424242424243 2.6363636363636362 2.0606060606060606 2.515151515151515 1.3333333333333333 2.0606060606060606 2.0303030303030303 2.1818181818181817 2.0606060606060606 2.696969696969697 2.6363636363636362 2.6363636363636362 2.8484848484848486 2.8181818181818183 1.7878787878787878 1.606060606060606 2.303030303030303 1.2424242424242424 1.303030303030303 2.3333333333333335 1.393939393939394 2.4242424242424243 2.0 2.4242424242424243 2.0 2.121212121212121 3.0 1.4545454545454546 2.4545454545454546 2.5757575757575757 2.121212121212121 3.0 1.393939393939394
20 46.95867180719761 1.6363636363636365 1.292929292929293 1.0707070707070707 1.696969696969697 1.7777777777777777 1.7777777777777777 1.3737373737373737 1.5555555555555556 1.878787878787879 0.8080808080808081 1.3535353535353536 1.1313131313131313 1.7575757575757576 1.494949494949495 1.2121212121212122 1.1717171717171717 0.8282828282828283 0.9494949494949495 1.7575757575757576 1.3737373737373737 1.6767676767676767 0.8888888888888888 1.3737373737373737 1.3535353535353536 1.4545454545454546 1.3737373737373737 1.797979797979798 1.7575757575757576 1.7575757575757576 1.898989898989899 1.878787878787879 1.1919191919191918 1.0707070707070707 1.5353535353535352 0.8282828282828283 0.8686868686868687 1.5555555555555556 0.9292929292929293 1.6161616161616161 1.3333333333333333 1.6161616161616161 1.3333333333333333 1.4141414141414141 2.0 0.9696969696969697 1.6363636363636365 1.7171717171717171 1.4141414141414141 2.0 0.9292929292929293
21 80.57585531586463 2.4545454545454546 1.9393939393939394 1.606060606060606 2.5454545454545454 2.6666666666666665 2.6666666666666665 2.0606060606060606 2.3333333333333335 2.8181818181818183 1.2121212121212122 2.0303030303030303 1.696969696969697 2.6363636363636362 2.242424242424242 1.8181818181818181 1.7575757575757576 1.2424242424242424 1.4242424242424243 2.6363636363636362 2.0606060606060606 2.515151515151515 1.3333333333333333 2.0606060606060606 2.0303030303030303 2.1818181818181817 2.0606060606060606 2.696969696969697 2.6363636363636362 2.6363636363636362 2.8484848484848486 2.8181818181818183 1.7878787878787878 1.606060606060606 2.303030303030303 1.2424242424242424 1.303030303030303 2.3333333333333335 1.393939393939394 2.4242424242424243 2.0 2.4242424242424243 2.0 2.121212121212121 3.0 1.4545454545454546 2.4545454545454546 2.5757575757575757 2.121212121212121 3.0 1.393939393939394
22 100.5961970118055 2.4545454545454546 1.9393939393939394 1.606060606060606 2.5454545454545454 2.6666666666666665 2.6666666666666665 2.0606060606060606 2.3333333333333335 2.8181818181818183 1.2121212121212122 2.0303030303030303 1.696969696969697 2.6363636363636362 2.242424242424242 1.8181818181818181 1.7575757575757576 1.2424242424242424 1.4242424242424243 2.6363636363636362 2.0606060606060606 2.515151515151515 1.3333333333333333 2.0606060606060606 2.0303030303030303 2.1818181818181817 2.0606060606060606 2.696969696969697 2.6363636363636362 2.6363636363636362 2.8484848484848486 2.8181818181818183 1.7878787878787878 1.606060606060606 2.303030303030303 1.2424242424242424 1.303030303030303 2.3333333333333335 1.393939393939394 2.4242424242424243 2.0 2.4242424242424243 2.0 2.121212121212121 3.0 1.4545454545454546 2.4545454545454546 2.5757575757575757 2.121212121212121 3.0 1.393939393939394
23 93.66510990954637 2.4545454545454546 1.9393939393939394 1.606060606060606 2.5454545454545454 2.6666666666666665 2.6666666666666665 2.0606060606060606 2.3333333333333335 2.8181818181818183 1.2121212121212122 2.0303030303030303 1.696969696969697 2.6363636363636362 2.242424242424242 1.8181818181818181 1.7575757575757576 1.2424242424242424 1.4242424242424243 2.6363636363636362 2.0606060606060606 2.515151515151515 1.3333333333333333 2.0606060606060606 2.0303030303030303 2.1818181818181817 2.0606060606060606 2.696969696969697 2.6363636363636362 2.6363636363636362 2.8484848484848486 2.8181818181818183 1.7878787878787878 1.606060606060606 2.303030303030303 1.2424242424242424 1.303030303030303 2.3333333333333335 1.393939393939394 2.4242424242424243 2.0 2.4242424242424243 2.0 2.121212121212121 3.0 1.4545454545454546 2.4545454545454546 2.5757575757575757 2.121212121212121 3.0 1.393939393939394
24 20.676745882285992 1.6363636363636365 1.292929292929293 1.0707070707070707 1.696969696969697 1.7777777777777777 1.7777777777777777 1.3737373737373737 1.5555555555555556 1.878787878787879 0.8080808080808081 1.3535353535353536 1.1313131313131313 1.7575757575757576 1.494949494949495 1.2121212121212122 1.1717171717171717 0.8282828282828283 0.9494949494949495 1.7575757575757576 1.3737373737373737 1.6767676767676767 0.8888888888888888 1.3737373737373737 1.3535353535353536 1.4545454545454546 1.3737373737373737 1.797979797979798 1.7575757575757576 1.7575757575757576 1.898989898989899 1.878787878787879 1.1919191919191918 1.0707070707070707 1.5353535353535352 0.8282828282828283 0.8686868686868687 1.5555555555555556 0.9292929292929293 1.6161616161616161 1.3333333333333333 1.6161616161616161 1.3333333333333333 1.4141414141414141 2.0 0.9696969696969697 1.6363636363636365 1.7171717171717171 1.4141414141414141 2.0 0.9292929292929293
25 85.55578781326048 2.4545454545454546 1.9393939393939394 1.606060606060606 2.5454545454545454 2.6666666666666665 2.6666666666666665 2.0606060606060606 2.3333333333333335 2.8181818181818183 1.2121212121212122 2.0303030303030303 1.696969696969697 2.6363636363636362 2.242424242424242 1.8181818181818181 1.7575757575757576 1.2424242424242424 1.4242424242424243 2.6363636363636362 2.0606060606060606 2.515151515151515 1.3333333333333333 2.0606060606060606 2.0303030303030303 2.1818181818181817 2.0606060606060606 2.696969696969697 2.6363636363636362 2.6363636363636362 2.8484848484848486 2.8181818181818183 1.7878787878787878 1.606060606060606 2.303030303030303 1.2424242424242424 1.303030303030303 2.3333333333333335 1.393939393939394 2.4242424242424243 2.0 2.4242424242424243 2.0 2.121212121212121 3.0 1.4545454545454546 2.4545454545454546 2.5757575757575757 2.121212121212121 3.0 1.393939393939394
26 125.21138859487445 2.4545454545454546 1.9393939393939394 1.606060606060606 2.5454545454545454 2.6666666666666665 2.6666666666666665 2.0606060606060606 2.3333333333333335 2.8181818181818183 1.2121212121212122 2.0303030303030303 1.696969696969697 2.6363636363636362 2.242424242424242 1.8181818181818181 1.7575757575757576 1.2424242424242424 1.4242424242424243 2.6363636363636362 2.0606060606060606 2.515151515151515 1.3333333333333333 2.0606060606060606 2.0303030303030303 2.1818181818181817 2.0606060606060606 2.696969696969697 2.6363636363636362 2.6363636363636362 2.8484848484848486 2.8181818181818183 1.7878787878787878 1.606060606060606 2.303030303030303 1.2424242424242424 1.303030303030303 2.3333333333333335 1.393939393939394 2.4242424242424243 2.0 2.4242424242424243 2.0 2.121212121212121 3.0 1.4545454545454546 2.4545454545454546 2.5757575757575757 2.121212121212121 3.0 1.393939393939394
27 146.53080345332 1.6363636363636365 1.292929292929293 1.0707070707070707 1.696969696969697 1.7777777777777777 1.7777777777777777 1.3737373737373737 1.5555555555555556 1.878787878787879 0.8080808080808081 1.3535353535353536 1.1313131313131313 1.7575757575757576 1.494949494949495 1.2121212121212122 1.1717171717171717 0.8282828282828283 0.9494949494949495 1.7575757575757576 1.3737373737373737 1.6767676767676767 0.8888888888888888 1.3737373737373737 1.3535353535353536 1.4545454545454546 1.3737373737373737 1.797979797979798 1.7575757575757576 1.7575757575757576 1.898989898989899 1.878787878787879 1.1919191919191918 1.0707070707070707 1.5353535353535352 0.8282828282828283 0.8686868686868687 1.5555555555555556 0.9292929292929293 1.6161616161616161 1.3333333333333333 1.6161616161616161 1.3333333333333333 1.4141414141414141 2.0 0.9696969696969697 1.6363636363636365 1.7171717171717171 1.4141414141414141 2.0 0.9292929292929293
28 95.62109533455472 1.6363636363636365 1.292929292929293 1.0707070707070707 1.696969696969697 1.7777777777777777 1.7777777777777777 1.3737373737373737 1.5555555555555556 1.878787878787879 0.8080808080808081 1.3535353535353536 1.1313131313131313 1.7575757575757576 1.494949494949495 1.2121212121212122 1.1717171717171717 0.8282828282828283 0.9494949494949495 1.7575757575757576 1.3737373737373737 1.6767676767676767 0.8888888888888888 1.3737373737373737 1.3535353535353536 1.4545454545454546 1.3737373737373737 1.797979797979798 1.7575757575757576 1.7575757575757576 1.898989898989899 1.878787878787879 1.1919191919191918 1.0707070707070707 1.5353535353535352 0.8282828282828283 0.8686868686868687 1.5555555555555556 0.9292929292929293 1.6161616161616161 1.3333333333333333 1.6161616161616161 1.3333333333333333 1.4141414141414141 2.0 0.9696969696969697 1.6363636363636365 1.7171717171717171 1.4141414141414141 2.0 0.9292929292929293
29 129.0594502804569 1.6363636363636365 1.292929292929293 1.0707070707070707 1.696969696969697 1.7777777777777777 1.7777777777777777 1.3737373737373737 1.5555555555555556 1.878787878787879 0.8080808080808081 1.3535353535353536 1.1313131313131313 1.7575757575757576 1.494949494949495 1.2121212121212122 1.1717171717171717 0.8282828282828283 0.9494949494949495 1.7575757575757576 1.3737373737373737 1.6767676767676767 0.8888888888888888 1.3737373737373737 1.3535353535353536 1.4545454545454546 1.3737373737373737 1.797979797979798 1.7575757575757576 1.7575757575757576 1.898989898989899 1.878787878787879 1.1919191919191918 1.0707070707070707 1.5353535353535352 0.8282828282828283 0.8686868686868687 1.5555555555555556 0.9292929292929293 1.6161616161616161 1.3333333333333333 1.6161616161616161 1.3333333333333333 1.4141414141414141 2.0 0.9696969696969697 1.6363636363636365 1.7171717171717171 1.4141414141414141 2.0 0.9292929292929293
30 144.08791594159408 1.6363636363636365 1.292929292929293 1.0707070707070707 1.696969696969697 1.7777777777777777 1.7777777777777777 1.3737373737373737 1.5555555555555556 1.878787878787879 0.8080808080808081 1.3535353535353536 1.1313131313131313 1.7575757575757576 1.494949494949495 1.2121212121212122 1.1717171717171717 0.8282828282828283 0.9494949494949495 1.7575757575757576 1.3737373737373737 1.6767676767676767 0.8888888888888888 1.3737373737373737 1.3535353535353536 1.4545454545454546 1.3737373737373737 1.797979797979798 1.7575757575757576 1.7575757575757576 1.898989898989899 1.878787878787879 1.1919191919191918 1.0707070707070707 1.5353535353535352 0.8282828282828283 0.8686868686868687 1.5555555555555556 0.9292929292929293 1.6161616161616161 1.3333333333333333 1.6161616161616161 1.3333333333333333 1.4141414141414141 2.0 0.9696969696969697 1.6363636363636365 1.7171717171717171 1.4141414141414141 2.0 0.9292929292929293
31 387.96759591295506 1.6363636363636365 1.292929292929293 1.0707070707070707 1.696969696969697 1.7777777777777777 1.7777777777777777 1.3737373737373737 1.5555555555555556 1.878787878787879 0.8080808080808081 1.3535353535353536 1.1313131313131313 1.7575757575757576 1.494949494949495 1.2121212121212122 1.1717171717171717 0.8282828282828283 0.9494949494949495 1.7575757575757576 1.3737373737373737 1.6767676767676767 0.8888888888888888 1.3737373737373737 1.3535353535353536 1.4545454545454546 1.3737373737373737 1.797979797979798 1.7575757575757576 1.7575757575757576 1.898989898989899 1.878787878787879 1.1919191919191918 1.0707070707070707 1.5353535353535352 0.8282828282828283 0.8686868686868687 1.5555555555555556 0.9292929292929293 1.6161616161616161 1.3333333333333333 1.6161616161616161 1.3333333333333333 1.4141414141414141 2.0 0.9696969696969697 1.6363636363636365 1.7171717171717171 1.4141414141414141 2.0 0.9292929292929293
32 66.7272851111035 1.6363636363636365 1.292929292929293 1.0707070707070707 1.696969696969697 1.7777777777777777 1.7777777777777777 1.3737373737373737 1.5555555555555556 1.878787878787879 0.8080808080808081 1.3535353535353536 1.1313131313131313 1.7575757575757576 1.494949494949495 1.2121212121212122 1.1717171717171717 0.8282828282828283 0.9494949494949495 1.7575757575757576 1.3737373737373737 1.6767676767676767 0.8888888888888888 1.3737373737373737 1.3535353535353536 1.4545454545454546 1.3737373737373737 1.797979797979798 1.7575757575757576 1.7575757575757576 1.898989898989899 1.878787878787879 1.1919191919191918 1.0707070707070707 1.5353535353535352 0.8282828282828283 0.8686868686868687 1.5555555555555556 0.9292929292929293 1.6161616161616161 1.3333333333333333 1.6161616161616161 1.3333333333333333 1.4141414141414141 2.0 0.9696969696969697 1.6363636363636365 1.7171717171717171 1.4141414141414141 2.0 0.9292929292929293
33 292.27156582501203 2.4545454545454546 1.9393939393939394 1.606060606060606 2.5454545454545454 2.6666666666666665 2.6666666666666665 2.0606060606060606 2.3333333333333335 2.8181818181818183 1.2121212121212122 2.0303030303030303 1.696969696969697 2.6363636363636362 2.242424242424242 1.8181818181818181 1.7575757575757576 1.2424242424242424 1.4242424242424243 2.6363636363636362 2.0606060606060606 2.515151515151515 1.3333333333333333 2.0606060606060606 2.0303030303030303 2.1818181818181817 2.0606060606060606 2.696969696969697 2.6363636363636362 2.6363636363636362 2.8484848484848486 2.8181818181818183 1.7878787878787878 1.606060606060606 2.303030303030303 1.2424242424242424 1.303030303030303 2.3333333333333335 1.393939393939394 2.4242424242424243 2.0 2.4242424242424243 2.0 2.121212121212121 3.0 1.4545454545454546 2.4545454545454546 2.5757575757575757 2.121212121212121 3.0 1.393939393939394
34 194.06911019244177 2.4545454545454546 1.9393939393939394 1.606060606060606 2.5454545454545454 2.6666666666666665 2.6666666666666665 2.0606060606060606 2.3333333333333335 2.8181818181818183 1.2121212121212122 2.0303030303030303 1.696969696969697 2.6363636363636362 2.242424242424242 1.8181818181818181 1.7575757575757576 1.2424242424242424 1.4242424242424243 2.6363636363636362 2.0606060606060606 2.515151515151515 1.3333333333333333 2.0606060606060606 2.0303030303030303 2.1818181818181817 2.0606060606060606 2.696969696969697 2.6363636363636362 2.6363636363636362 2.8484848484848486 2.8181818181818183 1.7878787878787878 1.606060606060606 2.303030303030303 1.2424242424242424 1.303030303030303 2.3333333333333335 1.393939393939394 2.4242424242424243 2.0 2.4242424242424243 2.0 2.121212121212121 3.0 1.4545454545454546 2.4545454545454546 2.5757575757575757 2.121212121212121 3.0 1.393939393939394
35 166.2943969996627 1.6363636363636365 1.292929292929293 1.0707070707070707 1.696969696969697 1.7777777777777777 1.7777777777777777 1.3737373737373737 1.5555555555555556 1.878787878787879 0.8080808080808081 1.3535353535353536 1.1313131313131313 1.7575757575757576 1.494949494949495 1.2121212121212122 1.1717171717171717 0.8282828282828283 0.9494949494949495 1.7575757575757576 1.3737373737373737 1.6767676767676767 0.8888888888888888 1.3737373737373737 1.3535353535353536 1.4545454545454546 1.3737373737373737 1.797979797979798 1.7575757575757576 1.7575757575757576 1.898989898989899 1.878787878787879 1.1919191919191918 1.0707070707070707 1.5353535353535352 0.8282828282828283 0.8686868686868687 1.5555555555555556 0.9292929292929293 1.6161616161616161 1.3333333333333333 1.6161616161616161 1.3333333333333333 1.4141414141414141 2.0 0.9696969696969697 1.6363636363636365 1.7171717171717171 1.4141414141414141 2.0 0.9292929292929293
36 183.09654411551946 2.4545454545454546 1.9393939393939394 1.606060606060606 2.5454545454545454 2.6666666666666665 2.6666666666666665 2.0606060606060606 2.3333333333333335 2.8181818181818183 1.2121212121212122 2.0303030303030303 1.696969696969697 2.6363636363636362 2.242424242424242 1.8181818181818181 1.7575757575757576 1.2424242424242424 1.4242424242424243 2.6363636363636362 2.0606060606060606 2.515151515151515 1.3333333333333333 2.0606060606060606 2.0303030303030303 2.1818181818181817 2.0606060606060606 2.696969696969697 2.6363636363636362 2.6363636363636362 2.8484848484848486 2.8181818181818183 1.7878787878787878 1.606060606060606 2.303030303030303 1.2424242424242424 1.303030303030303 2.3333333333333335 1.393939393939394 2.4242424242424243 2.0 2.4242424242424243 2.0 2.121212121212121 3.0 1.4545454545454546 2.4545454545454546 2.5757575757575757 2.121212121212121 3.0 1.393939393939394
37 171.38842578025577 2.4545454545454546 1.9393939393939394 1.606060606060606 2.5454545454545454 2.6666666666666665 2.6666666666666665 2.0606060606060606 2.3333333333333335 2.8181818181818183 1.2121212121212122 2.0303030303030303 1.696969696969697 2.6363636363636362 2.242424242424242 1.8181818181818181 1.7575757575757576 1.2424242424242424 1.4242424242424243 2.6363636363636362 2.0606060606060606 2.515151515151515 1.3333333333333333 2.0606060606060606 2.0303030303030303 2.1818181818181817 2.0606060606060606 2.696969696969697 2.6363636363636362 2.6363636363636362 2.8484848484848486 2.8181818181818183 1.7878787878787878 1.606060606060606 2.303030303030303 1.2424242424242424 1.303030303030303 2.3333333333333335 1.393939393939394 2.4242424242424243 2.0 2.4242424242424243 2.0 2.121212121212121 3.0 1.4545454545454546 2.4545454545454546 2.5757575757575757 2.121212121212121 3.0 1.393939393939394
38 67.44778954358259 2.4545454545454546 1.9393939393939394 1.606060606060606 2.5454545454545454 2.6666666666666665 2.6666666666666665 2.0606060606060606 2.3333333333333335 2.8181818181818183 1.2121212121212122 2.0303030303030303 1.696969696969697 2.6363636363636362 2.242424242424242 1.8181818181818181 1.7575757575757576 1.2424242424242424 1.4242424242424243 2.6363636363636362 2.0606060606060606 2.515151515151515 1.3333333333333333 2.0606060606060606 2.0303030303030303 2.1818181818181817 2.0606060606060606 2.696969696969697 2.6363636363636362 2.6363636363636362 2.8484848484848486 2.8181818181818183 1.7878787878787878 1.606060606060606 2.303030303030303 1.2424242424242424 1.303030303030303 2.3333333333333335 1.393939393939394 2.4242424242424243 2.0 2.4242424242424243 2.0 2.121212121212121 3.0 1.4545454545454546 2.4545454545454546 2.5757575757575757 2.121212121212121 3.0 1.393939393939394
39 47.676497605942544 1.6363636363636365 1.292929292929293 1.0707070707070707 1.696969696969697 1.7777777777777777 1.7777777777777777 1.3737373737373737 1.5555555555555556 1.878787878787879 0.8080808080808081 1.3535353535353536 1.1313131313131313 1.7575757575757576 1.494949494949495 1.2121212121212122 1.1717171717171717 0.8282828282828283 0.9494949494949495 1.7575757575757576 1.3737373737373737 1.6767676767676767 0.8888888888888888 1.3737373737373737 1.3535353535353536 1.4545454545454546 1.3737373737373737 1.797979797979798 1.7575757575757576 1.7575757575757576 1.898989898989899 1.878787878787879 1.1919191919191918 1.0707070707070707 1.5353535353535352 0.8282828282828283 0.8686868686868687 1.5555555555555556 0.9292929292929293 1.6161616161616161 1.3333333333333333 1.6161616161616161 1.3333333333333333 1.4141414141414141 2.0 0.9696969696969697 1.6363636363636365 1.7171717171717171 1.4141414141414141 2.0 0.9292929292929293
