40 10
TREE NETWORK (nID nID Weight):
30 0 31
29 30 33
18 29 55
5 30 39
2 0 31
28 30 45
26 29 34
37 0 52
21 37 54
15 29 37
6 28 52
39 21 34
7 37 34
9 15 47
11 15 51
19 5 58
24 7 56
16 19 40
31 39 31
4 11 50
17 26 54
34 2 34
27 24 49
22 21 41
8 26 40
3 5 42
32 15 48
1 39 48
23 27 55
25 23 43
35 29 59
36 21 45
13 36 47
38 32 57
10 5 56
20 35 41
33 15 42
14 34 32
12 34 39
PROGRAMS ASSIGNED TO NODES (nID pID1 pID2 ...):
0 1 2 3 4 5 6 7 8 9 10
1 1 3 7 8 9
2 2 4 5 7 8 10
3 2 3 4 6 8 9
4 10
5 9 10
6 1 2 4 5 6 7 8 9 10
7 1 2 3 4 5 7 8 9 10
8 1 2 5 9
9 10
10 4 8
13 5 7 10
14 2 3 5 6 7 8 9 10
15 1 2 4 5 7 10
16 1 2 3 5 6 7 8 9 10
18 8 10
19 1 2 3 6 8 9 10
20 1 5 8
21 3 4
22 1 10
23 3 5
24 1 2 3 5 7 8 9
25 8 9
26 1 5 7
27 1 4 7 8 10
28 1 3 7 9
29 5
30 2 3 4 6 7 8 9
31 2 7 8 9
32 2 3 4 7 8 10
33 1 2 3 4 6 7 8 10
34 1 4
35 2 4 6
36 1 2 3 6 7 8 9 10
37 1 2 3 4 5 7 9 10
38 1 3 4 5 7 8 9 10
SIZE OF PROGRAMS (pID SIZE):
1 47.0
2 75.0
3 59.0
4 66.0
5 67.0
6 46.0
7 54.0
8 72.0
9 40.0
10 85.0
COST TO INSTALL SERVERS AND PROGRAMS ON NODES (COST_TO_INSTALL_SERVER COST_TO_INSTALL_pID1 ...):
0 3156.470588235294 1.6588235294117648 2.6470588235294117 2.0823529411764707 2.3294117647058825 2.364705882352941 1.6235294117647059 1.9058823529411764 2.541176470588235 1.411764705882353 3.0
1 27.246137143285356 1.1058823529411765 1.7647058823529411 1.388235294117647 1.5529411764705883 1.576470588235294 1.0823529411764705 1.2705882352941176 1.6941176470588235 0.9411764705882353 2.0
2 11.615854361837819 1.6588235294117648 2.6470588235294117 2.0823529411764707 2.3294117647058825 2.364705882352941 1.6235294117647059 1.9058823529411764 2.541176470588235 1.411764705882353 3.0
3 12.399767839785602 1.1058823529411765 1.7647058823529411 1.388235294117647 1.5529411764705883 1.576470588235294 1.0823529411764705 1.2705882352941176 1.6941176470588235 0.9411764705882353 2.0
4 10.537395755096641 1.1058823529411765 1.7647058823529411 1.388235294117647 1.5529411764705883 1.576470588235294 1.0823529411764705 1.2705882352941176 1.6941176470588235 0.9411764705882353 2.0
5 4.603648637241463 1.6588235294117648 2.6470588235294117 2.0823529411764707 2.3294117647058825 2.364705882352941 1.6235294117647059 1.9058823529411764 2.541176470588235 1.411764705882353 3.0
6 20.76675120059313 1.1058823529411765 1.7647058823529411 1.388235294117647 1.5529411764705883 1.576470588235294 1.0823529411764705 1.2705882352941176 1.6941176470588235 0.9411764705882353 2.0
7 12.929554154541677 1.6588235294117648 2.6470588235294117 2.0823529411764707 2.3294117647058825 2.364705882352941 1.6235294117647059 1.9058823529411764 2.541176470588235 1.411764705882353 3.0
8 18.4247765365383 1.6588235294117648 2.6470588235294117 2.0823529411764707 2.3294117647058825 2.364705882352941 1.6235294117647059 1.9058823529411764 2.541176470588235 1.411764705882353 3.0
9 5.73780755890802 1.6588235294117648 2.6470588235294117 2.0823529411764707 2.3294117647058825 2.364705882352941 1.6235294117647059 1.9058823529411764 2.541176470588235 1.411764705882353 3.0
10 12.609683195629339 1.1058823529411765 1.7647058823529411 1.388235294117647 1.5529411764705883 1.576470588235294 1.0823529411764705 1.2705882352941176 1.6941176470588235 0.9411764705882353 2.0
11 8.753351250451942 1.6588235294117648 2.6470588235294117 2.0823529411764707 2.3294117647058825 2.364705882352941 1.6235294117647059 1.9058823529411764 2.541176470588235 1.411764705882353 3.0
12 909.0 1.6588235294117648 2.6470588235294117 2.0823529411764707 2.3294117647058825 2.364705882352941 1.6235294117647059 1.9058823529411764 2.541176470588235 1.411764705882353 3.0
13 25.06282603865455 1.6588235294117648 2.6470588235294117 2.0823529411764707 2.3294117647058825 2.364705882352941 1.6235294117647059 1.9058823529411764 2.541176470588235 1.411764705882353 3.0
14 35.447050992621875 1.6588235294117648 2.6470588235294117 2.0823529411764707 2.3294117647058825 2.364705882352941 1.6235294117647059 1.9058823529411764 2.541176470588235 1.411764705882353 3.0
15 51.80368896419934 1.1058823529411765 1.7647058823529411 1.388235294117647 1.5529411764705883 1.576470588235294 1.0823529411764705 1.2705882352941176 1.6941176470588235 0.9411764705882353 2.0
16 49.15553998224195 1.1058823529411765 1.7647058823529411 1.388235294117647 1.5529411764705883 1.576470588235294 1.0823529411764705 1.2705882352941176 1.6941176470588235 0.9411764705882353 2.0
17 187.0 1.1058823529411765 1.7647058823529411 1.388235294117647 1.5529411764705883 1.576470588235294 1.0823529411764705 1.2705882352941176 1.6941176470588235 0.9411764705882353 2.0
18 16.009457697842286 1.1058823529411765 1.7647058823529411 1.388235294117647 1.5529411764705883 1.576470588235294 1.0823529411764705 1.2705882352941176 1.6941176470588235 0.9411764705882353 2.0
19 45.320549443458525 1.1058823529411765 1.7647058823529411 1.388235294117647 1.5529411764705883 1.576470588235294 1.0823529411764705 1.2705882352941176 1.6941176470588235 0.9411764705882353 2.0
20 20.254723071477336 1.1058823529411765 1.7647058823529411 1.388235294117647 1.5529411764705883 1.576470588235294 1.0823529411764705 1.2705882352941176 1.6941176470588235 0.9411764705882353 2.0
21 25.82324275525157 1.6588235294117648 2.6470588235294117 2.0823529411764707 2.3294117647058825 2.364705882352941 1.6235294117647059 1.9058823529411764 2.541176470588235 1.411764705882353 3.0
22 8.731096525159352 1.1058823529411765 1.7647058823529411 1.388235294117647 1.5529411764705883 1.576470588235294 1.0823529411764705 1.2705882352941176 1.6941176470588235 0.9411764705882353 2.0
23 37.224536303894816 1.1058823529411765 1.7647058823529411 1.388235294117647 1.5529411764705883 1.576470588235294 1.0823529411764705 1.2705882352941176 1.6941176470588235 0.9411764705882353 2.0
24 37.81873581547275 1.1058823529411765 1.7647058823529411 1.388235294117647 1.5529411764705883 1.576470588235294 1.0823529411764705 1.2705882352941176 1.6941176470588235 0.9411764705882353 2.0
25 17.22364404791857 1.6588235294117648 2.6470588235294117 2.0823529411764707 2.3294117647058825 2.364705882352941 1.6235294117647059 1.9058823529411764 2.541176470588235 1.411764705882353 3.0
26 20.769417364784626 1.1058823529411765 1.7647058823529411 1.388235294117647 1.5529411764705883 1.576470588235294 1.0823529411764705 1.2705882352941176 1.6941176470588235 0.9411764705882353 2.0
27 25.328301013656905 1.1058823529411765 1.7647058823529411 1.388235294117647 1.5529411764705883 1.576470588235294 1.0823529411764705 1.2705882352941176 1.6941176470588235 0.9411764705882353 2.0
28 31.160625595048344 1.1058823529411765 1.7647058823529411 1.388235294117647 1.5529411764705883 1.576470588235294 1.0823529411764705 1.2705882352941176 1.6941176470588235 0.9411764705882353 2.0
29 25.099471458843603 1.1058823529411765 1.7647058823529411 1.388235294117647 1.5529411764705883 1.576470588235294 1.0823529411764705 1.2705882352941176 1.6941176470588235 0.9411764705882353 2.0
30 23.647556673140283 1.1058823529411765 1.7647058823529411 1.388235294117647 1.5529411764705883 1.576470588235294 1.0823529411764705 1.2705882352941176 1.6941176470588235 0.9411764705882353 2.0
31 18.40385243419607 1.6588235294117648 2.6470588235294117 2.0823529411764707 2.3294117647058825 2.364705882352941 1.6235294117647059 1.9058823529411764 2.541176470588235 1.411764705882353 3.0
32 62.142835596140905 1.6588235294117648 2.6470588235294117 2.0823529411764707 2.3294117647058825 2.364705882352941 1.6235294117647059 1.9058823529411764 2.541176470588235 1.411764705882353 3.0
33 72.49622137010988 1.6588235294117648 2.6470588235294117 2.0823529411764707 2.3294117647058825 2.364705882352941 1.6235294117647059 1.9058823529411764 2.541176470588235 1.411764705882353 3.0
34 38.31146046413555 1.1058823529411765 1.7647058823529411 1.388235294117647 1.5529411764705883 1.576470588235294 1.0823529411764705 1.2705882352941176 1.6941176470588235 0.9411764705882353 2.0
35 34.222914875828984 1.6588235294117648 2.6470588235294117 2.0823529411764707 2.3294117647058825 2.364705882352941 1.6235294117647059 1.9058823529411764 2.541176470588235 1.411764705882353 3.0
36 41.4798302192828 1.1058823529411765 1.7647058823529411 1.388235294117647 1.5529411764705883 1.576470588235294 1.0823529411764705 1.2705882352941176 1.6941176470588235 0.9411764705882353 2.0
37 4.288481976764175 1.1058823529411765 1.7647058823529411 1.388235294117647 1.5529411764705883 1.576470588235294 1.0823529411764705 1.2705882352941176 1.6941176470588235 0.9411764705882353 2.0
38 72.87288650148525 1.6588235294117648 2.6470588235294117 2.0823529411764707 2.3294117647058825 2.364705882352941 1.6235294117647059 1.9058823529411764 2.541176470588235 1.411764705882353 3.0
39 22.880995844218482 1.6588235294117648 2.6470588235294117 2.0823529411764707 2.3294117647058825 2.364705882352941 1.6235294117647059 1.9058823529411764 2.541176470588235 1.411764705882353 3.0
