40 30
TREE NETWORK (nID nID Weight):
18 0 39
30 18 51
34 30 33
19 30 37
1 19 58
29 19 38
10 18 48
25 29 51
21 18 35
39 25 32
33 25 45
28 25 46
36 28 46
7 33 47
2 30 51
15 30 48
8 25 41
32 15 56
13 39 52
5 7 53
38 1 53
23 15 36
4 19 46
27 36 49
9 21 37
31 0 32
3 2 38
12 28 34
20 2 37
17 32 33
16 23 48
26 27 56
22 7 44
35 2 53
24 8 34
14 22 45
6 27 39
37 0 45
11 28 41
PROGRAMS ASSIGNED TO NODES (nID pID1 pID2 ...):
0 1 2 3 4 5 6 7 8 9 10 11 12 13 14 15 16 17 18 19 20 21 22 23 24 25 26 27 28 29 30
1 1 4 5 8 13 14 17 18 20 21 22 25 26 27 28 30
2 2 3 5 7 8 10 11 12 13 15 17 18 21 22 23 24 25 28 29
3 1 2 3 19 29
4 3 19 5 23 24 9 27 15
5 19 12 29
6 1 2 3 4 5 6 7 8 10 12 13 14 15 16 17 19 20 21 22 23 24 25 26 27 28 29 30
7 16 23 12
8 3
9 1 18 20 21 22 7 10 12 14 15
10 1 2 4 5 6 7 8 10 11 12 13 14 15 17 18 20 21 22 23 25 26 27 28 29 30
11 1 22 23 9 10 15
12 2 20 24 25 10 28
13 1 8 10 12 13 14 15 16 17 18 23 24 25 27 29 30
14 18 3 21
15 1 2 3 6 8 9 10 11 12 14 15 16 17 18 19 20 21 22 24 25 26 27
16 1 5 10 12 13 14 15 16 18 20 27 28 29 30
17 2 3 4 5 6 7 9 10 12 13 14 15 16 17 18 19 20 22 23 24 25 27 28 29 30
18 21 24 10 12 14
19 16 18 4 5 8 27 12 13 30
20 1 2 4 5 6 10 11 12 13 15 16 17 19 20 21 23 24 26 29 30
21 19 24
22 2 3 4 5 6 7 9 10 11 12 13 14 15 16 17 18 19 20 21 22 23 25 26 27 28 29 30
23 1 3 5 6 9 10 12 14 15 17 18 21 22 23 24 25 28 30
24 2 3 5 6 13 15 17 20 22 23 24 26 28 29
25 1 2 3 5 6 7 8 9 10 11 12 14 17 18 21 22 25 29 30
26 3 4 5 7 8 10 11 14 15 18 20 21 22 23 24 25 26 28
27 4 5 6 7 9 11 14 15 19 20 21 22 24 26 27 28 29 30
28 1 2 3 7 8 9 11 12 13 16 17 18 20 22 25 26 28 29 30
29 18 24 25 11 28
30 1 2 3 4 5 6 7 8 9 10 11 12 13 14 15 16 17 18 19 20 21 22 23 24 25 26 27 28 29
31 7 25 12
32 18 3 20 4 21 22 7 24 26 27 28
33 2 3 4 7 8 9 10 13 15 17 19 21 22 25 29 30
35 2 5 8 11 12 14 15 16 18 19 20 21 23 24 25 27 28 29 30
36 11 13
37 23
38 1 2 3 4 6 9 10 12 15 16 17 18 19 20 22 23 24 25 28 29 30
39 4 5 6 8 10 12 18 22 24 26 27 28 30
SIZE OF PROGRAMS (pID SIZE):
1 95.0
2 42.0
3 40.0
4 86.0
5 66.0
6 82.0
7 83.0
8 65.0
9 72.0
10 99.0
11 51.0
12 95.0
13 58.0
14 98.0
15 75.0
16 44.0
17 68.0
18 64.0
19 67.0
20 65.0
21 77.0
22 50.0
23 66.0
24 67.0
25 57.0
26 91.0
27 90.0
28 78.0
29 64.0
30 72.0
COST TO INSTALL SERVERS AND PROGRAMS ON NODES (COST_TO_INSTALL_SERVER COST_TO_INSTALL_pID1 ...):
0 7445.454545454545 2.878787878787879 1.2727272727272727 1.2121212121212122 2.606060606060606 2.0 2.484848484848485 2.515151515151515 1.9696969696969697 2.1818181818181817 3.0 1.5454545454545454 2.878787878787879 1.7575757575757576 2.9696969696969697 2.272727272727273 1.3333333333333333 2.0606060606060606 1.9393939393939394 2.0303030303030303 1.9696969696969697 2.3333333333333335 1.5151515151515151 2.0 2.0303030303030303 1.7272727272727273 2.757575757575758 2.727272727272727 2.3636363636363638 1.9393939393939394 2.1818181818181817
1 65.74441693029534 2.878787878787879 1.2727272727272727 1.2121212121212122 2.606060606060606 2.0 2.484848484848485 2.515151515151515 1.9696969696969697 2.1818181818181817 3.0 1.5454545454545454 2.878787878787879 1.7575757575757576 2.9696969696969697 2.272727272727273 1.3333333333333333 2.0606060606060606 1.9393939393939394 2.0303030303030303 1.9696969696969697 2.3333333333333335 1.5151515151515151 2.0 2.0303030303030303 1.7272727272727273 2.757575757575758 2.727272727272727 2.3636363636363638 1.9393939393939394 2.1818181818181817
2 21.847250886962925 2.878787878787879 1.2727272727272727 1.2121212121212122 2.606060606060606 2.0 2.484848484848485 2.515151515151515 1.9696969696969697 2.1818181818181817 3.0 1.5454545454545454 2.878787878787879 1.7575757575757576 2.9696969696969697 2.272727272727273 1.3333333333333333 2.0606060606060606 1.9393939393939394 2.0303030303030303 1.9696969696969697 2.3333333333333335 1.5151515151515151 2.0 2.0303030303030303 1.7272727272727273 2.757575757575758 2.727272727272727 2.3636363636363638 1.9393939393939394 2.1818181818181817
3 41.73284175395894 2.878787878787879 1.2727272727272727 1.2121212121212122 2.606060606060606 2.0 2.484848484848485 2.515151515151515 1.9696969696969697 2.1818181818181817 3.0 1.5454545454545454 2.878787878787879 1.7575757575757576 2.9696969696969697 2.272727272727273 1.3333333333333333 2.0606060606060606 1.9393939393939394 2.0303030303030303 1.9696969696969697 2.3333333333333335 1.5151515151515151 2.0 2.0303030303030303 1.7272727272727273 2.757575757575758 2.727272727272727 2.3636363636363638 1.9393939393939394 2.1818181818181817
4 25.719377293046584 2.878787878787879 1.2727272727272727 1.2121212121212122 2.606060606060606 2.0 2.484848484848485 2.515151515151515 1.9696969696969697 2.1818181818181817 3.0 1.5454545454545454 2.878787878787879 1.7575757575757576 2.9696969696969697 2.272727272727273 1.3333333333333333 2.0606060606060606 1.9393939393939394 2.0303030303030303 1.9696969696969697 2.3333333333333335 1.5151515151515151 2.0 2.0303030303030303 1.7272727272727273 2.757575757575758 2.727272727272727 2.3636363636363638 1.9393939393939394 2.1818181818181817
5 43.679956709619226 1.9191919191919191 0.8484848484848485 0.8080808080808081 1.7373737373737375 1.3333333333333333 1.6565656565656566 1.6767676767676767 1.3131313131313131 1.4545454545454546 2.0 1.0303030303030303 1.9191919191919191 1.1717171717171717 1.97979797979798 1.5151515151515151 0.8888888888888888 1.3737373737373737 1.292929292929293 1.3535353535353536 1.3131313131313131 1.5555555555555556 1.0101010101010102 1.3333333333333333 1.3535353535353536 1.1515151515151516 1.8383838383838385 1.8181818181818181 1.5757575757575757 1.292929292929293 1.4545454545454546
6 194.93642610763857 2.878787878787879 1.2727272727272727 1.2121212121212122 2.606060606060606 2.0 2.484848484848485 2.515151515151515 1.9696969696969697 2.1818181818181817 3.0 1.5454545454545454 2.878787878787879 1.7575757575757576 2.9696969696969697 2.272727272727273 1.3333333333333333 2.0606060606060606 1.9393939393939394 2.0303030303030303 1.9696969696969697 2.3333333333333335 1.5151515151515151 2.0 2.0303030303030303 1.7272727272727273 2.757575757575758 2.727272727272727 2.3636363636363638 1.9393939393939394 2.1818181818181817
7 151.48725646983718 1.9191919191919191 0.8484848484848485 0.8080808080808081 1.7373737373737375 1.3333333333333333 1.6565656565656566 1.6767676767676767 1.3131313131313131 1.4545454545454546 2.0 1.0303030303030303 1.9191919191919191 1.1717171717171717 1.97979797979798 1.5151515151515151 0.8888888888888888 1.3737373737373737 1.292929292929293 1.3535353535353536 1.3131313131313131 1.5555555555555556 1.0101010101010102 1.3333333333333333 1.3535353535353536 1.1515151515151516 1.8383838383838385 1.8181818181818181 1.5757575757575757 1.292929292929293 1.4545454545454546
8 151.29312063757607 1.9191919191919191 0.8484848484848485 0.8080808080808081 1.7373737373737375 1.3333333333333333 1.6565656565656566 1.6767676767676767 1.3131313131313131 1.4545454545454546 2.0 1.0303030303030303 1.9191919191919191 1.1717171717171717 1.97979797979798 1.5151515151515151 0.8888888888888888 1.3737373737373737 1.292929292929293 1.3535353535353536 1.3131313131313131 1.5555555555555556 1.0101010101010102 1.3333333333333333 1.3535353535353536 1.1515151515151516 1.8383838383838385 1.8181818181818181 1.5757575757575757 1.292929292929293 1.4545454545454546
9 80.44153778084493 1.9191919191919191 0.8484848484848485 0.8080808080808081 1.7373737373737375 1.3333333333333333 1.6565656565656566 1.6767676767676767 1.3131313131313131 1.4545454545454546 2.0 1.0303030303030303 1.9191919191919191 1.1717171717171717 1.97979797979798 1.5151515151515151 0.8888888888888888 1.3737373737373737 1.292929292929293 1.3535353535353536 1.3131313131313131 1.5555555555555556 1.0101010101010102 1.3333333333333333 1.3535353535353536 1.1515151515151516 1.8383838383838385 1.8181818181818181 1.5757575757575757 1.292929292929293 1.4545454545454546
10 94.36809727692088 1.9191919191919191 0.8484848484848485 0.8080808080808081 1.7373737373737375 1.3333333333333333 1.6565656565656566 1.6767676767676767 1.3131313131313131 1.4545454545454546 2.0 1.0303030303030303 1.9191919191919191 1.1717171717171717 1.97979797979798 1.5151515151515151 0.8888888888888888 1.3737373737373737 1.292929292929293 1.3535353535353536 1.3131313131313131 1.5555555555555556 1.0101010101010102 1.3333333333333333 1.3535353535353536 1.1515151515151516 1.8383838383838385 1.8181818181818181 1.5757575757575757 1.292929292929293 1.4545454545454546
11 62.10876948995822 1.9191919191919191 0.8484848484848485 0.8080808080808081 1.7373737373737375 1.3333333333333333 1.6565656565656566 1.6767676767676767 1.3131313131313131 1.4545454545454546 2.0 1.0303030303030303 1.9191919191919191 1.1717171717171717 1.97979797979798 1.5151515151515151 0.8888888888888888 1.3737373737373737 1.292929292929293 1.3535353535353536 1.3131313131313131 1.5555555555555556 1.0101010101010102 1.3333333333333333 1.3535353535353536 1.1515151515151516 1.8383838383838385 1.8181818181818181 1.5757575757575757 1.292929292929293 1.4545454545454546
12 47.89952581332287 2.878787878787879 1.2727272727272727 1.2121212121212122 2.606060606060606 2.0 2.484848484848485 2.515151515151515 1.9696969696969697 2.1818181818181817 3.0 1.5454545454545454 2.878787878787879 1.7575757575757576 2.9696969696969697 2.272727272727273 1.3333333333333333 2.0606060606060606 1.9393939393939394 2.0303030303030303 1.9696969696969697 2.3333333333333335 1.5151515151515151 2.0 2.0303030303030303 1.7272727272727273 2.757575757575758 2.727272727272727 2.3636363636363638 1.9393939393939394 2.1818181818181817
13 183.35908759374385 2.878787878787879 1.2727272727272727 1.2121212121212122 2.606060606060606 2.0 2.484848484848485 2.515151515151515 1.9696969696969697 2.1818181818181817 3.0 1.5454545454545454 2.878787878787879 1.7575757575757576 2.9696969696969697 2.272727272727273 1.3333333333333333 2.0606060606060606 1.9393939393939394 2.0303030303030303 1.9696969696969697 2.3333333333333335 1.5151515151515151 2.0 2.0303030303030303 1.7272727272727273 2.757575757575758 2.727272727272727 2.3636363636363638 1.9393939393939394 2.1818181818181817
14 55.61280990007014 1.9191919191919191 0.8484848484848485 0.8080808080808081 1.7373737373737375 1.3333333333333333 1.6565656565656566 1.6767676767676767 1.3131313131313131 1.4545454545454546 2.0 1.0303030303030303 1.9191919191919191 1.1717171717171717 1.97979797979798 1.5151515151515151 0.8888888888888888 1.3737373737373737 1.292929292929293 1.3535353535353536 1.3131313131313131 1.5555555555555556 1.0101010101010102 1.3333333333333333 1.3535353535353536 1.1515151515151516 1.8383838383838385 1.8181818181818181 1.5757575757575757 1.292929292929293 1.4545454545454546
15 99.77990116733316 2.878787878787879 1.2727272727272727 1.2121212121212122 2.606060606060606 2.0 2.484848484848485 2.515151515151515 1.9696969696969697 2.1818181818181817 3.0 1.5454545454545454 2.878787878787879 1.7575757575757576 2.9696969696969697 2.272727272727273 1.3333333333333333 2.0606060606060606 1.9393939393939394 2.0303030303030303 1.9696969696969697 2.3333333333333335 1.5151515151515151 2.0 2.0303030303030303 1.7272727272727273 2.757575757575758 2.727272727272727 2.3636363636363638 1.9393939393939394 2.1818181818181817
16 143.32050169221665 2.878787878787879 1.2727272727272727 1.2121212121212122 2.606060606060606 2.0 2.484848484848485 2.515151515151515 1.9696969696969697 2.1818181818181817 3.0 1.5454545454545454 2.878787878787879 1.7575757575757576 2.9696969696969697 2.272727272727273 1.3333333333333333 2.0606060606060606 1.9393939393939394 2.0303030303030303 1.9696969696969697 2.3333333333333335 1.5151515151515151 2.0 2.0303030303030303 1.7272727272727273 2.757575757575758 2.727272727272727 2.3636363636363638 1.9393939393939394 2.1818181818181817
17 177.63511485149678 2.878787878787879 1.2727272727272727 1.2121212121212122 2.606060606060606 2.0 2.484848484848485 2.515151515151515 1.9696969696969697 2.1818181818181817 3.0 1.5454545454545454 2.878787878787879 1.7575757575757576 2.9696969696969697 2.272727272727273 1.3333333333333333 2.0606060606060606 1.9393939393939394 2.0303030303030303 1.9696969696969697 2.3333333333333335 1.5151515151515151 2.0 2.0303030303030303 1.7272727272727273 2.757575757575758 2.727272727272727 2.3636363636363638 1.9393939393939394 2.1818181818181817
18 50.202827511279054 2.878787878787879 1.2727272727272727 1.2121212121212122 2.606060606060606 2.0 2.484848484848485 2.515151515151515 1.9696969696969697 2.1818181818181817 3.0 1.5454545454545454 2.878787878787879 1.7575757575757576 2.9696969696969697 2.272727272727273 1.3333333333333333 2.0606060606060606 1.9393939393939394 2.0303030303030303 1.9696969696969697 2.3333333333333335 1.5151515151515151 2.0 2.0303030303030303 1.7272727272727273 2.757575757575758 2.727272727272727 2.3636363636363638 1.9393939393939394 2.1818181818181817
19 168.37921378625208 2.878787878787879 1.2727272727272727 1.2121212121212122 2.606060606060606 2.0 2.484848484848485 2.515151515151515 1.9696969696969697 2.1818181818181817 3.0 1.5454545454545454 2.878787878787879 1.7575757575757576 2.9696969696969697 2.272727272727273 1.3333333333333333 2.0606060606060606 1.9393939393939394 2.0303030303030303 1.9696969696969697 2.3333333333333335 1.5151515151515151 2.0 2.0303030303030303 1.7272727272727273 2.757575757575758 2.727272727272727 2.3636363636363638 1.9393939393939394 2.1818181818181817
20 65.89270885468837 1.9191919191919191 0.8484848484848485 0.8080808080808081 1.7373737373737375 1.3333333333333333 1.6565656565656566 1.6767676767676767 1.3131313131313131 1.4545454545454546 2.0 1.0303030303030303 1.9191919191919191 1.1717171717171717 1.97979797979798 1.5151515151515151 0.8888888888888888 1.3737373737373737 1.292929292929293 1.3535353535353536 1.3131313131313131 1.5555555555555556 1.0101010101010102 1.3333333333333333 1.3535353535353536 1.1515151515151516 1.8383838383838385 1.8181818181818181 1.5757575757575757 1.292929292929293 1.4545454545454546
21 17.751202971069468 2.878787878787879 1.2727272727272727 1.2121212121212122 2.606060606060606 2.0 2.484848484848485 2.515151515151515 1.9696969696969697 2.1818181818181817 3.0 1.5454545454545454 2.878787878787879 1.7575757575757576 2.9696969696969697 2.272727272727273 1.3333333333333333 2.0606060606060606 1.9393939393939394 2.0303030303030303 1.9696969696969697 2.3333333333333335 1.5151515151515151 2.0 2.0303030303030303 1.7272727272727273 2.757575757575758 2.727272727272727 2.3636363636363638 1.9393939393939394 2.1818181818181817
22 411.1974341729837 1.9191919191919191 0.8484848484848485 0.8080808080808081 1.7373737373737375 1.3333333333333333 1.6565656565656566 1.6767676767676767 1.3131313131313131 1.4545454545454546 2.0 1.0303030303030303 1.9191919191919191 1.1717171717171717 1.97979797979798 1.5151515151515151 0.8888888888888888 1.3737373737373737 1.292929292929293 1.3535353535353536 1.3131313131313131 1.5555555555555556 1.0101010101010102 1.3333333333333333 1.3535353535353536 1.1515151515151516 1.8383838383838385 1.8181818181818181 1.5757575757575757 1.292929292929293 1.4545454545454546
23 204.33070468685668 1.9191919191919191 0.8484848484848485 0.8080808080808081 1.7373737373737375 1.3333333333333333 1.6565656565656566 1.6767676767676767 1.3131313131313131 1.4545454545454546 2.0 1.0303030303030303 1.9191919191919191 1.1717171717171717 1.97979797979798 1.5151515151515151 0.8888888888888888 1.3737373737373737 1.292929292929293 1.3535353535353536 1.3131313131313131 1.5555555555555556 1.0101010101010102 1.3333333333333333 1.3535353535353536 1.1515151515151516 1.8383838383838385 1.8181818181818181 1.5757575757575757 1.292929292929293 1.4545454545454546
24 76.31435038230953 2.878787878787879 1.2727272727272727 1.2121212121212122 2.606060606060606 2.0 2.484848484848485 2.515151515151515 1.9696969696969697 2.1818181818181817 3.0 1.5454545454545454 2.878787878787879 1.7575757575757576 2.9696969696969697 2.272727272727273 1.3333333333333333 2.0606060606060606 1.9393939393939394 2.0303030303030303 1.9696969696969697 2.3333333333333335 1.5151515151515151 2.0 2.0303030303030303 1.7272727272727273 2.757575757575758 2.727272727272727 2.3636363636363638 1.9393939393939394 2.1818181818181817
25 254.70467367562162 1.9191919191919191 0.8484848484848485 0.8080808080808081 1.7373737373737375 1.3333333333333333 1.6565656565656566 1.6767676767676767 1.3131313131313131 1.4545454545454546 2.0 1.0303030303030303 1.9191919191919191 1.1717171717171717 1.97979797979798 1.5151515151515151 0.8888888888888888 1.3737373737373737 1.292929292929293 1.3535353535353536 1.3131313131313131 1.5555555555555556 1.0101010101010102 1.3333333333333333 1.3535353535353536 1.1515151515151516 1.8383838383838385 1.8181818181818181 1.5757575757575757 1.292929292929293 1.4545454545454546
26 183.27599181178925 1.9191919191919191 0.8484848484848485 0.8080808080808081 1.7373737373737375 1.3333333333333333 1.6565656565656566 1.6767676767676767 1.3131313131313131 1.4545454545454546 2.0 1.0303030303030303 1.9191919191919191 1.1717171717171717 1.97979797979798 1.5151515151515151 0.8888888888888888 1.3737373737373737 1.292929292929293 1.3535353535353536 1.3131313131313131 1.5555555555555556 1.0101010101010102 1.3333333333333333 1.3535353535353536 1.1515151515151516 1.8383838383838385 1.8181818181818181 1.5757575757575757 1.292929292929293 1.4545454545454546
27 480.4075328501168 1.9191919191919191 0.8484848484848485 0.8080808080808081 1.7373737373737375 1.3333333333333333 1.6565656565656566 1.6767676767676767 1.3131313131313131 1.4545454545454546 2.0 1.0303030303030303 1.9191919191919191 1.1717171717171717 1.97979797979798 1.5151515151515151 0.8888888888888888 1.3737373737373737 1.292929292929293 1.3535353535353536 1.3131313131313131 1.5555555555555556 1.0101010101010102 1.3333333333333333 1.3535353535353536 1.1515151515151516 1.8383838383838385 1.8181818181818181 1.5757575757575757 1.292929292929293 1.4545454545454546
28 372.4058890383709 1.9191919191919191 0.8484848484848485 0.8080808080808081 1.7373737373737375 1.3333333333333333 1.6565656565656566 1.6767676767676767 1.3131313131313131 1.4545454545454546 2.0 1.0303030303030303 1.9191919191919191 1.1717171717171717 1.97979797979798 1.5151515151515151 0.8888888888888888 1.3737373737373737 1.292929292929293 1.3535353535353536 1.3131313131313131 1.5555555555555556 1.0101010101010102 1.3333333333333333 1.3535353535353536 1.1515151515151516 1.8383838383838385 1.8181818181818181 1.5757575757575757 1.292929292929293 1.4545454545454546
29 114.43140817975043 1.9191919191919191 0.8484848484848485 0.8080808080808081 1.7373737373737375 1.3333333333333333 1.6565656565656566 1.6767676767676767 1.3131313131313131 1.4545454545454546 2.0 1.0303030303030303 1.9191919191919191 1.1717171717171717 1.97979797979798 1.5151515151515151 0.8888888888888888 1.3737373737373737 1.292929292929293 1.3535353535353536 1.3131313131313131 1.5555555555555556 1.0101010101010102 1.3333333333333333 1.3535353535353536 1.1515151515151516 1.8383838383838385 1.8181818181818181 1.5757575757575757 1.292929292929293 1.4545454545454546
30 123.3048732443009 1.9191919191919191 0.8484848484848485 0.8080808080808081 1.7373737373737375 1.3333333333333333 1.6565656565656566 1.6767676767676767 1.3131313131313131 1.4545454545454546 2.0 1.0303030303030303 1.9191919191919191 1.1717171717171717 1.97979797979798 1.5151515151515151 0.8888888888888888 1.3737373737373737 1.292929292929293 1.3535353535353536 1.3131313131313131 1.5555555555555556 1.0101010101010102 1.3333333333333333 1.3535353535353536 1.1515151515151516 1.8383838383838385 1.8181818181818181 1.5757575757575757 1.292929292929293 1.4545454545454546
31 5.524471400658364 1.9191919191919191 0.8484848484848485 0.8080808080808081 1.7373737373737375 1.3333333333333333 1.6565656565656566 1.6767676767676767 1.3131313131313131 1.4545454545454546 2.0 1.0303030303030303 1.9191919191919191 1.1717171717171717 1.97979797979798 1.5151515151515151 0.8888888888888888 1.3737373737373737 1.292929292929293 1.3535353535353536 1.3131313131313131 1.5555555555555556 1.0101010101010102 1.3333333333333333 1.3535353535353536 1.1515151515151516 1.8383838383838385 1.8181818181818181 1.5757575757575757 1.292929292929293 1.4545454545454546
32 160.50255469914575 1.9191919191919191 0.8484848484848485 0.8080808080808081 1.7373737373737375 1.3333333333333333 1.6565656565656566 1.6767676767676767 1.3131313131313131 1.4545454545454546 2.0 1.0303030303030303 1.9191919191919191 1.1717171717171717 1.97979797979798 1.5151515151515151 0.8888888888888888 1.3737373737373737 1.292929292929293 1.3535353535353536 1.3131313131313131 1.5555555555555556 1.0101010101010102 1.3333333333333333 1.3535353535353536 1.1515151515151516 1.8383838383838385 1.8181818181818181 1.5757575757575757 1.292929292929293 1.4545454545454546
33 297.3705491321703 1.9191919191919191 0.8484848484848485 0.8080808080808081 1.7373737373737375 1.3333333333333333 1.6565656565656566 1.6767676767676767 1.3131313131313131 1.4545454545454546 2.0 1.0303030303030303 1.9191919191919191 1.1717171717171717 1.97979797979798 1.5151515151515151 0.8888888888888888 1.3737373737373737 1.292929292929293 1.3535353535353536 1.3131313131313131 1.5555555555555556 1.0101010101010102 1.3333333333333333 1.3535353535353536 1.1515151515151516 1.8383838383838385 1.8181818181818181 1.5757575757575757 1.292929292929293 1.4545454545454546
34 194.0 1.9191919191919191 0.8484848484848485 0.8080808080808081 1.7373737373737375 1.3333333333333333 1.6565656565656566 1.6767676767676767 1.3131313131313131 1.4545454545454546 2.0 1.0303030303030303 1.9191919191919191 1.1717171717171717 1.97979797979798 1.5151515151515151 0.8888888888888888 1.3737373737373737 1.292929292929293 1.3535353535353536 1.3131313131313131 1.5555555555555556 1.0101010101010102 1.3333333333333333 1.3535353535353536 1.1515151515151516 1.8383838383838385 1.8181818181818181 1.5757575757575757 1.292929292929293 1.4545454545454546
35 122.97261567958074 2.878787878787879 1.2727272727272727 1.2121212121212122 2.606060606060606 2.0 2.484848484848485 2.515151515151515 1.9696969696969697 2.1818181818181817 3.0 1.5454545454545454 2.878787878787879 1.7575757575757576 2.9696969696969697 2.272727272727273 1.3333333333333333 2.0606060606060606 1.9393939393939394 2.0303030303030303 1.9696969696969697 2.3333333333333335 1.5151515151515151 2.0 2.0303030303030303 1.7272727272727273 2.757575757575758 2.727272727272727 2.3636363636363638 1.9393939393939394 2.1818181818181817
36 210.70144761829877 1.9191919191919191 0.8484848484848485 0.8080808080808081 1.7373737373737375 1.3333333333333333 1.6565656565656566 1.6767676767676767 1.3131313131313131 1.4545454545454546 2.0 1.0303030303030303 1.9191919191919191 1.1717171717171717 1.97979797979798 1.5151515151515151 0.8888888888888888 1.3737373737373737 1.292929292929293 1.3535353535353536 1.3131313131313131 1.5555555555555556 1.0101010101010102 1.3333333333333333 1.3535353535353536 1.1515151515151516 1.8383838383838385 1.8181818181818181 1.5757575757575757 1.292929292929293 1.4545454545454546
37 0.8090132549842536 1.9191919191919191 0.8484848484848485 0.8080808080808081 1.7373737373737375 1.3333333333333333 1.6565656565656566 1.6767676767676767 1.3131313131313131 1.4545454545454546 2.0 1.0303030303030303 1.9191919191919191 1.1717171717171717 1.97979797979798 1.5151515151515151 0.8888888888888888 1.3737373737373737 1.292929292929293 1.3535353535353536 1.3131313131313131 1.5555555555555556 1.0101010101010102 1.3333333333333333 1.3535353535353536 1.1515151515151516 1.8383838383838385 1.8181818181818181 1.5757575757575757 1.292929292929293 1.4545454545454546
38 222.69951360055956 1.9191919191919191 0.8484848484848485 0.8080808080808081 1.7373737373737375 1.3333333333333333 1.6565656565656566 1.6767676767676767 1.3131313131313131 1.4545454545454546 2.0 1.0303030303030303 1.9191919191919191 1.1717171717171717 1.97979797979798 1.5151515151515151 0.8888888888888888 1.3737373737373737 1.292929292929293 1.3535353535353536 1.3131313131313131 1.5555555555555556 1.0101010101010102 1.3333333333333333 1.3535353535353536 1.1515151515151516 1.8383838383838385 1.8181818181818181 1.5757575757575757 1.292929292929293 1.4545454545454546
39 245.08032142145544 1.9191919191919191 0.8484848484848485 0.8080808080808081 1.7373737373737375 1.3333333333333333 1.6565656565656566 1.6767676767676767 1.3131313131313131 1.4545454545454546 2.0 1.0303030303030303 1.9191919191919191 1.1717171717171717 1.97979797979798 1.5151515151515151 0.8888888888888888 1.3737373737373737 1.292929292929293 1.3535353535353536 1.3131313131313131 1.5555555555555556 1.0101010101010102 1.3333333333333333 1.3535353535353536 1.1515151515151516 1.8383838383838385 1.8181818181818181 1.5757575757575757 1.292929292929293 1.4545454545454546
