80 40
TREE NETWORK (nID nID Weight):
11 0 44
44 0 43
40 0 32
35 44 50
31 35 30
51 40 45
32 51 31
6 0 42
12 40 52
39 11 41
23 12 38
8 12 34
36 23 30
48 32 41
54 36 58
5 36 43
56 8 45
58 54 34
15 8 55
22 23 54
75 39 48
9 40 59
53 40 42
60 11 49
71 8 38
20 60 32
62 8 30
68 9 42
64 62 48
49 71 43
43 75 51
10 54 30
18 62 43
69 44 48
17 53 55
4 44 55
73 12 58
79 54 57
76 18 34
33 54 57
28 51 43
42 40 38
1 36 50
19 44 53
34 32 40
74 19 59
57 9 41
7 49 46
70 40 38
59 44 33
46 53 30
14 23 51
61 70 59
25 28 34
21 25 36
37 57 35
45 19 39
2 10 53
16 15 53
3 16 47
72 75 59
78 45 41
13 39 49
41 17 53
38 32 36
29 42 53
24 9 38
26 4 32
67 14 40
66 57 30
30 42 51
77 32 52
55 60 48
27 25 51
50 57 57
65 21 32
63 11 52
52 16 40
47 67 55
PROGRAMS ASSIGNED TO NODES (nID pID1 pID2 ...):
0 1 2 3 4 5 6 7 8 9 10 11 12 13 14 15 16 17 18 19 20 21 22 23 24 25 26 27 28 29 30 31 32 33 34 35 36 37 38 39 40
1 1 3 4 5 6 7 8 9 10 12 13 14 15 16 17 18 19 20 21 23 25 26 27 28 29 31 33 34 35 36 37 39
2 33 17 18 20 21 7 39 28 13 29
3 16 33 34 20 5 8 40 9 25 11 31 15
4 33 1 2 3 35 36 5 6 7 10 14 16 17 20 24 25 26 27 28 29 30 31
5 1 2 3 4 5 6 7 8 9 11 12 13 14 15 16 17 18 19 20 21 22 23 24 25 26 27 28 29 30 31 32 33 34 35 36 37 38 39 40
6 32 33 35 4 36 5 37 6 38 39 10 15 16 17 18 21 22 25 28 29 30
7 32 34 3 21 8
8 1 4 12
9 33 34 2 36 4 5 6 38 7 40 9 12 15 16 18 21 23 24 25 26 28 29 31
10 1 2 3 4 5 7 8 9 10 12 13 14 16 17 19 20 22 23 24 25 26 27 28 29 30 31 33 35 36 37 39 40
11 9
12 1 2 3 4 6 7 8 9 10 12 13 14 15 16 18 19 20 21 24 25 26 27 28 29 31 32 33 34 35 36 37 38 39
13 21 22 39 25 28
14 32 33 1 34 35 3 36 39 40 8 9 11 12 14 16 20 22 23 26 28 31
15 1 2 3 5 6 7 8 9 10 11 12 13 14 15 16 17 18 19 20 21 22 23 24 26 27 28 29 30 31 32 33 34 35 36 37 38 39 40
16 32 1 34 2 35 4 37 38 6 39 9 11 12 13 14 15 19 20 22 24 26 27 29
17 17 2 19 35 36 7 10 11 12 13 14 15
18 17 1 18 19 20 5 24 40 25 29
19 5 6 7 8 9 10 11 12 13 14 16 17 18 20 21 22 23 25 27 30 32 33 35 36 37 39 40
20 35 3 36 4 5 40 9 13 14 20 23 25 26 27
21 1 3 6 38 40 9 14 17 22 25 27 29 31
22 2 35 4 36 5 37 38 39 40 8 9 10 13 16 21 24 25 26 27 28 29
23 2 5 6 7 8 9 11 14 15 16 18 20 21 22 23 24 26 29 30 31 32 33 34 35 37 38 39 40
24 1 2 3 4 5 6 7 8 9 10 11 12 13 14 15 16 17 18 19 20 21 22 23 24 25 26 27 28 29 30 31 32 33 34 35 36 37 39 40
25 33 19 3 36 22 40 24 9
26 32 19 3 20 39 7 25 11 30
27 1 2 3 4 6 7 8 10 11 12 13 14 16 17 18 19 20 22 23 24 26 28 31 35 36 37 39 40
28 32 16 33 18 35 36 20 7 8 27
29 1 2 6 7 11 12 13 14 16 17 18 20 22 24 25 26 27 28 29 32 35 36 37 38 39 40
30 1 2 3 4 5 6 7 8 9 10 11 12 14 16 17 18 19 20 21 22 23 24 25 26 27 28 29 30 31 32 33 34 35 36 37 38 39 40
31 1 2 3 4 7 8 9 10 11 14 15 17 18 20 22 26 28 29 30 31 35 36 37 38 39
32 32 34 3 36 37 38 39 9 10 11 14 15 17 21 22 23 24 26 27 29 30 31
34 33 34 35 37 7 8 9 12 16 18 19 22 24 30
35 33 36 23 25
36 2 3 6 7 8 9 10 11 12 13 14 15 16 17 18 20 21 23 24 25 26 27 29 31 35 36 39 40
37 38 23 9
38 1 2 3 4 5 7 9 12 13 14 15 16 17 18 19 20 21 22 23 24 25 26 27 28 29 30 31 32 33 35 36 37 38 39 40
39 32 5 7 8 17 18 19 22 23 24 27 30 31
40 16 33 2 35 3 7 27 14
41 16 14
42 33 4 37 5 10 11 15 17 20 23 27 28 29 31
43 1 2 3 4 5 6 7 8 9 10 12 13 14 16 17 18 19 20 21 22 23 24 25 26 27 28 29 30 31 32 33 34 35 36 37 38 39 40
44 33 34 35 3 4 37 38 7 39 9 10 11 12 13 15 16 19 21 22 24 28 31
45 33 1 2 34 3 35 36 5 38 39 7 8 40 10 12 16 18 20 24 25 26 27 29
46 1 2 3 4 5 6 8 9 12 13 14 15 16 17 18 20 21 22 23 24 27 28 30 32 33 35 36 37 40
47 16 33 3 21 6 38 23 40 11 29
48 33 3 5 38 7 8 9 10 11 13 14 17 21 24 27
49 6 14 15
50 2 5 6 7 9 10 11 12 13 14 15 16 18 19 21 22 24 25 26 28 29 32 33 34 36 37 38 39 40
51 32 33 34 20 21 38 23 40 8 10 14
52 16 18 8 25 28 14
53 3 5 6 7 8 9 12 13 14 16 17 18 19 21 22 25 26 28 29 31 33 34 35 39 40
54 34 6 23 39 8 25 10 27
55 2 36 4 5 6 39 40 25 26 27 13 15
56 32 1 34 35 36 38 7 8 40 10 11 13 16 18 20 23 24 26 28 31
57 1 2 34 36 4 5 8 40 15 17 21 27 29
58 1 2 3 4 5 6 7 8 9 11 12 14 15 16 17 18 19 20 21 22 23 24 25 26 27 28 29 30 31 32 33 34 35 36 37 38 39 40
59 1 2 7 8 9 10 12 13 14 15 16 17 19 20 21 22 24 25 26 27 28 29 30 31 32 33 34 35 36 38 39 40
60 33 18 5 40 25 27 11 28 29
61 32 33 2 3 36 5 37 7 39 9 10 11 13 14 15 16 18 19 22 23 29 30
62 17 1 18 34 20 4 7 24 9 25
63 32 34 35 4 36 39 10 12 16 21 26 29 30
64 1 2 3 4 5 6 7 8 9 10 11 12 13 14 15 16 17 18 19 20 21 22 23 24 25 26 27 28 29 30 31 32 33 34 35 37 38 39
65 33 2 35 3 36 6 38 39 8 40 10 15 17 18 21 22 24 26 27 28 29 31
66 17 34 19 35 36 5 25 26 11 28 14 30
67 1 2 3 5 6 9 10 11 13 14 16 17 20 21 23 24 25 26 27 28 29 31 32 33 35 36 38 40
68 1 2 3 4 5 6 8 9 10 11 12 13 14 15 16 17 18 19 20 21 22 23 24 25 26 27 31 32 34 35 36 37 38 39 40
69 34 3 35 37 5 6 38 7 8 40 9 11 14 16 17 19 24 27 28 29
70 1 2 3 4 5 6 7 8 9 10 12 13 14 15 16 18 19 20 21 22 24 25 29 30 32 33 34 38 39 40
71 1 2 3 4 5 6 7 8 9 10 11 12 13 14 15 16 17 18 19 20 21 22 23 24 25 26 27 28 29 30 31 32 33 34 35 36 37 39 40
72 1 2 3 4 5 6 7 8 9 11 12 13 14 15 16 19 20 23 24 26 27 28 29 30 31 33 36 37 39
73 1 2 34 35 3 38 6 40 9 13 14 15 16 17 23 24 27 30 31
74 3 6 7 10 11 12 13 14 15 16 17 21 22 23 26 28 29 30 31 32 33 34 36 37 38 40
75 1 2 4 5 7 8 9 10 13 14 15 16 18 19 20 21 24 25 26 27 28 29 30 31 32 33 34 35 36 38
76 32 4 37 38 6 39 40 12 13 15 16 21 22 27
77 33 1 4 38 39 7 12 13 16 17 21 23 24 26 30
78 1 2 4 5 6 7 8 9 10 11 12 13 14 16 17 18 20 21 22 23 24 25 27 29 30 31 34 35 37 38 40
79 2 3 4 5 6 7 8 10 11 12 16 17 18 19 20 23 24 25 26 27 30 35 36 39 40
SIZE OF PROGRAMS (pID SIZE):
1 94.0
2 94.0
3 91.0
4 98.0
5 58.0
6 66.0
7 73.0
8 68.0
9 81.0
10 42.0
11 81.0
12 63.0
13 93.0
14 81.0
15 79.0
16 52.0
17 79.0
18 77.0
19 95.0
20 64.0
21 50.0
22 43.0
23 84.0
24 71.0
25 53.0
26 92.0
27 73.0
28 66.0
29 57.0
30 53.0
31 63.0
32 72.0
33 40.0
34 83.0
35 47.0
36 55.0
37 64.0
38 55.0
39 60.0
40 83.0
COST TO INSTALL SERVERS AND PROGRAMS ON NODES (COST_TO_INSTALL_SERVER COST_TO_INSTALL_pID1 ...):
0 6700.0 1.9183673469387754 1.9183673469387754 1.8571428571428572 2.0 1.183673469387755 1.346938775510204 1.489795918367347 1.3877551020408163 1.653061224489796 0.8571428571428571 1.653061224489796 1.2857142857142858 1.8979591836734695 1.653061224489796 1.6122448979591837 1.0612244897959184 1.6122448979591837 1.5714285714285714 1.9387755102040816 1.3061224489795917 1.0204081632653061 0.8775510204081632 1.7142857142857142 1.4489795918367347 1.0816326530612246 1.8775510204081634 1.489795918367347 1.346938775510204 1.163265306122449 1.0816326530612246 1.2857142857142858 1.469387755102041 0.8163265306122449 1.6938775510204083 0.9591836734693877 1.1224489795918366 1.3061224489795917 1.1224489795918366 1.2244897959183674 1.6938775510204083
1 169.5029566775574 2.877551020408163 2.877551020408163 2.7857142857142856 3.0 1.7755102040816326 2.020408163265306 2.2346938775510203 2.0816326530612246 2.479591836734694 1.2857142857142858 2.479591836734694 1.9285714285714286 2.8469387755102042 2.479591836734694 2.4183673469387754 1.5918367346938775 2.4183673469387754 2.357142857142857 2.9081632653061225 1.9591836734693877 1.530612244897959 1.316326530612245 2.5714285714285716 2.173469387755102 1.6224489795918366 2.816326530612245 2.2346938775510203 2.020408163265306 1.7448979591836735 1.6224489795918366 1.9285714285714286 2.204081632653061 1.2244897959183674 2.5408163265306123 1.4387755102040816 1.683673469387755 1.9591836734693877 1.683673469387755 1.836734693877551 2.5408163265306123
2 141.25614456035615 2.877551020408163 2.877551020408163 2.7857142857142856 3.0 1.7755102040816326 2.020408163265306 2.2346938775510203 2.0816326530612246 2.479591836734694 1.2857142857142858 2.479591836734694 1.9285714285714286 2.8469387755102042 2.479591836734694 2.4183673469387754 1.5918367346938775 2.4183673469387754 2.357142857142857 2.9081632653061225 1.9591836734693877 1.530612244897959 1.316326530612245 2.5714285714285716 2.173469387755102 1.6224489795918366 2.816326530612245 2.2346938775510203 2.020408163265306 1.7448979591836735 1.6224489795918366 1.9285714285714286 2.204081632653061 1.2244897959183674 2.5408163265306123 1.4387755102040816 1.683673469387755 1.9591836734693877 1.683673469387755 1.836734693877551 2.5408163265306123
3 68.5195805483649 2.877551020408163 2.877551020408163 2.7857142857142856 3.0 1.7755102040816326 2.020408163265306 2.2346938775510203 2.0816326530612246 2.479591836734694 1.2857142857142858 2.479591836734694 1.9285714285714286 2.8469387755102042 2.479591836734694 2.4183673469387754 1.5918367346938775 2.4183673469387754 2.357142857142857 2.9081632653061225 1.9591836734693877 1.530612244897959 1.316326530612245 2.5714285714285716 2.173469387755102 1.6224489795918366 2.816326530612245 2.2346938775510203 2.020408163265306 1.7448979591836735 1.6224489795918366 1.9285714285714286 2.204081632653061 1.2244897959183674 2.5408163265306123 1.4387755102040816 1.683673469387755 1.9591836734693877 1.683673469387755 1.836734693877551 2.5408163265306123
4 39.3628868033519 1.9183673469387754 1.9183673469387754 1.8571428571428572 2.0 1.183673469387755 1.346938775510204 1.489795918367347 1.3877551020408163 1.653061224489796 0.8571428571428571 1.653061224489796 1.2857142857142858 1.8979591836734695 1.653061224489796 1.6122448979591837 1.0612244897959184 1.6122448979591837 1.5714285714285714 1.9387755102040816 1.3061224489795917 1.0204081632653061 0.8775510204081632 1.7142857142857142 1.4489795918367347 1.0816326530612246 1.8775510204081634 1.489795918367347 1.346938775510204 1.163265306122449 1.0816326530612246 1.2857142857142858 1.469387755102041 0.8163265306122449 1.6938775510204083 0.9591836734693877 1.1224489795918366 1.3061224489795917 1.1224489795918366 1.2244897959183674 1.6938775510204083
5 381.6822159375054 1.9183673469387754 1.9183673469387754 1.8571428571428572 2.0 1.183673469387755 1.346938775510204 1.489795918367347 1.3877551020408163 1.653061224489796 0.8571428571428571 1.653061224489796 1.2857142857142858 1.8979591836734695 1.653061224489796 1.6122448979591837 1.0612244897959184 1.6122448979591837 1.5714285714285714 1.9387755102040816 1.3061224489795917 1.0204081632653061 0.8775510204081632 1.7142857142857142 1.4489795918367347 1.0816326530612246 1.8775510204081634 1.489795918367347 1.346938775510204 1.163265306122449 1.0816326530612246 1.2857142857142858 1.469387755102041 0.8163265306122449 1.6938775510204083 0.9591836734693877 1.1224489795918366 1.3061224489795917 1.1224489795918366 1.2244897959183674 1.6938775510204083
6 14.100364781506723 2.877551020408163 2.877551020408163 2.7857142857142856 3.0 1.7755102040816326 2.020408163265306 2.2346938775510203 2.0816326530612246 2.479591836734694 1.2857142857142858 2.479591836734694 1.9285714285714286 2.8469387755102042 2.479591836734694 2.4183673469387754 1.5918367346938775 2.4183673469387754 2.357142857142857 2.9081632653061225 1.9591836734693877 1.530612244897959 1.316326530612245 2.5714285714285716 2.173469387755102 1.6224489795918366 2.816326530612245 2.2346938775510203 2.020408163265306 1.7448979591836735 1.6224489795918366 1.9285714285714286 2.204081632653061 1.2244897959183674 2.5408163265306123 1.4387755102040816 1.683673469387755 1.9591836734693877 1.683673469387755 1.836734693877551 2.5408163265306123
7 56.61257336172926 2.877551020408163 2.877551020408163 2.7857142857142856 3.0 1.7755102040816326 2.020408163265306 2.2346938775510203 2.0816326530612246 2.479591836734694 1.2857142857142858 2.479591836734694 1.9285714285714286 2.8469387755102042 2.479591836734694 2.4183673469387754 1.5918367346938775 2.4183673469387754 2.357142857142857 2.9081632653061225 1.9591836734693877 1.530612244897959 1.316326530612245 2.5714285714285716 2.173469387755102 1.6224489795918366 2.816326530612245 2.2346938775510203 2.020408163265306 1.7448979591836735 1.6224489795918366 1.9285714285714286 2.204081632653061 1.2244897959183674 2.5408163265306123 1.4387755102040816 1.683673469387755 1.9591836734693877 1.683673469387755 1.836734693877551 2.5408163265306123
8 254.7607471043899 1.9183673469387754 1.9183673469387754 1.8571428571428572 2.0 1.183673469387755 1.346938775510204 1.489795918367347 1.3877551020408163 1.653061224489796 0.8571428571428571 1.653061224489796 1.2857142857142858 1.8979591836734695 1.653061224489796 1.6122448979591837 1.0612244897959184 1.6122448979591837 1.5714285714285714 1.9387755102040816 1.3061224489795917 1.0204081632653061 0.8775510204081632 1.7142857142857142 1.4489795918367347 1.0816326530612246 1.8775510204081634 1.489795918367347 1.346938775510204 1.163265306122449 1.0816326530612246 1.2857142857142858 1.469387755102041 0.8163265306122449 1.6938775510204083 0.9591836734693877 1.1224489795918366 1.3061224489795917 1.1224489795918366 1.2244897959183674 1.6938775510204083
9 80.03225296370192 1.9183673469387754 1.9183673469387754 1.8571428571428572 2.0 1.183673469387755 1.346938775510204 1.489795918367347 1.3877551020408163 1.653061224489796 0.8571428571428571 1.653061224489796 1.2857142857142858 1.8979591836734695 1.653061224489796 1.6122448979591837 1.0612244897959184 1.6122448979591837 1.5714285714285714 1.9387755102040816 1.3061224489795917 1.0204081632653061 0.8775510204081632 1.7142857142857142 1.4489795918367347 1.0816326530612246 1.8775510204081634 1.489795918367347 1.346938775510204 1.163265306122449 1.0816326530612246 1.2857142857142858 1.469387755102041 0.8163265306122449 1.6938775510204083 0.9591836734693877 1.1224489795918366 1.3061224489795917 1.1224489795918366 1.2244897959183674 1.6938775510204083
10 219.34781044848302 1.9183673469387754 1.9183673469387754 1.8571428571428572 2.0 1.183673469387755 1.346938775510204 1.489795918367347 1.3877551020408163 1.653061224489796 0.8571428571428571 1.653061224489796 1.2857142857142858 1.8979591836734695 1.653061224489796 1.6122448979591837 1.0612244897959184 1.6122448979591837 1.5714285714285714 1.9387755102040816 1.3061224489795917 1.0204081632653061 0.8775510204081632 1.7142857142857142 1.4489795918367347 1.0816326530612246 1.8775510204081634 1.489795918367347 1.346938775510204 1.163265306122449 1.0816326530612246 1.2857142857142858 1.469387755102041 0.8163265306122449 1.6938775510204083 0.9591836734693877 1.1224489795918366 1.3061224489795917 1.1224489795918366 1.2244897959183674 1.6938775510204083
11 243.0 2.877551020408163 2.877551020408163 2.7857142857142856 3.0 1.7755102040816326 2.020408163265306 2.2346938775510203 2.0816326530612246 2.479591836734694 1.2857142857142858 2.479591836734694 1.9285714285714286 2.8469387755102042 2.479591836734694 2.4183673469387754 1.5918367346938775 2.4183673469387754 2.357142857142857 2.9081632653061225 1.9591836734693877 1.530612244897959 1.316326530612245 2.5714285714285716 2.173469387755102 1.6224489795918366 2.816326530612245 2.2346938775510203 2.020408163265306 1.7448979591836735 1.6224489795918366 1.9285714285714286 2.204081632653061 1.2244897959183674 2.5408163265306123 1.4387755102040816 1.683673469387755 1.9591836734693877 1.683673469387755 1.836734693877551 2.5408163265306123
12 50.73395255694642 2.877551020408163 2.877551020408163 2.7857142857142856 3.0 1.7755102040816326 2.020408163265306 2.2346938775510203 2.0816326530612246 2.479591836734694 1.2857142857142858 2.479591836734694 1.9285714285714286 2.8469387755102042 2.479591836734694 2.4183673469387754 1.5918367346938775 2.4183673469387754 2.357142857142857 2.9081632653061225 1.9591836734693877 1.530612244897959 1.316326530612245 2.5714285714285716 2.173469387755102 1.6224489795918366 2.816326530612245 2.2346938775510203 2.020408163265306 1.7448979591836735 1.6224489795918366 1.9285714285714286 2.204081632653061 1.2244897959183674 2.5408163265306123 1.4387755102040816 1.683673469387755 1.9591836734693877 1.683673469387755 1.836734693877551 2.5408163265306123
13 22.517483618837634 2.877551020408163 2.877551020408163 2.7857142857142856 3.0 1.7755102040816326 2.020408163265306 2.2346938775510203 2.0816326530612246 2.479591836734694 1.2857142857142858 2.479591836734694 1.9285714285714286 2.8469387755102042 2.479591836734694 2.4183673469387754 1.5918367346938775 2.4183673469387754 2.357142857142857 2.9081632653061225 1.9591836734693877 1.530612244897959 1.316326530612245 2.5714285714285716 2.173469387755102 1.6224489795918366 2.816326530612245 2.2346938775510203 2.020408163265306 1.7448979591836735 1.6224489795918366 1.9285714285714286 2.204081632653061 1.2244897959183674 2.5408163265306123 1.4387755102040816 1.683673469387755 1.9591836734693877 1.683673469387755 1.836734693877551 2.5408163265306123
14 277.426829605921 2.877551020408163 2.877551020408163 2.7857142857142856 3.0 1.7755102040816326 2.020408163265306 2.2346938775510203 2.0816326530612246 2.479591836734694 1.2857142857142858 2.479591836734694 1.9285714285714286 2.8469387755102042 2.479591836734694 2.4183673469387754 1.5918367346938775 2.4183673469387754 2.357142857142857 2.9081632653061225 1.9591836734693877 1.530612244897959 1.316326530612245 2.5714285714285716 2.173469387755102 1.6224489795918366 2.816326530612245 2.2346938775510203 2.020408163265306 1.7448979591836735 1.6224489795918366 1.9285714285714286 2.204081632653061 1.2244897959183674 2.5408163265306123 1.4387755102040816 1.683673469387755 1.9591836734693877 1.683673469387755 1.836734693877551 2.5408163265306123
15 160.71763519127367 2.877551020408163 2.877551020408163 2.7857142857142856 3.0 1.7755102040816326 2.020408163265306 2.2346938775510203 2.0816326530612246 2.479591836734694 1.2857142857142858 2.479591836734694 1.9285714285714286 2.8469387755102042 2.479591836734694 2.4183673469387754 1.5918367346938775 2.4183673469387754 2.357142857142857 2.9081632653061225 1.9591836734693877 1.530612244897959 1.316326530612245 2.5714285714285716 2.173469387755102 1.6224489795918366 2.816326530612245 2.2346938775510203 2.020408163265306 1.7448979591836735 1.6224489795918366 1.9285714285714286 2.204081632653061 1.2244897959183674 2.5408163265306123 1.4387755102040816 1.683673469387755 1.9591836734693877 1.683673469387755 1.836734693877551 2.5408163265306123
16 344.61852863499746 1.9183673469387754 1.9183673469387754 1.8571428571428572 2.0 1.183673469387755 1.346938775510204 1.489795918367347 1.3877551020408163 1.653061224489796 0.8571428571428571 1.653061224489796 1.2857142857142858 1.8979591836734695 1.653061224489796 1.6122448979591837 1.0612244897959184 1.6122448979591837 1.5714285714285714 1.9387755102040816 1.3061224489795917 1.0204081632653061 0.8775510204081632 1.7142857142857142 1.4489795918367347 1.0816326530612246 1.8775510204081634 1.489795918367347 1.346938775510204 1.163265306122449 1.0816326530612246 1.2857142857142858 1.469387755102041 0.8163265306122449 1.6938775510204083 0.9591836734693877 1.1224489795918366 1.3061224489795917 1.1224489795918366 1.2244897959183674 1.6938775510204083
17 90.08680190129438 2.877551020408163 2.877551020408163 2.7857142857142856 3.0 1.7755102040816326 2.020408163265306 2.2346938775510203 2.0816326530612246 2.479591836734694 1.2857142857142858 2.479591836734694 1.9285714285714286 2.8469387755102042 2.479591836734694 2.4183673469387754 1.5918367346938775 2.4183673469387754 2.357142857142857 2.9081632653061225 1.9591836734693877 1.530612244897959 1.316326530612245 2.5714285714285716 2.173469387755102 1.6224489795918366 2.816326530612245 2.2346938775510203 2.020408163265306 1.7448979591836735 1.6224489795918366 1.9285714285714286 2.204081632653061 1.2244897959183674 2.5408163265306123 1.4387755102040816 1.683673469387755 1.9591836734693877 1.683673469387755 1.836734693877551 2.5408163265306123
18 261.44178278056035 1.9183673469387754 1.9183673469387754 1.8571428571428572 2.0 1.183673469387755 1.346938775510204 1.489795918367347 1.3877551020408163 1.653061224489796 0.8571428571428571 1.653061224489796 1.2857142857142858 1.8979591836734695 1.653061224489796 1.6122448979591837 1.0612244897959184 1.6122448979591837 1.5714285714285714 1.9387755102040816 1.3061224489795917 1.0204081632653061 0.8775510204081632 1.7142857142857142 1.4489795918367347 1.0816326530612246 1.8775510204081634 1.489795918367347 1.346938775510204 1.163265306122449 1.0816326530612246 1.2857142857142858 1.469387755102041 0.8163265306122449 1.6938775510204083 0.9591836734693877 1.1224489795918366 1.3061224489795917 1.1224489795918366 1.2244897959183674 1.6938775510204083
19 110.54948501529746 1.9183673469387754 1.9183673469387754 1.8571428571428572 2.0 1.183673469387755 1.346938775510204 1.489795918367347 1.3877551020408163 1.653061224489796 0.8571428571428571 1.653061224489796 1.2857142857142858 1.8979591836734695 1.653061224489796 1.6122448979591837 1.0612244897959184 1.6122448979591837 1.5714285714285714 1.9387755102040816 1.3061224489795917 1.0204081632653061 0.8775510204081632 1.7142857142857142 1.4489795918367347 1.0816326530612246 1.8775510204081634 1.489795918367347 1.346938775510204 1.163265306122449 1.0816326530612246 1.2857142857142858 1.469387755102041 0.8163265306122449 1.6938775510204083 0.9591836734693877 1.1224489795918366 1.3061224489795917 1.1224489795918366 1.2244897959183674 1.6938775510204083
20 42.89241903623838 1.9183673469387754 1.9183673469387754 1.8571428571428572 2.0 1.183673469387755 1.346938775510204 1.489795918367347 1.3877551020408163 1.653061224489796 0.8571428571428571 1.653061224489796 1.2857142857142858 1.8979591836734695 1.653061224489796 1.6122448979591837 1.0612244897959184 1.6122448979591837 1.5714285714285714 1.9387755102040816 1.3061224489795917 1.0204081632653061 0.8775510204081632 1.7142857142857142 1.4489795918367347 1.0816326530612246 1.8775510204081634 1.489795918367347 1.346938775510204 1.163265306122449 1.0816326530612246 1.2857142857142858 1.469387755102041 0.8163265306122449 1.6938775510204083 0.9591836734693877 1.1224489795918366 1.3061224489795917 1.1224489795918366 1.2244897959183674 1.6938775510204083
21 265.05121039284836 2.877551020408163 2.877551020408163 2.7857142857142856 3.0 1.7755102040816326 2.020408163265306 2.2346938775510203 2.0816326530612246 2.479591836734694 1.2857142857142858 2.479591836734694 1.9285714285714286 2.8469387755102042 2.479591836734694 2.4183673469387754 1.5918367346938775 2.4183673469387754 2.357142857142857 2.9081632653061225 1.9591836734693877 1.530612244897959 1.316326530612245 2.5714285714285716 2.173469387755102 1.6224489795918366 2.816326530612245 2.2346938775510203 2.020408163265306 1.7448979591836735 1.6224489795918366 1.9285714285714286 2.204081632653061 1.2244897959183674 2.5408163265306123 1.4387755102040816 1.683673469387755 1.9591836734693877 1.683673469387755 1.836734693877551 2.5408163265306123
22 79.19957394879151 1.9183673469387754 1.9183673469387754 1.8571428571428572 2.0 1.183673469387755 1.346938775510204 1.489795918367347 1.3877551020408163 1.653061224489796 0.8571428571428571 1.653061224489796 1.2857142857142858 1.8979591836734695 1.653061224489796 1.6122448979591837 1.0612244897959184 1.6122448979591837 1.5714285714285714 1.9387755102040816 1.3061224489795917 1.0204081632653061 0.8775510204081632 1.7142857142857142 1.4489795918367347 1.0816326530612246 1.8775510204081634 1.489795918367347 1.346938775510204 1.163265306122449 1.0816326530612246 1.2857142857142858 1.469387755102041 0.8163265306122449 1.6938775510204083 0.9591836734693877 1.1224489795918366 1.3061224489795917 1.1224489795918366 1.2244897959183674 1.6938775510204083
23 108.91908596777407 2.877551020408163 2.877551020408163 2.7857142857142856 3.0 1.7755102040816326 2.020408163265306 2.2346938775510203 2.0816326530612246 2.479591836734694 1.2857142857142858 2.479591836734694 1.9285714285714286 2.8469387755102042 2.479591836734694 2.4183673469387754 1.5918367346938775 2.4183673469387754 2.357142857142857 2.9081632653061225 1.9591836734693877 1.530612244897959 1.316326530612245 2.5714285714285716 2.173469387755102 1.6224489795918366 2.816326530612245 2.2346938775510203 2.020408163265306 1.7448979591836735 1.6224489795918366 1.9285714285714286 2.204081632653061 1.2244897959183674 2.5408163265306123 1.4387755102040816 1.683673469387755 1.9591836734693877 1.683673469387755 1.836734693877551 2.5408163265306123
24 153.66695248954798 2.877551020408163 2.877551020408163 2.7857142857142856 3.0 1.7755102040816326 2.020408163265306 2.2346938775510203 2.0816326530612246 2.479591836734694 1.2857142857142858 2.479591836734694 1.9285714285714286 2.8469387755102042 2.479591836734694 2.4183673469387754 1.5918367346938775 2.4183673469387754 2.357142857142857 2.9081632653061225 1.9591836734693877 1.530612244897959 1.316326530612245 2.5714285714285716 2.173469387755102 1.6224489795918366 2.816326530612245 2.2346938775510203 2.020408163265306 1.7448979591836735 1.6224489795918366 1.9285714285714286 2.204081632653061 1.2244897959183674 2.5408163265306123 1.4387755102040816 1.683673469387755 1.9591836734693877 1.683673469387755 1.836734693877551 2.5408163265306123
25 107.32358962440134 1.9183673469387754 1.9183673469387754 1.8571428571428572 2.0 1.183673469387755 1.346938775510204 1.489795918367347 1.3877551020408163 1.653061224489796 0.8571428571428571 1.653061224489796 1.2857142857142858 1.8979591836734695 1.653061224489796 1.6122448979591837 1.0612244897959184 1.6122448979591837 1.5714285714285714 1.9387755102040816 1.3061224489795917 1.0204081632653061 0.8775510204081632 1.7142857142857142 1.4489795918367347 1.0816326530612246 1.8775510204081634 1.489795918367347 1.346938775510204 1.163265306122449 1.0816326530612246 1.2857142857142858 1.469387755102041 0.8163265306122449 1.6938775510204083 0.9591836734693877 1.1224489795918366 1.3061224489795917 1.1224489795918366 1.2244897959183674 1.6938775510204083
26 16.845046721986613 1.9183673469387754 1.9183673469387754 1.8571428571428572 2.0 1.183673469387755 1.346938775510204 1.489795918367347 1.3877551020408163 1.653061224489796 0.8571428571428571 1.653061224489796 1.2857142857142858 1.8979591836734695 1.653061224489796 1.6122448979591837 1.0612244897959184 1.6122448979591837 1.5714285714285714 1.9387755102040816 1.3061224489795917 1.0204081632653061 0.8775510204081632 1.7142857142857142 1.4489795918367347 1.0816326530612246 1.8775510204081634 1.489795918367347 1.346938775510204 1.163265306122449 1.0816326530612246 1.2857142857142858 1.469387755102041 0.8163265306122449 1.6938775510204083 0.9591836734693877 1.1224489795918366 1.3061224489795917 1.1224489795918366 1.2244897959183674 1.6938775510204083
27 152.6110371720981 2.877551020408163 2.877551020408163 2.7857142857142856 3.0 1.7755102040816326 2.020408163265306 2.2346938775510203 2.0816326530612246 2.479591836734694 1.2857142857142858 2.479591836734694 1.9285714285714286 2.8469387755102042 2.479591836734694 2.4183673469387754 1.5918367346938775 2.4183673469387754 2.357142857142857 2.9081632653061225 1.9591836734693877 1.530612244897959 1.316326530612245 2.5714285714285716 2.173469387755102 1.6224489795918366 2.816326530612245 2.2346938775510203 2.020408163265306 1.7448979591836735 1.6224489795918366 1.9285714285714286 2.204081632653061 1.2244897959183674 2.5408163265306123 1.4387755102040816 1.683673469387755 1.9591836734693877 1.683673469387755 1.836734693877551 2.5408163265306123
28 188.3090823632649 2.877551020408163 2.877551020408163 2.7857142857142856 3.0 1.7755102040816326 2.020408163265306 2.2346938775510203 2.0816326530612246 2.479591836734694 1.2857142857142858 2.479591836734694 1.9285714285714286 2.8469387755102042 2.479591836734694 2.4183673469387754 1.5918367346938775 2.4183673469387754 2.357142857142857 2.9081632653061225 1.9591836734693877 1.530612244897959 1.316326530612245 2.5714285714285716 2.173469387755102 1.6224489795918366 2.816326530612245 2.2346938775510203 2.020408163265306 1.7448979591836735 1.6224489795918366 1.9285714285714286 2.204081632653061 1.2244897959183674 2.5408163265306123 1.4387755102040816 1.683673469387755 1.9591836734693877 1.683673469387755 1.836734693877551 2.5408163265306123
29 96.36893622207262 1.9183673469387754 1.9183673469387754 1.8571428571428572 2.0 1.183673469387755 1.346938775510204 1.489795918367347 1.3877551020408163 1.653061224489796 0.8571428571428571 1.653061224489796 1.2857142857142858 1.8979591836734695 1.653061224489796 1.6122448979591837 1.0612244897959184 1.6122448979591837 1.5714285714285714 1.9387755102040816 1.3061224489795917 1.0204081632653061 0.8775510204081632 1.7142857142857142 1.4489795918367347 1.0816326530612246 1.8775510204081634 1.489795918367347 1.346938775510204 1.163265306122449 1.0816326530612246 1.2857142857142858 1.469387755102041 0.8163265306122449 1.6938775510204083 0.9591836734693877 1.1224489795918366 1.3061224489795917 1.1224489795918366 1.2244897959183674 1.6938775510204083
30 68.96294790776824 2.877551020408163 2.877551020408163 2.7857142857142856 3.0 1.7755102040816326 2.020408163265306 2.2346938775510203 2.0816326530612246 2.479591836734694 1.2857142857142858 2.479591836734694 1.9285714285714286 2.8469387755102042 2.479591836734694 2.4183673469387754 1.5918367346938775 2.4183673469387754 2.357142857142857 2.9081632653061225 1.9591836734693877 1.530612244897959 1.316326530612245 2.5714285714285716 2.173469387755102 1.6224489795918366 2.816326530612245 2.2346938775510203 2.020408163265306 1.7448979591836735 1.6224489795918366 1.9285714285714286 2.204081632653061 1.2244897959183674 2.5408163265306123 1.4387755102040816 1.683673469387755 1.9591836734693877 1.683673469387755 1.836734693877551 2.5408163265306123
31 79.00318972976656 1.9183673469387754 1.9183673469387754 1.8571428571428572 2.0 1.183673469387755 1.346938775510204 1.489795918367347 1.3877551020408163 1.653061224489796 0.8571428571428571 1.653061224489796 1.2857142857142858 1.8979591836734695 1.653061224489796 1.6122448979591837 1.0612244897959184 1.6122448979591837 1.5714285714285714 1.9387755102040816 1.3061224489795917 1.0204081632653061 0.8775510204081632 1.7142857142857142 1.4489795918367347 1.0816326530612246 1.8775510204081634 1.489795918367347 1.346938775510204 1.163265306122449 1.0816326530612246 1.2857142857142858 1.469387755102041 0.8163265306122449 1.6938775510204083 0.9591836734693877 1.1224489795918366 1.3061224489795917 1.1224489795918366 1.2244897959183674 1.6938775510204083
32 169.50671606483888 1.9183673469387754 1.9183673469387754 1.8571428571428572 2.0 1.183673469387755 1.346938775510204 1.489795918367347 1.3877551020408163 1.653061224489796 0.8571428571428571 1.653061224489796 1.2857142857142858 1.8979591836734695 1.653061224489796 1.6122448979591837 1.0612244897959184 1.6122448979591837 1.5714285714285714 1.9387755102040816 1.3061224489795917 1.0204081632653061 0.8775510204081632 1.7142857142857142 1.4489795918367347 1.0816326530612246 1.8775510204081634 1.489795918367347 1.346938775510204 1.163265306122449 1.0816326530612246 1.2857142857142858 1.469387755102041 0.8163265306122449 1.6938775510204083 0.9591836734693877 1.1224489795918366 1.3061224489795917 1.1224489795918366 1.2244897959183674 1.6938775510204083
33 290.0 1.9183673469387754 1.9183673469387754 1.8571428571428572 2.0 1.183673469387755 1.346938775510204 1.489795918367347 1.3877551020408163 1.653061224489796 0.8571428571428571 1.653061224489796 1.2857142857142858 1.8979591836734695 1.653061224489796 1.6122448979591837 1.0612244897959184 1.6122448979591837 1.5714285714285714 1.9387755102040816 1.3061224489795917 1.0204081632653061 0.8775510204081632 1.7142857142857142 1.4489795918367347 1.0816326530612246 1.8775510204081634 1.489795918367347 1.346938775510204 1.163265306122449 1.0816326530612246 1.2857142857142858 1.469387755102041 0.8163265306122449 1.6938775510204083 0.9591836734693877 1.1224489795918366 1.3061224489795917 1.1224489795918366 1.2244897959183674 1.6938775510204083
34 91.5915484669326 2.877551020408163 2.877551020408163 2.7857142857142856 3.0 1.7755102040816326 2.020408163265306 2.2346938775510203 2.0816326530612246 2.479591836734694 1.2857142857142858 2.479591836734694 1.9285714285714286 2.8469387755102042 2.479591836734694 2.4183673469387754 1.5918367346938775 2.4183673469387754 2.357142857142857 2.9081632653061225 1.9591836734693877 1.530612244897959 1.316326530612245 2.5714285714285716 2.173469387755102 1.6224489795918366 2.816326530612245 2.2346938775510203 2.020408163265306 1.7448979591836735 1.6224489795918366 1.9285714285714286 2.204081632653061 1.2244897959183674 2.5408163265306123 1.4387755102040816 1.683673469387755 1.9591836734693877 1.683673469387755 1.836734693877551 2.5408163265306123
35 85.48783220046647 2.877551020408163 2.877551020408163 2.7857142857142856 3.0 1.7755102040816326 2.020408163265306 2.2346938775510203 2.0816326530612246 2.479591836734694 1.2857142857142858 2.479591836734694 1.9285714285714286 2.8469387755102042 2.479591836734694 2.4183673469387754 1.5918367346938775 2.4183673469387754 2.357142857142857 2.9081632653061225 1.9591836734693877 1.530612244897959 1.316326530612245 2.5714285714285716 2.173469387755102 1.6224489795918366 2.816326530612245 2.2346938775510203 2.020408163265306 1.7448979591836735 1.6224489795918366 1.9285714285714286 2.204081632653061 1.2244897959183674 2.5408163265306123 1.4387755102040816 1.683673469387755 1.9591836734693877 1.683673469387755 1.836734693877551 2.5408163265306123
36 400.9205979012925 1.9183673469387754 1.9183673469387754 1.8571428571428572 2.0 1.183673469387755 1.346938775510204 1.489795918367347 1.3877551020408163 1.653061224489796 0.8571428571428571 1.653061224489796 1.2857142857142858 1.8979591836734695 1.653061224489796 1.6122448979591837 1.0612244897959184 1.6122448979591837 1.5714285714285714 1.9387755102040816 1.3061224489795917 1.0204081632653061 0.8775510204081632 1.7142857142857142 1.4489795918367347 1.0816326530612246 1.8775510204081634 1.489795918367347 1.346938775510204 1.163265306122449 1.0816326530612246 1.2857142857142858 1.469387755102041 0.8163265306122449 1.6938775510204083 0.9591836734693877 1.1224489795918366 1.3061224489795917 1.1224489795918366 1.2244897959183674 1.6938775510204083
37 14.045029783284418 1.9183673469387754 1.9183673469387754 1.8571428571428572 2.0 1.183673469387755 1.346938775510204 1.489795918367347 1.3877551020408163 1.653061224489796 0.8571428571428571 1.653061224489796 1.2857142857142858 1.8979591836734695 1.653061224489796 1.6122448979591837 1.0612244897959184 1.6122448979591837 1.5714285714285714 1.9387755102040816 1.3061224489795917 1.0204081632653061 0.8775510204081632 1.7142857142857142 1.4489795918367347 1.0816326530612246 1.8775510204081634 1.489795918367347 1.346938775510204 1.163265306122449 1.0816326530612246 1.2857142857142858 1.469387755102041 0.8163265306122449 1.6938775510204083 0.9591836734693877 1.1224489795918366 1.3061224489795917 1.1224489795918366 1.2244897959183674 1.6938775510204083
38 350.01969090605684 2.877551020408163 2.877551020408163 2.7857142857142856 3.0 1.7755102040816326 2.020408163265306 2.2346938775510203 2.0816326530612246 2.479591836734694 1.2857142857142858 2.479591836734694 1.9285714285714286 2.8469387755102042 2.479591836734694 2.4183673469387754 1.5918367346938775 2.4183673469387754 2.357142857142857 2.9081632653061225 1.9591836734693877 1.530612244897959 1.316326530612245 2.5714285714285716 2.173469387755102 1.6224489795918366 2.816326530612245 2.2346938775510203 2.020408163265306 1.7448979591836735 1.6224489795918366 1.9285714285714286 2.204081632653061 1.2244897959183674 2.5408163265306123 1.4387755102040816 1.683673469387755 1.9591836734693877 1.683673469387755 1.836734693877551 2.5408163265306123
39 68.39355246479442 1.9183673469387754 1.9183673469387754 1.8571428571428572 2.0 1.183673469387755 1.346938775510204 1.489795918367347 1.3877551020408163 1.653061224489796 0.8571428571428571 1.653061224489796 1.2857142857142858 1.8979591836734695 1.653061224489796 1.6122448979591837 1.0612244897959184 1.6122448979591837 1.5714285714285714 1.9387755102040816 1.3061224489795917 1.0204081632653061 0.8775510204081632 1.7142857142857142 1.4489795918367347 1.0816326530612246 1.8775510204081634 1.489795918367347 1.346938775510204 1.163265306122449 1.0816326530612246 1.2857142857142858 1.469387755102041 0.8163265306122449 1.6938775510204083 0.9591836734693877 1.1224489795918366 1.3061224489795917 1.1224489795918366 1.2244897959183674 1.6938775510204083
40 62.0255554111052 1.9183673469387754 1.9183673469387754 1.8571428571428572 2.0 1.183673469387755 1.346938775510204 1.489795918367347 1.3877551020408163 1.653061224489796 0.8571428571428571 1.653061224489796 1.2857142857142858 1.8979591836734695 1.653061224489796 1.6122448979591837 1.0612244897959184 1.6122448979591837 1.5714285714285714 1.9387755102040816 1.3061224489795917 1.0204081632653061 0.8775510204081632 1.7142857142857142 1.4489795918367347 1.0816326530612246 1.8775510204081634 1.489795918367347 1.346938775510204 1.163265306122449 1.0816326530612246 1.2857142857142858 1.469387755102041 0.8163265306122449 1.6938775510204083 0.9591836734693877 1.1224489795918366 1.3061224489795917 1.1224489795918366 1.2244897959183674 1.6938775510204083
41 4.361263249535371 2.877551020408163 2.877551020408163 2.7857142857142856 3.0 1.7755102040816326 2.020408163265306 2.2346938775510203 2.0816326530612246 2.479591836734694 1.2857142857142858 2.479591836734694 1.9285714285714286 2.8469387755102042 2.479591836734694 2.4183673469387754 1.5918367346938775 2.4183673469387754 2.357142857142857 2.9081632653061225 1.9591836734693877 1.530612244897959 1.316326530612245 2.5714285714285716 2.173469387755102 1.6224489795918366 2.816326530612245 2.2346938775510203 2.020408163265306 1.7448979591836735 1.6224489795918366 1.9285714285714286 2.204081632653061 1.2244897959183674 2.5408163265306123 1.4387755102040816 1.683673469387755 1.9591836734693877 1.683673469387755 1.836734693877551 2.5408163265306123
42 54.75468640413972 2.877551020408163 2.877551020408163 2.7857142857142856 3.0 1.7755102040816326 2.020408163265306 2.2346938775510203 2.0816326530612246 2.479591836734694 1.2857142857142858 2.479591836734694 1.9285714285714286 2.8469387755102042 2.479591836734694 2.4183673469387754 1.5918367346938775 2.4183673469387754 2.357142857142857 2.9081632653061225 1.9591836734693877 1.530612244897959 1.316326530612245 2.5714285714285716 2.173469387755102 1.6224489795918366 2.816326530612245 2.2346938775510203 2.020408163265306 1.7448979591836735 1.6224489795918366 1.9285714285714286 2.204081632653061 1.2244897959183674 2.5408163265306123 1.4387755102040816 1.683673469387755 1.9591836734693877 1.683673469387755 1.836734693877551 2.5408163265306123
43 244.21151057611348 2.877551020408163 2.877551020408163 2.7857142857142856 3.0 1.7755102040816326 2.020408163265306 2.2346938775510203 2.0816326530612246 2.479591836734694 1.2857142857142858 2.479591836734694 1.9285714285714286 2.8469387755102042 2.479591836734694 2.4183673469387754 1.5918367346938775 2.4183673469387754 2.357142857142857 2.9081632653061225 1.9591836734693877 1.530612244897959 1.316326530612245 2.5714285714285716 2.173469387755102 1.6224489795918366 2.816326530612245 2.2346938775510203 2.020408163265306 1.7448979591836735 1.6224489795918366 1.9285714285714286 2.204081632653061 1.2244897959183674 2.5408163265306123 1.4387755102040816 1.683673469387755 1.9591836734693877 1.683673469387755 1.836734693877551 2.5408163265306123
44 46.67606211108667 1.9183673469387754 1.9183673469387754 1.8571428571428572 2.0 1.183673469387755 1.346938775510204 1.489795918367347 1.3877551020408163 1.653061224489796 0.8571428571428571 1.653061224489796 1.2857142857142858 1.8979591836734695 1.653061224489796 1.6122448979591837 1.0612244897959184 1.6122448979591837 1.5714285714285714 1.9387755102040816 1.3061224489795917 1.0204081632653061 0.8775510204081632 1.7142857142857142 1.4489795918367347 1.0816326530612246 1.8775510204081634 1.489795918367347 1.346938775510204 1.163265306122449 1.0816326530612246 1.2857142857142858 1.469387755102041 0.8163265306122449 1.6938775510204083 0.9591836734693877 1.1224489795918366 1.3061224489795917 1.1224489795918366 1.2244897959183674 1.6938775510204083
45 67.5738542759114 2.877551020408163 2.877551020408163 2.7857142857142856 3.0 1.7755102040816326 2.020408163265306 2.2346938775510203 2.0816326530612246 2.479591836734694 1.2857142857142858 2.479591836734694 1.9285714285714286 2.8469387755102042 2.479591836734694 2.4183673469387754 1.5918367346938775 2.4183673469387754 2.357142857142857 2.9081632653061225 1.9591836734693877 1.530612244897959 1.316326530612245 2.5714285714285716 2.173469387755102 1.6224489795918366 2.816326530612245 2.2346938775510203 2.020408163265306 1.7448979591836735 1.6224489795918366 1.9285714285714286 2.204081632653061 1.2244897959183674 2.5408163265306123 1.4387755102040816 1.683673469387755 1.9591836734693877 1.683673469387755 1.836734693877551 2.5408163265306123
46 202.8301347082458 2.877551020408163 2.877551020408163 2.7857142857142856 3.0 1.7755102040816326 2.020408163265306 2.2346938775510203 2.0816326530612246 2.479591836734694 1.2857142857142858 2.479591836734694 1.9285714285714286 2.8469387755102042 2.479591836734694 2.4183673469387754 1.5918367346938775 2.4183673469387754 2.357142857142857 2.9081632653061225 1.9591836734693877 1.530612244897959 1.316326530612245 2.5714285714285716 2.173469387755102 1.6224489795918366 2.816326530612245 2.2346938775510203 2.020408163265306 1.7448979591836735 1.6224489795918366 1.9285714285714286 2.204081632653061 1.2244897959183674 2.5408163265306123 1.4387755102040816 1.683673469387755 1.9591836734693877 1.683673469387755 1.836734693877551 2.5408163265306123
47 94.51639418070175 1.9183673469387754 1.9183673469387754 1.8571428571428572 2.0 1.183673469387755 1.346938775510204 1.489795918367347 1.3877551020408163 1.653061224489796 0.8571428571428571 1.653061224489796 1.2857142857142858 1.8979591836734695 1.653061224489796 1.6122448979591837 1.0612244897959184 1.6122448979591837 1.5714285714285714 1.9387755102040816 1.3061224489795917 1.0204081632653061 0.8775510204081632 1.7142857142857142 1.4489795918367347 1.0816326530612246 1.8775510204081634 1.489795918367347 1.346938775510204 1.163265306122449 1.0816326530612246 1.2857142857142858 1.469387755102041 0.8163265306122449 1.6938775510204083 0.9591836734693877 1.1224489795918366 1.3061224489795917 1.1224489795918366 1.2244897959183674 1.6938775510204083
48 65.36194726262661 2.877551020408163 2.877551020408163 2.7857142857142856 3.0 1.7755102040816326 2.020408163265306 2.2346938775510203 2.0816326530612246 2.479591836734694 1.2857142857142858 2.479591836734694 1.9285714285714286 2.8469387755102042 2.479591836734694 2.4183673469387754 1.5918367346938775 2.4183673469387754 2.357142857142857 2.9081632653061225 1.9591836734693877 1.530612244897959 1.316326530612245 2.5714285714285716 2.173469387755102 1.6224489795918366 2.816326530612245 2.2346938775510203 2.020408163265306 1.7448979591836735 1.6224489795918366 1.9285714285714286 2.204081632653061 1.2244897959183674 2.5408163265306123 1.4387755102040816 1.683673469387755 1.9591836734693877 1.683673469387755 1.836734693877551 2.5408163265306123
49 103.15354515424265 1.9183673469387754 1.9183673469387754 1.8571428571428572 2.0 1.183673469387755 1.346938775510204 1.489795918367347 1.3877551020408163 1.653061224489796 0.8571428571428571 1.653061224489796 1.2857142857142858 1.8979591836734695 1.653061224489796 1.6122448979591837 1.0612244897959184 1.6122448979591837 1.5714285714285714 1.9387755102040816 1.3061224489795917 1.0204081632653061 0.8775510204081632 1.7142857142857142 1.4489795918367347 1.0816326530612246 1.8775510204081634 1.489795918367347 1.346938775510204 1.163265306122449 1.0816326530612246 1.2857142857142858 1.469387755102041 0.8163265306122449 1.6938775510204083 0.9591836734693877 1.1224489795918366 1.3061224489795917 1.1224489795918366 1.2244897959183674 1.6938775510204083
50 92.55548162979412 2.877551020408163 2.877551020408163 2.7857142857142856 3.0 1.7755102040816326 2.020408163265306 2.2346938775510203 2.0816326530612246 2.479591836734694 1.2857142857142858 2.479591836734694 1.9285714285714286 2.8469387755102042 2.479591836734694 2.4183673469387754 1.5918367346938775 2.4183673469387754 2.357142857142857 2.9081632653061225 1.9591836734693877 1.530612244897959 1.316326530612245 2.5714285714285716 2.173469387755102 1.6224489795918366 2.816326530612245 2.2346938775510203 2.020408163265306 1.7448979591836735 1.6224489795918366 1.9285714285714286 2.204081632653061 1.2244897959183674 2.5408163265306123 1.4387755102040816 1.683673469387755 1.9591836734693877 1.683673469387755 1.836734693877551 2.5408163265306123
51 125.52441819640819 1.9183673469387754 1.9183673469387754 1.8571428571428572 2.0 1.183673469387755 1.346938775510204 1.489795918367347 1.3877551020408163 1.653061224489796 0.8571428571428571 1.653061224489796 1.2857142857142858 1.8979591836734695 1.653061224489796 1.6122448979591837 1.0612244897959184 1.6122448979591837 1.5714285714285714 1.9387755102040816 1.3061224489795917 1.0204081632653061 0.8775510204081632 1.7142857142857142 1.4489795918367347 1.0816326530612246 1.8775510204081634 1.489795918367347 1.346938775510204 1.163265306122449 1.0816326530612246 1.2857142857142858 1.469387755102041 0.8163265306122449 1.6938775510204083 0.9591836734693877 1.1224489795918366 1.3061224489795917 1.1224489795918366 1.2244897959183674 1.6938775510204083
52 71.2327180412944 1.9183673469387754 1.9183673469387754 1.8571428571428572 2.0 1.183673469387755 1.346938775510204 1.489795918367347 1.3877551020408163 1.653061224489796 0.8571428571428571 1.653061224489796 1.2857142857142858 1.8979591836734695 1.653061224489796 1.6122448979591837 1.0612244897959184 1.6122448979591837 1.5714285714285714 1.9387755102040816 1.3061224489795917 1.0204081632653061 0.8775510204081632 1.7142857142857142 1.4489795918367347 1.0816326530612246 1.8775510204081634 1.489795918367347 1.346938775510204 1.163265306122449 1.0816326530612246 1.2857142857142858 1.469387755102041 0.8163265306122449 1.6938775510204083 0.9591836734693877 1.1224489795918366 1.3061224489795917 1.1224489795918366 1.2244897959183674 1.6938775510204083
53 120.08332991437683 2.877551020408163 2.877551020408163 2.7857142857142856 3.0 1.7755102040816326 2.020408163265306 2.2346938775510203 2.0816326530612246 2.479591836734694 1.2857142857142858 2.479591836734694 1.9285714285714286 2.8469387755102042 2.479591836734694 2.4183673469387754 1.5918367346938775 2.4183673469387754 2.357142857142857 2.9081632653061225 1.9591836734693877 1.530612244897959 1.316326530612245 2.5714285714285716 2.173469387755102 1.6224489795918366 2.816326530612245 2.2346938775510203 2.020408163265306 1.7448979591836735 1.6224489795918366 1.9285714285714286 2.204081632653061 1.2244897959183674 2.5408163265306123 1.4387755102040816 1.683673469387755 1.9591836734693877 1.683673469387755 1.836734693877551 2.5408163265306123
54 264.370889594474 1.9183673469387754 1.9183673469387754 1.8571428571428572 2.0 1.183673469387755 1.346938775510204 1.489795918367347 1.3877551020408163 1.653061224489796 0.8571428571428571 1.653061224489796 1.2857142857142858 1.8979591836734695 1.653061224489796 1.6122448979591837 1.0612244897959184 1.6122448979591837 1.5714285714285714 1.9387755102040816 1.3061224489795917 1.0204081632653061 0.8775510204081632 1.7142857142857142 1.4489795918367347 1.0816326530612246 1.8775510204081634 1.489795918367347 1.346938775510204 1.163265306122449 1.0816326530612246 1.2857142857142858 1.469387755102041 0.8163265306122449 1.6938775510204083 0.9591836734693877 1.1224489795918366 1.3061224489795917 1.1224489795918366 1.2244897959183674 1.6938775510204083
55 34.810402846297436 1.9183673469387754 1.9183673469387754 1.8571428571428572 2.0 1.183673469387755 1.346938775510204 1.489795918367347 1.3877551020408163 1.653061224489796 0.8571428571428571 1.653061224489796 1.2857142857142858 1.8979591836734695 1.653061224489796 1.6122448979591837 1.0612244897959184 1.6122448979591837 1.5714285714285714 1.9387755102040816 1.3061224489795917 1.0204081632653061 0.8775510204081632 1.7142857142857142 1.4489795918367347 1.0816326530612246 1.8775510204081634 1.489795918367347 1.346938775510204 1.163265306122449 1.0816326530612246 1.2857142857142858 1.469387755102041 0.8163265306122449 1.6938775510204083 0.9591836734693877 1.1224489795918366 1.3061224489795917 1.1224489795918366 1.2244897959183674 1.6938775510204083
56 81.69802722708361 1.9183673469387754 1.9183673469387754 1.8571428571428572 2.0 1.183673469387755 1.346938775510204 1.489795918367347 1.3877551020408163 1.653061224489796 0.8571428571428571 1.653061224489796 1.2857142857142858 1.8979591836734695 1.653061224489796 1.6122448979591837 1.0612244897959184 1.6122448979591837 1.5714285714285714 1.9387755102040816 1.3061224489795917 1.0204081632653061 0.8775510204081632 1.7142857142857142 1.4489795918367347 1.0816326530612246 1.8775510204081634 1.489795918367347 1.346938775510204 1.163265306122449 1.0816326530612246 1.2857142857142858 1.469387755102041 0.8163265306122449 1.6938775510204083 0.9591836734693877 1.1224489795918366 1.3061224489795917 1.1224489795918366 1.2244897959183674 1.6938775510204083
57 48.23860536135183 1.9183673469387754 1.9183673469387754 1.8571428571428572 2.0 1.183673469387755 1.346938775510204 1.489795918367347 1.3877551020408163 1.653061224489796 0.8571428571428571 1.653061224489796 1.2857142857142858 1.8979591836734695 1.653061224489796 1.6122448979591837 1.0612244897959184 1.6122448979591837 1.5714285714285714 1.9387755102040816 1.3061224489795917 1.0204081632653061 0.8775510204081632 1.7142857142857142 1.4489795918367347 1.0816326530612246 1.8775510204081634 1.489795918367347 1.346938775510204 1.163265306122449 1.0816326530612246 1.2857142857142858 1.469387755102041 0.8163265306122449 1.6938775510204083 0.9591836734693877 1.1224489795918366 1.3061224489795917 1.1224489795918366 1.2244897959183674 1.6938775510204083
58 272.195593208149 1.9183673469387754 1.9183673469387754 1.8571428571428572 2.0 1.183673469387755 1.346938775510204 1.489795918367347 1.3877551020408163 1.653061224489796 0.8571428571428571 1.653061224489796 1.2857142857142858 1.8979591836734695 1.653061224489796 1.6122448979591837 1.0612244897959184 1.6122448979591837 1.5714285714285714 1.9387755102040816 1.3061224489795917 1.0204081632653061 0.8775510204081632 1.7142857142857142 1.4489795918367347 1.0816326530612246 1.8775510204081634 1.489795918367347 1.346938775510204 1.163265306122449 1.0816326530612246 1.2857142857142858 1.469387755102041 0.8163265306122449 1.6938775510204083 0.9591836734693877 1.1224489795918366 1.3061224489795917 1.1224489795918366 1.2244897959183674 1.6938775510204083
59 108.36091381747929 2.877551020408163 2.877551020408163 2.7857142857142856 3.0 1.7755102040816326 2.020408163265306 2.2346938775510203 2.0816326530612246 2.479591836734694 1.2857142857142858 2.479591836734694 1.9285714285714286 2.8469387755102042 2.479591836734694 2.4183673469387754 1.5918367346938775 2.4183673469387754 2.357142857142857 2.9081632653061225 1.9591836734693877 1.530612244897959 1.316326530612245 2.5714285714285716 2.173469387755102 1.6224489795918366 2.816326530612245 2.2346938775510203 2.020408163265306 1.7448979591836735 1.6224489795918366 1.9285714285714286 2.204081632653061 1.2244897959183674 2.5408163265306123 1.4387755102040816 1.683673469387755 1.9591836734693877 1.683673469387755 1.836734693877551 2.5408163265306123
60 71.55651304970104 2.877551020408163 2.877551020408163 2.7857142857142856 3.0 1.7755102040816326 2.020408163265306 2.2346938775510203 2.0816326530612246 2.479591836734694 1.2857142857142858 2.479591836734694 1.9285714285714286 2.8469387755102042 2.479591836734694 2.4183673469387754 1.5918367346938775 2.4183673469387754 2.357142857142857 2.9081632653061225 1.9591836734693877 1.530612244897959 1.316326530612245 2.5714285714285716 2.173469387755102 1.6224489795918366 2.816326530612245 2.2346938775510203 2.020408163265306 1.7448979591836735 1.6224489795918366 1.9285714285714286 2.204081632653061 1.2244897959183674 2.5408163265306123 1.4387755102040816 1.683673469387755 1.9591836734693877 1.683673469387755 1.836734693877551 2.5408163265306123
61 132.33632934125697 1.9183673469387754 1.9183673469387754 1.8571428571428572 2.0 1.183673469387755 1.346938775510204 1.489795918367347 1.3877551020408163 1.653061224489796 0.8571428571428571 1.653061224489796 1.2857142857142858 1.8979591836734695 1.653061224489796 1.6122448979591837 1.0612244897959184 1.6122448979591837 1.5714285714285714 1.9387755102040816 1.3061224489795917 1.0204081632653061 0.8775510204081632 1.7142857142857142 1.4489795918367347 1.0816326530612246 1.8775510204081634 1.489795918367347 1.346938775510204 1.163265306122449 1.0816326530612246 1.2857142857142858 1.469387755102041 0.8163265306122449 1.6938775510204083 0.9591836734693877 1.1224489795918366 1.3061224489795917 1.1224489795918366 1.2244897959183674 1.6938775510204083
62 173.90876284254543 2.877551020408163 2.877551020408163 2.7857142857142856 3.0 1.7755102040816326 2.020408163265306 2.2346938775510203 2.0816326530612246 2.479591836734694 1.2857142857142858 2.479591836734694 1.9285714285714286 2.8469387755102042 2.479591836734694 2.4183673469387754 1.5918367346938775 2.4183673469387754 2.357142857142857 2.9081632653061225 1.9591836734693877 1.530612244897959 1.316326530612245 2.5714285714285716 2.173469387755102 1.6224489795918366 2.816326530612245 2.2346938775510203 2.020408163265306 1.7448979591836735 1.6224489795918366 1.9285714285714286 2.204081632653061 1.2244897959183674 2.5408163265306123 1.4387755102040816 1.683673469387755 1.9591836734693877 1.683673469387755 1.836734693877551 2.5408163265306123
63 13.57109525423737 2.877551020408163 2.877551020408163 2.7857142857142856 3.0 1.7755102040816326 2.020408163265306 2.2346938775510203 2.0816326530612246 2.479591836734694 1.2857142857142858 2.479591836734694 1.9285714285714286 2.8469387755102042 2.479591836734694 2.4183673469387754 1.5918367346938775 2.4183673469387754 2.357142857142857 2.9081632653061225 1.9591836734693877 1.530612244897959 1.316326530612245 2.5714285714285716 2.173469387755102 1.6224489795918366 2.816326530612245 2.2346938775510203 2.020408163265306 1.7448979591836735 1.6224489795918366 1.9285714285714286 2.204081632653061 1.2244897959183674 2.5408163265306123 1.4387755102040816 1.683673469387755 1.9591836734693877 1.683673469387755 1.836734693877551 2.5408163265306123
64 359.59140679503327 2.877551020408163 2.877551020408163 2.7857142857142856 3.0 1.7755102040816326 2.020408163265306 2.2346938775510203 2.0816326530612246 2.479591836734694 1.2857142857142858 2.479591836734694 1.9285714285714286 2.8469387755102042 2.479591836734694 2.4183673469387754 1.5918367346938775 2.4183673469387754 2.357142857142857 2.9081632653061225 1.9591836734693877 1.530612244897959 1.316326530612245 2.5714285714285716 2.173469387755102 1.6224489795918366 2.816326530612245 2.2346938775510203 2.020408163265306 1.7448979591836735 1.6224489795918366 1.9285714285714286 2.204081632653061 1.2244897959183674 2.5408163265306123 1.4387755102040816 1.683673469387755 1.9591836734693877 1.683673469387755 1.836734693877551 2.5408163265306123
65 171.38232932028203 2.877551020408163 2.877551020408163 2.7857142857142856 3.0 1.7755102040816326 2.020408163265306 2.2346938775510203 2.0816326530612246 2.479591836734694 1.2857142857142858 2.479591836734694 1.9285714285714286 2.8469387755102042 2.479591836734694 2.4183673469387754 1.5918367346938775 2.4183673469387754 2.357142857142857 2.9081632653061225 1.9591836734693877 1.530612244897959 1.316326530612245 2.5714285714285716 2.173469387755102 1.6224489795918366 2.816326530612245 2.2346938775510203 2.020408163265306 1.7448979591836735 1.6224489795918366 1.9285714285714286 2.204081632653061 1.2244897959183674 2.5408163265306123 1.4387755102040816 1.683673469387755 1.9591836734693877 1.683673469387755 1.836734693877551 2.5408163265306123
66 103.07740701998856 1.9183673469387754 1.9183673469387754 1.8571428571428572 2.0 1.183673469387755 1.346938775510204 1.489795918367347 1.3877551020408163 1.653061224489796 0.8571428571428571 1.653061224489796 1.2857142857142858 1.8979591836734695 1.653061224489796 1.6122448979591837 1.0612244897959184 1.6122448979591837 1.5714285714285714 1.9387755102040816 1.3061224489795917 1.0204081632653061 0.8775510204081632 1.7142857142857142 1.4489795918367347 1.0816326530612246 1.8775510204081634 1.489795918367347 1.346938775510204 1.163265306122449 1.0816326530612246 1.2857142857142858 1.469387755102041 0.8163265306122449 1.6938775510204083 0.9591836734693877 1.1224489795918366 1.3061224489795917 1.1224489795918366 1.2244897959183674 1.6938775510204083
67 320.1720053681322 2.877551020408163 2.877551020408163 2.7857142857142856 3.0 1.7755102040816326 2.020408163265306 2.2346938775510203 2.0816326530612246 2.479591836734694 1.2857142857142858 2.479591836734694 1.9285714285714286 2.8469387755102042 2.479591836734694 2.4183673469387754 1.5918367346938775 2.4183673469387754 2.357142857142857 2.9081632653061225 1.9591836734693877 1.530612244897959 1.316326530612245 2.5714285714285716 2.173469387755102 1.6224489795918366 2.816326530612245 2.2346938775510203 2.020408163265306 1.7448979591836735 1.6224489795918366 1.9285714285714286 2.204081632653061 1.2244897959183674 2.5408163265306123 1.4387755102040816 1.683673469387755 1.9591836734693877 1.683673469387755 1.836734693877551 2.5408163265306123
68 143.76102405427648 2.877551020408163 2.877551020408163 2.7857142857142856 3.0 1.7755102040816326 2.020408163265306 2.2346938775510203 2.0816326530612246 2.479591836734694 1.2857142857142858 2.479591836734694 1.9285714285714286 2.8469387755102042 2.479591836734694 2.4183673469387754 1.5918367346938775 2.4183673469387754 2.357142857142857 2.9081632653061225 1.9591836734693877 1.530612244897959 1.316326530612245 2.5714285714285716 2.173469387755102 1.6224489795918366 2.816326530612245 2.2346938775510203 2.020408163265306 1.7448979591836735 1.6224489795918366 1.9285714285714286 2.204081632653061 1.2244897959183674 2.5408163265306123 1.4387755102040816 1.683673469387755 1.9591836734693877 1.683673469387755 1.836734693877551 2.5408163265306123
69 22.977427780304986 2.877551020408163 2.877551020408163 2.7857142857142856 3.0 1.7755102040816326 2.020408163265306 2.2346938775510203 2.0816326530612246 2.479591836734694 1.2857142857142858 2.479591836734694 1.9285714285714286 2.8469387755102042 2.479591836734694 2.4183673469387754 1.5918367346938775 2.4183673469387754 2.357142857142857 2.9081632653061225 1.9591836734693877 1.530612244897959 1.316326530612245 2.5714285714285716 2.173469387755102 1.6224489795918366 2.816326530612245 2.2346938775510203 2.020408163265306 1.7448979591836735 1.6224489795918366 1.9285714285714286 2.204081632653061 1.2244897959183674 2.5408163265306123 1.4387755102040816 1.683673469387755 1.9591836734693877 1.683673469387755 1.836734693877551 2.5408163265306123
70 111.32297447654386 2.877551020408163 2.877551020408163 2.7857142857142856 3.0 1.7755102040816326 2.020408163265306 2.2346938775510203 2.0816326530612246 2.479591836734694 1.2857142857142858 2.479591836734694 1.9285714285714286 2.8469387755102042 2.479591836734694 2.4183673469387754 1.5918367346938775 2.4183673469387754 2.357142857142857 2.9081632653061225 1.9591836734693877 1.530612244897959 1.316326530612245 2.5714285714285716 2.173469387755102 1.6224489795918366 2.816326530612245 2.2346938775510203 2.020408163265306 1.7448979591836735 1.6224489795918366 1.9285714285714286 2.204081632653061 1.2244897959183674 2.5408163265306123 1.4387755102040816 1.683673469387755 1.9591836734693877 1.683673469387755 1.836734693877551 2.5408163265306123
71 200.0685103728955 2.877551020408163 2.877551020408163 2.7857142857142856 3.0 1.7755102040816326 2.020408163265306 2.2346938775510203 2.0816326530612246 2.479591836734694 1.2857142857142858 2.479591836734694 1.9285714285714286 2.8469387755102042 2.479591836734694 2.4183673469387754 1.5918367346938775 2.4183673469387754 2.357142857142857 2.9081632653061225 1.9591836734693877 1.530612244897959 1.316326530612245 2.5714285714285716 2.173469387755102 1.6224489795918366 2.816326530612245 2.2346938775510203 2.020408163265306 1.7448979591836735 1.6224489795918366 1.9285714285714286 2.204081632653061 1.2244897959183674 2.5408163265306123 1.4387755102040816 1.683673469387755 1.9591836734693877 1.683673469387755 1.836734693877551 2.5408163265306123
72 38.37810825588546 2.877551020408163 2.877551020408163 2.7857142857142856 3.0 1.7755102040816326 2.020408163265306 2.2346938775510203 2.0816326530612246 2.479591836734694 1.2857142857142858 2.479591836734694 1.9285714285714286 2.8469387755102042 2.479591836734694 2.4183673469387754 1.5918367346938775 2.4183673469387754 2.357142857142857 2.9081632653061225 1.9591836734693877 1.530612244897959 1.316326530612245 2.5714285714285716 2.173469387755102 1.6224489795918366 2.816326530612245 2.2346938775510203 2.020408163265306 1.7448979591836735 1.6224489795918366 1.9285714285714286 2.204081632653061 1.2244897959183674 2.5408163265306123 1.4387755102040816 1.683673469387755 1.9591836734693877 1.683673469387755 1.836734693877551 2.5408163265306123
73 61.429835045245724 1.9183673469387754 1.9183673469387754 1.8571428571428572 2.0 1.183673469387755 1.346938775510204 1.489795918367347 1.3877551020408163 1.653061224489796 0.8571428571428571 1.653061224489796 1.2857142857142858 1.8979591836734695 1.653061224489796 1.6122448979591837 1.0612244897959184 1.6122448979591837 1.5714285714285714 1.9387755102040816 1.3061224489795917 1.0204081632653061 0.8775510204081632 1.7142857142857142 1.4489795918367347 1.0816326530612246 1.8775510204081634 1.489795918367347 1.346938775510204 1.163265306122449 1.0816326530612246 1.2857142857142858 1.469387755102041 0.8163265306122449 1.6938775510204083 0.9591836734693877 1.1224489795918366 1.3061224489795917 1.1224489795918366 1.2244897959183674 1.6938775510204083
74 149.87872593912707 2.877551020408163 2.877551020408163 2.7857142857142856 3.0 1.7755102040816326 2.020408163265306 2.2346938775510203 2.0816326530612246 2.479591836734694 1.2857142857142858 2.479591836734694 1.9285714285714286 2.8469387755102042 2.479591836734694 2.4183673469387754 1.5918367346938775 2.4183673469387754 2.357142857142857 2.9081632653061225 1.9591836734693877 1.530612244897959 1.316326530612245 2.5714285714285716 2.173469387755102 1.6224489795918366 2.816326530612245 2.2346938775510203 2.020408163265306 1.7448979591836735 1.6224489795918366 1.9285714285714286 2.204081632653061 1.2244897959183674 2.5408163265306123 1.4387755102040816 1.683673469387755 1.9591836734693877 1.683673469387755 1.836734693877551 2.5408163265306123
75 136.2962824268422 1.9183673469387754 1.9183673469387754 1.8571428571428572 2.0 1.183673469387755 1.346938775510204 1.489795918367347 1.3877551020408163 1.653061224489796 0.8571428571428571 1.653061224489796 1.2857142857142858 1.8979591836734695 1.653061224489796 1.6122448979591837 1.0612244897959184 1.6122448979591837 1.5714285714285714 1.9387755102040816 1.3061224489795917 1.0204081632653061 0.8775510204081632 1.7142857142857142 1.4489795918367347 1.0816326530612246 1.8775510204081634 1.489795918367347 1.346938775510204 1.163265306122449 1.0816326530612246 1.2857142857142858 1.469387755102041 0.8163265306122449 1.6938775510204083 0.9591836734693877 1.1224489795918366 1.3061224489795917 1.1224489795918366 1.2244897959183674 1.6938775510204083
76 148.8968201292457 1.9183673469387754 1.9183673469387754 1.8571428571428572 2.0 1.183673469387755 1.346938775510204 1.489795918367347 1.3877551020408163 1.653061224489796 0.8571428571428571 1.653061224489796 1.2857142857142858 1.8979591836734695 1.653061224489796 1.6122448979591837 1.0612244897959184 1.6122448979591837 1.5714285714285714 1.9387755102040816 1.3061224489795917 1.0204081632653061 0.8775510204081632 1.7142857142857142 1.4489795918367347 1.0816326530612246 1.8775510204081634 1.489795918367347 1.346938775510204 1.163265306122449 1.0816326530612246 1.2857142857142858 1.469387755102041 0.8163265306122449 1.6938775510204083 0.9591836734693877 1.1224489795918366 1.3061224489795917 1.1224489795918366 1.2244897959183674 1.6938775510204083
77 118.08093718393728 1.9183673469387754 1.9183673469387754 1.8571428571428572 2.0 1.183673469387755 1.346938775510204 1.489795918367347 1.3877551020408163 1.653061224489796 0.8571428571428571 1.653061224489796 1.2857142857142858 1.8979591836734695 1.653061224489796 1.6122448979591837 1.0612244897959184 1.6122448979591837 1.5714285714285714 1.9387755102040816 1.3061224489795917 1.0204081632653061 0.8775510204081632 1.7142857142857142 1.4489795918367347 1.0816326530612246 1.8775510204081634 1.489795918367347 1.346938775510204 1.163265306122449 1.0816326530612246 1.2857142857142858 1.469387755102041 0.8163265306122449 1.6938775510204083 0.9591836734693877 1.1224489795918366 1.3061224489795917 1.1224489795918366 1.2244897959183674 1.6938775510204083
78 162.87205506636818 2.877551020408163 2.877551020408163 2.7857142857142856 3.0 1.7755102040816326 2.020408163265306 2.2346938775510203 2.0816326530612246 2.479591836734694 1.2857142857142858 2.479591836734694 1.9285714285714286 2.8469387755102042 2.479591836734694 2.4183673469387754 1.5918367346938775 2.4183673469387754 2.357142857142857 2.9081632653061225 1.9591836734693877 1.530612244897959 1.316326530612245 2.5714285714285716 2.173469387755102 1.6224489795918366 2.816326530612245 2.2346938775510203 2.020408163265306 1.7448979591836735 1.6224489795918366 1.9285714285714286 2.204081632653061 1.2244897959183674 2.5408163265306123 1.4387755102040816 1.683673469387755 1.9591836734693877 1.683673469387755 1.836734693877551 2.5408163265306123
79 171.16037008221338 1.9183673469387754 1.9183673469387754 1.8571428571428572 2.0 1.183673469387755 1.346938775510204 1.489795918367347 1.3877551020408163 1.653061224489796 0.8571428571428571 1.653061224489796 1.2857142857142858 1.8979591836734695 1.653061224489796 1.6122448979591837 1.0612244897959184 1.6122448979591837 1.5714285714285714 1.9387755102040816 1.3061224489795917 1.0204081632653061 0.8775510204081632 1.7142857142857142 1.4489795918367347 1.0816326530612246 1.8775510204081634 1.489795918367347 1.346938775510204 1.163265306122449 1.0816326530612246 1.2857142857142858 1.469387755102041 0.8163265306122449 1.6938775510204083 0.9591836734693877 1.1224489795918366 1.3061224489795917 1.1224489795918366 1.2244897959183674 1.6938775510204083
