40 40
TREE NETWORK (nID nID Weight):
16 0 37
32 16 50
25 16 32
39 0 58
10 32 52
37 0 55
14 39 32
30 37 49
6 32 41
12 30 49
29 25 30
28 16 39
19 16 35
35 28 36
22 12 31
5 16 36
27 32 58
33 12 48
24 0 31
38 24 49
36 38 47
31 14 34
18 28 50
11 0 48
7 22 59
1 25 48
13 14 54
23 11 59
2 38 32
8 1 30
15 8 38
26 39 53
20 15 48
4 27 40
9 38 42
34 22 48
21 18 51
17 33 35
3 14 39
PROGRAMS ASSIGNED TO NODES (nID pID1 pID2 ...):
0 1 2 3 4 5 6 7 8 9 10 11 12 13 14 15 16 17 18 19 20 21 22 23 24 25 26 27 28 29 30 31 32 33 34 35 36 37 38 39 40
1 1 2 3 4 6 7 8 9 10 12 13 14 15 16 17 18 20 21 22 23 24 25 26 27 28 30 31 32 33 34 35 36 37 38 39 40
2 32 33 34 37 5 6 39 9 11 15 17 20 21 24 27
3 34 35 4 7 10 12 13 14 15 20 21 22 25 30 31
4 3 5 6 7 8 9 10 11 13 14 17 18 19 20 21 22 23 25 26 27 28 29 30 31 32 34 36 37 38 39 40
5 1 2 3 5 6 7 8 9 11 12 13 14 15 16 17 18 19 20 23 24 25 27 28 29 30 31 32 34 35 36 38 40
6 32 33 34 3 36 6 39 8 12 13 14 15 17 21 22 24 26 27 29
7 16 20 6 14 15
8 32 1 34 35 37 6 38 7 39 40 9 10 13 14 16 17 18 20 23 26 27 28 30 31
9 34 19 37 8 25 14
10 25
11 33 36 5 6 39 8 15 17 22 26 27 30 31
12 1 2 3 4 5 6 7 8 9 10 11 12 13 14 15 16 18 19 20 21 22 23 25 27 28 30 31 32 33 34 35 36 37 38 39 40
13 32 1 2 35 36 4 37 6 7 8 9 10 13 15 17 20 22 23 25 28 30
14 2 37 38 22 6 31
15 32 1 34 36 4 5 37 6 7 39 40 9 13 16 20 21 24 25 26 29 31
16 1 2 3 4 5 6 7 8 9 10 11 13 15 16 18 19 20 21 22 23 24 25 27 28 29 30 31 33 35 36 37 38 39
17 16 19 37 10 28 15
18 33 34 2 6 7 8 9 10 11 14 17 23 27 28 29 31
19 7 28
20 18 36 39 25 11 13 14 30
21 3 4 5 6 7 10 12 14 15 16 17 20 21 22 23 24 26 28 29 30 31 32 33 34 35 36 37 38
22 5
23 1 3 4 5 6 9 10 11 12 13 14 15 16 17 19 21 23 24 25 29 30 31 32 34 36 37 38 40
24 1 5
25 19
26 1 5 23 10 29 14
27 17 3 6 7 39 8 13
29 32 1 33 2 36 37 38 6 7 39 8 10 11 12 15 17 19 23 24 26 28 29 30 31
30 1 2 3 4 5 6 7 8 9 10 11 12 13 14 15 16 17 18 19 20 21 22 23 24 25 26 27 28 29 30 31 32 33 35 36 37 38 39 40
31 1 2 3 4 5 6 7 8 9 10 11 12 13 14 15 16 17 18 19 20 21 22 23 24 25 26 27 29 30 31 32 33 34 35 36 37 39 40
32 16 20 22 25 13 14
33 33 1 2 34 3 35 36 4 5 37 7 8 9 11 12 15 22 23 24 25 27 28 29
34 6 40
35 2 3 4 6 7 8 9 10 13 14 15 16 17 18 19 20 21 22 23 24 26 27 28 29 31 32 33 34 35 36 37 38 39 40
36 1 3 6 7 10 12 13 14 18 20 21 22 24 26 27 31
37 23 8 12 14
38 1 2 3 4 5 7 8 9 10 11 12 14 15 16 17 18 19 20 21 23 25 26 27 28 29 30 31 32 33 34 35 36 37 38 39 40
39 2 5 6 9 10 11 12 13 14 15 17 18 19 21 25 26 27 28 29 30 31 35 36 37 38 39 40
SIZE OF PROGRAMS (pID SIZE):
1 50.0
2 98.0
3 89.0
4 65.0
5 54.0
6 49.0
7 46.0
8 65.0
9 71.0
10 47.0
11 51.0
12 81.0
13 51.0
14 91.0
15 82.0
16 86.0
17 57.0
18 60.0
19 96.0
20 58.0
21 51.0
22 84.0
23 84.0
24 77.0
25 84.0
26 71.0
27 74.0
28 62.0
29 98.0
30 71.0
31 98.0
32 63.0
33 84.0
34 61.0
35 90.0
36 91.0
37 91.0
38 95.0
39 65.0
40 54.0
COST TO INSTALL SERVERS AND PROGRAMS ON NODES (COST_TO_INSTALL_SERVER COST_TO_INSTALL_pID1 ...):
0 9862.244897959185 1.530612244897959 3.0 2.7244897959183674 1.989795918367347 1.653061224489796 1.5 1.4081632653061225 1.989795918367347 2.173469387755102 1.4387755102040816 1.5612244897959184 2.479591836734694 1.5612244897959184 2.7857142857142856 2.510204081632653 2.63265306122449 1.7448979591836735 1.836734693877551 2.938775510204082 1.7755102040816326 1.5612244897959184 2.5714285714285716 2.5714285714285716 2.357142857142857 2.5714285714285716 2.173469387755102 2.2653061224489797 1.8979591836734695 3.0 2.173469387755102 3.0 1.9285714285714286 2.5714285714285716 1.8673469387755102 2.7551020408163267 2.7857142857142856 2.7857142857142856 2.9081632653061225 1.989795918367347 1.653061224489796
1 76.05203843502574 1.0204081632653061 2.0 1.816326530612245 1.3265306122448979 1.1020408163265305 1.0 0.9387755102040817 1.3265306122448979 1.4489795918367347 0.9591836734693877 1.0408163265306123 1.653061224489796 1.0408163265306123 1.8571428571428572 1.6734693877551021 1.7551020408163265 1.163265306122449 1.2244897959183674 1.9591836734693877 1.183673469387755 1.0408163265306123 1.7142857142857142 1.7142857142857142 1.5714285714285714 1.7142857142857142 1.4489795918367347 1.510204081632653 1.2653061224489797 2.0 1.4489795918367347 2.0 1.2857142857142858 1.7142857142857142 1.2448979591836735 1.836734693877551 1.8571428571428572 1.8571428571428572 1.9387755102040816 1.3265306122448979 1.1020408163265305
2 45.742314170478764 1.530612244897959 3.0 2.7244897959183674 1.989795918367347 1.653061224489796 1.5 1.4081632653061225 1.989795918367347 2.173469387755102 1.4387755102040816 1.5612244897959184 2.479591836734694 1.5612244897959184 2.7857142857142856 2.510204081632653 2.63265306122449 1.7448979591836735 1.836734693877551 2.938775510204082 1.7755102040816326 1.5612244897959184 2.5714285714285716 2.5714285714285716 2.357142857142857 2.5714285714285716 2.173469387755102 2.2653061224489797 1.8979591836734695 3.0 2.173469387755102 3.0 1.9285714285714286 2.5714285714285716 1.8673469387755102 2.7551020408163267 2.7857142857142856 2.7857142857142856 2.9081632653061225 1.989795918367347 1.653061224489796
3 48.853462008148895 1.530612244897959 3.0 2.7244897959183674 1.989795918367347 1.653061224489796 1.5 1.4081632653061225 1.989795918367347 2.173469387755102 1.4387755102040816 1.5612244897959184 2.479591836734694 1.5612244897959184 2.7857142857142856 2.510204081632653 2.63265306122449 1.7448979591836735 1.836734693877551 2.938775510204082 1.7755102040816326 1.5612244897959184 2.5714285714285716 2.5714285714285716 2.357142857142857 2.5714285714285716 2.173469387755102 2.2653061224489797 1.8979591836734695 3.0 2.173469387755102 3.0 1.9285714285714286 2.5714285714285716 1.8673469387755102 2.7551020408163267 2.7857142857142856 2.7857142857142856 2.9081632653061225 1.989795918367347 1.653061224489796
4 111.31405007940484 1.0204081632653061 2.0 1.816326530612245 1.3265306122448979 1.1020408163265305 1.0 0.9387755102040817 1.3265306122448979 1.4489795918367347 0.9591836734693877 1.0408163265306123 1.653061224489796 1.0408163265306123 1.8571428571428572 1.6734693877551021 1.7551020408163265 1.163265306122449 1.2244897959183674 1.9591836734693877 1.183673469387755 1.0408163265306123 1.7142857142857142 1.7142857142857142 1.5714285714285714 1.7142857142857142 1.4489795918367347 1.510204081632653 1.2653061224489797 2.0 1.4489795918367347 2.0 1.2857142857142858 1.7142857142857142 1.2448979591836735 1.836734693877551 1.8571428571428572 1.8571428571428572 1.9387755102040816 1.3265306122448979 1.1020408163265305
5 83.32480579896556 1.0204081632653061 2.0 1.816326530612245 1.3265306122448979 1.1020408163265305 1.0 0.9387755102040817 1.3265306122448979 1.4489795918367347 0.9591836734693877 1.0408163265306123 1.653061224489796 1.0408163265306123 1.8571428571428572 1.6734693877551021 1.7551020408163265 1.163265306122449 1.2244897959183674 1.9591836734693877 1.183673469387755 1.0408163265306123 1.7142857142857142 1.7142857142857142 1.5714285714285714 1.7142857142857142 1.4489795918367347 1.510204081632653 1.2653061224489797 2.0 1.4489795918367347 2.0 1.2857142857142858 1.7142857142857142 1.2448979591836735 1.836734693877551 1.8571428571428572 1.8571428571428572 1.9387755102040816 1.3265306122448979 1.1020408163265305
6 63.413374607377676 1.0204081632653061 2.0 1.816326530612245 1.3265306122448979 1.1020408163265305 1.0 0.9387755102040817 1.3265306122448979 1.4489795918367347 0.9591836734693877 1.0408163265306123 1.653061224489796 1.0408163265306123 1.8571428571428572 1.6734693877551021 1.7551020408163265 1.163265306122449 1.2244897959183674 1.9591836734693877 1.183673469387755 1.0408163265306123 1.7142857142857142 1.7142857142857142 1.5714285714285714 1.7142857142857142 1.4489795918367347 1.510204081632653 1.2653061224489797 2.0 1.4489795918367347 2.0 1.2857142857142858 1.7142857142857142 1.2448979591836735 1.836734693877551 1.8571428571428572 1.8571428571428572 1.9387755102040816 1.3265306122448979 1.1020408163265305
7 44.579549120538765 1.0204081632653061 2.0 1.816326530612245 1.3265306122448979 1.1020408163265305 1.0 0.9387755102040817 1.3265306122448979 1.4489795918367347 0.9591836734693877 1.0408163265306123 1.653061224489796 1.0408163265306123 1.8571428571428572 1.6734693877551021 1.7551020408163265 1.163265306122449 1.2244897959183674 1.9591836734693877 1.183673469387755 1.0408163265306123 1.7142857142857142 1.7142857142857142 1.5714285714285714 1.7142857142857142 1.4489795918367347 1.510204081632653 1.2653061224489797 2.0 1.4489795918367347 2.0 1.2857142857142858 1.7142857142857142 1.2448979591836735 1.836734693877551 1.8571428571428572 1.8571428571428572 1.9387755102040816 1.3265306122448979 1.1020408163265305
8 156.5360713260738 1.530612244897959 3.0 2.7244897959183674 1.989795918367347 1.653061224489796 1.5 1.4081632653061225 1.989795918367347 2.173469387755102 1.4387755102040816 1.5612244897959184 2.479591836734694 1.5612244897959184 2.7857142857142856 2.510204081632653 2.63265306122449 1.7448979591836735 1.836734693877551 2.938775510204082 1.7755102040816326 1.5612244897959184 2.5714285714285716 2.5714285714285716 2.357142857142857 2.5714285714285716 2.173469387755102 2.2653061224489797 1.8979591836734695 3.0 2.173469387755102 3.0 1.9285714285714286 2.5714285714285716 1.8673469387755102 2.7551020408163267 2.7857142857142856 2.7857142857142856 2.9081632653061225 1.989795918367347 1.653061224489796
9 52.42791299474002 1.0204081632653061 2.0 1.816326530612245 1.3265306122448979 1.1020408163265305 1.0 0.9387755102040817 1.3265306122448979 1.4489795918367347 0.9591836734693877 1.0408163265306123 1.653061224489796 1.0408163265306123 1.8571428571428572 1.6734693877551021 1.7551020408163265 1.163265306122449 1.2244897959183674 1.9591836734693877 1.183673469387755 1.0408163265306123 1.7142857142857142 1.7142857142857142 1.5714285714285714 1.7142857142857142 1.4489795918367347 1.510204081632653 1.2653061224489797 2.0 1.4489795918367347 2.0 1.2857142857142858 1.7142857142857142 1.2448979591836735 1.836734693877551 1.8571428571428572 1.8571428571428572 1.9387755102040816 1.3265306122448979 1.1020408163265305
10 6.638569091651285 1.0204081632653061 2.0 1.816326530612245 1.3265306122448979 1.1020408163265305 1.0 0.9387755102040817 1.3265306122448979 1.4489795918367347 0.9591836734693877 1.0408163265306123 1.653061224489796 1.0408163265306123 1.8571428571428572 1.6734693877551021 1.7551020408163265 1.163265306122449 1.2244897959183674 1.9591836734693877 1.183673469387755 1.0408163265306123 1.7142857142857142 1.7142857142857142 1.5714285714285714 1.7142857142857142 1.4489795918367347 1.510204081632653 1.2653061224489797 2.0 1.4489795918367347 2.0 1.2857142857142858 1.7142857142857142 1.2448979591836735 1.836734693877551 1.8571428571428572 1.8571428571428572 1.9387755102040816 1.3265306122448979 1.1020408163265305
11 10.2316859588963 1.530612244897959 3.0 2.7244897959183674 1.989795918367347 1.653061224489796 1.5 1.4081632653061225 1.989795918367347 2.173469387755102 1.4387755102040816 1.5612244897959184 2.479591836734694 1.5612244897959184 2.7857142857142856 2.510204081632653 2.63265306122449 1.7448979591836735 1.836734693877551 2.938775510204082 1.7755102040816326 1.5612244897959184 2.5714285714285716 2.5714285714285716 2.357142857142857 2.5714285714285716 2.173469387755102 2.2653061224489797 1.8979591836734695 3.0 2.173469387755102 3.0 1.9285714285714286 2.5714285714285716 1.8673469387755102 2.7551020408163267 2.7857142857142856 2.7857142857142856 2.9081632653061225 1.989795918367347 1.653061224489796
12 133.10372049207544 1.530612244897959 3.0 2.7244897959183674 1.989795918367347 1.653061224489796 1.5 1.4081632653061225 1.989795918367347 2.173469387755102 1.4387755102040816 1.5612244897959184 2.479591836734694 1.5612244897959184 2.7857142857142856 2.510204081632653 2.63265306122449 1.7448979591836735 1.836734693877551 2.938775510204082 1.7755102040816326 1.5612244897959184 2.5714285714285716 2.5714285714285716 2.357142857142857 2.5714285714285716 2.173469387755102 2.2653061224489797 1.8979591836734695 3.0 2.173469387755102 3.0 1.9285714285714286 2.5714285714285716 1.8673469387755102 2.7551020408163267 2.7857142857142856 2.7857142857142856 2.9081632653061225 1.989795918367347 1.653061224489796
13 53.148039466853255 1.0204081632653061 2.0 1.816326530612245 1.3265306122448979 1.1020408163265305 1.0 0.9387755102040817 1.3265306122448979 1.4489795918367347 0.9591836734693877 1.0408163265306123 1.653061224489796 1.0408163265306123 1.8571428571428572 1.6734693877551021 1.7551020408163265 1.163265306122449 1.2244897959183674 1.9591836734693877 1.183673469387755 1.0408163265306123 1.7142857142857142 1.7142857142857142 1.5714285714285714 1.7142857142857142 1.4489795918367347 1.510204081632653 1.2653061224489797 2.0 1.4489795918367347 2.0 1.2857142857142858 1.7142857142857142 1.2448979591836735 1.836734693877551 1.8571428571428572 1.8571428571428572 1.9387755102040816 1.3265306122448979 1.1020408163265305
14 163.68458605982696 1.530612244897959 3.0 2.7244897959183674 1.989795918367347 1.653061224489796 1.5 1.4081632653061225 1.989795918367347 2.173469387755102 1.4387755102040816 1.5612244897959184 2.479591836734694 1.5612244897959184 2.7857142857142856 2.510204081632653 2.63265306122449 1.7448979591836735 1.836734693877551 2.938775510204082 1.7755102040816326 1.5612244897959184 2.5714285714285716 2.5714285714285716 2.357142857142857 2.5714285714285716 2.173469387755102 2.2653061224489797 1.8979591836734695 3.0 2.173469387755102 3.0 1.9285714285714286 2.5714285714285716 1.8673469387755102 2.7551020408163267 2.7857142857142856 2.7857142857142856 2.9081632653061225 1.989795918367347 1.653061224489796
15 263.5673924014743 1.0204081632653061 2.0 1.816326530612245 1.3265306122448979 1.1020408163265305 1.0 0.9387755102040817 1.3265306122448979 1.4489795918367347 0.9591836734693877 1.0408163265306123 1.653061224489796 1.0408163265306123 1.8571428571428572 1.6734693877551021 1.7551020408163265 1.163265306122449 1.2244897959183674 1.9591836734693877 1.183673469387755 1.0408163265306123 1.7142857142857142 1.7142857142857142 1.5714285714285714 1.7142857142857142 1.4489795918367347 1.510204081632653 1.2653061224489797 2.0 1.4489795918367347 2.0 1.2857142857142858 1.7142857142857142 1.2448979591836735 1.836734693877551 1.8571428571428572 1.8571428571428572 1.9387755102040816 1.3265306122448979 1.1020408163265305
16 68.22742663182612 1.0204081632653061 2.0 1.816326530612245 1.3265306122448979 1.1020408163265305 1.0 0.9387755102040817 1.3265306122448979 1.4489795918367347 0.9591836734693877 1.0408163265306123 1.653061224489796 1.0408163265306123 1.8571428571428572 1.6734693877551021 1.7551020408163265 1.163265306122449 1.2244897959183674 1.9591836734693877 1.183673469387755 1.0408163265306123 1.7142857142857142 1.7142857142857142 1.5714285714285714 1.7142857142857142 1.4489795918367347 1.510204081632653 1.2653061224489797 2.0 1.4489795918367347 2.0 1.2857142857142858 1.7142857142857142 1.2448979591836735 1.836734693877551 1.8571428571428572 1.8571428571428572 1.9387755102040816 1.3265306122448979 1.1020408163265305
17 58.90909919811597 1.530612244897959 3.0 2.7244897959183674 1.989795918367347 1.653061224489796 1.5 1.4081632653061225 1.989795918367347 2.173469387755102 1.4387755102040816 1.5612244897959184 2.479591836734694 1.5612244897959184 2.7857142857142856 2.510204081632653 2.63265306122449 1.7448979591836735 1.836734693877551 2.938775510204082 1.7755102040816326 1.5612244897959184 2.5714285714285716 2.5714285714285716 2.357142857142857 2.5714285714285716 2.173469387755102 2.2653061224489797 1.8979591836734695 3.0 2.173469387755102 3.0 1.9285714285714286 2.5714285714285716 1.8673469387755102 2.7551020408163267 2.7857142857142856 2.7857142857142856 2.9081632653061225 1.989795918367347 1.653061224489796
18 240.88658824010773 1.0204081632653061 2.0 1.816326530612245 1.3265306122448979 1.1020408163265305 1.0 0.9387755102040817 1.3265306122448979 1.4489795918367347 0.9591836734693877 1.0408163265306123 1.653061224489796 1.0408163265306123 1.8571428571428572 1.6734693877551021 1.7551020408163265 1.163265306122449 1.2244897959183674 1.9591836734693877 1.183673469387755 1.0408163265306123 1.7142857142857142 1.7142857142857142 1.5714285714285714 1.7142857142857142 1.4489795918367347 1.510204081632653 1.2653061224489797 2.0 1.4489795918367347 2.0 1.2857142857142858 1.7142857142857142 1.2448979591836735 1.836734693877551 1.8571428571428572 1.8571428571428572 1.9387755102040816 1.3265306122448979 1.1020408163265305
19 6.411215016911637 1.0204081632653061 2.0 1.816326530612245 1.3265306122448979 1.1020408163265305 1.0 0.9387755102040817 1.3265306122448979 1.4489795918367347 0.9591836734693877 1.0408163265306123 1.653061224489796 1.0408163265306123 1.8571428571428572 1.6734693877551021 1.7551020408163265 1.163265306122449 1.2244897959183674 1.9591836734693877 1.183673469387755 1.0408163265306123 1.7142857142857142 1.7142857142857142 1.5714285714285714 1.7142857142857142 1.4489795918367347 1.510204081632653 1.2653061224489797 2.0 1.4489795918367347 2.0 1.2857142857142858 1.7142857142857142 1.2448979591836735 1.836734693877551 1.8571428571428572 1.8571428571428572 1.9387755102040816 1.3265306122448979 1.1020408163265305
20 77.2641370886187 1.0204081632653061 2.0 1.816326530612245 1.3265306122448979 1.1020408163265305 1.0 0.9387755102040817 1.3265306122448979 1.4489795918367347 0.9591836734693877 1.0408163265306123 1.653061224489796 1.0408163265306123 1.8571428571428572 1.6734693877551021 1.7551020408163265 1.163265306122449 1.2244897959183674 1.9591836734693877 1.183673469387755 1.0408163265306123 1.7142857142857142 1.7142857142857142 1.5714285714285714 1.7142857142857142 1.4489795918367347 1.510204081632653 1.2653061224489797 2.0 1.4489795918367347 2.0 1.2857142857142858 1.7142857142857142 1.2448979591836735 1.836734693877551 1.8571428571428572 1.8571428571428572 1.9387755102040816 1.3265306122448979 1.1020408163265305
21 55.85524863658576 1.530612244897959 3.0 2.7244897959183674 1.989795918367347 1.653061224489796 1.5 1.4081632653061225 1.989795918367347 2.173469387755102 1.4387755102040816 1.5612244897959184 2.479591836734694 1.5612244897959184 2.7857142857142856 2.510204081632653 2.63265306122449 1.7448979591836735 1.836734693877551 2.938775510204082 1.7755102040816326 1.5612244897959184 2.5714285714285716 2.5714285714285716 2.357142857142857 2.5714285714285716 2.173469387755102 2.2653061224489797 1.8979591836734695 3.0 2.173469387755102 3.0 1.9285714285714286 2.5714285714285716 1.8673469387755102 2.7551020408163267 2.7857142857142856 2.7857142857142856 2.9081632653061225 1.989795918367347 1.653061224489796
22 49.72431965011098 1.0204081632653061 2.0 1.816326530612245 1.3265306122448979 1.1020408163265305 1.0 0.9387755102040817 1.3265306122448979 1.4489795918367347 0.9591836734693877 1.0408163265306123 1.653061224489796 1.0408163265306123 1.8571428571428572 1.6734693877551021 1.7551020408163265 1.163265306122449 1.2244897959183674 1.9591836734693877 1.183673469387755 1.0408163265306123 1.7142857142857142 1.7142857142857142 1.5714285714285714 1.7142857142857142 1.4489795918367347 1.510204081632653 1.2653061224489797 2.0 1.4489795918367347 2.0 1.2857142857142858 1.7142857142857142 1.2448979591836735 1.836734693877551 1.8571428571428572 1.8571428571428572 1.9387755102040816 1.3265306122448979 1.1020408163265305
23 46.507227698895726 1.530612244897959 3.0 2.7244897959183674 1.989795918367347 1.653061224489796 1.5 1.4081632653061225 1.989795918367347 2.173469387755102 1.4387755102040816 1.5612244897959184 2.479591836734694 1.5612244897959184 2.7857142857142856 2.510204081632653 2.63265306122449 1.7448979591836735 1.836734693877551 2.938775510204082 1.7755102040816326 1.5612244897959184 2.5714285714285716 2.5714285714285716 2.357142857142857 2.5714285714285716 2.173469387755102 2.2653061224489797 1.8979591836734695 3.0 2.173469387755102 3.0 1.9285714285714286 2.5714285714285716 1.8673469387755102 2.7551020408163267 2.7857142857142856 2.7857142857142856 2.9081632653061225 1.989795918367347 1.653061224489796
24 47.18165668118661 1.0204081632653061 2.0 1.816326530612245 1.3265306122448979 1.1020408163265305 1.0 0.9387755102040817 1.3265306122448979 1.4489795918367347 0.9591836734693877 1.0408163265306123 1.653061224489796 1.0408163265306123 1.8571428571428572 1.6734693877551021 1.7551020408163265 1.163265306122449 1.2244897959183674 1.9591836734693877 1.183673469387755 1.0408163265306123 1.7142857142857142 1.7142857142857142 1.5714285714285714 1.7142857142857142 1.4489795918367347 1.510204081632653 1.2653061224489797 2.0 1.4489795918367347 2.0 1.2857142857142858 1.7142857142857142 1.2448979591836735 1.836734693877551 1.8571428571428572 1.8571428571428572 1.9387755102040816 1.3265306122448979 1.1020408163265305
25 80.3169218197016 1.0204081632653061 2.0 1.816326530612245 1.3265306122448979 1.1020408163265305 1.0 0.9387755102040817 1.3265306122448979 1.4489795918367347 0.9591836734693877 1.0408163265306123 1.653061224489796 1.0408163265306123 1.8571428571428572 1.6734693877551021 1.7551020408163265 1.163265306122449 1.2244897959183674 1.9591836734693877 1.183673469387755 1.0408163265306123 1.7142857142857142 1.7142857142857142 1.5714285714285714 1.7142857142857142 1.4489795918367347 1.510204081632653 1.2653061224489797 2.0 1.4489795918367347 2.0 1.2857142857142858 1.7142857142857142 1.2448979591836735 1.836734693877551 1.8571428571428572 1.8571428571428572 1.9387755102040816 1.3265306122448979 1.1020408163265305
26 6.828297100769515 1.0204081632653061 2.0 1.816326530612245 1.3265306122448979 1.1020408163265305 1.0 0.9387755102040817 1.3265306122448979 1.4489795918367347 0.9591836734693877 1.0408163265306123 1.653061224489796 1.0408163265306123 1.8571428571428572 1.6734693877551021 1.7551020408163265 1.163265306122449 1.2244897959183674 1.9591836734693877 1.183673469387755 1.0408163265306123 1.7142857142857142 1.7142857142857142 1.5714285714285714 1.7142857142857142 1.4489795918367347 1.510204081632653 1.2653061224489797 2.0 1.4489795918367347 2.0 1.2857142857142858 1.7142857142857142 1.2448979591836735 1.836734693877551 1.8571428571428572 1.8571428571428572 1.9387755102040816 1.3265306122448979 1.1020408163265305
27 106.80394387479178 1.0204081632653061 2.0 1.816326530612245 1.3265306122448979 1.1020408163265305 1.0 0.9387755102040817 1.3265306122448979 1.4489795918367347 0.9591836734693877 1.0408163265306123 1.653061224489796 1.0408163265306123 1.8571428571428572 1.6734693877551021 1.7551020408163265 1.163265306122449 1.2244897959183674 1.9591836734693877 1.183673469387755 1.0408163265306123 1.7142857142857142 1.7142857142857142 1.5714285714285714 1.7142857142857142 1.4489795918367347 1.510204081632653 1.2653061224489797 2.0 1.4489795918367347 2.0 1.2857142857142858 1.7142857142857142 1.2448979591836735 1.836734693877551 1.8571428571428572 1.8571428571428572 1.9387755102040816 1.3265306122448979 1.1020408163265305
28 147.39423283816765 1.530612244897959 3.0 2.7244897959183674 1.989795918367347 1.653061224489796 1.5 1.4081632653061225 1.989795918367347 2.173469387755102 1.4387755102040816 1.5612244897959184 2.479591836734694 1.5612244897959184 2.7857142857142856 2.510204081632653 2.63265306122449 1.7448979591836735 1.836734693877551 2.938775510204082 1.7755102040816326 1.5612244897959184 2.5714285714285716 2.5714285714285716 2.357142857142857 2.5714285714285716 2.173469387755102 2.2653061224489797 1.8979591836734695 3.0 2.173469387755102 3.0 1.9285714285714286 2.5714285714285716 1.8673469387755102 2.7551020408163267 2.7857142857142856 2.7857142857142856 2.9081632653061225 1.989795918367347 1.653061224489796
29 184.7799705435831 1.0204081632653061 2.0 1.816326530612245 1.3265306122448979 1.1020408163265305 1.0 0.9387755102040817 1.3265306122448979 1.4489795918367347 0.9591836734693877 1.0408163265306123 1.653061224489796 1.0408163265306123 1.8571428571428572 1.6734693877551021 1.7551020408163265 1.163265306122449 1.2244897959183674 1.9591836734693877 1.183673469387755 1.0408163265306123 1.7142857142857142 1.7142857142857142 1.5714285714285714 1.7142857142857142 1.4489795918367347 1.510204081632653 1.2653061224489797 2.0 1.4489795918367347 2.0 1.2857142857142858 1.7142857142857142 1.2448979591836735 1.836734693877551 1.8571428571428572 1.8571428571428572 1.9387755102040816 1.3265306122448979 1.1020408163265305
30 114.87473660249212 1.0204081632653061 2.0 1.816326530612245 1.3265306122448979 1.1020408163265305 1.0 0.9387755102040817 1.3265306122448979 1.4489795918367347 0.9591836734693877 1.0408163265306123 1.653061224489796 1.0408163265306123 1.8571428571428572 1.6734693877551021 1.7551020408163265 1.163265306122449 1.2244897959183674 1.9591836734693877 1.183673469387755 1.0408163265306123 1.7142857142857142 1.7142857142857142 1.5714285714285714 1.7142857142857142 1.4489795918367347 1.510204081632653 1.2653061224489797 2.0 1.4489795918367347 2.0 1.2857142857142858 1.7142857142857142 1.2448979591836735 1.836734693877551 1.8571428571428572 1.8571428571428572 1.9387755102040816 1.3265306122448979 1.1020408163265305
31 262.844905277368 1.530612244897959 3.0 2.7244897959183674 1.989795918367347 1.653061224489796 1.5 1.4081632653061225 1.989795918367347 2.173469387755102 1.4387755102040816 1.5612244897959184 2.479591836734694 1.5612244897959184 2.7857142857142856 2.510204081632653 2.63265306122449 1.7448979591836735 1.836734693877551 2.938775510204082 1.7755102040816326 1.5612244897959184 2.5714285714285716 2.5714285714285716 2.357142857142857 2.5714285714285716 2.173469387755102 2.2653061224489797 1.8979591836734695 3.0 2.173469387755102 3.0 1.9285714285714286 2.5714285714285716 1.8673469387755102 2.7551020408163267 2.7857142857142856 2.7857142857142856 2.9081632653061225 1.989795918367347 1.653061224489796
32 90.07799902343167 1.0204081632653061 2.0 1.816326530612245 1.3265306122448979 1.1020408163265305 1.0 0.9387755102040817 1.3265306122448979 1.4489795918367347 0.9591836734693877 1.0408163265306123 1.653061224489796 1.0408163265306123 1.8571428571428572 1.6734693877551021 1.7551020408163265 1.163265306122449 1.2244897959183674 1.9591836734693877 1.183673469387755 1.0408163265306123 1.7142857142857142 1.7142857142857142 1.5714285714285714 1.7142857142857142 1.4489795918367347 1.510204081632653 1.2653061224489797 2.0 1.4489795918367347 2.0 1.2857142857142858 1.7142857142857142 1.2448979591836735 1.836734693877551 1.8571428571428572 1.8571428571428572 1.9387755102040816 1.3265306122448979 1.1020408163265305
33 200.33314698145267 1.530612244897959 3.0 2.7244897959183674 1.989795918367347 1.653061224489796 1.5 1.4081632653061225 1.989795918367347 2.173469387755102 1.4387755102040816 1.5612244897959184 2.479591836734694 1.5612244897959184 2.7857142857142856 2.510204081632653 2.63265306122449 1.7448979591836735 1.836734693877551 2.938775510204082 1.7755102040816326 1.5612244897959184 2.5714285714285716 2.5714285714285716 2.357142857142857 2.5714285714285716 2.173469387755102 2.2653061224489797 1.8979591836734695 3.0 2.173469387755102 3.0 1.9285714285714286 2.5714285714285716 1.8673469387755102 2.7551020408163267 2.7857142857142856 2.7857142857142856 2.9081632653061225 1.989795918367347 1.653061224489796
34 7.578722967057727 1.0204081632653061 2.0 1.816326530612245 1.3265306122448979 1.1020408163265305 1.0 0.9387755102040817 1.3265306122448979 1.4489795918367347 0.9591836734693877 1.0408163265306123 1.653061224489796 1.0408163265306123 1.8571428571428572 1.6734693877551021 1.7551020408163265 1.163265306122449 1.2244897959183674 1.9591836734693877 1.183673469387755 1.0408163265306123 1.7142857142857142 1.7142857142857142 1.5714285714285714 1.7142857142857142 1.4489795918367347 1.510204081632653 1.2653061224489797 2.0 1.4489795918367347 2.0 1.2857142857142858 1.7142857142857142 1.2448979591836735 1.836734693877551 1.8571428571428572 1.8571428571428572 1.9387755102040816 1.3265306122448979 1.1020408163265305
35 184.66868310837737 1.530612244897959 3.0 2.7244897959183674 1.989795918367347 1.653061224489796 1.5 1.4081632653061225 1.989795918367347 2.173469387755102 1.4387755102040816 1.5612244897959184 2.479591836734694 1.5612244897959184 2.7857142857142856 2.510204081632653 2.63265306122449 1.7448979591836735 1.836734693877551 2.938775510204082 1.7755102040816326 1.5612244897959184 2.5714285714285716 2.5714285714285716 2.357142857142857 2.5714285714285716 2.173469387755102 2.2653061224489797 1.8979591836734695 3.0 2.173469387755102 3.0 1.9285714285714286 2.5714285714285716 1.8673469387755102 2.7551020408163267 2.7857142857142856 2.7857142857142856 2.9081632653061225 1.989795918367347 1.653061224489796
36 45.94090588719777 1.0204081632653061 2.0 1.816326530612245 1.3265306122448979 1.1020408163265305 1.0 0.9387755102040817 1.3265306122448979 1.4489795918367347 0.9591836734693877 1.0408163265306123 1.653061224489796 1.0408163265306123 1.8571428571428572 1.6734693877551021 1.7551020408163265 1.163265306122449 1.2244897959183674 1.9591836734693877 1.183673469387755 1.0408163265306123 1.7142857142857142 1.7142857142857142 1.5714285714285714 1.7142857142857142 1.4489795918367347 1.510204081632653 1.2653061224489797 2.0 1.4489795918367347 2.0 1.2857142857142858 1.7142857142857142 1.2448979591836735 1.836734693877551 1.8571428571428572 1.8571428571428572 1.9387755102040816 1.3265306122448979 1.1020408163265305
37 19.556574960967993 1.0204081632653061 2.0 1.816326530612245 1.3265306122448979 1.1020408163265305 1.0 0.9387755102040817 1.3265306122448979 1.4489795918367347 0.9591836734693877 1.0408163265306123 1.653061224489796 1.0408163265306123 1.8571428571428572 1.6734693877551021 1.7551020408163265 1.163265306122449 1.2244897959183674 1.9591836734693877 1.183673469387755 1.0408163265306123 1.7142857142857142 1.7142857142857142 1.5714285714285714 1.7142857142857142 1.4489795918367347 1.510204081632653 1.2653061224489797 2.0 1.4489795918367347 2.0 1.2857142857142858 1.7142857142857142 1.2448979591836735 1.836734693877551 1.8571428571428572 1.8571428571428572 1.9387755102040816 1.3265306122448979 1.1020408163265305
38 194.26873288722177 1.0204081632653061 2.0 1.816326530612245 1.3265306122448979 1.1020408163265305 1.0 0.9387755102040817 1.3265306122448979 1.4489795918367347 0.9591836734693877 1.0408163265306123 1.653061224489796 1.0408163265306123 1.8571428571428572 1.6734693877551021 1.7551020408163265 1.163265306122449 1.2244897959183674 1.9591836734693877 1.183673469387755 1.0408163265306123 1.7142857142857142 1.7142857142857142 1.5714285714285714 1.7142857142857142 1.4489795918367347 1.510204081632653 1.2653061224489797 2.0 1.4489795918367347 2.0 1.2857142857142858 1.7142857142857142 1.2448979591836735 1.836734693877551 1.8571428571428572 1.8571428571428572 1.9387755102040816 1.3265306122448979 1.1020408163265305
39 25.08385828192725 1.530612244897959 3.0 2.7244897959183674 1.989795918367347 1.653061224489796 1.5 1.4081632653061225 1.989795918367347 2.173469387755102 1.4387755102040816 1.5612244897959184 2.479591836734694 1.5612244897959184 2.7857142857142856 2.510204081632653 2.63265306122449 1.7448979591836735 1.836734693877551 2.938775510204082 1.7755102040816326 1.5612244897959184 2.5714285714285716 2.5714285714285716 2.357142857142857 2.5714285714285716 2.173469387755102 2.2653061224489797 1.8979591836734695 3.0 2.173469387755102 3.0 1.9285714285714286 2.5714285714285716 1.8673469387755102 2.7551020408163267 2.7857142857142856 2.7857142857142856 2.9081632653061225 1.989795918367347 1.653061224489796
