20 7
TREE NETWORK (nID nID Weight):
1 0 32.0 
2 1 32.0 
6 0 35.0 
11 0 54.0 
7 6 34.0 
12 11 58.0 
13 11 40.0 
9 6 33.0 
10 6 31.0 
18 0 53.0 
3 2 58.0 
14 13 50.0 
19 18 56.0 
15 14 32.0 
8 7 52.0 
16 14 51.0 
4 3 55.0 
17 13 39.0 
5 2 55.0 
PROGRAMS ASSIGNED TO NODES (nID pID1 pID2 ...):
0 1 2 3 4 5 6 7  
4 3 6 7  
9 1 2 3 4 5 6  
15 1 2 3 4  
10 1 2 3 7  
2  
3 3 4 5 6 7  
12 6  
7 1 2 4 7  
17 1 2 3 4 5 6  
1 2 3 4 7  
16 2 4 6  
11  
19  
13 5 6 7  
6 1 4  
14 4 5  
18 2  
5 3 4 6 7  
8 1 3  
SIZE OF PROGRAMS (pID SIZE):
1 67.0 
2 80.0 
3 60.0 
4 57.0 
5 49.0 
6 53.0 
7 58.0 
COST_INSTALL_SERVER_AND_PROGRAMS :
0 2590.0 2.5125 3.0 2.25 2.1375 1.8375 1.9875 2.175  
4 6.858426724137931 1.675 2.0 1.5 1.425 1.225 1.325 1.45  
9 2.6263102968460106 2.5125 3.0 2.25 2.1375 1.8375 1.9875 2.175  
15 0.9209444444444443 1.675 2.0 1.5 1.425 1.225 1.325 1.45  
10 4.018505184331797 2.5125 3.0 2.25 2.1375 1.8375 1.9875 2.175  
2 2.6545833333333335 2.5125 3.0 2.25 2.1375 1.8375 1.9875 2.175  
3 8.385617816091953 2.5125 3.0 2.25 2.1375 1.8375 1.9875 2.175  
12 0.3136510217113666 1.675 2.0 1.5 1.425 1.225 1.325 1.45  
7 7.611421568627453 1.675 2.0 1.5 1.425 1.225 1.325 1.45  
17 10.51142094017094 2.5125 3.0 2.25 2.1375 1.8375 1.9875 2.175  
1 96.0 2.5125 3.0 2.25 2.1375 1.8375 1.9875 2.175  
16 6.935206971677559 2.5125 3.0 2.25 2.1375 1.8375 1.9875 2.175  
11 29.0 2.5125 3.0 2.25 2.1375 1.8375 1.9875 2.175  
19 11.0 2.5125 3.0 2.25 2.1375 1.8375 1.9875 2.175  
13 4.318518518518516 1.675 2.0 1.5 1.425 1.225 1.325 1.45  
6 62.0 2.5125 3.0 2.25 2.1375 1.8375 1.9875 2.175  
14 8.638519841269844 2.5125 3.0 2.25 2.1375 1.8375 1.9875 2.175  
18 0.7301886792452832 1.675 2.0 1.5 1.425 1.225 1.325 1.45  
5 0.6347727272727273 1.675 2.0 1.5 1.425 1.225 1.325 1.45  
8 2.5419497414350354 1.675 2.0 1.5 1.425 1.225 1.325 1.45  
