30 5
TREE NETWORK (nID nID Weight):
1 0 51.0 
15 0 40.0 
16 15 41.0 
17 16 43.0 
22 0 38.0 
18 15 53.0 
2 1 52.0 
26 0 50.0 
3 2 53.0 
20 15 56.0 
11 1 40.0 
23 22 53.0 
6 2 54.0 
7 2 46.0 
21 20 38.0 
27 0 44.0 
8 7 53.0 
4 3 34.0 
12 11 35.0 
5 4 41.0 
24 23 34.0 
28 27 56.0 
9 7 45.0 
29 28 37.0 
13 12 39.0 
10 7 43.0 
14 11 36.0 
25 22 57.0 
19 18 40.0 
PROGRAMS ASSIGNED TO NODES (nID pID1 pID2 ...):
0 1 2 3 4 5  
14  
1  
9 3 5  
21 2  
22 3 4 5  
20 2 3 4 5  
29 1 2 3 4  
10 2 5  
4 3  
17 4 5  
28 1  
7 5  
8 1  
15 2 3 4 5  
6 2 3 5  
26 2 3 4  
12 2 3 5  
19 1 2 3 5  
24  
18 1 2 4  
27 1 3 4 5  
23 1 3 5  
2  
11 2 3  
3 2 3 4 5  
16 5  
25 1 2 3 4  
13 2  
5 2 3 4 5  
SIZE OF PROGRAMS (pID SIZE):
1 77.0 
2 92.0 
3 87.0 
4 49.0 
5 86.0 
COST_INSTALL_SERVER_AND_PROGRAMS :
0 1850.0 1.673913043478261 2.0 1.891304347826087 1.065217391304348 1.8695652173913044  
14 76.0 1.673913043478261 2.0 1.891304347826087 1.065217391304348 1.8695652173913044  
1 37.0 2.510869565217391 3.0 2.8369565217391304 1.5978260869565217 2.8043478260869565  
9 6.222880881077812 2.510869565217391 3.0 2.8369565217391304 1.5978260869565217 2.8043478260869565  
21 0.1681954887218045 2.510869565217391 3.0 2.8369565217391304 1.5978260869565217 2.8043478260869565  
22 31.0 2.510869565217391 3.0 2.8369565217391304 1.5978260869565217 2.8043478260869565  
20 5.63639751552795 1.673913043478261 2.0 1.891304347826087 1.065217391304348 1.8695652173913044  
29 6.939294584675019 2.510869565217391 3.0 2.8369565217391304 1.5978260869565217 2.8043478260869565  
10 4.23690968933787 1.673913043478261 2.0 1.891304347826087 1.065217391304348 1.8695652173913044  
4 0.8558008134155412 2.510869565217391 3.0 2.8369565217391304 1.5978260869565217 2.8043478260869565  
17 2.071933494044243 2.510869565217391 3.0 2.8369565217391304 1.5978260869565217 2.8043478260869565  
28 1.0946675607001695 2.510869565217391 3.0 2.8369565217391304 1.5978260869565217 2.8043478260869565  
7 6.217519181585678 2.510869565217391 3.0 2.8369565217391304 1.5978260869565217 2.8043478260869565  
8 2.4438718375594073 1.673913043478261 2.0 1.891304347826087 1.065217391304348 1.8695652173913044  
15 0.06375000000000001 1.673913043478261 2.0 1.891304347826087 1.065217391304348 1.8695652173913044  
6 0.32791676685538573 2.510869565217391 3.0 2.8369565217391304 1.5978260869565217 2.8043478260869565  
26 87.0 1.673913043478261 2.0 1.891304347826087 1.065217391304348 1.8695652173913044  
12 3.22536079649251 2.510869565217391 3.0 2.8369565217391304 1.5978260869565217 2.8043478260869565  
19 10.476730926989335 1.673913043478261 2.0 1.891304347826087 1.065217391304348 1.8695652173913044  
24 43.0 2.510869565217391 3.0 2.8369565217391304 1.5978260869565217 2.8043478260869565  
18 0.22011792452830187 2.510869565217391 3.0 2.8369565217391304 1.5978260869565217 2.8043478260869565  
27 0.2125000000000002 1.673913043478261 2.0 1.891304347826087 1.065217391304348 1.8695652173913044  
23 0.2930572945900436 1.673913043478261 2.0 1.891304347826087 1.065217391304348 1.8695652173913044  
2 3.6772435897435902 1.673913043478261 2.0 1.891304347826087 1.065217391304348 1.8695652173913044  
11 0.15898870417732303 2.510869565217391 3.0 2.8369565217391304 1.5978260869565217 2.8043478260869565  
3 9.599700784585938 1.673913043478261 2.0 1.891304347826087 1.065217391304348 1.8695652173913044  
16 1.4309451219512195 1.673913043478261 2.0 1.891304347826087 1.065217391304348 1.8695652173913044  
25 2.9168096872616314 2.510869565217391 3.0 2.8369565217391304 1.5978260869565217 2.8043478260869565  
13 0.30457336780866195 2.510869565217391 3.0 2.8369565217391304 1.5978260869565217 2.8043478260869565  
5 21.058369925625176 2.510869565217391 3.0 2.8369565217391304 1.5978260869565217 2.8043478260869565  
