10 5
TREE NETWORK (nID nID Weight):
1 0 45.0 
2 1 57.0 
7 0 48.0 
9 0 53.0 
8 7 44.0 
3 2 38.0 
4 1 32.0 
6 1 43.0 
5 4 39.0 
PROGRAMS ASSIGNED TO NODES (nID pID1 pID2 ...):
0 1 2 3 4 5  
3 3  
5 1 3  
9 3  
8 1 3 4  
1 5  
6 2 3 4 5  
2  
4 3  
7 1 3 5  
SIZE OF PROGRAMS (pID SIZE):
1 85.0 
2 80.0 
3 53.0 
4 52.0 
5 62.0 
COST_INSTALL_SERVER_AND_PROGRAMS :
0 1781.1764705882351 2.0 1.8823529411764706 1.2470588235294118 1.223529411764706 1.4588235294117646  
3 1.2404041967664259 2.0 1.8823529411764706 1.2470588235294118 1.223529411764706 1.4588235294117646  
5 2.9403849296128706 2.0 1.8823529411764706 1.2470588235294118 1.223529411764706 1.4588235294117646  
9 11.0 3.0 2.823529411764706 1.8705882352941177 1.8352941176470587 2.1882352941176473  
8 0.4711898395721927 3.0 2.823529411764706 1.8705882352941177 1.8352941176470587 2.1882352941176473  
1 105.0 3.0 2.823529411764706 1.8705882352941177 1.8352941176470587 2.1882352941176473  
6 0.1257713938288493 3.0 2.823529411764706 1.8705882352941177 1.8352941176470587 2.1882352941176473  
2 0.13035775713794293 3.0 2.823529411764706 1.8705882352941177 1.8352941176470587 2.1882352941176473  
4 0.2066053921568628 2.0 1.8823529411764706 1.2470588235294118 1.223529411764706 1.4588235294117646  
7 2.2389705882352944 3.0 2.823529411764706 1.8705882352941177 1.8352941176470587 2.1882352941176473  
