40 7
TREE NETWORK (nID nID Weight):
1 0 54.0 
2 1 46.0 
3 2 30.0 
10 1 33.0 
11 10 49.0 
18 10 55.0 
7 2 40.0 
19 1 34.0 
36 0 42.0 
12 11 57.0 
23 1 42.0 
24 23 54.0 
4 3 34.0 
26 23 38.0 
5 4 47.0 
8 7 36.0 
32 1 44.0 
20 19 51.0 
15 11 41.0 
21 20 49.0 
38 0 37.0 
27 26 43.0 
13 12 34.0 
28 27 42.0 
9 7 52.0 
29 28 56.0 
22 21 52.0 
33 32 57.0 
35 32 58.0 
34 33 53.0 
31 27 57.0 
37 36 31.0 
30 28 55.0 
39 38 37.0 
16 15 37.0 
6 4 49.0 
25 24 34.0 
17 11 57.0 
14 13 45.0 
PROGRAMS ASSIGNED TO NODES (nID pID1 pID2 ...):
0 1 2 3 4 5 6 7  
11 4 5  
7 1 2 3 5 6 7  
28 1 4  
37 2 3 6 7  
24 7  
35 1 2 3 4 5 6  
36 2 4 5  
1 1 2 3 4 6  
29 6 7  
23 1 3 5 7  
12 3 5 7  
26  
15  
14 3  
39 1 6  
38 2 3 4 5 6 7  
33 4 5 7  
16 2 3 4 5 6 7  
20 1 2 3 6  
8 4  
4 1 2 3 6  
9 1 2 3 4 7  
34  
30 3 4 5 6  
32 2 3 4 5 7  
17  
5 3 6 7  
27 1 2 4 5 6  
18  
31  
3 7  
10 2 4  
6 1 3 4 6 7  
2 3 6  
13 3 4 5  
19 4  
25 1 2 4  
22 1 2 4  
21 2 4 5 6 7  
SIZE OF PROGRAMS (pID SIZE):
1 57.0 
2 83.0 
3 68.0 
4 54.0 
5 90.0 
6 98.0 
7 70.0 
COST_INSTALL_SERVER_AND_PROGRAMS :
0 2061.2244897959185 1.163265306122449 1.6938775510204083 1.3877551020408163 1.1020408163265305 1.836734693877551 2.0 1.4285714285714286  
11 17.276202501202505 1.163265306122449 1.6938775510204083 1.3877551020408163 1.1020408163265305 1.836734693877551 2.0 1.4285714285714286  
7 9.9085855598278 1.7448979591836735 2.5408163265306123 2.0816326530612246 1.653061224489796 2.7551020408163267 3.0 2.142857142857143  
28 33.734244443439984 1.7448979591836735 2.5408163265306123 2.0816326530612246 1.653061224489796 2.7551020408163267 3.0 2.142857142857143  
37 9.669053105113012 1.163265306122449 1.6938775510204083 1.3877551020408163 1.1020408163265305 1.836734693877551 2.0 1.4285714285714286  
24 0.399092970521542 1.7448979591836735 2.5408163265306123 2.0816326530612246 1.653061224489796 2.7551020408163267 3.0 2.142857142857143  
35 6.003064347100238 1.7448979591836735 2.5408163265306123 2.0816326530612246 1.653061224489796 2.7551020408163267 3.0 2.142857142857143  
36 0.3037172011661809 1.163265306122449 1.6938775510204083 1.3877551020408163 1.1020408163265305 1.836734693877551 2.0 1.4285714285714286  
1 60.0 1.7448979591836735 2.5408163265306123 2.0816326530612246 1.653061224489796 2.7551020408163267 3.0 2.142857142857143  
29 0.8648141672009482 1.7448979591836735 2.5408163265306123 2.0816326530612246 1.653061224489796 2.7551020408163267 3.0 2.142857142857143  
23 3.35071806500378 1.7448979591836735 2.5408163265306123 2.0816326530612246 1.653061224489796 2.7551020408163267 3.0 2.142857142857143  
12 7.126872375744559 1.7448979591836735 2.5408163265306123 2.0816326530612246 1.653061224489796 2.7551020408163267 3.0 2.142857142857143  
26 13.349087003222348 1.7448979591836735 2.5408163265306123 2.0816326530612246 1.653061224489796 2.7551020408163267 3.0 2.142857142857143  
15 16.22216444350591 1.163265306122449 1.6938775510204083 1.3877551020408163 1.1020408163265305 1.836734693877551 2.0 1.4285714285714286  
14 0.40119794435583905 1.163265306122449 1.6938775510204083 1.3877551020408163 1.1020408163265305 1.836734693877551 2.0 1.4285714285714286  
39 0.18167402095973528 1.7448979591836735 2.5408163265306123 2.0816326530612246 1.653061224489796 2.7551020408163267 3.0 2.142857142857143  
38 2.753447324875896 1.163265306122449 1.6938775510204083 1.3877551020408163 1.1020408163265305 1.836734693877551 2.0 1.4285714285714286  
33 3.3164806858415874 1.7448979591836735 2.5408163265306123 2.0816326530612246 1.653061224489796 2.7551020408163267 3.0 2.142857142857143  
16 19.949768651212157 1.7448979591836735 2.5408163265306123 2.0816326530612246 1.653061224489796 2.7551020408163267 3.0 2.142857142857143  
20 12.960984393757506 1.7448979591836735 2.5408163265306123 2.0816326530612246 1.653061224489796 2.7551020408163267 3.0 2.142857142857143  
8 0.16854259094942328 1.7448979591836735 2.5408163265306123 2.0816326530612246 1.653061224489796 2.7551020408163267 3.0 2.142857142857143  
4 11.9231181223352 1.163265306122449 1.6938775510204083 1.3877551020408163 1.1020408163265305 1.836734693877551 2.0 1.4285714285714286  
9 3.8754927317142656 1.7448979591836735 2.5408163265306123 2.0816326530612246 1.653061224489796 2.7551020408163267 3.0 2.142857142857143  
34 96.0 1.7448979591836735 2.5408163265306123 2.0816326530612246 1.653061224489796 2.7551020408163267 3.0 2.142857142857143  
30 14.407384627379384 1.7448979591836735 2.5408163265306123 2.0816326530612246 1.653061224489796 2.7551020408163267 3.0 2.142857142857143  
32 3.7323747680890524 1.7448979591836735 2.5408163265306123 2.0816326530612246 1.653061224489796 2.7551020408163267 3.0 2.142857142857143  
17 39.0 1.163265306122449 1.6938775510204083 1.3877551020408163 1.1020408163265305 1.836734693877551 2.0 1.4285714285714286  
5 1.2256799177683204 1.163265306122449 1.6938775510204083 1.3877551020408163 1.1020408163265305 1.836734693877551 2.0 1.4285714285714286  
27 15.799617630269843 1.163265306122449 1.6938775510204083 1.3877551020408163 1.1020408163265305 1.836734693877551 2.0 1.4285714285714286  
18 67.0 1.163265306122449 1.6938775510204083 1.3877551020408163 1.1020408163265305 1.836734693877551 2.0 1.4285714285714286  
31 17.0 1.7448979591836735 2.5408163265306123 2.0816326530612246 1.653061224489796 2.7551020408163267 3.0 2.142857142857143  
3 16.76477749139684 1.7448979591836735 2.5408163265306123 2.0816326530612246 1.653061224489796 2.7551020408163267 3.0 2.142857142857143  
10 6.44362232627539 1.7448979591836735 2.5408163265306123 2.0816326530612246 1.653061224489796 2.7551020408163267 3.0 2.142857142857143  
6 7.744089861387389 1.163265306122449 1.6938775510204083 1.3877551020408163 1.1020408163265305 1.836734693877551 2.0 1.4285714285714286  
2 2.758585559827796 1.7448979591836735 2.5408163265306123 2.0816326530612246 1.653061224489796 2.7551020408163267 3.0 2.142857142857143  
13 5.442448622192099 1.7448979591836735 2.5408163265306123 2.0816326530612246 1.653061224489796 2.7551020408163267 3.0 2.142857142857143  
19 2.7016139789249047 1.7448979591836735 2.5408163265306123 2.0816326530612246 1.653061224489796 2.7551020408163267 3.0 2.142857142857143  
25 0.6775465741852297 1.163265306122449 1.6938775510204083 1.3877551020408163 1.1020408163265305 1.836734693877551 2.0 1.4285714285714286  
22 11.882859126556609 1.7448979591836735 2.5408163265306123 2.0816326530612246 1.653061224489796 2.7551020408163267 3.0 2.142857142857143  
21 18.970494864612515 1.163265306122449 1.6938775510204083 1.3877551020408163 1.1020408163265305 1.836734693877551 2.0 1.4285714285714286  
