50 7
TREE NETWORK (nID nID Weight):
1 0 49.0 
2 1 51.0 
10 1 51.0 
11 10 48.0 
33 1 53.0 
3 2 38.0 
12 11 30.0 
4 3 59.0 
13 12 48.0 
25 10 36.0 
26 25 47.0 
14 12 38.0 
19 11 46.0 
36 1 59.0 
47 0 33.0 
20 19 40.0 
34 33 58.0 
48 0 53.0 
41 1 38.0 
21 20 33.0 
24 11 51.0 
22 21 39.0 
23 21 30.0 
15 14 36.0 
49 0 33.0 
44 1 32.0 
37 36 56.0 
5 4 44.0 
6 5 31.0 
39 36 43.0 
45 1 32.0 
38 37 51.0 
27 25 31.0 
40 39 40.0 
29 10 30.0 
18 14 53.0 
7 6 30.0 
42 41 51.0 
8 7 55.0 
16 15 45.0 
30 29 48.0 
9 2 59.0 
32 29 54.0 
35 34 32.0 
46 1 55.0 
17 15 42.0 
43 41 59.0 
28 25 55.0 
31 30 56.0 
PROGRAMS ASSIGNED TO NODES (nID pID1 pID2 ...):
0 1 2 3 4 5 6 7  
20 1 2 7  
12 1 2 3 4 6 7  
5 4  
9 2 5  
11 3 7  
10 6  
8 3 4  
14 1 2 4 5 6 7  
24 1 6  
3 2 4 5  
6 1 4 5 6 7  
43 1 2 3 4 5 7  
22 2 3 5 6  
44 2 3 4  
4 2 3  
1 2 3 4 5 6 7  
18 7  
21 4 6  
2 4  
28 5 7  
16 5 7  
45 1 3 4 5 6 7  
36 1 5 6 7  
30 2 3 4 5 6 7  
49 3 4 6  
40 2 3 4 5 6 7  
13 1 2 4 6 7  
27 7  
38 1 3 5  
42 2 4 6 7  
33 2 5 7  
29 1 2 4 5 6 7  
31 1 2 4 7  
15 1 3 4 5 6 7  
37 1 3 4 6 7  
32 3  
46 5  
34  
26 1 3 4 6 7  
19 1 3 4  
47  
23  
35 1 5 7  
48 1 2 4  
39  
25 4  
41 1 7  
7 2 4  
17  
SIZE OF PROGRAMS (pID SIZE):
1 77.0 
2 59.0 
3 90.0 
4 67.0 
5 79.0 
6 87.0 
7 56.0 
COST_INSTALL_SERVER_AND_PROGRAMS :
0 2144.4444444444443 1.711111111111111 1.3111111111111111 2.0 1.488888888888889 1.7555555555555555 1.9333333333333333 1.2444444444444445  
20 16.25259307527359 2.566666666666667 1.9666666666666666 3.0 2.2333333333333334 2.6333333333333333 2.9 1.8666666666666667  
12 21.152751725690287 2.566666666666667 1.9666666666666666 3.0 2.2333333333333334 2.6333333333333333 2.9 1.8666666666666667  
5 39.91355523726265 1.711111111111111 1.3111111111111111 2.0 1.488888888888889 1.7555555555555555 1.9333333333333333 1.2444444444444445  
9 3.4360764418761858 1.711111111111111 1.3111111111111111 2.0 1.488888888888889 1.7555555555555555 1.9333333333333333 1.2444444444444445  
11 6.022565901360547 2.566666666666667 1.9666666666666666 3.0 2.2333333333333334 2.6333333333333333 2.9 1.8666666666666667  
10 3.8946145124716565 1.711111111111111 1.3111111111111111 2.0 1.488888888888889 1.7555555555555555 1.9333333333333333 1.2444444444444445  
8 18.853204336014368 1.711111111111111 1.3111111111111111 2.0 1.488888888888889 1.7555555555555555 1.9333333333333333 1.2444444444444445  
14 21.510212100190955 1.711111111111111 1.3111111111111111 2.0 1.488888888888889 1.7555555555555555 1.9333333333333333 1.2444444444444445  
24 2.9625193410697603 2.566666666666667 1.9666666666666666 3.0 2.2333333333333334 2.6333333333333333 2.9 1.8666666666666667  
3 3.9753753255688244 1.711111111111111 1.3111111111111111 2.0 1.488888888888889 1.7555555555555555 1.9333333333333333 1.2444444444444445  
6 9.457082328622876 2.566666666666667 1.9666666666666666 3.0 2.2333333333333334 2.6333333333333333 2.9 1.8666666666666667  
43 0.8870488974656174 1.711111111111111 1.3111111111111111 2.0 1.488888888888889 1.7555555555555555 1.9333333333333333 1.2444444444444445  
22 10.253186431535218 2.566666666666667 1.9666666666666666 3.0 2.2333333333333334 2.6333333333333333 2.9 1.8666666666666667  
44 5.086530612244898 1.711111111111111 1.3111111111111111 2.0 1.488888888888889 1.7555555555555555 1.9333333333333333 1.2444444444444445  
4 17.294884195129146 1.711111111111111 1.3111111111111111 2.0 1.488888888888889 1.7555555555555555 1.9333333333333333 1.2444444444444445  
1 86.0 2.566666666666667 1.9666666666666666 3.0 2.2333333333333334 2.6333333333333333 2.9 1.8666666666666667  
18 0.3280036615771764 1.711111111111111 1.3111111111111111 2.0 1.488888888888889 1.7555555555555555 1.9333333333333333 1.2444444444444445  
21 2.209283214603365 1.711111111111111 1.3111111111111111 2.0 1.488888888888889 1.7555555555555555 1.9333333333333333 1.2444444444444445  
2 5.040089369080968 1.711111111111111 1.3111111111111111 2.0 1.488888888888889 1.7555555555555555 1.9333333333333333 1.2444444444444445  
28 2.7242374222416235 2.566666666666667 1.9666666666666666 3.0 2.2333333333333334 2.6333333333333333 2.9 1.8666666666666667  
16 1.0008646221646555 1.711111111111111 1.3111111111111111 2.0 1.488888888888889 1.7555555555555555 1.9333333333333333 1.2444444444444445  
45 6.386465014577261 2.566666666666667 1.9666666666666666 3.0 2.2333333333333334 2.6333333333333333 2.9 1.8666666666666667  
36 5.261336907644414 1.711111111111111 1.3111111111111111 2.0 1.488888888888889 1.7555555555555555 1.9333333333333333 1.2444444444444445  
30 11.117889655862347 1.711111111111111 1.3111111111111111 2.0 1.488888888888889 1.7555555555555555 1.9333333333333333 1.2444444444444445  
49 0.5915151515151515 1.711111111111111 1.3111111111111111 2.0 1.488888888888889 1.7555555555555555 1.9333333333333333 1.2444444444444445  
40 9.32118016140518 1.711111111111111 1.3111111111111111 2.0 1.488888888888889 1.7555555555555555 1.9333333333333333 1.2444444444444445  
13 10.833845204748568 2.566666666666667 1.9666666666666666 3.0 2.2333333333333334 2.6333333333333333 2.9 1.8666666666666667  
27 2.0549302731845422 2.566666666666667 1.9666666666666666 3.0 2.2333333333333334 2.6333333333333333 2.9 1.8666666666666667  
38 5.6134574338209875 2.566666666666667 1.9666666666666666 3.0 2.2333333333333334 2.6333333333333333 2.9 1.8666666666666667  
42 0.5932737656466095 1.711111111111111 1.3111111111111111 2.0 1.488888888888889 1.7555555555555555 1.9333333333333333 1.2444444444444445  
33 1.046816198177383 2.566666666666667 1.9666666666666666 3.0 2.2333333333333334 2.6333333333333333 2.9 1.8666666666666667  
29 8.758503401360548 2.566666666666667 1.9666666666666666 3.0 2.2333333333333334 2.6333333333333333 2.9 1.8666666666666667  
31 17.32723214285714 2.566666666666667 1.9666666666666666 3.0 2.2333333333333334 2.6333333333333333 2.9 1.8666666666666667  
15 40.05924512662206 2.566666666666667 1.9666666666666666 3.0 2.2333333333333334 2.6333333333333333 2.9 1.8666666666666667  
37 13.647474263313079 1.711111111111111 1.3111111111111111 2.0 1.488888888888889 1.7555555555555555 1.9333333333333333 1.2444444444444445  
32 0.26340536214485794 2.566666666666667 1.9666666666666666 3.0 2.2333333333333334 2.6333333333333333 2.9 1.8666666666666667  
46 0.2284013605442177 2.566666666666667 1.9666666666666666 3.0 2.2333333333333334 2.6333333333333333 2.9 1.8666666666666667  
34 3.998825553209789 1.711111111111111 1.3111111111111111 2.0 1.488888888888889 1.7555555555555555 1.9333333333333333 1.2444444444444445  
26 18.561365465808084 2.566666666666667 1.9666666666666666 3.0 2.2333333333333334 2.6333333333333333 2.9 1.8666666666666667  
19 7.609918641369596 2.566666666666667 1.9666666666666666 3.0 2.2333333333333334 2.6333333333333333 2.9 1.8666666666666667  
47 90.0 1.711111111111111 1.3111111111111111 2.0 1.488888888888889 1.7555555555555555 1.9333333333333333 1.2444444444444445  
23 29.0 2.566666666666667 1.9666666666666666 3.0 2.2333333333333334 2.6333333333333333 2.9 1.8666666666666667  
35 7.64257555320979 1.711111111111111 1.3111111111111111 2.0 1.488888888888889 1.7555555555555555 1.9333333333333333 1.2444444444444445  
48 61.0 1.711111111111111 1.3111111111111111 2.0 1.488888888888889 1.7555555555555555 1.9333333333333333 1.2444444444444445  
39 12.851630519430026 1.711111111111111 1.3111111111111111 2.0 1.488888888888889 1.7555555555555555 1.9333333333333333 1.2444444444444445  
25 9.765107185731436 2.566666666666667 1.9666666666666666 3.0 2.2333333333333334 2.6333333333333333 2.9 1.8666666666666667  
41 0.6309195608067789 1.711111111111111 1.3111111111111111 2.0 1.488888888888889 1.7555555555555555 1.9333333333333333 1.2444444444444445  
7 23.892414162397046 2.566666666666667 1.9666666666666666 3.0 2.2333333333333334 2.6333333333333333 2.9 1.8666666666666667  
17 43.0 1.711111111111111 1.3111111111111111 2.0 1.488888888888889 1.7555555555555555 1.9333333333333333 1.2444444444444445  
