50 3
TREE NETWORK (nID nID Weight):
1 0 54.0 
12 0 54.0 
43 0 33.0 
13 12 58.0 
39 12 55.0 
14 13 37.0 
44 43 55.0 
32 13 43.0 
15 14 46.0 
48 0 57.0 
35 13 53.0 
2 1 34.0 
3 2 46.0 
16 15 39.0 
40 39 52.0 
33 32 45.0 
8 2 59.0 
9 8 35.0 
10 2 47.0 
17 16 56.0 
4 3 48.0 
18 16 31.0 
45 43 30.0 
28 14 38.0 
36 35 33.0 
20 15 45.0 
11 1 37.0 
21 20 55.0 
37 35 40.0 
5 3 50.0 
47 43 46.0 
25 15 44.0 
29 14 37.0 
19 16 31.0 
22 21 56.0 
6 5 34.0 
38 13 57.0 
41 39 32.0 
26 15 35.0 
42 41 36.0 
23 22 47.0 
34 33 36.0 
49 0 48.0 
24 21 57.0 
7 5 42.0 
27 15 42.0 
31 14 41.0 
46 45 42.0 
30 29 50.0 
PROGRAMS ASSIGNED TO NODES (nID pID1 pID2 ...):
0 1 2 3  
1 1 3  
15 2  
24  
10 1  
38 1  
33  
39  
49 1 2  
18 1 3  
35  
41  
5  
48  
30  
16 1 2  
26  
28 1 3  
45  
8  
22 3  
36 1 3  
34  
3 2  
7 1 3  
44  
17 1 2  
43 3  
20  
42  
47 3  
40  
27 1 2  
4  
12 1 3  
25  
2 2  
32 1 2  
19 1 3  
46  
6 2 3  
9 1 3  
21  
23  
14 1  
29 3  
13  
37 1 3  
31 2  
11  
SIZE OF PROGRAMS (pID SIZE):
1 99.0 
2 93.0 
3 45.0 
COST_INSTALL_SERVER_AND_PROGRAMS :
0 1718.181818181818 3.0 2.8181818181818183 1.3636363636363635  
1 30.0 2.0 1.878787878787879 0.9090909090909091  
15 3.855257076621394 3.0 2.8181818181818183 1.3636363636363635  
24 46.0 3.0 2.8181818181818183 1.3636363636363635  
10 0.1925740508969545 3.0 2.8181818181818183 1.3636363636363635  
38 1.8023895946763462 2.0 1.878787878787879 0.9090909090909091  
33 89.0 3.0 2.8181818181818183 1.3636363636363635  
39 20.0 2.0 1.878787878787879 0.9090909090909091  
49 0.04646464646464642 2.0 1.878787878787879 0.9090909090909091  
18 6.189140755992811 3.0 2.8181818181818183 1.3636363636363635  
35 1.3427285213882478 3.0 2.8181818181818183 1.3636363636363635  
41 77.0 2.0 1.878787878787879 0.9090909090909091  
5 13.171017799478157 2.0 1.878787878787879 0.9090909090909091  
48 48.0 2.0 1.878787878787879 0.9090909090909091  
30 54.0 3.0 2.8181818181818183 1.3636363636363635  
16 6.396515817880133 2.0 1.878787878787879 0.9090909090909091  
26 99.0 2.0 1.878787878787879 0.9090909090909091  
28 6.068127391539372 3.0 2.8181818181818183 1.3636363636363635  
45 67.0 3.0 2.8181818181818183 1.3636363636363635  
8 1.9086175815986381 3.0 2.8181818181818183 1.3636363636363635  
22 0.2530894685598583 3.0 2.8181818181818183 1.3636363636363635  
36 3.0154557941155216 3.0 2.8181818181818183 1.3636363636363635  
34 92.0 3.0 2.8181818181818183 1.3636363636363635  
3 0.5861886124673849 2.0 1.878787878787879 0.9090909090909091  
7 0.671593804320147 2.0 1.878787878787879 0.9090909090909091  
44 27.0 3.0 2.8181818181818183 1.3636363636363635  
17 13.446436223647618 3.0 2.8181818181818183 1.3636363636363635  
43 87.0 3.0 2.8181818181818183 1.3636363636363635  
20 1.8920198684441567 3.0 2.8181818181818183 1.3636363636363635  
42 102.0 3.0 2.8181818181818183 1.3636363636363635  
47 0.04891304347826088 3.0 2.8181818181818183 1.3636363636363635  
40 106.0 3.0 2.8181818181818183 1.3636363636363635  
27 10.737278714490106 3.0 2.8181818181818183 1.3636363636363635  
4 77.0 2.0 1.878787878787879 0.9090909090909091  
12 98.0 2.0 1.878787878787879 0.9090909090909091  
25 71.0 3.0 2.8181818181818183 1.3636363636363635  
2 5.257278669043376 2.0 1.878787878787879 0.9090909090909091  
32 2.8566877003124 2.0 1.878787878787879 0.9090909090909091  
19 6.189140755992811 3.0 2.8181818181818183 1.3636363636363635  
46 100.0 2.0 1.878787878787879 0.9090909090909091  
6 0.6822661913250148 2.0 1.878787878787879 0.9090909090909091  
9 3.4857604387414964 3.0 2.8181818181818183 1.3636363636363635  
21 2.342019868444156 3.0 2.8181818181818183 1.3636363636363635  
23 79.0 2.0 1.878787878787879 0.9090909090909091  
14 8.074097922373786 2.0 1.878787878787879 0.9090909090909091  
29 1.722895309102206 2.0 1.878787878787879 0.9090909090909091  
13 2.9497735980494606 2.0 1.878787878787879 0.9090909090909091  
37 5.090318539986726 3.0 2.8181818181818183 1.3636363636363635  
31 3.425778848655216 2.0 1.878787878787879 0.9090909090909091  
11 61.0 2.0 1.878787878787879 0.9090909090909091  
