40 4
TREE NETWORK (nID nID Weight):
1 0 41.0 
2 1 41.0 
3 2 56.0 
21 0 32.0 
26 0 42.0 
9 2 55.0 
38 0 54.0 
27 26 47.0 
4 3 50.0 
18 1 38.0 
13 2 39.0 
28 27 53.0 
29 28 31.0 
22 21 40.0 
36 26 52.0 
10 9 55.0 
5 4 56.0 
23 22 55.0 
30 28 42.0 
33 28 55.0 
14 13 36.0 
17 13 52.0 
31 30 40.0 
34 27 31.0 
32 31 45.0 
19 1 31.0 
11 9 53.0 
12 9 56.0 
15 14 38.0 
16 14 40.0 
35 34 39.0 
37 26 34.0 
6 5 47.0 
7 6 48.0 
24 23 52.0 
39 38 36.0 
8 3 50.0 
25 21 44.0 
20 1 37.0 
PROGRAMS ASSIGNED TO NODES (nID pID1 pID2 ...):
0 1 2 3 4  
34  
15  
3 2  
5 2 3  
19 1 4  
20 3 4  
37 4  
2 2 4  
33 2  
29  
35 1 2  
7 1 2  
38  
24 2  
36 3 4  
4 2  
18 3  
13 1  
28 1 3 4  
11 1  
8 1  
21  
27 1 4  
22 1 2 4  
10 1 2 3  
31 4  
17 3  
16 2 3 4  
30  
39 3 4  
6 3 4  
26 3  
32 4  
12  
14 3  
1  
9 3 4  
23  
25 3  
SIZE OF PROGRAMS (pID SIZE):
1 96.0 
2 59.0 
3 88.0 
4 63.0 
COST_INSTALL_SERVER_AND_PROGRAMS :
0 1956.25 3.0 1.84375 2.75 1.96875  
34 3.3576863812901037 2.0 1.2291666666666667 1.8333333333333333 1.3125  
15 72.0 3.0 1.84375 2.75 1.96875  
3 11.913697735191638 2.0 1.2291666666666667 1.8333333333333333 1.3125  
5 19.05096559233449 3.0 1.84375 2.75 1.96875  
19 1.5480268981117231 3.0 1.84375 2.75 1.96875  
20 0.23090872885080205 2.0 1.2291666666666667 1.8333333333333333 1.3125  
37 0.7613051470588237 3.0 1.84375 2.75 1.96875  
2 7.269054878048782 2.0 1.2291666666666667 1.8333333333333333 1.3125  
33 1.9892670638106704 2.0 1.2291666666666667 1.8333333333333333 1.3125  
29 31.0 2.0 1.2291666666666667 1.8333333333333333 1.3125  
35 0.5559478752630348 3.0 1.84375 2.75 1.96875  
7 7.472915523760098 2.0 1.2291666666666667 1.8333333333333333 1.3125  
38 35.0 3.0 1.84375 2.75 1.96875  
24 2.3633092948717946 2.0 1.2291666666666667 1.8333333333333333 1.3125  
36 1.285412851037851 2.0 1.2291666666666667 1.8333333333333333 1.3125  
4 14.406322735191637 3.0 1.84375 2.75 1.96875  
18 0.9416720154043647 3.0 1.84375 2.75 1.96875  
13 5.944717401500938 3.0 1.84375 2.75 1.96875  
28 8.506321865859954 3.0 1.84375 2.75 1.96875  
11 0.261985106471991 3.0 1.84375 2.75 1.96875  
8 3.474466898954704 2.0 1.2291666666666667 1.8333333333333333 1.3125  
21 0.796875 2.0 1.2291666666666667 1.8333333333333333 1.3125  
27 0.21169262917933127 3.0 1.84375 2.75 1.96875  
22 2.3162499999999997 2.0 1.2291666666666667 1.8333333333333333 1.3125  
10 4.6882566518847 2.0 1.2291666666666667 1.8333333333333333 1.3125  
31 0.28958023885989564 2.0 1.2291666666666667 1.8333333333333333 1.3125  
17 0.2745700437773609 3.0 1.84375 2.75 1.96875  
16 1.1168425578486552 2.0 1.2291666666666667 1.8333333333333333 1.3125  
30 0.17801773885989564 3.0 1.84375 2.75 1.96875  
39 1.628260030864198 3.0 1.84375 2.75 1.96875  
6 20.872175346578697 2.0 1.2291666666666667 1.8333333333333333 1.3125  
26 43.0 3.0 1.84375 2.75 1.96875  
32 3.9553826274588526 2.0 1.2291666666666667 1.8333333333333333 1.3125  
12 102.0 3.0 1.84375 2.75 1.96875  
14 11.919480925578487 3.0 1.84375 2.75 1.96875  
1 62.0 3.0 1.84375 2.75 1.96875  
9 3.528866407982261 2.0 1.2291666666666667 1.8333333333333333 1.3125  
23 1.40125 3.0 1.84375 2.75 1.96875  
25 0.14583333333333334 2.0 1.2291666666666667 1.8333333333333333 1.3125  
