40 5
TREE NETWORK (nID nID Weight):
1 0 41.0 
2 1 31.0 
15 1 35.0 
3 2 34.0 
25 1 52.0 
16 15 33.0 
20 15 36.0 
26 1 31.0 
32 0 33.0 
21 20 51.0 
33 0 56.0 
4 3 53.0 
7 3 52.0 
8 7 57.0 
27 1 32.0 
13 2 54.0 
34 33 30.0 
17 16 53.0 
11 3 47.0 
35 33 46.0 
5 4 58.0 
23 20 52.0 
24 15 55.0 
6 4 33.0 
36 0 51.0 
28 27 52.0 
14 2 58.0 
30 27 56.0 
31 30 42.0 
37 36 49.0 
38 37 46.0 
12 3 34.0 
18 17 53.0 
29 28 38.0 
19 17 54.0 
9 8 58.0 
39 37 41.0 
22 21 43.0 
10 7 43.0 
PROGRAMS ASSIGNED TO NODES (nID pID1 pID2 ...):
0 1 2 3 4 5  
32 1 2 4  
11 3  
16 5  
6 2  
39 4  
9 1 2  
35 1 2 4 5  
20 1 2 3 4  
26 1 2 4 5  
38 1 2 5  
7 2 3 4  
18  
33 1 4 5  
2  
28 1 3 4 5  
34 1 3 5  
5 4  
30 4  
22 4  
14 3 4 5  
13 1 2  
21 1 5  
8 1 5  
12 2 3 4 5  
37 1  
19 2 4  
24 3  
15 1 2 4  
3 1 2 3 5  
25 1 2 5  
29 1 3  
4 1 2 3  
1  
10 1 2 5  
23 2  
27  
36  
31 3  
17 4 5  
SIZE OF PROGRAMS (pID SIZE):
1 48.0 
2 92.0 
3 96.0 
4 98.0 
5 95.0 
COST_INSTALL_SERVER_AND_PROGRAMS :
0 1875.5102040816328 0.9795918367346939 1.8775510204081634 1.9591836734693877 2.0 1.9387755102040816  
32 3.583982683982684 1.469387755102041 2.816326530612245 2.938775510204082 3.0 2.9081632653061225  
11 0.41725682689836063 0.9795918367346939 1.8775510204081634 1.9591836734693877 2.0 1.9387755102040816  
16 4.501785148649259 1.469387755102041 2.816326530612245 2.938775510204082 3.0 2.9081632653061225  
6 5.293710422725866 1.469387755102041 2.816326530612245 2.938775510204082 3.0 2.9081632653061225  
39 2.371496891439503 0.9795918367346939 1.8775510204081634 1.9591836734693877 2.0 1.9387755102040816  
9 10.982871587145052 1.469387755102041 2.816326530612245 2.938775510204082 3.0 2.9081632653061225  
35 4.153266415261757 0.9795918367346939 1.8775510204081634 1.9591836734693877 2.0 1.9387755102040816  
20 5.607793125380235 0.9795918367346939 1.8775510204081634 1.9591836734693877 2.0 1.9387755102040816  
26 7.844179418423545 0.9795918367346939 1.8775510204081634 1.9591836734693877 2.0 1.9387755102040816  
38 0.4858269394714409 0.9795918367346939 1.8775510204081634 1.9591836734693877 2.0 1.9387755102040816  
7 17.620415070040607 1.469387755102041 2.816326530612245 2.938775510204082 3.0 2.9081632653061225  
18 64.0 1.469387755102041 2.816326530612245 2.938775510204082 3.0 2.9081632653061225  
33 1.9516581632653063 0.9795918367346939 1.8775510204081634 1.9591836734693877 2.0 1.9387755102040816  
2 13.733203005828607 0.9795918367346939 1.8775510204081634 1.9591836734693877 2.0 1.9387755102040816  
28 3.7288012238197337 1.469387755102041 2.816326530612245 2.938775510204082 3.0 2.9081632653061225  
34 2.70500850340136 1.469387755102041 2.816326530612245 2.938775510204082 3.0 2.9081632653061225  
5 0.4486299471191759 1.469387755102041 2.816326530612245 2.938775510204082 3.0 2.9081632653061225  
30 3.1892250497760086 1.469387755102041 2.816326530612245 2.938775510204082 3.0 2.9081632653061225  
22 5.562207485754749 0.9795918367346939 1.8775510204081634 1.9591836734693877 2.0 1.9387755102040816  
14 8.500888313490295 0.9795918367346939 1.8775510204081634 1.9591836734693877 2.0 1.9387755102040816  
13 2.9387149503855503 0.9795918367346939 1.8775510204081634 1.9591836734693877 2.0 1.9387755102040816  
21 15.412264287828954 0.9795918367346939 1.8775510204081634 1.9591836734693877 2.0 1.9387755102040816  
8 1.0836138710000032 1.469387755102041 2.816326530612245 2.938775510204082 3.0 2.9081632653061225  
12 27.481779171149192 1.469387755102041 2.816326530612245 2.938775510204082 3.0 2.9081632653061225  
37 0.7828631452581036 1.469387755102041 2.816326530612245 2.938775510204082 3.0 2.9081632653061225  
19 13.649752791703794 0.9795918367346939 1.8775510204081634 1.9591836734693877 2.0 1.9387755102040816  
24 0.19454997963708764 1.469387755102041 2.816326530612245 2.938775510204082 3.0 2.9081632653061225  
15 10.008576406172223 0.9795918367346939 1.8775510204081634 1.9591836734693877 2.0 1.9387755102040816  
3 6.102345021407462 0.9795918367346939 1.8775510204081634 1.9591836734693877 2.0 1.9387755102040816  
25 4.3640157751656 0.9795918367346939 1.8775510204081634 1.9591836734693877 2.0 1.9387755102040816  
29 4.458980891655566 0.9795918367346939 1.8775510204081634 1.9591836734693877 2.0 1.9387755102040816  
4 18.349256045514565 0.9795918367346939 1.8775510204081634 1.9591836734693877 2.0 1.9387755102040816  
1 6.842147834743653 1.469387755102041 2.816326530612245 2.938775510204082 3.0 2.9081632653061225  
10 6.904376004457791 1.469387755102041 2.816326530612245 2.938775510204082 3.0 2.9081632653061225  
23 3.509513513973445 1.469387755102041 2.816326530612245 2.938775510204082 3.0 2.9081632653061225  
27 10.09222949850672 0.9795918367346939 1.8775510204081634 1.9591836734693877 2.0 1.9387755102040816  
36 45.0 0.9795918367346939 1.8775510204081634 1.9591836734693877 2.0 1.9387755102040816  
31 0.3201343952215033 1.469387755102041 2.816326530612245 2.938775510204082 3.0 2.9081632653061225  
17 6.98744167541091 0.9795918367346939 1.8775510204081634 1.9591836734693877 2.0 1.9387755102040816  
