20 2
TREE NETWORK (nID nID Weight):
1 0 48.0 
2 1 32.0 
3 2 33.0 
9 0 39.0 
4 2 46.0 
13 0 59.0 
7 1 47.0 
10 9 47.0 
17 0 33.0 
14 13 40.0 
6 2 31.0 
15 14 57.0 
18 17 57.0 
19 17 31.0 
8 1 51.0 
11 9 34.0 
16 14 59.0 
12 9 49.0 
5 4 42.0 
PROGRAMS ASSIGNED TO NODES (nID pID1 pID2 ...):
0 1 2  
16 1  
7 2  
4  
10  
15  
14 1  
8 1  
19 1  
17  
3  
18  
11  
12 1  
9 2  
6  
1  
2 1  
13 2  
5  
SIZE OF PROGRAMS (pID SIZE):
1 68.0 
2 45.0 
COST_INSTALL_SERVER_AND_PROGRAMS :
0 1498.5294117647059 3.0 1.9852941176470589  
16 1.1027966101694917 2.0 1.3235294117647058  
7 0.9429560387984982 3.0 1.9852941176470589  
4 36.0 2.0 1.3235294117647058  
10 51.0 2.0 1.3235294117647058  
15 87.0 3.0 1.9852941176470589  
14 67.0 3.0 1.9852941176470589  
8 0.41250000000000003 2.0 1.3235294117647058  
19 0.6897849462365591 3.0 1.9852941176470589  
17 0.033333333333333305 2.0 1.3235294117647058  
3 33.0 3.0 1.9852941176470589  
18 82.0 2.0 1.3235294117647058  
11 75.0 2.0 1.3235294117647058  
12 0.07223966509680785 3.0 1.9852941176470589  
9 82.0 3.0 1.9852941176470589  
6 92.0 2.0 1.3235294117647058  
1 0.6531658496732027 3.0 1.9852941176470589  
2 0.29791666666666683 3.0 1.9852941176470589  
13 37.0 2.0 1.3235294117647058  
5 88.0 3.0 1.9852941176470589  
