30 4
TREE NETWORK (nID nID Weight):
1 0 48.0 
5 0 52.0 
6 5 47.0 
18 5 41.0 
20 5 31.0 
7 6 38.0 
9 6 40.0 
8 7 39.0 
2 1 52.0 
25 5 52.0 
10 6 56.0 
26 25 41.0 
19 18 31.0 
21 20 54.0 
22 21 37.0 
15 6 54.0 
16 15 48.0 
3 1 45.0 
11 10 57.0 
4 3 36.0 
23 21 46.0 
12 11 55.0 
28 5 33.0 
29 28 50.0 
24 21 42.0 
27 26 35.0 
13 12 55.0 
14 12 59.0 
17 15 58.0 
PROGRAMS ASSIGNED TO NODES (nID pID1 pID2 ...):
0 1 2 3 4  
18 1 2  
24 1  
7 1 3  
19 1  
2  
27 1 2 3  
6  
29 1 2  
26 1 4  
4  
15 4  
1  
21 1 2 4  
10 1 4  
22 1 3 4  
28 3  
17 3  
14  
20 2 3  
5  
23 1  
12 3  
13  
9 2 3 4  
16 1 4  
8 2  
25 3 4  
11 1  
3 3 4  
SIZE OF PROGRAMS (pID SIZE):
1 72.0 
2 92.0 
3 49.0 
4 60.0 
COST_INSTALL_SERVER_AND_PROGRAMS :
0 1890.217391304348 2.347826086956522 3.0 1.5978260869565217 1.9565217391304348  
18 0.09030100334448164 2.347826086956522 3.0 1.5978260869565217 1.9565217391304348  
24 2.4238439447415607 2.347826086956522 3.0 1.5978260869565217 1.9565217391304348  
7 2.1863039171257688 2.347826086956522 3.0 1.5978260869565217 1.9565217391304348  
19 1.7135071270876696 2.347826086956522 3.0 1.5978260869565217 1.9565217391304348  
2 14.0 1.565217391304348 2.0 1.065217391304348 1.3043478260869565  
27 0.7421354573316399 1.565217391304348 2.0 1.065217391304348 1.3043478260869565  
6 1.8328862164662358 2.347826086956522 3.0 1.5978260869565217 1.9565217391304348  
29 4.339930542887065 2.347826086956522 3.0 1.5978260869565217 1.9565217391304348  
26 5.366635737009545 2.347826086956522 3.0 1.5978260869565217 1.9565217391304348  
4 67.0 2.347826086956522 3.0 1.5978260869565217 1.9565217391304348  
15 0.3374451151856332 1.565217391304348 2.0 1.065217391304348 1.3043478260869565  
1 48.0 1.565217391304348 2.0 1.065217391304348 1.3043478260869565  
21 6.636391616019947 2.347826086956522 3.0 1.5978260869565217 1.9565217391304348  
10 0.2330901002327922 2.347826086956522 3.0 1.5978260869565217 1.9565217391304348  
22 10.90275203458934 1.565217391304348 2.0 1.065217391304348 1.3043478260869565  
28 3.2561454849498337 1.565217391304348 2.0 1.065217391304348 1.3043478260869565  
17 1.17659838475016 2.347826086956522 3.0 1.5978260869565217 1.9565217391304348  
14 67.0 1.565217391304348 2.0 1.065217391304348 1.3043478260869565  
20 2.0304172510518934 1.565217391304348 2.0 1.065217391304348 1.3043478260869565  
5 1.9173913043478263 2.347826086956522 3.0 1.5978260869565217 1.9565217391304348  
23 0.21289603337289176 2.347826086956522 3.0 1.5978260869565217 1.9565217391304348  
12 0.1506296505278321 2.347826086956522 3.0 1.5978260869565217 1.9565217391304348  
13 71.0 2.347826086956522 3.0 1.5978260869565217 1.9565217391304348  
9 7.037932114139328 1.565217391304348 2.0 1.065217391304348 1.3043478260869565  
16 0.38359257019062754 1.565217391304348 2.0 1.065217391304348 1.3043478260869565  
8 3.5786875125620927 1.565217391304348 2.0 1.065217391304348 1.3043478260869565  
25 3.8804347826086945 1.565217391304348 2.0 1.065217391304348 1.3043478260869565  
11 2.512549778360248 1.565217391304348 2.0 1.065217391304348 1.3043478260869565  
3 0.8906712962962962 1.565217391304348 2.0 1.065217391304348 1.3043478260869565  
