30 6
TREE NETWORK (nID nID Weight):
1 0 34.0 
9 0 37.0 
2 1 37.0 
11 0 46.0 
12 11 35.0 
17 11 51.0 
18 17 31.0 
27 0 57.0 
19 18 34.0 
10 9 33.0 
13 12 42.0 
3 2 30.0 
14 13 50.0 
24 11 54.0 
29 0 59.0 
4 2 38.0 
6 1 31.0 
20 18 52.0 
25 11 45.0 
15 13 57.0 
8 1 52.0 
28 27 48.0 
7 6 48.0 
21 20 31.0 
26 25 57.0 
22 18 42.0 
16 15 41.0 
23 17 49.0 
5 4 32.0 
PROGRAMS ASSIGNED TO NODES (nID pID1 pID2 ...):
0 1 2 3 4 5 6  
5 2 3  
29 1 2 3 4  
13 1 2 4 5 6  
1 1 2 4 5 6  
10 2 3 4 5 6  
7  
25 1 3 5 6  
14 1 5  
16 1 3 6  
27 2 4 5 6  
21 2 3 5 6  
26 1 4 6  
9 3  
24  
3 1 2 3 4 5  
18 2 4 5 6  
22 1 3 5 6  
20  
15 1 3 5 6  
4 2 3 6  
23 1  
12 2 3 4 6  
28 2  
11 1 2 4 5 6  
2 2 3 4  
8 2 3 4 5 6  
17 1 2 3  
19 1 3 5 6  
6 1 2 3 4 6  
SIZE OF PROGRAMS (pID SIZE):
1 60.0 
2 95.0 
3 77.0 
4 94.0 
5 92.0 
6 93.0 
COST_INSTALL_SERVER_AND_PROGRAMS :
0 2613.684210526316 1.894736842105263 3.0 2.431578947368421 2.968421052631579 2.905263157894737 2.9368421052631577  
5 0.7993867667977576 1.263157894736842 2.0 1.6210526315789473 1.9789473684210526 1.936842105263158 1.9578947368421054  
29 52.0 1.263157894736842 2.0 1.6210526315789473 1.9789473684210526 1.936842105263158 1.9578947368421054  
13 7.297931785986706 1.894736842105263 3.0 2.431578947368421 2.968421052631579 2.905263157894737 2.9368421052631577  
1 0.21357585139318874 1.263157894736842 2.0 1.6210526315789473 1.9789473684210526 1.936842105263158 1.9578947368421054  
10 8.323187924766872 1.894736842105263 3.0 2.431578947368421 2.968421052631579 2.905263157894737 2.9368421052631577  
7 75.0 1.263157894736842 2.0 1.6210526315789473 1.9789473684210526 1.936842105263158 1.9578947368421054  
25 0.2575540300025427 1.894736842105263 3.0 2.431578947368421 2.968421052631579 2.905263157894737 2.9368421052631577  
14 6.812814354727397 1.894736842105263 3.0 2.431578947368421 2.968421052631579 2.905263157894737 2.9368421052631577  
16 0.9714652484870714 1.894736842105263 3.0 2.431578947368421 2.968421052631579 2.905263157894737 2.9368421052631577  
27 77.0 1.894736842105263 3.0 2.431578947368421 2.968421052631579 2.905263157894737 2.9368421052631577  
21 1.6692414017295911 1.894736842105263 3.0 2.431578947368421 2.968421052631579 2.905263157894737 2.9368421052631577  
26 4.065483091787439 1.894736842105263 3.0 2.431578947368421 2.968421052631579 2.905263157894737 2.9368421052631577  
9 3.6182645803698437 1.894736842105263 3.0 2.431578947368421 2.968421052631579 2.905263157894737 2.9368421052631577  
24 10.0 1.894736842105263 3.0 2.431578947368421 2.968421052631579 2.905263157894737 2.9368421052631577  
3 5.270362126832714 1.894736842105263 3.0 2.431578947368421 2.968421052631579 2.905263157894737 2.9368421052631577  
18 5.179039661483549 1.263157894736842 2.0 1.6210526315789473 1.9789473684210526 1.936842105263158 1.9578947368421054  
22 15.982552015712908 1.263157894736842 2.0 1.6210526315789473 1.9789473684210526 1.936842105263158 1.9578947368421054  
20 5.46717475058344 1.894736842105263 3.0 2.431578947368421 2.968421052631579 2.905263157894737 2.9368421052631577  
15 16.445263157894743 1.894736842105263 3.0 2.431578947368421 2.968421052631579 2.905263157894737 2.9368421052631577  
4 4.068462890134717 1.894736842105263 3.0 2.431578947368421 2.968421052631579 2.905263157894737 2.9368421052631577  
23 0.09052856840676775 1.894736842105263 3.0 2.431578947368421 2.968421052631579 2.905263157894737 2.9368421052631577  
12 0.478592677345538 1.894736842105263 3.0 2.431578947368421 2.968421052631579 2.905263157894737 2.9368421052631577  
28 0.03229166666666668 1.894736842105263 3.0 2.431578947368421 2.968421052631579 2.905263157894737 2.9368421052631577  
11 90.0 1.894736842105263 3.0 2.431578947368421 2.968421052631579 2.905263157894737 2.9368421052631577  
2 11.523780855158567 1.894736842105263 3.0 2.431578947368421 2.968421052631579 2.905263157894737 2.9368421052631577  
8 5.515235571961578 1.894736842105263 3.0 2.431578947368421 2.968421052631579 2.905263157894737 2.9368421052631577  
17 4.527968546686411 1.894736842105263 3.0 2.431578947368421 2.968421052631579 2.905263157894737 2.9368421052631577  
19 11.876608409068217 1.263157894736842 2.0 1.6210526315789473 1.9789473684210526 1.936842105263158 1.9578947368421054  
6 2.731750557608443 1.894736842105263 3.0 2.431578947368421 2.968421052631579 2.905263157894737 2.9368421052631577  
