10 7
TREE NETWORK (nID nID Weight):
1 0 48.0 
2 1 30.0 
6 0 35.0 
4 1 51.0 
7 0 33.0 
5 1 37.0 
8 7 44.0 
3 2 37.0 
9 8 59.0 
PROGRAMS ASSIGNED TO NODES (nID pID1 pID2 ...):
0 1 2 3 4 5 6 7  
6 4 6 7  
9 1 3 4 5 6  
2 2  
4 1 2 3 5 7  
7 7  
5  
3 1 2 3 4 5 6  
1 3  
8 2 3 4 5 6  
SIZE OF PROGRAMS (pID SIZE):
1 96.0 
2 67.0 
3 69.0 
4 43.0 
5 76.0 
6 50.0 
7 49.0 
COST_INSTALL_SERVER_AND_PROGRAMS :
0 1937.5 2.0 1.3958333333333333 1.4375 0.8958333333333334 1.5833333333333333 1.0416666666666667 1.0208333333333333  
6 0.3296428571428572 2.0 1.3958333333333333 1.4375 0.8958333333333334 1.5833333333333333 1.0416666666666667 1.0208333333333333  
9 6.2923418507104945 2.0 1.3958333333333333 1.4375 0.8958333333333334 1.5833333333333333 1.0416666666666667 1.0208333333333333  
2 12.125476190476189 2.0 1.3958333333333333 1.4375 0.8958333333333334 1.5833333333333333 1.0416666666666667 1.0208333333333333  
4 5.016666666666668 2.0 1.3958333333333333 1.4375 0.8958333333333334 1.5833333333333333 1.0416666666666667 1.0208333333333333  
7 25.0 3.0 2.09375 2.15625 1.34375 2.375 1.5625 1.53125  
5 98.0 2.0 1.3958333333333333 1.4375 0.8958333333333334 1.5833333333333333 1.0416666666666667 1.0208333333333333  
3 9.584551560489059 3.0 2.09375 2.15625 1.34375 2.375 1.5625 1.53125  
1 49.0 3.0 2.09375 2.15625 1.34375 2.375 1.5625 1.53125  
8 4.3344020562770575 2.0 1.3958333333333333 1.4375 0.8958333333333334 1.5833333333333333 1.0416666666666667 1.0208333333333333  
