30 7
TREE NETWORK (nID nID Weight):
1 0 51.0 
16 0 40.0 
17 16 35.0 
2 1 44.0 
18 17 44.0 
6 1 50.0 
27 16 32.0 
7 1 51.0 
3 2 56.0 
19 17 44.0 
11 1 59.0 
13 1 48.0 
20 17 42.0 
12 11 58.0 
14 13 31.0 
8 7 48.0 
28 16 46.0 
21 20 35.0 
22 20 58.0 
23 20 50.0 
9 8 31.0 
25 17 42.0 
4 2 38.0 
29 16 34.0 
15 13 34.0 
5 2 55.0 
24 23 30.0 
26 17 41.0 
10 9 57.0 
PROGRAMS ASSIGNED TO NODES (nID pID1 pID2 ...):
0 1 2 3 4 5 6 7  
5 2  
7 2 3 4 6  
18  
2 2 5  
6 1 2 3 4 5 6  
27 1 2 3 4 7  
24 2 3 4 6 7  
23  
13 1 2 4 5 6  
10 7  
25 1 3 5 6 7  
28 4 5 6 7  
29 1 6 7  
15  
26 1 3 4 5 6 7  
22 1 6 7  
21 1 2 3 4 6 7  
3 3 6 7  
12 4 6 7  
8 4 5 6 7  
20 1 3 5 6 7  
11 1 6 7  
17 1  
19 1 2 6  
4 4 5  
1 3 5 6 7  
9 3 5 7  
16 1 2 4 5 6 7  
14 1 2 3 4 6 7  
SIZE OF PROGRAMS (pID SIZE):
1 45.0 
2 64.0 
3 65.0 
4 51.0 
5 96.0 
6 55.0 
7 86.0 
COST_INSTALL_SERVER_AND_PROGRAMS :
0 2443.75 1.40625 2.0 2.03125 1.59375 3.0 1.71875 2.6875  
5 1.3968627450980395 0.9375 1.3333333333333333 1.3541666666666667 1.0625 2.0 1.1458333333333333 1.7916666666666667  
7 3.6684611344537807 0.9375 1.3333333333333333 1.3541666666666667 1.0625 2.0 1.1458333333333333 1.7916666666666667  
18 36.0 1.40625 2.0 2.03125 1.59375 3.0 1.71875 2.6875  
2 1.7292040679908323 0.9375 1.3333333333333333 1.3541666666666667 1.0625 2.0 1.1458333333333333 1.7916666666666667  
6 2.8507408963585417 1.40625 2.0 2.03125 1.59375 3.0 1.71875 2.6875  
27 4.276249999999999 1.40625 2.0 2.03125 1.59375 3.0 1.71875 2.6875  
24 25.278113095238094 0.9375 1.3333333333333333 1.3541666666666667 1.0625 2.0 1.1458333333333333 1.7916666666666667  
23 4.599407738095238 1.40625 2.0 2.03125 1.59375 3.0 1.71875 2.6875  
13 7.247058823529412 0.9375 1.3333333333333333 1.3541666666666667 1.0625 2.0 1.1458333333333333 1.7916666666666667  
10 0.3379840582243085 1.40625 2.0 2.03125 1.59375 3.0 1.71875 2.6875  
25 0.8003720238095238 1.40625 2.0 2.03125 1.59375 3.0 1.71875 2.6875  
28 1.865217391304348 0.9375 1.3333333333333333 1.3541666666666667 1.0625 2.0 1.1458333333333333 1.7916666666666667  
29 4.996470588235295 0.9375 1.3333333333333333 1.3541666666666667 1.0625 2.0 1.1458333333333333 1.7916666666666667  
15 99.0 1.40625 2.0 2.03125 1.59375 3.0 1.71875 2.6875  
26 4.385008088601294 0.9375 1.3333333333333333 1.3541666666666667 1.0625 2.0 1.1458333333333333 1.7916666666666667  
22 0.5893626847290641 1.40625 2.0 2.03125 1.59375 3.0 1.71875 2.6875  
21 6.008188775510202 0.9375 1.3333333333333333 1.3541666666666667 1.0625 2.0 1.1458333333333333 1.7916666666666667  
3 1.7886315889992355 1.40625 2.0 2.03125 1.59375 3.0 1.71875 2.6875  
12 3.463430398459792 1.40625 2.0 2.03125 1.59375 3.0 1.71875 2.6875  
8 12.2281045751634 0.9375 1.3333333333333333 1.3541666666666667 1.0625 2.0 1.1458333333333333 1.7916666666666667  
20 3.7296875 1.40625 2.0 2.03125 1.59375 3.0 1.71875 2.6875  
11 0.5659910892323025 1.40625 2.0 2.03125 1.59375 3.0 1.71875 2.6875  
17 0.5156249999999997 1.40625 2.0 2.03125 1.59375 3.0 1.71875 2.6875  
19 2.728896103896104 0.9375 1.3333333333333333 1.3541666666666667 1.0625 2.0 1.1458333333333333 1.7916666666666667  
4 5.037581210713951 0.9375 1.3333333333333333 1.3541666666666667 1.0625 2.0 1.1458333333333333 1.7916666666666667  
1 2.915808823529412 1.40625 2.0 2.03125 1.59375 3.0 1.71875 2.6875  
9 9.709709044908287 0.9375 1.3333333333333333 1.3541666666666667 1.0625 2.0 1.1458333333333333 1.7916666666666667  
16 28.0 1.40625 2.0 2.03125 1.59375 3.0 1.71875 2.6875  
14 11.594536968013013 1.40625 2.0 2.03125 1.59375 3.0 1.71875 2.6875  
