50 4
TREE NETWORK (nID nID Weight):
1 0 36.0 
18 0 54.0 
19 18 40.0 
20 18 39.0 
26 18 32.0 
27 26 57.0 
2 1 52.0 
3 2 48.0 
44 0 51.0 
46 0 34.0 
33 26 31.0 
41 26 46.0 
5 1 52.0 
28 27 56.0 
34 33 41.0 
21 20 56.0 
7 1 54.0 
8 7 42.0 
22 20 51.0 
35 34 40.0 
36 35 50.0 
29 28 57.0 
45 44 41.0 
15 1 32.0 
30 27 44.0 
47 46 48.0 
6 5 58.0 
49 46 53.0 
40 33 39.0 
9 8 40.0 
31 30 43.0 
16 1 58.0 
24 20 49.0 
10 9 41.0 
11 10 52.0 
12 11 33.0 
23 22 35.0 
37 35 41.0 
43 26 37.0 
4 2 45.0 
13 8 53.0 
38 34 50.0 
42 41 59.0 
48 47 40.0 
25 20 49.0 
14 8 47.0 
32 30 31.0 
17 16 30.0 
39 38 53.0 
PROGRAMS ASSIGNED TO NODES (nID pID1 pID2 ...):
0 1 2 3 4  
40 1 2 4  
43 1 4  
6 2 3  
38 1 4  
5 2 3  
9 1 3 4  
29 1 2 4  
44 2 3  
26 2  
11 3  
49  
45 4  
14 1 2 3  
12 1 3 4  
24 2 3 4  
23 1 2 4  
47 1 2  
30 2  
22 1 2 4  
42 1 3 4  
1 1 2 4  
18 3  
33 4  
2  
31 1 2 4  
25 2 3 4  
41  
21 3 4  
20 2 3 4  
4 2 4  
39  
34 1 2 4  
15 4  
28  
13 2  
36  
10 1 2  
16 1 2 4  
37  
3  
7 2  
48  
27  
46 3  
8  
17 3  
19 1 3 4  
35  
32 2  
SIZE OF PROGRAMS (pID SIZE):
1 65.0 
2 52.0 
3 96.0 
4 76.0 
COST_INSTALL_SERVER_AND_PROGRAMS :
0 1903.125 2.03125 1.625 3.0 2.375  
40 0.8379507570535797 1.3541666666666667 1.0833333333333333 2.0 1.5833333333333333  
43 3.0247575700700695 1.3541666666666667 1.0833333333333333 2.0 1.5833333333333333  
6 0.24419945475979957 2.03125 1.625 3.0 2.375  
38 10.669212028659265 1.3541666666666667 1.0833333333333333 2.0 1.5833333333333333  
5 0.8940349002849003 2.03125 1.625 3.0 2.375  
9 15.686182208994714 2.03125 1.625 3.0 2.375  
29 4.137729741019213 2.03125 1.625 3.0 2.375  
44 72.0 2.03125 1.625 3.0 2.375  
26 4.549074074074077 2.03125 1.625 3.0 2.375  
11 7.641602843294918 2.03125 1.625 3.0 2.375  
49 40.0 1.3541666666666667 1.0833333333333333 2.0 1.5833333333333333  
45 0.9682867049258729 1.3541666666666667 1.0833333333333333 2.0 1.5833333333333333  
14 8.264825016886189 1.3541666666666667 1.0833333333333333 2.0 1.5833333333333333  
12 9.79614829784037 2.03125 1.625 3.0 2.375  
24 4.104741554741555 2.03125 1.625 3.0 2.375  
23 11.040446503387683 1.3541666666666667 1.0833333333333333 2.0 1.5833333333333333  
47 0.8519301470588235 2.03125 1.625 3.0 2.375  
30 4.0070457868155245 1.3541666666666667 1.0833333333333333 2.0 1.5833333333333333  
22 6.629017931959109 1.3541666666666667 1.0833333333333333 2.0 1.5833333333333333  
42 4.808028586342422 1.3541666666666667 1.0833333333333333 2.0 1.5833333333333333  
1 1.3045138888888885 1.3541666666666667 1.0833333333333333 2.0 1.5833333333333333  
18 56.0 2.03125 1.625 3.0 2.375  
33 9.44823775388292 1.3541666666666667 1.0833333333333333 2.0 1.5833333333333333  
2 0.16752136752136754 1.3541666666666667 1.0833333333333333 2.0 1.5833333333333333  
31 5.3535574147225 1.3541666666666667 1.0833333333333333 2.0 1.5833333333333333  
25 0.48982498982498984 1.3541666666666667 1.0833333333333333 2.0 1.5833333333333333  
41 3.6029438405797105 1.3541666666666667 1.0833333333333333 2.0 1.5833333333333333  
21 2.71535578618912 1.3541666666666667 1.0833333333333333 2.0 1.5833333333333333  
20 0.33706374643874654 1.3541666666666667 1.0833333333333333 2.0 1.5833333333333333  
4 2.374700854700855 1.3541666666666667 1.0833333333333333 2.0 1.5833333333333333  
39 89.0 2.03125 1.625 3.0 2.375  
34 7.978958679371738 2.03125 1.625 3.0 2.375  
15 1.161111111111111 2.03125 1.625 3.0 2.375  
28 3.1219402673350043 2.03125 1.625 3.0 2.375  
13 0.1500817360487172 2.03125 1.625 3.0 2.375  
36 20.0 1.3541666666666667 1.0833333333333333 2.0 1.5833333333333333  
10 24.23649979029553 1.3541666666666667 1.0833333333333333 2.0 1.5833333333333333  
16 0.1989643199233716 2.03125 1.625 3.0 2.375  
37 50.0 1.3541666666666667 1.0833333333333333 2.0 1.5833333333333333  
3 103.0 2.03125 1.625 3.0 2.375  
7 3.311458333333333 1.3541666666666667 1.0833333333333333 2.0 1.5833333333333333  
48 74.0 2.03125 1.625 3.0 2.375  
27 0.3480019493177389 2.03125 1.625 3.0 2.375  
46 64.0 2.03125 1.625 3.0 2.375  
8 0.5614666005291007 2.03125 1.625 3.0 2.375  
17 0.27609195402298853 1.3541666666666667 1.0833333333333333 2.0 1.5833333333333333  
19 1.5992013888888896 2.03125 1.625 3.0 2.375  
35 61.0 2.03125 1.625 3.0 2.375  
32 0.2638073934020454 1.3541666666666667 1.0833333333333333 2.0 1.5833333333333333  
