40 6
TREE NETWORK (nID nID Weight):
1 0 57.0 
2 1 57.0 
3 2 49.0 
25 1 42.0 
8 2 57.0 
9 8 31.0 
11 2 50.0 
26 25 52.0 
34 0 35.0 
28 1 55.0 
22 2 50.0 
29 28 32.0 
12 11 52.0 
4 3 57.0 
5 4 55.0 
10 8 44.0 
13 12 57.0 
14 13 56.0 
6 5 36.0 
35 34 52.0 
15 14 58.0 
39 0 50.0 
19 12 34.0 
36 35 42.0 
27 25 41.0 
7 5 42.0 
20 12 43.0 
37 35 51.0 
23 22 54.0 
32 1 58.0 
38 35 43.0 
21 20 54.0 
30 28 49.0 
16 15 44.0 
33 1 48.0 
17 16 30.0 
24 2 49.0 
18 13 46.0 
31 30 37.0 
PROGRAMS ASSIGNED TO NODES (nID pID1 pID2 ...):
0 1 2 3 4 5 6  
15 2  
6  
35 2 4  
39  
12 6  
38 2 4  
13 1 2 3 4 5  
28  
23 3 5 6  
36 1  
30 1 2 3 4 5  
2 2 4 6  
17  
11 2 3 4 6  
25 2 4  
1 1 2 4  
21 1 2 4 5 6  
37 2 3 4 5 6  
29 1 3 4  
3 1 5 6  
18 5  
5 4  
22 1 5 6  
24 2 5  
16  
8 1 2 3 4  
33  
34 1 2 3 4 5  
20 1 2 4 6  
19 1 5 6  
31 3 4 5  
4 1  
32 1 2 3 4 6  
9 4  
27 2 3 4 5  
7 1 2 5  
10 2 3 5  
14 1 2 5 6  
26 1 4 5 6  
SIZE OF PROGRAMS (pID SIZE):
1 56.0 
2 88.0 
3 63.0 
4 71.0 
5 63.0 
6 45.0 
COST_INSTALL_SERVER_AND_PROGRAMS :
0 2315.909090909091 1.9090909090909092 3.0 2.147727272727273 2.4204545454545454 2.147727272727273 1.5340909090909092  
15 5.044906124728266 1.2727272727272727 2.0 1.4318181818181819 1.6136363636363635 1.4318181818181819 1.0227272727272727  
6 93.0 1.9090909090909092 3.0 2.147727272727273 2.4204545454545454 2.147727272727273 1.5340909090909092  
35 0.2646278721278721 1.9090909090909092 3.0 2.147727272727273 2.4204545454545454 2.147727272727273 1.5340909090909092  
39 60.0 1.9090909090909092 3.0 2.147727272727273 2.4204545454545454 2.147727272727273 1.5340909090909092  
12 0.7763922831554413 1.9090909090909092 3.0 2.147727272727273 2.4204545454545454 2.147727272727273 1.5340909090909092  
38 0.38422937527588696 1.2727272727272727 2.0 1.4318181818181819 1.6136363636363635 1.4318181818181819 1.0227272727272727  
13 4.3006709869078295 1.9090909090909092 3.0 2.147727272727273 2.4204545454545454 2.147727272727273 1.5340909090909092  
28 3.176593567251462 1.2727272727272727 2.0 1.4318181818181819 1.6136363636363635 1.4318181818181819 1.0227272727272727  
23 6.960242424242423 1.2727272727272727 2.0 1.4318181818181819 1.6136363636363635 1.4318181818181819 1.0227272727272727  
36 1.1556410256410257 1.9090909090909092 3.0 2.147727272727273 2.4204545454545454 2.147727272727273 1.5340909090909092  
30 4.366795261964435 1.2727272727272727 2.0 1.4318181818181819 1.6136363636363635 1.4318181818181819 1.0227272727272727  
2 0.9201469583048527 1.2727272727272727 2.0 1.4318181818181819 1.6136363636363635 1.4318181818181819 1.0227272727272727  
17 71.0 1.9090909090909092 3.0 2.147727272727273 2.4204545454545454 2.147727272727273 1.5340909090909092  
11 7.762346548188652 1.2727272727272727 2.0 1.4318181818181819 1.6136363636363635 1.4318181818181819 1.0227272727272727  
25 2.142533688116393 1.9090909090909092 3.0 2.147727272727273 2.4204545454545454 2.147727272727273 1.5340909090909092  
1 48.0 1.2727272727272727 2.0 1.4318181818181819 1.6136363636363635 1.4318181818181819 1.0227272727272727  
21 14.56763965083152 1.9090909090909092 3.0 2.147727272727273 2.4204545454545454 2.147727272727273 1.5340909090909092  
37 0.7372656755009696 1.2727272727272727 2.0 1.4318181818181819 1.6136363636363635 1.4318181818181819 1.0227272727272727  
29 0.31240530303030306 1.9090909090909092 3.0 2.147727272727273 2.4204545454545454 2.147727272727273 1.5340909090909092  
3 9.349430529787673 1.2727272727272727 2.0 1.4318181818181819 1.6136363636363635 1.4318181818181819 1.0227272727272727  
18 2.7550412339376873 1.9090909090909092 3.0 2.147727272727273 2.4204545454545454 2.147727272727273 1.5340909090909092  
5 4.76035299287179 1.2727272727272727 2.0 1.4318181818181819 1.6136363636363635 1.4318181818181819 1.0227272727272727  
22 3.0980793460925025 1.9090909090909092 3.0 2.147727272727273 2.4204545454545454 2.147727272727273 1.5340909090909092  
24 2.3163748792978116 1.9090909090909092 3.0 2.147727272727273 2.4204545454545454 2.147727272727273 1.5340909090909092  
16 79.0 1.9090909090909092 3.0 2.147727272727273 2.4204545454545454 2.147727272727273 1.5340909090909092  
8 7.308114035087718 1.2727272727272727 2.0 1.4318181818181819 1.6136363636363635 1.4318181818181819 1.0227272727272727  
33 89.0 1.2727272727272727 2.0 1.4318181818181819 1.6136363636363635 1.4318181818181819 1.0227272727272727  
34 6.195514842300557 1.9090909090909092 3.0 2.147727272727273 2.4204545454545454 2.147727272727273 1.5340909090909092  
20 14.695347513597515 1.9090909090909092 3.0 2.147727272727273 2.4204545454545454 2.147727272727273 1.5340909090909092  
19 9.136681951691243 1.9090909090909092 3.0 2.147727272727273 2.4204545454545454 2.147727272727273 1.5340909090909092  
31 9.524334634409824 1.2727272727272727 2.0 1.4318181818181819 1.6136363636363635 1.4318181818181819 1.0227272727272727  
4 3.4967166292354266 1.2727272727272727 2.0 1.4318181818181819 1.6136363636363635 1.4318181818181819 1.0227272727272727  
32 0.19473615464994767 1.2727272727272727 2.0 1.4318181818181819 1.6136363636363635 1.4318181818181819 1.0227272727272727  
9 2.427440577249576 1.2727272727272727 2.0 1.4318181818181819 1.6136363636363635 1.4318181818181819 1.0227272727272727  
27 4.059461118150141 1.9090909090909092 3.0 2.147727272727273 2.4204545454545454 2.147727272727273 1.5340909090909092  
7 0.9553444487842985 1.2727272727272727 2.0 1.4318181818181819 1.6136363636363635 1.4318181818181819 1.0227272727272727  
10 6.194736842105262 1.2727272727272727 2.0 1.4318181818181819 1.6136363636363635 1.4318181818181819 1.0227272727272727  
14 4.7646006624954 1.9090909090909092 3.0 2.147727272727273 2.4204545454545454 2.147727272727273 1.5340909090909092  
26 2.2240916977759078 1.2727272727272727 2.0 1.4318181818181819 1.6136363636363635 1.4318181818181819 1.0227272727272727  
