50 2
TREE NETWORK (nID nID Weight):
1 0 52.0 
2 1 33.0 
3 1 30.0 
13 1 56.0 
4 3 30.0 
14 13 53.0 
43 0 34.0 
7 3 34.0 
35 1 30.0 
37 1 55.0 
15 14 44.0 
5 4 40.0 
44 43 51.0 
21 13 48.0 
46 0 49.0 
22 21 55.0 
16 15 51.0 
23 22 56.0 
9 3 44.0 
30 21 40.0 
24 23 33.0 
6 5 59.0 
40 1 39.0 
45 44 32.0 
31 13 50.0 
26 23 45.0 
41 40 54.0 
17 14 39.0 
18 17 43.0 
36 35 35.0 
42 41 59.0 
28 23 47.0 
38 37 34.0 
32 31 32.0 
39 38 38.0 
25 24 30.0 
12 3 55.0 
10 9 46.0 
33 31 40.0 
27 26 40.0 
11 9 43.0 
47 46 49.0 
19 14 44.0 
48 47 33.0 
49 47 55.0 
8 7 33.0 
34 31 41.0 
20 14 41.0 
29 28 59.0 
PROGRAMS ASSIGNED TO NODES (nID pID1 pID2 ...):
0 1 2  
38  
16  
41  
2 1  
19  
12  
33 1  
42  
5  
27 2  
6  
1  
32  
15 1  
35  
47  
48  
44  
8 2  
18  
20 2  
3 1  
29  
46 1  
34  
7 1  
28  
21 2  
25 1  
11 1  
14  
37 1  
4 2  
49 2  
22 1  
23  
30  
36  
9  
13 2  
45 1  
26 2  
17 2  
43  
31 1  
10  
39 1  
24  
40 2  
SIZE OF PROGRAMS (pID SIZE):
1 90.0 
2 77.0 
COST_INSTALL_SERVER_AND_PROGRAMS :
0 1371.111111111111 2.0 1.711111111111111  
38 2.2078054298642535 2.0 1.711111111111111  
16 57.0 2.0 1.711111111111111  
41 22.0 2.0 1.711111111111111  
2 0.07290209790209792 3.0 2.566666666666667  
19 28.0 3.0 2.566666666666667  
12 36.0 2.0 1.711111111111111  
33 0.2693956043956044 2.0 1.711111111111111  
42 62.0 3.0 2.566666666666667  
5 84.0 2.0 1.711111111111111  
27 0.45799679487179495 2.0 1.711111111111111  
6 89.0 2.0 1.711111111111111  
1 103.0 2.0 1.711111111111111  
32 15.0 2.0 1.711111111111111  
15 2.794813912502592 2.0 1.711111111111111  
35 84.0 3.0 2.566666666666667  
47 0.3169047619047618 3.0 2.566666666666667  
48 78.0 2.0 1.711111111111111  
44 0.07058823529411766 3.0 2.566666666666667  
8 3.3433446455505273 3.0 2.566666666666667  
18 16.0 3.0 2.566666666666667  
20 2.4615453988538434 2.0 1.711111111111111  
3 0.1605769230769231 3.0 2.566666666666667  
29 105.0 3.0 2.566666666666667  
46 48.0 3.0 2.566666666666667  
34 30.0 2.0 1.711111111111111  
7 0.4061651583710408 3.0 2.566666666666667  
28 50.0 3.0 2.566666666666667  
21 0.20530906593406595 3.0 2.566666666666667  
25 6.70103021978022 2.0 1.711111111111111  
11 0.29346235160188655 3.0 2.566666666666667  
14 0.1888979024120534 3.0 2.566666666666667  
37 0.20192307692307715 3.0 2.566666666666667  
4 2.226089743589744 3.0 2.566666666666667  
49 1.0869047619047618 3.0 2.566666666666667  
22 0.4499050255300254 2.0 1.711111111111111  
23 0.5062343906093906 3.0 2.566666666666667  
30 78.0 3.0 2.566666666666667  
36 72.0 3.0 2.566666666666667  
9 0.1888111888111888 3.0 2.566666666666667  
13 0.9516519129019126 2.0 1.711111111111111  
45 0.21121323529411767 3.0 2.566666666666667  
26 0.3617467948717949 2.0 1.711111111111111  
17 0.18581458635703918 3.0 2.566666666666667  
43 25.0 3.0 2.566666666666667  
31 0.10689560439560442 3.0 2.566666666666667  
10 51.0 2.0 1.711111111111111  
39 0.26913063716469293 3.0 2.566666666666667  
24 5.05103021978022 2.0 1.711111111111111  
40 0.08720085470085472 2.0 1.711111111111111  
