50 8
TREE NETWORK (nID nID Weight):
1 0 55.0 
18 0 57.0 
28 0 45.0 
2 1 53.0 
41 0 57.0 
29 28 50.0 
15 1 42.0 
30 28 57.0 
3 2 43.0 
12 2 32.0 
19 18 31.0 
4 3 42.0 
13 2 44.0 
20 19 58.0 
8 3 38.0 
31 30 58.0 
5 4 46.0 
14 13 40.0 
37 30 30.0 
25 18 58.0 
24 19 56.0 
6 4 56.0 
49 0 33.0 
16 15 30.0 
32 31 56.0 
33 31 34.0 
42 41 30.0 
38 37 33.0 
48 41 43.0 
21 20 49.0 
35 31 43.0 
39 30 32.0 
27 18 56.0 
9 8 31.0 
10 9 58.0 
22 21 54.0 
11 3 46.0 
43 42 52.0 
17 1 33.0 
34 33 43.0 
40 28 38.0 
45 42 37.0 
44 43 44.0 
26 25 33.0 
23 21 30.0 
7 4 32.0 
36 35 55.0 
46 42 56.0 
47 42 47.0 
PROGRAMS ASSIGNED TO NODES (nID pID1 pID2 ...):
0 1 2 3 4 5 6 7 8  
6 1 3 8  
49 3 4  
22 1 2 3 4 5 7 8  
5 5  
45 4  
40 1 2 3 4 7 8  
32 3 5 8  
18 2 4  
43 1 2 3 4 5 6 7  
48 2 6  
20 1 3 5 7  
39 2 3 5 6 7 8  
36 7  
7 1 2 4 6 7  
19  
23 2 3 4 5  
34 2  
4 1  
10  
15 5  
25 2 5 8  
29 1 2 4  
47 4 6 8  
3 5 8  
9 1 5  
8 2 8  
17  
21 3 4 6 8  
28 1 2 3 4 6 7  
12 1  
14 1 2 3 6  
31 4 8  
38 1 2 3 4 5 6 7  
35 1 3 4 5 6 7 8  
11 1 3 4 5 6 7 8  
13 5 7  
16 1 5 8  
42 2 5  
33 1 4 5 7 8  
1  
41  
37 1 3 4  
44 1 2 4 5 6 7  
27 1 2 3 4 7 8  
46 3 4 5 8  
30 1 2 3 4 5 6 7  
24 1 5 6 8  
2 1 5  
26 2 3 4 7 8  
SIZE OF PROGRAMS (pID SIZE):
1 42.0 
2 83.0 
3 75.0 
4 83.0 
5 65.0 
6 65.0 
7 54.0 
8 64.0 
COST_INSTALL_SERVER_AND_PROGRAMS :
0 2919.2771084337346 1.5180722891566265 3.0 2.710843373493976 3.0 2.3493975903614457 2.3493975903614457 1.9518072289156627 2.3132530120481927  
6 4.228657991894179 1.0120481927710843 2.0 1.8072289156626506 2.0 1.5662650602409638 1.5662650602409638 1.3012048192771084 1.5421686746987953  
49 1.5498113666788365 1.5180722891566265 3.0 2.710843373493976 3.0 2.3493975903614457 2.3493975903614457 1.9518072289156627 2.3132530120481927  
22 30.522477974591766 1.0120481927710843 2.0 1.8072289156626506 2.0 1.5662650602409638 1.5662650602409638 1.3012048192771084 1.5421686746987953  
5 0.22655630593265103 1.5180722891566265 3.0 2.710843373493976 3.0 2.3493975903614457 2.3493975903614457 1.9518072289156627 2.3132530120481927  
45 2.456327643432907 1.0120481927710843 2.0 1.8072289156626506 2.0 1.5662650602409638 1.5662650602409638 1.3012048192771084 1.5421686746987953  
40 0.9584550230999179 1.5180722891566265 3.0 2.710843373493976 3.0 2.3493975903614457 2.3493975903614457 1.9518072289156627 2.3132530120481927  
32 5.696194115325706 1.0120481927710843 2.0 1.8072289156626506 2.0 1.5662650602409638 1.5662650602409638 1.3012048192771084 1.5421686746987953  
18 22.0 1.0120481927710843 2.0 1.8072289156626506 2.0 1.5662650602409638 1.5662650602409638 1.3012048192771084 1.5421686746987953  
43 9.132147679787975 1.0120481927710843 2.0 1.8072289156626506 2.0 1.5662650602409638 1.5662650602409638 1.3012048192771084 1.5421686746987953  
48 0.12360433164727454 1.0120481927710843 2.0 1.8072289156626506 2.0 1.5662650602409638 1.5662650602409638 1.3012048192771084 1.5421686746987953  
20 1.1402406711325133 1.0120481927710843 2.0 1.8072289156626506 2.0 1.5662650602409638 1.5662650602409638 1.3012048192771084 1.5421686746987953  
39 12.843174760445288 1.5180722891566265 3.0 2.710843373493976 3.0 2.3493975903614457 2.3493975903614457 1.9518072289156627 2.3132530120481927  
36 0.20074151099203488 1.0120481927710843 2.0 1.8072289156626506 2.0 1.5662650602409638 1.5662650602409638 1.3012048192771084 1.5421686746987953  
7 21.38881865707131 1.0120481927710843 2.0 1.8072289156626506 2.0 1.5662650602409638 1.5662650602409638 1.3012048192771084 1.5421686746987953  
19 3.5857361534422934 1.5180722891566265 3.0 2.710843373493976 3.0 2.3493975903614457 2.3493975903614457 1.9518072289156627 2.3132530120481927  
23 6.474976964715205 1.5180722891566265 3.0 2.710843373493976 3.0 2.3493975903614457 2.3493975903614457 1.9518072289156627 2.3132530120481927  
34 0.3051514153404015 1.5180722891566265 3.0 2.710843373493976 3.0 2.3493975903614457 2.3493975903614457 1.9518072289156627 2.3132530120481927  
4 4.103876459777669 1.5180722891566265 3.0 2.710843373493976 3.0 2.3493975903614457 2.3493975903614457 1.9518072289156627 2.3132530120481927  
10 60.0 1.5180722891566265 3.0 2.710843373493976 3.0 2.3493975903614457 2.3493975903614457 1.9518072289156627 2.3132530120481927  
15 0.7998372711625721 1.5180722891566265 3.0 2.710843373493976 3.0 2.3493975903614457 2.3493975903614457 1.9518072289156627 2.3132530120481927  
25 2.816360177552317 1.0120481927710843 2.0 1.8072289156626506 2.0 1.5662650602409638 1.5662650602409638 1.3012048192771084 1.5421686746987953  
29 0.06320749665327985 1.5180722891566265 3.0 2.710843373493976 3.0 2.3493975903614457 2.3493975903614457 1.9518072289156627 2.3132530120481927  
47 8.150535580170628 1.0120481927710843 2.0 1.8072289156626506 2.0 1.5662650602409638 1.5662650602409638 1.3012048192771084 1.5421686746987953  
3 18.052082262593796 1.0120481927710843 2.0 1.8072289156626506 2.0 1.5662650602409638 1.5662650602409638 1.3012048192771084 1.5421686746987953  
9 3.3935070398192506 1.5180722891566265 3.0 2.710843373493976 3.0 2.3493975903614457 2.3493975903614457 1.9518072289156627 2.3132530120481927  
8 13.49913899248727 1.0120481927710843 2.0 1.8072289156626506 2.0 1.5662650602409638 1.5662650602409638 1.3012048192771084 1.5421686746987953  
17 98.0 1.0120481927710843 2.0 1.8072289156626506 2.0 1.5662650602409638 1.5662650602409638 1.3012048192771084 1.5421686746987953  
21 5.4200271965516995 1.0120481927710843 2.0 1.8072289156626506 2.0 1.5662650602409638 1.5662650602409638 1.3012048192771084 1.5421686746987953  
28 1.4311646586345388 1.5180722891566265 3.0 2.710843373493976 3.0 2.3493975903614457 2.3493975903614457 1.9518072289156627 2.3132530120481927  
12 0.09282705005269795 1.0120481927710843 2.0 1.8072289156626506 2.0 1.5662650602409638 1.5662650602409638 1.3012048192771084 1.5421686746987953  
14 7.236165115005477 1.0120481927710843 2.0 1.8072289156626506 2.0 1.5662650602409638 1.5662650602409638 1.3012048192771084 1.5421686746987953  
31 1.7848196293947713 1.5180722891566265 3.0 2.710843373493976 3.0 2.3493975903614457 2.3493975903614457 1.9518072289156627 2.3132530120481927  
38 1.8517965001953578 1.0120481927710843 2.0 1.8072289156626506 2.0 1.5662650602409638 1.5662650602409638 1.3012048192771084 1.5421686746987953  
35 5.92955285286675 1.5180722891566265 3.0 2.710843373493976 3.0 2.3493975903614457 2.3493975903614457 1.9518072289156627 2.3132530120481927  
11 1.2980419548593813 1.0120481927710843 2.0 1.8072289156626506 2.0 1.5662650602409638 1.5662650602409638 1.3012048192771084 1.5421686746987953  
13 6.935782689690398 1.5180722891566265 3.0 2.710843373493976 3.0 2.3493975903614457 2.3493975903614457 1.9518072289156627 2.3132530120481927  
16 0.43800187764043186 1.0120481927710843 2.0 1.8072289156626506 2.0 1.5662650602409638 1.5662650602409638 1.3012048192771084 1.5421686746987953  
42 7.344945043331215 1.5180722891566265 3.0 2.710843373493976 3.0 2.3493975903614457 2.3493975903614457 1.9518072289156627 2.3132530120481927  
33 6.599265703380454 1.5180722891566265 3.0 2.710843373493976 3.0 2.3493975903614457 2.3493975903614457 1.9518072289156627 2.3132530120481927  
1 102.0 1.5180722891566265 3.0 2.710843373493976 3.0 2.3493975903614457 2.3493975903614457 1.9518072289156627 2.3132530120481927  
41 80.0 1.5180722891566265 3.0 2.710843373493976 3.0 2.3493975903614457 2.3493975903614457 1.9518072289156627 2.3132530120481927  
37 13.80632706263651 1.5180722891566265 3.0 2.710843373493976 3.0 2.3493975903614457 2.3493975903614457 1.9518072289156627 2.3132530120481927  
44 13.809843954396898 1.5180722891566265 3.0 2.710843373493976 3.0 2.3493975903614457 2.3493975903614457 1.9518072289156627 2.3132530120481927  
27 2.1694367426742427 1.0120481927710843 2.0 1.8072289156626506 2.0 1.5662650602409638 1.5662650602409638 1.3012048192771084 1.5421686746987953  
46 4.208967184527583 1.5180722891566265 3.0 2.710843373493976 3.0 2.3493975903614457 2.3493975903614457 1.9518072289156627 2.3132530120481927  
30 5.038590854646656 1.0120481927710843 2.0 1.8072289156626506 2.0 1.5662650602409638 1.5662650602409638 1.3012048192771084 1.5421686746987953  
24 2.5701982073333354 1.0120481927710843 2.0 1.8072289156626506 2.0 1.5662650602409638 1.5662650602409638 1.3012048192771084 1.5421686746987953  
2 4.9294000702639025 1.0120481927710843 2.0 1.8072289156626506 2.0 1.5662650602409638 1.5662650602409638 1.3012048192771084 1.5421686746987953  
26 12.99920952577841 1.0120481927710843 2.0 1.8072289156626506 2.0 1.5662650602409638 1.5662650602409638 1.3012048192771084 1.5421686746987953  
