20 5
TREE NETWORK (nID nID Weight):
1 0 47.0 
2 1 42.0 
4 1 32.0 
12 0 34.0 
11 1 38.0 
5 4 32.0 
3 2 30.0 
13 12 50.0 
7 4 38.0 
14 12 36.0 
15 14 59.0 
17 14 53.0 
6 5 43.0 
9 4 43.0 
16 15 39.0 
18 12 38.0 
8 7 46.0 
10 9 41.0 
19 12 52.0 
PROGRAMS ASSIGNED TO NODES (nID pID1 pID2 ...):
0 1 2 3 4 5  
2 1 2 4  
14 2 3 4 5  
12 1  
7 1 5  
11  
18 1 2 3  
9 2 3 4 5  
3 4 5  
1 4  
19 3  
6 3 5  
10 3  
4 1 2 3 5  
5 1 2 4  
16  
17  
15 1  
8  
13 3 4 5  
SIZE OF PROGRAMS (pID SIZE):
1 48.0 
2 77.0 
3 65.0 
4 94.0 
5 56.0 
COST_INSTALL_SERVER_AND_PROGRAMS :
0 2085.1063829787236 1.5319148936170213 2.4574468085106385 2.074468085106383 3.0 1.7872340425531914  
2 0.18110435663627147 1.5319148936170213 2.4574468085106385 2.074468085106383 3.0 1.7872340425531914  
14 0.4296690307328607 1.5319148936170213 2.4574468085106385 2.074468085106383 3.0 1.7872340425531914  
12 0.13829787234042554 1.0212765957446808 1.6382978723404256 1.3829787234042554 2.0 1.1914893617021276  
7 3.497662374020157 1.5319148936170213 2.4574468085106385 2.074468085106383 3.0 1.7872340425531914  
11 85.0 1.0212765957446808 1.6382978723404256 1.3829787234042554 2.0 1.1914893617021276  
18 5.236545682102628 1.0212765957446808 1.6382978723404256 1.3829787234042554 2.0 1.1914893617021276  
9 8.326054552201882 1.5319148936170213 2.4574468085106385 2.074468085106383 3.0 1.7872340425531914  
3 0.4285714285714285 1.0212765957446808 1.6382978723404256 1.3829787234042554 2.0 1.1914893617021276  
1 24.0 1.5319148936170213 2.4574468085106385 2.074468085106383 3.0 1.7872340425531914  
19 0.05436483103879852 1.5319148936170213 2.4574468085106385 2.074468085106383 3.0 1.7872340425531914  
6 7.436458333333333 1.0212765957446808 1.6382978723404256 1.3829787234042554 2.0 1.1914893617021276  
10 2.440214919413234 1.5319148936170213 2.4574468085106385 2.074468085106383 3.0 1.7872340425531914  
4 2.3020833333333335 1.0212765957446808 1.6382978723404256 1.3829787234042554 2.0 1.1914893617021276  
5 11.687500000000004 1.0212765957446808 1.6382978723404256 1.3829787234042554 2.0 1.1914893617021276  
16 33.0 1.0212765957446808 1.6382978723404256 1.3829787234042554 2.0 1.1914893617021276  
17 66.0 1.5319148936170213 2.4574468085106385 2.074468085106383 3.0 1.7872340425531914  
15 0.12686903827524523 1.0212765957446808 1.6382978723404256 1.3829787234042554 2.0 1.1914893617021276  
8 59.0 1.0212765957446808 1.6382978723404256 1.3829787234042554 2.0 1.1914893617021276  
13 3.0094618272841047 1.5319148936170213 2.4574468085106385 2.074468085106383 3.0 1.7872340425531914  
