30 8
TREE NETWORK (nID nID Weight):
1 0 37.0 
2 1 48.0 
14 0 33.0 
15 14 51.0 
24 0 53.0 
20 14 58.0 
3 2 49.0 
16 15 58.0 
5 1 36.0 
21 20 55.0 
26 0 32.0 
6 5 42.0 
7 6 54.0 
11 5 36.0 
4 2 37.0 
8 6 35.0 
17 16 59.0 
25 24 54.0 
27 26 57.0 
23 14 59.0 
28 26 39.0 
19 15 51.0 
9 8 49.0 
29 0 41.0 
10 9 48.0 
18 16 33.0 
22 21 56.0 
12 11 37.0 
13 11 57.0 
PROGRAMS ASSIGNED TO NODES (nID pID1 pID2 ...):
0 1 2 3 4 5 6 7 8  
12 1 2 4 5 6 7 8  
27  
17 3 5 6 8  
29 7 8  
4 1 4 7 8  
6 3  
3 3  
23 2 5  
24 1 5 6  
26 1  
1 4  
19 3 8  
13 1 2 4  
21 6 7 8  
2 1 2 3 4 6 7 8  
10 1 2 3 4 6 7 8  
18  
14 1 2 4 5 8  
16 3 7 8  
15 2 3 5  
11 1 3 6 7  
5 3 4 5 7 8  
9 1 2 3 5 6 7 8  
28 1 2 3 4 5 6 7  
8 1 5 8  
20  
25 2 5 6  
22 6  
7 1 2 4 6 7  
SIZE OF PROGRAMS (pID SIZE):
1 52.0 
2 71.0 
3 69.0 
4 88.0 
5 52.0 
6 89.0 
7 90.0 
8 45.0 
COST_INSTALL_SERVER_AND_PROGRAMS :
0 2853.333333333333 1.7333333333333334 2.3666666666666667 2.3 2.933333333333333 1.7333333333333334 2.966666666666667 3.0 1.5  
12 34.36055555555555 1.7333333333333334 2.3666666666666667 2.3 2.933333333333333 1.7333333333333334 2.966666666666667 3.0 1.5  
27 38.0 1.1555555555555554 1.5777777777777777 1.5333333333333334 1.9555555555555555 1.1555555555555554 1.9777777777777779 2.0 1.0  
17 5.825636257372082 1.7333333333333334 2.3666666666666667 2.3 2.933333333333333 1.7333333333333334 2.966666666666667 3.0 1.5  
29 46.0 1.7333333333333334 2.3666666666666667 2.3 2.933333333333333 1.7333333333333334 2.966666666666667 3.0 1.5  
4 2.856841216216217 1.7333333333333334 2.3666666666666667 2.3 2.933333333333333 1.7333333333333334 2.966666666666667 3.0 1.5  
6 1.5677005577005578 1.1555555555555554 1.5777777777777777 1.5333333333333334 1.9555555555555555 1.1555555555555554 1.9777777777777779 2.0 1.0  
3 1.7474571382607096 1.1555555555555554 1.5777777777777777 1.5333333333333334 1.9555555555555555 1.1555555555555554 1.9777777777777779 2.0 1.0  
23 1.2269465844889575 1.7333333333333334 2.3666666666666667 2.3 2.933333333333333 1.7333333333333334 2.966666666666667 3.0 1.5  
24 48.0 1.7333333333333334 2.3666666666666667 2.3 2.933333333333333 1.7333333333333334 2.966666666666667 3.0 1.5  
26 4.267204861111111 1.1555555555555554 1.5777777777777777 1.5333333333333334 1.9555555555555555 1.1555555555555554 1.9777777777777779 2.0 1.0  
1 0.7151751751751751 1.7333333333333334 2.3666666666666667 2.3 2.933333333333333 1.7333333333333334 2.966666666666667 3.0 1.5  
19 0.26959001782531195 1.1555555555555554 1.5777777777777777 1.5333333333333334 1.9555555555555555 1.1555555555555554 1.9777777777777779 2.0 1.0  
13 9.040784732100523 1.1555555555555554 1.5777777777777777 1.5333333333333334 1.9555555555555555 1.1555555555555554 1.9777777777777779 2.0 1.0  
21 2.17680250783699 1.7333333333333334 2.3666666666666667 2.3 2.933333333333333 1.7333333333333334 2.966666666666667 3.0 1.5  
2 8.722094594594598 1.1555555555555554 1.5777777777777777 1.5333333333333334 1.9555555555555555 1.1555555555555554 1.9777777777777779 2.0 1.0  
10 53.65678571428571 1.7333333333333334 2.3666666666666667 2.3 2.933333333333333 1.7333333333333334 2.966666666666667 3.0 1.5  
18 23.0 1.7333333333333334 2.3666666666666667 2.3 2.933333333333333 1.7333333333333334 2.966666666666667 3.0 1.5  
14 82.0 1.7333333333333334 2.3666666666666667 2.3 2.933333333333333 1.7333333333333334 2.966666666666667 3.0 1.5  
16 8.52547329276538 1.1555555555555554 1.5777777777777777 1.5333333333333334 1.9555555555555555 1.1555555555555554 1.9777777777777779 2.0 1.0  
15 6.255889992360579 1.7333333333333334 2.3666666666666667 2.3 2.933333333333333 1.7333333333333334 2.966666666666667 3.0 1.5  
11 20.322662662662662 1.1555555555555554 1.5777777777777777 1.5333333333333334 1.9555555555555555 1.1555555555555554 1.9777777777777779 2.0 1.0  
5 3.2498264931598286 1.7333333333333334 2.3666666666666667 2.3 2.933333333333333 1.7333333333333334 2.966666666666667 3.0 1.5  
9 15.94859192525859 1.1555555555555554 1.5777777777777777 1.5333333333333334 1.9555555555555555 1.1555555555555554 1.9777777777777779 2.0 1.0  
28 14.172606837606839 1.1555555555555554 1.5777777777777777 1.5333333333333334 1.9555555555555555 1.1555555555555554 1.9777777777777779 2.0 1.0  
8 18.108561418561415 1.1555555555555554 1.5777777777777777 1.5333333333333334 1.9555555555555555 1.1555555555555554 1.9777777777777779 2.0 1.0  
20 4.537735980494602 1.1555555555555554 1.5777777777777777 1.5333333333333334 1.9555555555555555 1.1555555555555554 1.9777777777777779 2.0 1.0  
25 0.04296296296296296 1.7333333333333334 2.3666666666666667 2.3 2.933333333333333 1.7333333333333334 2.966666666666667 3.0 1.5  
22 3.0036282156540777 1.1555555555555554 1.5777777777777777 1.5333333333333334 1.9555555555555555 1.1555555555555554 1.9777777777777779 2.0 1.0  
7 16.06832904332904 1.1555555555555554 1.5777777777777777 1.5333333333333334 1.9555555555555555 1.1555555555555554 1.9777777777777779 2.0 1.0  
