20 8
TREE NETWORK (nID nID Weight):
1 0 41.0 
2 1 58.0 
10 0 32.0 
16 0 37.0 
17 16 58.0 
5 1 33.0 
7 1 54.0 
3 2 33.0 
19 0 58.0 
8 1 34.0 
11 10 57.0 
4 3 36.0 
9 1 49.0 
18 17 33.0 
12 11 31.0 
14 10 59.0 
13 11 59.0 
6 5 39.0 
15 14 58.0 
PROGRAMS ASSIGNED TO NODES (nID pID1 pID2 ...):
0 1 2 3 4 5 6 7 8  
18 1 2 5 6 8  
14  
2 1 3 8  
10 1 2 5  
19 1 3 4 5 6 7 8  
6 1 2 3 7 8  
9 1 3 6  
13 5 6 7 8  
5 2 3 5 6 7 8  
7  
8 2 3 4 5  
11 1 2 4 5 7 8  
16 3 5  
12 2 8  
17 1 2 3 6 8  
3 1 5 7  
15 3 4 5 6 7 8  
1  
4 1 2 4 5 6 7 8  
SIZE OF PROGRAMS (pID SIZE):
1 46.0 
2 62.0 
3 49.0 
4 90.0 
5 51.0 
6 55.0 
7 70.0 
8 71.0 
COST_INSTALL_SERVER_AND_PROGRAMS :
0 2097.777777777778 1.0222222222222221 1.3777777777777778 1.0888888888888888 2.0 1.1333333333333333 1.2222222222222223 1.5555555555555556 1.5777777777777777  
18 8.205739360049707 1.0222222222222221 1.3777777777777778 1.0888888888888888 2.0 1.1333333333333333 1.2222222222222223 1.5555555555555556 1.5777777777777777  
14 5.205372780468117 1.5333333333333334 2.066666666666667 1.6333333333333333 3.0 1.7 1.8333333333333333 2.3333333333333335 2.3666666666666667  
2 7.936935385062662 1.0222222222222221 1.3777777777777778 1.0888888888888888 2.0 1.1333333333333333 1.2222222222222223 1.5555555555555556 1.5777777777777777  
10 0.2229861111111111 1.0222222222222221 1.3777777777777778 1.0888888888888888 2.0 1.1333333333333333 1.2222222222222223 1.5555555555555556 1.5777777777777777  
19 32.0 1.5333333333333334 2.066666666666667 1.6333333333333333 3.0 1.7 1.8333333333333333 2.3333333333333335 2.3666666666666667  
6 15.297035899962726 1.0222222222222221 1.3777777777777778 1.0888888888888888 2.0 1.1333333333333333 1.2222222222222223 1.5555555555555556 1.5777777777777777  
9 0.5159283225485318 1.5333333333333334 2.066666666666667 1.6333333333333333 3.0 1.7 1.8333333333333333 2.3333333333333335 2.3666666666666667  
13 2.6874087806026368 1.0222222222222221 1.3777777777777778 1.0888888888888888 2.0 1.1333333333333333 1.2222222222222223 1.5555555555555556 1.5777777777777777  
5 2.5888248337028803 1.5333333333333334 2.066666666666667 1.6333333333333333 3.0 1.7 1.8333333333333333 2.3333333333333335 2.3666666666666667  
7 56.0 1.0222222222222221 1.3777777777777778 1.0888888888888888 2.0 1.1333333333333333 1.2222222222222223 1.5555555555555556 1.5777777777777777  
8 4.384390243902439 1.5333333333333334 2.066666666666667 1.6333333333333333 3.0 1.7 1.8333333333333333 2.3333333333333335 2.3666666666666667  
11 10.937550255847954 1.0222222222222221 1.3777777777777778 1.0888888888888888 2.0 1.1333333333333333 1.2222222222222223 1.5555555555555556 1.5777777777777777  
16 0.7680137280137279 1.0222222222222221 1.3777777777777778 1.0888888888888888 2.0 1.1333333333333333 1.2222222222222223 1.5555555555555556 1.5777777777777777  
12 2.9993343040621268 1.0222222222222221 1.3777777777777778 1.0888888888888888 2.0 1.1333333333333333 1.2222222222222223 1.5555555555555556 1.5777777777777777  
17 5.627760913622985 1.0222222222222221 1.3777777777777778 1.0888888888888888 2.0 1.1333333333333333 1.2222222222222223 1.5555555555555556 1.5777777777777777  
3 14.932371549812673 1.0222222222222221 1.3777777777777778 1.0888888888888888 2.0 1.1333333333333333 1.2222222222222223 1.5555555555555556 1.5777777777777777  
15 5.931116915059418 1.5333333333333334 2.066666666666667 1.6333333333333333 3.0 1.7 1.8333333333333333 2.3333333333333335 2.3666666666666667  
1 0.8865522433002108 1.0222222222222221 1.3777777777777778 1.0888888888888888 2.0 1.1333333333333333 1.2222222222222223 1.5555555555555556 1.5777777777777777  
4 5.169272253655141 1.5333333333333334 2.066666666666667 1.6333333333333333 3.0 1.7 1.8333333333333333 2.3333333333333335 2.3666666666666667  
