400 6
TREE NETWORK (nID nID Weight):
1 0 47.0 
184 0 55.0 
185 184 44.0 
300 0 47.0 
363 0 42.0 
186 185 50.0 
2 1 58.0 
301 300 32.0 
212 185 57.0 
3 2 51.0 
4 3 40.0 
302 301 47.0 
73 2 34.0 
97 2 59.0 
392 0 52.0 
5 4 51.0 
230 185 51.0 
6 5 35.0 
239 185 46.0 
303 302 33.0 
213 212 32.0 
240 239 48.0 
7 6 42.0 
304 303 44.0 
393 392 36.0 
259 239 35.0 
27 6 32.0 
28 27 32.0 
149 1 33.0 
8 7 42.0 
231 230 31.0 
268 184 54.0 
364 363 47.0 
260 259 59.0 
187 186 41.0 
74 73 40.0 
76 73 42.0 
195 186 59.0 
126 2 55.0 
22 7 47.0 
305 304 36.0 
24 7 50.0 
127 126 54.0 
56 3 38.0 
98 97 38.0 
9 8 40.0 
171 1 58.0 
306 305 33.0 
325 301 37.0 
365 364 49.0 
283 184 58.0 
77 76 31.0 
285 184 31.0 
317 303 57.0 
128 127 43.0 
104 97 46.0 
269 268 34.0 
23 22 40.0 
150 149 31.0 
241 240 39.0 
270 269 32.0 
151 150 47.0 
396 392 44.0 
284 283 44.0 
214 213 31.0 
188 187 31.0 
105 104 31.0 
339 300 45.0 
59 3 59.0 
232 231 39.0 
340 339 49.0 
318 303 35.0 
168 149 40.0 
129 128 56.0 
366 365 36.0 
307 305 44.0 
236 231 59.0 
215 214 31.0 
152 151 31.0 
106 105 52.0 
326 325 51.0 
114 105 51.0 
379 364 35.0 
286 285 41.0 
327 326 53.0 
72 3 44.0 
155 151 32.0 
310 305 57.0 
44 4 36.0 
315 304 40.0 
367 366 49.0 
78 77 36.0 
242 241 42.0 
38 5 46.0 
341 340 36.0 
45 44 56.0 
351 339 41.0 
205 186 52.0 
368 366 50.0 
189 188 41.0 
207 186 48.0 
316 315 52.0 
159 151 52.0 
55 44 55.0 
172 171 38.0 
10 9 34.0 
248 240 58.0 
176 1 50.0 
46 45 34.0 
216 215 46.0 
237 231 47.0 
107 106 53.0 
261 260 53.0 
362 339 37.0 
99 98 39.0 
194 187 59.0 
190 189 59.0 
381 364 47.0 
115 114 49.0 
352 351 50.0 
60 59 30.0 
289 285 45.0 
386 363 53.0 
62 59 56.0 
47 46 33.0 
223 212 34.0 
173 171 57.0 
233 232 45.0 
354 351 45.0 
208 207 49.0 
63 62 59.0 
355 354 39.0 
337 325 58.0 
328 327 34.0 
29 28 48.0 
43 5 53.0 
122 97 57.0 
136 127 33.0 
130 128 53.0 
224 223 50.0 
387 386 40.0 
249 248 49.0 
196 195 54.0 
308 307 39.0 
353 352 31.0 
206 205 52.0 
290 289 45.0 
30 28 44.0 
100 98 41.0 
271 269 42.0 
109 106 49.0 
369 368 51.0 
378 365 41.0 
169 168 48.0 
225 224 57.0 
331 326 50.0 
101 98 34.0 
382 364 44.0 
243 241 34.0 
161 150 49.0 
322 302 41.0 
131 130 31.0 
137 136 39.0 
110 109 32.0 
272 271 48.0 
209 208 58.0 
342 341 59.0 
108 107 41.0 
118 105 39.0 
31 30 39.0 
346 341 41.0 
323 302 43.0 
178 1 56.0 
293 285 44.0 
370 369 55.0 
132 131 40.0 
356 351 53.0 
174 173 46.0 
380 379 40.0 
273 272 40.0 
192 188 37.0 
357 356 30.0 
50 45 54.0 
347 346 32.0 
265 259 47.0 
197 196 40.0 
244 243 55.0 
373 369 59.0 
143 127 55.0 
332 331 33.0 
116 115 36.0 
111 109 54.0 
48 46 36.0 
156 155 56.0 
32 30 55.0 
329 328 31.0 
388 387 30.0 
202 195 30.0 
119 118 55.0 
253 248 53.0 
218 213 57.0 
134 128 57.0 
88 76 58.0 
138 137 46.0 
335 326 37.0 
349 341 31.0 
309 307 51.0 
175 173 53.0 
147 2 59.0 
165 150 45.0 
79 78 42.0 
142 136 46.0 
203 195 34.0 
238 230 47.0 
330 329 35.0 
324 302 36.0 
123 122 49.0 
291 289 49.0 
80 78 47.0 
250 249 59.0 
358 357 44.0 
391 363 37.0 
133 132 37.0 
245 243 58.0 
319 318 47.0 
179 178 59.0 
256 240 34.0 
287 286 51.0 
11 10 38.0 
53 45 56.0 
229 212 46.0 
193 192 37.0 
348 347 49.0 
375 368 56.0 
210 209 41.0 
343 342 44.0 
12 11 44.0 
81 80 57.0 
33 30 46.0 
20 8 42.0 
39 38 58.0 
311 310 50.0 
383 382 51.0 
64 63 35.0 
90 73 38.0 
333 331 39.0 
140 137 47.0 
377 368 30.0 
211 210 59.0 
84 77 48.0 
313 305 52.0 
121 105 43.0 
274 272 44.0 
139 138 40.0 
262 261 49.0 
336 326 35.0 
16 11 30.0 
162 161 45.0 
13 12 41.0 
251 250 38.0 
54 53 43.0 
36 6 36.0 
17 11 45.0 
389 386 56.0 
177 176 39.0 
371 370 49.0 
204 195 58.0 
344 343 34.0 
91 73 37.0 
181 1 39.0 
220 213 57.0 
226 224 56.0 
70 59 30.0 
85 84 48.0 
157 155 42.0 
281 268 33.0 
34 27 43.0 
254 253 45.0 
198 197 36.0 
390 386 46.0 
82 81 40.0 
276 271 50.0 
296 285 45.0 
345 342 32.0 
35 34 44.0 
71 70 39.0 
170 168 39.0 
235 232 35.0 
89 76 40.0 
183 1 48.0 
41 38 43.0 
102 101 35.0 
160 159 46.0 
75 74 41.0 
51 50 39.0 
40 39 46.0 
320 303 32.0 
57 56 54.0 
360 351 48.0 
334 333 42.0 
145 127 47.0 
282 268 57.0 
267 259 52.0 
288 287 37.0 
83 78 54.0 
246 243 58.0 
266 265 47.0 
92 91 35.0 
158 157 30.0 
14 12 41.0 
228 223 53.0 
394 393 53.0 
258 240 52.0 
280 269 38.0 
58 56 36.0 
294 293 47.0 
221 213 37.0 
222 213 30.0 
163 161 40.0 
295 294 36.0 
275 274 39.0 
103 102 59.0 
68 63 47.0 
93 91 37.0 
219 218 30.0 
124 123 39.0 
65 64 46.0 
297 184 37.0 
125 122 32.0 
112 111 56.0 
146 127 58.0 
49 46 41.0 
298 184 50.0 
255 253 57.0 
166 150 33.0 
257 256 32.0 
86 85 42.0 
135 128 58.0 
384 383 46.0 
117 114 39.0 
153 152 32.0 
141 137 37.0 
361 360 48.0 
21 20 35.0 
359 357 52.0 
167 166 56.0 
217 216 43.0 
234 233 55.0 
227 226 44.0 
87 86 39.0 
263 262 44.0 
350 349 43.0 
15 12 54.0 
199 196 57.0 
264 263 40.0 
200 196 42.0 
321 320 33.0 
18 17 52.0 
67 64 44.0 
299 184 45.0 
26 7 54.0 
61 60 56.0 
19 10 52.0 
338 325 52.0 
374 373 39.0 
37 6 35.0 
385 384 30.0 
201 200 38.0 
120 118 59.0 
154 153 47.0 
372 370 32.0 
69 62 59.0 
148 147 44.0 
94 93 58.0 
113 112 34.0 
144 143 36.0 
247 241 37.0 
314 305 35.0 
25 24 45.0 
95 91 31.0 
312 310 34.0 
395 393 36.0 
397 392 50.0 
376 375 54.0 
164 161 39.0 
191 190 58.0 
398 392 50.0 
399 398 41.0 
42 41 50.0 
277 276 39.0 
96 95 54.0 
52 50 40.0 
278 277 58.0 
252 249 52.0 
180 178 46.0 
182 181 50.0 
292 291 48.0 
279 276 59.0 
66 65 36.0 
PROGRAMS ASSIGNED TO NODES (nID pID1 pID2 ...):
0 1 2 3 4 5 6  
114 1 2 3 4  
119 2 3 4  
372 1 3  
396  
394 1 2 6  
353 2 3 5  
13 5 6  
375 1 2 5 6  
101 2 3 4 5 6  
194 1 2 3 4 5  
196 1 2 4 5  
312  
236 1 3 4 5  
293 1 2 3 5  
181 1 2  
67  
281 1 3  
11 2  
389 5 6  
306 1 2 3 4 5  
38 1 3 4 5 6  
118 1 2 3 5 6  
124 1 2 5 6  
265 2  
130 1 2 3 6  
361 1  
258 2 4  
163 4  
363 1 2 3 4 5  
169 4 5 6  
42 1 2 3 4 6  
147 2 4  
351 1 2  
22 6  
168 4 5  
238 1 2 4  
137  
199 2 3 4 5 6  
182 1 2 3 5  
28 3 5  
212 2  
150 3 4  
172 1 4 5 6  
84 2 3 4 5 6  
170 1 2 3 4 5  
209  
121 1 3  
276 1 3 4 5  
104 2 4 5 6  
256  
330 4 5  
321 2 4 5 6  
83 2 4 5 6  
260 4 5  
142 1  
314  
280 5  
308 2 3 4 5 6  
290  
56 1 2 3 4 5  
374 1 2 3 4 6  
115  
180 2 4  
201 2  
159 1 6  
123 2 4  
272 1 4  
309 6  
162 3 6  
328 2 3 4 5 6  
273  
24 2 3 4 5 6  
226 5 6  
110  
49 1  
122  
157 1 2 4 5  
138 1  
154 2 3  
385 6  
354 4 5  
111 2 4 5  
248 1 2 4 6  
297  
237 2 3  
176 1  
332 2 3 5 6  
383  
313 1 3 6  
184 1 5 6  
387 3 5 6  
107 1 2 3 5 6  
141  
261 3 5 6  
94 1 2 4  
356 1 2 4 5  
102 1 2  
167 3 4 5  
113 1 3 5 6  
393 1 6  
88 2 6  
257 1 3 5 6  
4 1 6  
206 3 5  
61 5 6  
229 2 4 5  
68 1 2 3 4 5  
179  
390 5 6  
366 1 2 4 5 6  
5 1 2 3 4 6  
224  
267 1 2 3  
307 2 3 6  
285  
364 3 4  
302 1 2 3 4  
58  
275 2 6  
339 1 3 4 5 6  
43 1 2 4 5  
187 2 4 6  
337 3 5  
75  
95 2 6  
36 6  
35 1 2 3 4 6  
128 1 3 4 5 6  
214 1 2 4 5 6  
132 1 2 3  
74 4  
289 1 5 6  
204 1 2 5  
133 1 2 5 6  
367 1 4 5 6  
72 1 3 4 5  
37 1 2  
319 1 2 3 4 5  
200 5  
244 1 3 4 5 6  
175 2 4 5  
324 4  
20  
360 1 3 6  
86 1 3 5 6  
294 2  
25 2  
203  
171 2  
153 2 4 5 6  
254 4  
358 1  
347 1 4 6  
296 1 3 5 6  
342 1 2 5  
322 1 3 5  
277 2 4 6  
89 1 3 5 6  
146 2 4 6  
91 4  
59 2 4 5  
27 4  
262 1 2 4 5  
218  
82 1 2 3 6  
269 1  
365 3 6  
282 2 3 4 5 6  
97 3  
213 3 4  
131  
395 1 4 5 6  
348  
140 1 3 5  
177 1 2 5 6  
76 1 2 4 5  
120 2  
231  
370 1 2 4 5 6  
331  
270 1 6  
52 2 3 4 5 6  
388 3  
3 1 2 3 4 6  
57 2  
77  
222  
266 2 4 5 6  
197 4 6  
357 4 6  
300 3 5  
239  
207  
173  
384  
208 1 3 6  
105 1 2 3 4 5  
55 1 2  
223 1 2 5 6  
166 6  
1 1 2 5  
352 1  
93 1 3 5 6  
73  
336  
315  
242 1 3  
301 1 2 5 6  
51  
240  
149 2 3  
211 5  
397 1 3 4 6  
26 1 2 6  
125 2 3 6  
271 6  
278 1 2 3  
233 1 6  
215 1 2  
48 1 2 3 5  
143 1 2 3 5  
165  
210 1 3 4 6  
355 2  
70 1 3 6  
274 1  
235 1 3 4 5 6  
116 1 2 4  
279 2  
69 2 3  
103  
6 2 3  
320 1 2 4 5 6  
317 2 3 4 6  
189 3 5  
148 1 2 4 5 6  
2 2 6  
245 1 2 3  
326 4 5  
134 1 2 4 5 6  
304 3 4 5  
18 6  
188  
359 5  
174 5  
219 5  
19 2 5 6  
80  
32 5  
161 1 2 4 5  
220 6  
345 3 4  
253 3  
392 3 5  
382 1 2 3 4 6  
376  
9 2 3  
160 2 6  
16  
283 2 3 4 6  
29 2 3  
263 2 3 4 5 6  
31  
178 2 4  
155 1 2 3 4  
34 5 6  
329 3 4 5 6  
305 2 3 6  
78 3 4 5 6  
334 6  
398 1 2 4 5 6  
255  
399 4  
8 2 3 4 6  
85 1 2 5 6  
152  
45 1 2 3 4  
127 1 2 3 4 5  
151 1 2 3 4  
90 2 3 4  
327 1 2 4 6  
391 1 2 3 5 6  
98 3  
241 1 2 4 5 6  
99 1 2 3 4 5  
144 1 2 6  
126 2 4 5  
136 4  
30 2 4 5 6  
346 1 3 5 6  
193 1 3 4  
112 2 3 6  
100 1 2 6  
205 1  
50 1 3 6  
249 2 3 4 6  
63 2 3 4 5 6  
23 2  
299  
259 2 3 4 6  
186 1 3 5 6  
62 1 2 3 4  
109  
117 4  
232 6  
234 1 6  
108 1 6  
139 2  
158  
246 4  
64 1 2 3 6  
386 2 5  
318  
344 1 3 5 6  
362 2 3 4 5 6  
284 1 2 3 4 6  
65  
243 3 6  
198 1 4 6  
12 1 5  
92 1 2 3 4 5  
44 1 6  
41 1 5  
40 2 3 4 5  
340 2 3 4 5 6  
225  
192 2 4  
185 4 6  
316 1 2 3 4 6  
228 1 3 4 5 6  
295  
230 3  
190  
287  
10 3 4  
227  
216 1 3  
291 4  
106 2 4  
17 3  
15 1 2 3 4 5  
46 3  
81 2 6  
369  
66 2 3 6  
373 1 2 5  
368 1 2 3 4  
60 1 4  
349 1 2 5  
335 2 3 4 5 6  
323 1 4  
251 2 3  
96 1 3 4 6  
333 3 4 5 6  
350 1 2 5  
164 6  
221 1 2  
183 1 4 6  
377 1 2 4 5  
338 3 6  
286 1 2 3 4 5  
47 3 5  
250  
288  
268 2 3  
195 6  
79 4 5 6  
298 1 3 5 6  
343 2 5  
292 3 4  
380 1 3 4 5 6  
135 1 3 5  
264 2 5 6  
71  
217 1 6  
145  
191 3  
39 1 3 4 5 6  
252 1  
303 1 3 4 5 6  
310 6  
156 3 6  
202 1 3 4 5 6  
341 1 3 4 5 6  
381 2 4 5 6  
379  
371 1 2 3 4  
378  
54 1 4  
7  
129 3  
21 1 3 5  
14 2  
87 1 3 6  
33 4  
53  
247 1 2 3 5 6  
325 6  
311 1 2  
SIZE OF PROGRAMS (pID SIZE):
1 73.0 
2 94.0 
3 58.0 
4 90.0 
5 73.0 
6 96.0 
COST_INSTALL_SERVER_AND_PROGRAMS :
0 2512.5 2.28125 2.9375 1.8125 2.8125 2.28125 3.0  
114 17.0476160954765 1.5208333333333333 1.9583333333333333 1.2083333333333333 1.875 1.5208333333333333 2.0  
119 2.953299426181927 2.28125 2.9375 1.8125 2.8125 2.28125 3.0  
372 16.217812826688807 1.5208333333333333 1.9583333333333333 1.2083333333333333 1.875 1.5208333333333333 2.0  
396 75.0 2.28125 2.9375 1.8125 2.8125 2.28125 3.0  
394 7.107807208514755 1.5208333333333333 1.9583333333333333 1.2083333333333333 1.875 1.5208333333333333 2.0  
353 2.2345603436731003 1.5208333333333333 1.9583333333333333 1.2083333333333333 1.875 1.5208333333333333 2.0  
13 35.698105425864995 2.28125 2.9375 1.8125 2.8125 2.28125 3.0  
375 16.77970618034448 2.28125 2.9375 1.8125 2.8125 2.28125 3.0  
101 10.621331071345747 1.5208333333333333 1.9583333333333333 1.2083333333333333 1.875 1.5208333333333333 2.0  
194 18.953447855988575 1.5208333333333333 1.9583333333333333 1.2083333333333333 1.875 1.5208333333333333 2.0  
196 25.66738727468388 2.28125 2.9375 1.8125 2.8125 2.28125 3.0  
312 17.0 1.5208333333333333 1.9583333333333333 1.2083333333333333 1.875 1.5208333333333333 2.0  
236 7.840170127447572 1.5208333333333333 1.9583333333333333 1.2083333333333333 1.875 1.5208333333333333 2.0  
293 1.2491312316715544 2.28125 2.9375 1.8125 2.8125 2.28125 3.0  
181 0.4668951172940533 2.28125 2.9375 1.8125 2.8125 2.28125 3.0  
67 106.0 1.5208333333333333 1.9583333333333333 1.2083333333333333 1.875 1.5208333333333333 2.0  
281 0.6048274410774411 1.5208333333333333 1.9583333333333333 1.2083333333333333 1.875 1.5208333333333333 2.0  
11 26.84698741863044 2.28125 2.9375 1.8125 2.8125 2.28125 3.0  
389 2.1446082285115304 2.28125 2.9375 1.8125 2.8125 2.28125 3.0  
306 38.19804964539007 1.5208333333333333 1.9583333333333333 1.2083333333333333 1.875 1.5208333333333333 2.0  
38 17.403363468230125 2.28125 2.9375 1.8125 2.8125 2.28125 3.0  
118 26.569165362494665 2.28125 2.9375 1.8125 2.8125 2.28125 3.0  
124 3.300421918735866 1.5208333333333333 1.9583333333333333 1.2083333333333333 1.875 1.5208333333333333 2.0  
265 16.178504025653655 1.5208333333333333 1.9583333333333333 1.2083333333333333 1.875 1.5208333333333333 2.0  
130 29.15206641941368 1.5208333333333333 1.9583333333333333 1.2083333333333333 1.875 1.5208333333333333 2.0  
361 3.8860409098771838 1.5208333333333333 1.9583333333333333 1.2083333333333333 1.875 1.5208333333333333 2.0  
258 5.6979292929292935 2.28125 2.9375 1.8125 2.8125 2.28125 3.0  
163 5.2917761067739 2.28125 2.9375 1.8125 2.8125 2.28125 3.0  
363 46.0 2.28125 2.9375 1.8125 2.8125 2.28125 3.0  
169 1.983412314635719 1.5208333333333333 1.9583333333333333 1.2083333333333333 1.875 1.5208333333333333 2.0  
42 52.35319315335056 2.28125 2.9375 1.8125 2.8125 2.28125 3.0  
147 13.770396599392335 1.5208333333333333 1.9583333333333333 1.2083333333333333 1.875 1.5208333333333333 2.0  
351 21.798902356652743 1.5208333333333333 1.9583333333333333 1.2083333333333333 1.875 1.5208333333333333 2.0  
22 21.14223617730291 2.28125 2.9375 1.8125 2.8125 2.28125 3.0  
168 21.970410334346496 1.5208333333333333 1.9583333333333333 1.2083333333333333 1.875 1.5208333333333333 2.0  
238 1.5666770489627193 1.5208333333333333 1.9583333333333333 1.2083333333333333 1.875 1.5208333333333333 2.0  
137 23.01463656876532 1.5208333333333333 1.9583333333333333 1.2083333333333333 1.875 1.5208333333333333 2.0  
199 29.33180453884668 1.5208333333333333 1.9583333333333333 1.2083333333333333 1.875 1.5208333333333333 2.0  
182 6.866558919803602 1.5208333333333333 1.9583333333333333 1.2083333333333333 1.875 1.5208333333333333 2.0  
28 42.65483516957775 1.5208333333333333 1.9583333333333333 1.2083333333333333 1.875 1.5208333333333333 2.0  
212 3.197512531328322 2.28125 2.9375 1.8125 2.8125 2.28125 3.0  
150 2.545244223289864 2.28125 2.9375 1.8125 2.8125 2.28125 3.0  
172 5.574904911765842 2.28125 2.9375 1.8125 2.8125 2.28125 3.0  
84 57.44264793129994 1.5208333333333333 1.9583333333333333 1.2083333333333333 1.875 1.5208333333333333 2.0  
170 11.932532237266276 2.28125 2.9375 1.8125 2.8125 2.28125 3.0  
209 26.354448078604474 2.28125 2.9375 1.8125 2.8125 2.28125 3.0  
121 6.351440859863211 1.5208333333333333 1.9583333333333333 1.2083333333333333 1.875 1.5208333333333333 2.0  
276 3.807706660441955 2.28125 2.9375 1.8125 2.8125 2.28125 3.0  
104 18.31958987213414 1.5208333333333333 1.9583333333333333 1.2083333333333333 1.875 1.5208333333333333 2.0  
256 17.145097070448728 2.28125 2.9375 1.8125 2.8125 2.28125 3.0  
330 23.42341645167483 1.5208333333333333 1.9583333333333333 1.2083333333333333 1.875 1.5208333333333333 2.0  
321 35.78648452611218 1.5208333333333333 1.9583333333333333 1.2083333333333333 1.875 1.5208333333333333 2.0  
83 34.35767958500401 2.28125 2.9375 1.8125 2.8125 2.28125 3.0  
260 10.265660570786896 1.5208333333333333 1.9583333333333333 1.2083333333333333 1.875 1.5208333333333333 2.0  
142 4.661508695201077 1.5208333333333333 1.9583333333333333 1.2083333333333333 1.875 1.5208333333333333 2.0  
314 52.0 1.5208333333333333 1.9583333333333333 1.2083333333333333 1.875 1.5208333333333333 2.0  
280 0.5226402700899605 1.5208333333333333 1.9583333333333333 1.2083333333333333 1.875 1.5208333333333333 2.0  
308 18.8215609449652 2.28125 2.9375 1.8125 2.8125 2.28125 3.0  
290 40.0 2.28125 2.9375 1.8125 2.8125 2.28125 3.0  
56 19.262454189434713 2.28125 2.9375 1.8125 2.8125 2.28125 3.0  
374 45.443747812343524 2.28125 2.9375 1.8125 2.8125 2.28125 3.0  
115 19.837366724224342 1.5208333333333333 1.9583333333333333 1.2083333333333333 1.875 1.5208333333333333 2.0  
180 5.648243836541709 1.5208333333333333 1.9583333333333333 1.2083333333333333 1.875 1.5208333333333333 2.0  
201 7.087717044279933 1.5208333333333333 1.9583333333333333 1.2083333333333333 1.875 1.5208333333333333 2.0  
159 2.4483999606833344 2.28125 2.9375 1.8125 2.8125 2.28125 3.0  
123 11.476425184483356 2.28125 2.9375 1.8125 2.8125 2.28125 3.0  
272 9.52270011034717 1.5208333333333333 1.9583333333333333 1.2083333333333333 1.875 1.5208333333333333 2.0  
309 1.5906853263549132 2.28125 2.9375 1.8125 2.8125 2.28125 3.0  
162 6.3542196084946605 2.28125 2.9375 1.8125 2.8125 2.28125 3.0  
328 13.87621727035558 1.5208333333333333 1.9583333333333333 1.2083333333333333 1.875 1.5208333333333333 2.0  
273 94.0 2.28125 2.9375 1.8125 2.8125 2.28125 3.0  
24 48.6140314468414 1.5208333333333333 1.9583333333333333 1.2083333333333333 1.875 1.5208333333333333 2.0  
226 1.7726160689156047 1.5208333333333333 1.9583333333333333 1.2083333333333333 1.875 1.5208333333333333 2.0  
110 38.0 2.28125 2.9375 1.8125 2.8125 2.28125 3.0  
49 6.627498337675889 2.28125 2.9375 1.8125 2.8125 2.28125 3.0  
122 24.171670872812296 1.5208333333333333 1.9583333333333333 1.2083333333333333 1.875 1.5208333333333333 2.0  
157 32.187650137268356 1.5208333333333333 1.9583333333333333 1.2083333333333333 1.875 1.5208333333333333 2.0  
138 15.575446811115524 2.28125 2.9375 1.8125 2.8125 2.28125 3.0  
154 19.701779462434914 1.5208333333333333 1.9583333333333333 1.2083333333333333 1.875 1.5208333333333333 2.0  
385 1.1679395121937428 1.5208333333333333 1.9583333333333333 1.2083333333333333 1.875 1.5208333333333333 2.0  
354 10.68266000691922 1.5208333333333333 1.9583333333333333 1.2083333333333333 1.875 1.5208333333333333 2.0  
111 53.746064129334265 2.28125 2.9375 1.8125 2.8125 2.28125 3.0  
248 12.373129543182952 2.28125 2.9375 1.8125 2.8125 2.28125 3.0  
297 28.0 1.5208333333333333 1.9583333333333333 1.2083333333333333 1.875 1.5208333333333333 2.0  
237 6.1399761228091 1.5208333333333333 1.9583333333333333 1.2083333333333333 1.875 1.5208333333333333 2.0  
176 3.4344680851063822 1.5208333333333333 1.9583333333333333 1.2083333333333333 1.875 1.5208333333333333 2.0  
332 4.129060328404978 1.5208333333333333 1.9583333333333333 1.2083333333333333 1.875 1.5208333333333333 2.0  
383 0.63924386001983 1.5208333333333333 1.9583333333333333 1.2083333333333333 1.875 1.5208333333333333 2.0  
313 11.32893769941642 2.28125 2.9375 1.8125 2.8125 2.28125 3.0  
184 3.0930952380952386 1.5208333333333333 1.9583333333333333 1.2083333333333333 1.875 1.5208333333333333 2.0  
387 2.8941607704402506 2.28125 2.9375 1.8125 2.8125 2.28125 3.0  
107 35.134285125916314 2.28125 2.9375 1.8125 2.8125 2.28125 3.0  
141 77.0 1.5208333333333333 1.9583333333333333 1.2083333333333333 1.875 1.5208333333333333 2.0  
261 31.127949506814304 2.28125 2.9375 1.8125 2.8125 2.28125 3.0  
94 23.5871765692233 2.28125 2.9375 1.8125 2.8125 2.28125 3.0  
356 26.211244458369915 1.5208333333333333 1.9583333333333333 1.2083333333333333 1.875 1.5208333333333333 2.0  
102 8.606768629989865 1.5208333333333333 1.9583333333333333 1.2083333333333333 1.875 1.5208333333333333 2.0  
167 13.35916672980417 2.28125 2.9375 1.8125 2.8125 2.28125 3.0  
113 29.10860216888939 1.5208333333333333 1.9583333333333333 1.2083333333333333 1.875 1.5208333333333333 2.0  
393 1.79017094017094 2.28125 2.9375 1.8125 2.8125 2.28125 3.0  
88 1.6747988814014236 1.5208333333333333 1.9583333333333333 1.2083333333333333 1.875 1.5208333333333333 2.0  
257 16.93399790746337 2.28125 2.9375 1.8125 2.8125 2.28125 3.0  
4 6.097631886944064 2.28125 2.9375 1.8125 2.8125 2.28125 3.0  
206 1.028838578088578 1.5208333333333333 1.9583333333333333 1.2083333333333333 1.875 1.5208333333333333 2.0  
61 13.660487517710408 1.5208333333333333 1.9583333333333333 1.2083333333333333 1.875 1.5208333333333333 2.0  
229 1.2578114815200057 2.28125 2.9375 1.8125 2.8125 2.28125 3.0  
68 11.414911220176126 1.5208333333333333 1.9583333333333333 1.2083333333333333 1.875 1.5208333333333333 2.0  
179 91.0 2.28125 2.9375 1.8125 2.8125 2.28125 3.0  
390 3.191746341002904 1.5208333333333333 1.9583333333333333 1.2083333333333333 1.875 1.5208333333333333 2.0  
366 8.514654970397482 1.5208333333333333 1.9583333333333333 1.2083333333333333 1.875 1.5208333333333333 2.0  
5 8.402393791705967 2.28125 2.9375 1.8125 2.8125 2.28125 3.0  
224 11.276366052162492 1.5208333333333333 1.9583333333333333 1.2083333333333333 1.875 1.5208333333333333 2.0  
267 6.237033007753115 2.28125 2.9375 1.8125 2.8125 2.28125 3.0  
307 6.004239200515797 2.28125 2.9375 1.8125 2.8125 2.28125 3.0  
285 9.621282642089094 1.5208333333333333 1.9583333333333333 1.2083333333333333 1.875 1.5208333333333333 2.0  
364 4.496343537414964 2.28125 2.9375 1.8125 2.8125 2.28125 3.0  
302 10.886322188449848 2.28125 2.9375 1.8125 2.8125 2.28125 3.0  
58 61.0 1.5208333333333333 1.9583333333333333 1.2083333333333333 1.875 1.5208333333333333 2.0  
275 2.429591881430117 2.28125 2.9375 1.8125 2.8125 2.28125 3.0  
339 4.8274341438703114 2.28125 2.9375 1.8125 2.8125 2.28125 3.0  
43 26.834420999777695 2.28125 2.9375 1.8125 2.8125 2.28125 3.0  
187 16.492245063879206 1.5208333333333333 1.9583333333333333 1.2083333333333333 1.875 1.5208333333333333 2.0  
337 3.7207712848578587 2.28125 2.9375 1.8125 2.8125 2.28125 3.0  
75 54.0 2.28125 2.9375 1.8125 2.8125 2.28125 3.0  
95 11.65941217759209 1.5208333333333333 1.9583333333333333 1.2083333333333333 1.875 1.5208333333333333 2.0  
36 7.96317317829553 1.5208333333333333 1.9583333333333333 1.2083333333333333 1.875 1.5208333333333333 2.0  
35 43.719264345053425 2.28125 2.9375 1.8125 2.8125 2.28125 3.0  
128 3.2536476843083757 2.28125 2.9375 1.8125 2.8125 2.28125 3.0  
214 4.894579796264854 1.5208333333333333 1.9583333333333333 1.2083333333333333 1.875 1.5208333333333333 2.0  
132 36.3504671276758 1.5208333333333333 1.9583333333333333 1.2083333333333333 1.875 1.5208333333333333 2.0  
74 0.6488676578481724 1.5208333333333333 1.9583333333333333 1.2083333333333333 1.875 1.5208333333333333 2.0  
289 4.306858911697622 2.28125 2.9375 1.8125 2.8125 2.28125 3.0  
204 6.238368311991925 1.5208333333333333 1.9583333333333333 1.2083333333333333 1.875 1.5208333333333333 2.0  
133 17.174015891455124 2.28125 2.9375 1.8125 2.8125 2.28125 3.0  
367 9.247550296714433 1.5208333333333333 1.9583333333333333 1.2083333333333333 1.875 1.5208333333333333 2.0  
72 12.35206611124407 1.5208333333333333 1.9583333333333333 1.2083333333333333 1.875 1.5208333333333333 2.0  
37 9.308272386785479 2.28125 2.9375 1.8125 2.8125 2.28125 3.0  
319 4.760924749009855 2.28125 2.9375 1.8125 2.8125 2.28125 3.0  
200 11.386809122636098 2.28125 2.9375 1.8125 2.8125 2.28125 3.0  
244 22.964198248469348 1.5208333333333333 1.9583333333333333 1.2083333333333333 1.875 1.5208333333333333 2.0  
175 3.92899434295891 2.28125 2.9375 1.8125 2.8125 2.28125 3.0  
324 0.6329787234042554 2.28125 2.9375 1.8125 2.8125 2.28125 3.0  
20 12.98768341892883 1.5208333333333333 1.9583333333333333 1.2083333333333333 1.875 1.5208333333333333 2.0  
360 5.393785965519229 1.5208333333333333 1.9583333333333333 1.2083333333333333 1.875 1.5208333333333333 2.0  
86 5.0592055568825405 1.5208333333333333 1.9583333333333333 1.2083333333333333 1.875 1.5208333333333333 2.0  
294 0.5940212609970675 2.28125 2.9375 1.8125 2.8125 2.28125 3.0  
25 9.95479754660485 1.5208333333333333 1.9583333333333333 1.2083333333333333 1.875 1.5208333333333333 2.0  
203 24.0 1.5208333333333333 1.9583333333333333 1.2083333333333333 1.875 1.5208333333333333 2.0  
171 0.8256419662509169 2.28125 2.9375 1.8125 2.8125 2.28125 3.0  
153 56.69186710966909 1.5208333333333333 1.9583333333333333 1.2083333333333333 1.875 1.5208333333333333 2.0  
254 0.9950677266426822 2.28125 2.9375 1.8125 2.8125 2.28125 3.0  
358 0.8144434249452251 2.28125 2.9375 1.8125 2.8125 2.28125 3.0  
347 19.656805452591 1.5208333333333333 1.9583333333333333 1.2083333333333333 1.875 1.5208333333333333 2.0  
296 11.18126832844575 2.28125 2.9375 1.8125 2.8125 2.28125 3.0  
342 19.797015543995144 2.28125 2.9375 1.8125 2.8125 2.28125 3.0  
322 1.5781460819927347 1.5208333333333333 1.9583333333333333 1.2083333333333333 1.875 1.5208333333333333 2.0  
277 12.574333200568493 1.5208333333333333 1.9583333333333333 1.2083333333333333 1.875 1.5208333333333333 2.0  
89 23.082101164016596 2.28125 2.9375 1.8125 2.8125 2.28125 3.0  
146 7.0193830577726395 1.5208333333333333 1.9583333333333333 1.2083333333333333 1.875 1.5208333333333333 2.0  
91 3.0834075125360565 2.28125 2.9375 1.8125 2.8125 2.28125 3.0  
59 20.302230728333456 2.28125 2.9375 1.8125 2.8125 2.28125 3.0  
27 51.749211716968546 2.28125 2.9375 1.8125 2.8125 2.28125 3.0  
262 49.899423317891355 1.5208333333333333 1.9583333333333333 1.2083333333333333 1.875 1.5208333333333333 2.0  
218 3.7849102870813396 1.5208333333333333 1.9583333333333333 1.2083333333333333 1.875 1.5208333333333333 2.0  
82 6.251867516386368 1.5208333333333333 1.9583333333333333 1.2083333333333333 1.875 1.5208333333333333 2.0  
269 8.452899159663865 1.5208333333333333 1.9583333333333333 1.2083333333333333 1.875 1.5208333333333333 2.0  
365 11.128413508260442 2.28125 2.9375 1.8125 2.8125 2.28125 3.0  
282 12.816407052986 1.5208333333333333 1.9583333333333333 1.2083333333333333 1.875 1.5208333333333333 2.0  
97 7.869874551223177 2.28125 2.9375 1.8125 2.8125 2.28125 3.0  
213 14.95393483709273 2.28125 2.9375 1.8125 2.8125 2.28125 3.0  
131 35.74962466314129 2.28125 2.9375 1.8125 2.8125 2.28125 3.0  
395 10.11784188034188 2.28125 2.9375 1.8125 2.8125 2.28125 3.0  
348 56.0 1.5208333333333333 1.9583333333333333 1.2083333333333333 1.875 1.5208333333333333 2.0  
140 2.684754854259623 1.5208333333333333 1.9583333333333333 1.2083333333333333 1.875 1.5208333333333333 2.0  
177 13.935888707037641 1.5208333333333333 1.9583333333333333 1.2083333333333333 1.875 1.5208333333333333 2.0  
76 23.839682905443905 2.28125 2.9375 1.8125 2.8125 2.28125 3.0  
120 1.2334789735447287 1.5208333333333333 1.9583333333333333 1.2083333333333333 1.875 1.5208333333333333 2.0  
231 24.247880862022217 2.28125 2.9375 1.8125 2.8125 2.28125 3.0  
370 6.303054007418572 1.5208333333333333 1.9583333333333333 1.2083333333333333 1.875 1.5208333333333333 2.0  
331 15.657032078386269 2.28125 2.9375 1.8125 2.8125 2.28125 3.0  
270 5.604456781870998 1.5208333333333333 1.9583333333333333 1.2083333333333333 1.875 1.5208333333333333 2.0  
52 6.224427476909082 1.5208333333333333 1.9583333333333333 1.2083333333333333 1.875 1.5208333333333333 2.0  
388 0.40461253369272243 2.28125 2.9375 1.8125 2.8125 2.28125 3.0  
3 4.383465220277398 1.5208333333333333 1.9583333333333333 1.2083333333333333 1.875 1.5208333333333333 2.0  
57 4.044451116804858 2.28125 2.9375 1.8125 2.8125 2.28125 3.0  
77 10.901785935660323 2.28125 2.9375 1.8125 2.8125 2.28125 3.0  
222 108.0 1.5208333333333333 1.9583333333333333 1.2083333333333333 1.875 1.5208333333333333 2.0  
266 32.57150671426168 2.28125 2.9375 1.8125 2.8125 2.28125 3.0  
197 19.84140664769161 2.28125 2.9375 1.8125 2.8125 2.28125 3.0  
357 2.949498615068448 2.28125 2.9375 1.8125 2.8125 2.28125 3.0  
300 43.0 2.28125 2.9375 1.8125 2.8125 2.28125 3.0  
239 3.6906366459627336 2.28125 2.9375 1.8125 2.8125 2.28125 3.0  
207 5.251212121212122 2.28125 2.9375 1.8125 2.8125 2.28125 3.0  
173 5.432234911379696 1.5208333333333333 1.9583333333333333 1.2083333333333333 1.875 1.5208333333333333 2.0  
384 5.087637073162457 1.5208333333333333 1.9583333333333333 1.2083333333333333 1.875 1.5208333333333333 2.0  
208 16.590737476808908 2.28125 2.9375 1.8125 2.8125 2.28125 3.0  
105 16.54613952944739 1.5208333333333333 1.9583333333333333 1.2083333333333333 1.875 1.5208333333333333 2.0  
55 13.859874747467476 1.5208333333333333 1.9583333333333333 1.2083333333333333 1.875 1.5208333333333333 2.0  
223 18.39816489753796 2.28125 2.9375 1.8125 2.8125 2.28125 3.0  
166 23.648722663318146 2.28125 2.9375 1.8125 2.8125 2.28125 3.0  
1 0.052102330293819346 1.5208333333333333 1.9583333333333333 1.2083333333333333 1.875 1.5208333333333333 2.0  
352 11.81490830594476 2.28125 2.9375 1.8125 2.8125 2.28125 3.0  
93 23.212296851976298 2.28125 2.9375 1.8125 2.8125 2.28125 3.0  
73 12.048606375785825 1.5208333333333333 1.9583333333333333 1.2083333333333333 1.875 1.5208333333333333 2.0  
336 37.0 2.28125 2.9375 1.8125 2.8125 2.28125 3.0  
315 37.995859123146346 2.28125 2.9375 1.8125 2.8125 2.28125 3.0  
242 11.258453213453212 1.5208333333333333 1.9583333333333333 1.2083333333333333 1.875 1.5208333333333333 2.0  
301 6.914285714285714 2.28125 2.9375 1.8125 2.8125 2.28125 3.0  
51 62.0 2.28125 2.9375 1.8125 2.8125 2.28125 3.0  
240 7.3638509316770175 1.5208333333333333 1.9583333333333333 1.2083333333333333 1.875 1.5208333333333333 2.0  
149 9.417844478216818 2.28125 2.9375 1.8125 2.8125 2.28125 3.0  
211 6.127533710914455 1.5208333333333333 1.9583333333333333 1.2083333333333333 1.875 1.5208333333333333 2.0  
397 4.0823910256410265 1.5208333333333333 1.9583333333333333 1.2083333333333333 1.875 1.5208333333333333 2.0  
26 24.111808265737203 1.5208333333333333 1.9583333333333333 1.2083333333333333 1.875 1.5208333333333333 2.0  
125 6.337353692998053 2.28125 2.9375 1.8125 2.8125 2.28125 3.0  
271 15.009878062336044 2.28125 2.9375 1.8125 2.8125 2.28125 3.0  
278 17.816044072560295 1.5208333333333333 1.9583333333333333 1.2083333333333333 1.875 1.5208333333333333 2.0  
233 8.773713135465984 1.5208333333333333 1.9583333333333333 1.2083333333333333 1.875 1.5208333333333333 2.0  
215 3.9473074548541436 2.28125 2.9375 1.8125 2.8125 2.28125 3.0  
48 24.602425248651674 1.5208333333333333 1.9583333333333333 1.2083333333333333 1.875 1.5208333333333333 2.0  
143 17.15479071714948 1.5208333333333333 1.9583333333333333 1.2083333333333333 1.875 1.5208333333333333 2.0  
165 103.0 1.5208333333333333 1.9583333333333333 1.2083333333333333 1.875 1.5208333333333333 2.0  
210 11.703349914933474 2.28125 2.9375 1.8125 2.8125 2.28125 3.0  
355 0.8922383781530123 1.5208333333333333 1.9583333333333333 1.2083333333333333 1.875 1.5208333333333333 2.0  
70 6.957831424868216 1.5208333333333333 1.9583333333333333 1.2083333333333333 1.875 1.5208333333333333 2.0  
274 2.6887076825679763 2.28125 2.9375 1.8125 2.8125 2.28125 3.0  
235 34.60549837970378 2.28125 2.9375 1.8125 2.8125 2.28125 3.0  
116 24.120700057557674 1.5208333333333333 1.9583333333333333 1.2083333333333333 1.875 1.5208333333333333 2.0  
279 5.980511865557728 1.5208333333333333 1.9583333333333333 1.2083333333333333 1.875 1.5208333333333333 2.0  
69 1.195195245239372 2.28125 2.9375 1.8125 2.8125 2.28125 3.0  
103 99.0 2.28125 2.9375 1.8125 2.8125 2.28125 3.0  
6 46.35123507583517 2.28125 2.9375 1.8125 2.8125 2.28125 3.0  
320 26.60955029013539 2.28125 2.9375 1.8125 2.8125 2.28125 3.0  
317 17.03803043028267 1.5208333333333333 1.9583333333333333 1.2083333333333333 1.875 1.5208333333333333 2.0  
189 6.2839362140285635 2.28125 2.9375 1.8125 2.8125 2.28125 3.0  
148 11.998988722985978 2.28125 2.9375 1.8125 2.8125 2.28125 3.0  
2 5.747003284072249 1.5208333333333333 1.9583333333333333 1.2083333333333333 1.875 1.5208333333333333 2.0  
245 10.626713291338698 1.5208333333333333 1.9583333333333333 1.2083333333333333 1.875 1.5208333333333333 2.0  
326 30.87023602137807 1.5208333333333333 1.9583333333333333 1.2083333333333333 1.875 1.5208333333333333 2.0  
134 3.6111161762496735 2.28125 2.9375 1.8125 2.8125 2.28125 3.0  
304 41.77617781155014 1.5208333333333333 1.9583333333333333 1.2083333333333333 1.875 1.5208333333333333 2.0  
18 2.690604958264669 1.5208333333333333 1.9583333333333333 1.2083333333333333 1.875 1.5208333333333333 2.0  
188 8.929938917101783 2.28125 2.9375 1.8125 2.8125 2.28125 3.0  
359 0.8649606160874163 1.5208333333333333 1.9583333333333333 1.2083333333333333 1.875 1.5208333333333333 2.0  
174 0.339822045514197 2.28125 2.9375 1.8125 2.8125 2.28125 3.0  
219 5.244910287081339 1.5208333333333333 1.9583333333333333 1.2083333333333333 1.875 1.5208333333333333 2.0  
19 20.372199607585852 2.28125 2.9375 1.8125 2.8125 2.28125 3.0  
80 4.886209621649525 1.5208333333333333 1.9583333333333333 1.2083333333333333 1.875 1.5208333333333333 2.0  
32 1.4852885199134012 2.28125 2.9375 1.8125 2.8125 2.28125 3.0  
161 32.874065934835535 1.5208333333333333 1.9583333333333333 1.2083333333333333 1.875 1.5208333333333333 2.0  
220 4.377416267942584 2.28125 2.9375 1.8125 2.8125 2.28125 3.0  
345 6.967054860891347 2.28125 2.9375 1.8125 2.8125 2.28125 3.0  
253 10.023742746265516 2.28125 2.9375 1.8125 2.8125 2.28125 3.0  
392 28.0 1.5208333333333333 1.9583333333333333 1.2083333333333333 1.875 1.5208333333333333 2.0  
382 6.51194016533112 2.28125 2.9375 1.8125 2.8125 2.28125 3.0  
376 72.0 1.5208333333333333 1.9583333333333333 1.2083333333333333 1.875 1.5208333333333333 2.0  
9 59.49928019483658 1.5208333333333333 1.9583333333333333 1.2083333333333333 1.875 1.5208333333333333 2.0  
160 9.454681311865333 2.28125 2.9375 1.8125 2.8125 2.28125 3.0  
16 32.0 2.28125 2.9375 1.8125 2.8125 2.28125 3.0  
283 4.597266196447232 1.5208333333333333 1.9583333333333333 1.2083333333333333 1.875 1.5208333333333333 2.0  
29 21.370864254236785 2.28125 2.9375 1.8125 2.8125 2.28125 3.0  
263 26.59724555981411 1.5208333333333333 1.9583333333333333 1.2083333333333333 1.875 1.5208333333333333 2.0  
31 100.0 1.5208333333333333 1.9583333333333333 1.2083333333333333 1.875 1.5208333333333333 2.0  
178 0.14506079027355626 2.28125 2.9375 1.8125 2.8125 2.28125 3.0  
155 29.55611865542373 1.5208333333333333 1.9583333333333333 1.2083333333333333 1.875 1.5208333333333333 2.0  
34 18.167530241634786 2.28125 2.9375 1.8125 2.8125 2.28125 3.0  
329 25.180242982661923 1.5208333333333333 1.9583333333333333 1.2083333333333333 1.875 1.5208333333333333 2.0  
305 15.724641168524151 1.5208333333333333 1.9583333333333333 1.2083333333333333 1.875 1.5208333333333333 2.0  
78 15.391270062644454 1.5208333333333333 1.9583333333333333 1.2083333333333333 1.875 1.5208333333333333 2.0  
334 8.512052084707905 1.5208333333333333 1.9583333333333333 1.2083333333333333 1.875 1.5208333333333333 2.0  
398 6.008602564102564 1.5208333333333333 1.9583333333333333 1.2083333333333333 1.875 1.5208333333333333 2.0  
255 104.0 2.28125 2.9375 1.8125 2.8125 2.28125 3.0  
399 1.7480347091932458 2.28125 2.9375 1.8125 2.8125 2.28125 3.0  
8 37.779263638691 2.28125 2.9375 1.8125 2.8125 2.28125 3.0  
85 22.94894937086772 2.28125 2.9375 1.8125 2.8125 2.28125 3.0  
152 26.169771713358703 2.28125 2.9375 1.8125 2.8125 2.28125 3.0  
45 20.148504785626645 1.5208333333333333 1.9583333333333333 1.2083333333333333 1.875 1.5208333333333333 2.0  
127 2.632232955626206 1.5208333333333333 1.9583333333333333 1.2083333333333333 1.875 1.5208333333333333 2.0  
151 24.00378264208908 2.28125 2.9375 1.8125 2.8125 2.28125 3.0  
90 1.7765751408104657 1.5208333333333333 1.9583333333333333 1.2083333333333333 1.875 1.5208333333333333 2.0  
327 24.8655284373886 1.5208333333333333 1.9583333333333333 1.2083333333333333 1.875 1.5208333333333333 2.0  
391 1.1821267696267694 1.5208333333333333 1.9583333333333333 1.2083333333333333 1.875 1.5208333333333333 2.0  
98 2.4457931862404054 2.28125 2.9375 1.8125 2.8125 2.28125 3.0  
241 40.90062430323298 1.5208333333333333 1.9583333333333333 1.2083333333333333 1.875 1.5208333333333333 2.0  
99 22.659208825428518 2.28125 2.9375 1.8125 2.8125 2.28125 3.0  
144 2.6390623062367378 1.5208333333333333 1.9583333333333333 1.2083333333333333 1.875 1.5208333333333333 2.0  
126 4.215846172658351 1.5208333333333333 1.9583333333333333 1.2083333333333333 1.875 1.5208333333333333 2.0  
136 14.238877200306643 1.5208333333333333 1.9583333333333333 1.2083333333333333 1.875 1.5208333333333333 2.0  
30 62.17358160699084 1.5208333333333333 1.9583333333333333 1.2083333333333333 1.875 1.5208333333333333 2.0  
346 28.4772592041487 1.5208333333333333 1.9583333333333333 1.2083333333333333 1.875 1.5208333333333333 2.0  
193 26.366899017754786 2.28125 2.9375 1.8125 2.8125 2.28125 3.0  
112 26.332016996782684 2.28125 2.9375 1.8125 2.8125 2.28125 3.0  
100 19.077718468964125 1.5208333333333333 1.9583333333333333 1.2083333333333333 1.875 1.5208333333333333 2.0  
205 0.9973531468531469 2.28125 2.9375 1.8125 2.8125 2.28125 3.0  
50 32.34848010305451 1.5208333333333333 1.9583333333333333 1.2083333333333333 1.875 1.5208333333333333 2.0  
249 38.47422223952958 1.5208333333333333 1.9583333333333333 1.2083333333333333 1.875 1.5208333333333333 2.0  
63 35.09506243013514 1.5208333333333333 1.9583333333333333 1.2083333333333333 1.875 1.5208333333333333 2.0  
23 1.6972440355452527 1.5208333333333333 1.9583333333333333 1.2083333333333333 1.875 1.5208333333333333 2.0  
299 53.0 1.5208333333333333 1.9583333333333333 1.2083333333333333 1.875 1.5208333333333333 2.0  
259 2.9025310559006203 2.28125 2.9375 1.8125 2.8125 2.28125 3.0  
186 7.58764285714286 2.28125 2.9375 1.8125 2.8125 2.28125 3.0  
62 33.400274946020524 1.5208333333333333 1.9583333333333333 1.2083333333333333 1.875 1.5208333333333333 2.0  
109 30.15022987621224 2.28125 2.9375 1.8125 2.8125 2.28125 3.0  
117 1.2049187219393165 1.5208333333333333 1.9583333333333333 1.2083333333333333 1.875 1.5208333333333333 2.0  
232 9.065266517164048 2.28125 2.9375 1.8125 2.8125 2.28125 3.0  
234 9.342381064758913 2.28125 2.9375 1.8125 2.8125 2.28125 3.0  
108 10.304168756032508 2.28125 2.9375 1.8125 2.8125 2.28125 3.0  
139 8.271144494768933 2.28125 2.9375 1.8125 2.8125 2.28125 3.0  
158 57.0 1.5208333333333333 1.9583333333333333 1.2083333333333333 1.875 1.5208333333333333 2.0  
246 1.2144815190101372 1.5208333333333333 1.9583333333333333 1.2083333333333333 1.875 1.5208333333333333 2.0  
64 10.323619500149064 2.28125 2.9375 1.8125 2.8125 2.28125 3.0  
386 0.701196091644205 1.5208333333333333 1.9583333333333333 1.2083333333333333 1.875 1.5208333333333333 2.0  
318 23.612357004697422 2.28125 2.9375 1.8125 2.8125 2.28125 3.0  
344 20.99094234782724 1.5208333333333333 1.9583333333333333 1.2083333333333333 1.875 1.5208333333333333 2.0  
362 8.850236326752285 1.5208333333333333 1.9583333333333333 1.2083333333333333 1.875 1.5208333333333333 2.0  
284 14.314853709508887 1.5208333333333333 1.9583333333333333 1.2083333333333333 1.875 1.5208333333333333 2.0  
65 3.1977572634814333 2.28125 2.9375 1.8125 2.8125 2.28125 3.0  
243 13.83491320273929 1.5208333333333333 1.9583333333333333 1.2083333333333333 1.875 1.5208333333333333 2.0  
198 19.94111547680192 1.5208333333333333 1.9583333333333333 1.2083333333333333 1.875 1.5208333333333333 2.0  
12 98.97351243725669 2.28125 2.9375 1.8125 2.8125 2.28125 3.0  
92 21.482363879659854 2.28125 2.9375 1.8125 2.8125 2.28125 3.0  
44 3.855234044950824 2.28125 2.9375 1.8125 2.8125 2.28125 3.0  
41 58.785141326909915 1.5208333333333333 1.9583333333333333 1.2083333333333333 1.875 1.5208333333333333 2.0  
40 31.447702982832734 1.5208333333333333 1.9583333333333333 1.2083333333333333 1.875 1.5208333333333333 2.0  
340 13.9977048914804 1.5208333333333333 1.9583333333333333 1.2083333333333333 1.875 1.5208333333333333 2.0  
225 84.0 2.28125 2.9375 1.8125 2.8125 2.28125 3.0  
192 17.85017215086304 2.28125 2.9375 1.8125 2.8125 2.28125 3.0  
185 2.3597619047619047 1.5208333333333333 1.9583333333333333 1.2083333333333333 1.875 1.5208333333333333 2.0  
316 24.900920373952285 2.28125 2.9375 1.8125 2.8125 2.28125 3.0  
228 22.56930929792698 2.28125 2.9375 1.8125 2.8125 2.28125 3.0  
295 109.0 1.5208333333333333 1.9583333333333333 1.2083333333333333 1.875 1.5208333333333333 2.0  
230 7.408361344537816 1.5208333333333333 1.9583333333333333 1.2083333333333333 1.875 1.5208333333333333 2.0  
190 0.7403514154803311 2.28125 2.9375 1.8125 2.8125 2.28125 3.0  
287 31.0 1.5208333333333333 1.9583333333333333 1.2083333333333333 1.875 1.5208333333333333 2.0  
10 23.75375433592367 2.28125 2.9375 1.8125 2.8125 2.28125 3.0  
227 56.0 1.5208333333333333 1.9583333333333333 1.2083333333333333 1.875 1.5208333333333333 2.0  
216 29.93134495770617 1.5208333333333333 1.9583333333333333 1.2083333333333333 1.875 1.5208333333333333 2.0  
291 1.0691066358117052 1.5208333333333333 1.9583333333333333 1.2083333333333333 1.875 1.5208333333333333 2.0  
106 24.92923862256792 2.28125 2.9375 1.8125 2.8125 2.28125 3.0  
17 29.59033010370057 2.28125 2.9375 1.8125 2.8125 2.28125 3.0  
15 45.33673013254816 2.28125 2.9375 1.8125 2.8125 2.28125 3.0  
46 4.092707271952557 1.5208333333333333 1.9583333333333333 1.2083333333333333 1.875 1.5208333333333333 2.0  
81 25.57496258193184 2.28125 2.9375 1.8125 2.8125 2.28125 3.0  
369 4.918887340751906 2.28125 2.9375 1.8125 2.8125 2.28125 3.0  
66 3.8866461523703224 2.28125 2.9375 1.8125 2.8125 2.28125 3.0  
373 6.243392990469419 1.5208333333333333 1.9583333333333333 1.2083333333333333 1.875 1.5208333333333333 2.0  
368 26.65482620667315 2.28125 2.9375 1.8125 2.8125 2.28125 3.0  
60 26.16740125551445 1.5208333333333333 1.9583333333333333 1.2083333333333333 1.875 1.5208333333333333 2.0  
349 14.847766587760704 1.5208333333333333 1.9583333333333333 1.2083333333333333 1.875 1.5208333333333333 2.0  
335 40.41423922357902 1.5208333333333333 1.9583333333333333 1.2083333333333333 1.875 1.5208333333333333 2.0  
323 5.384073306668866 1.5208333333333333 1.9583333333333333 1.2083333333333333 1.875 1.5208333333333333 2.0  
251 2.1821531302208395 1.5208333333333333 1.9583333333333333 1.2083333333333333 1.875 1.5208333333333333 2.0  
96 11.877991568127609 1.5208333333333333 1.9583333333333333 1.2083333333333333 1.875 1.5208333333333333 2.0  
333 3.929822315467966 1.5208333333333333 1.9583333333333333 1.2083333333333333 1.875 1.5208333333333333 2.0  
350 9.739685548286769 2.28125 2.9375 1.8125 2.8125 2.28125 3.0  
164 0.9469140429136508 2.28125 2.9375 1.8125 2.8125 2.28125 3.0  
221 1.601473959006854 1.5208333333333333 1.9583333333333333 1.2083333333333333 1.875 1.5208333333333333 2.0  
183 0.551063829787234 1.5208333333333333 1.9583333333333333 1.2083333333333333 1.875 1.5208333333333333 2.0  
377 19.03363999855262 2.28125 2.9375 1.8125 2.8125 2.28125 3.0  
338 7.973560549092464 2.28125 2.9375 1.8125 2.8125 2.28125 3.0  
286 10.145453472569917 2.28125 2.9375 1.8125 2.8125 2.28125 3.0  
47 16.836865003829253 1.5208333333333333 1.9583333333333333 1.2083333333333333 1.875 1.5208333333333333 2.0  
250 7.036552453179194 2.28125 2.9375 1.8125 2.8125 2.28125 3.0  
288 89.0 1.5208333333333333 1.9583333333333333 1.2083333333333333 1.875 1.5208333333333333 2.0  
268 0.7679629629629633 1.5208333333333333 1.9583333333333333 1.2083333333333333 1.875 1.5208333333333333 2.0  
195 21.59160169491525 2.28125 2.9375 1.8125 2.8125 2.28125 3.0  
79 13.08393417993563 2.28125 2.9375 1.8125 2.8125 2.28125 3.0  
298 1.5613636363636367 1.5208333333333333 1.9583333333333333 1.2083333333333333 1.875 1.5208333333333333 2.0  
343 10.518348428313395 2.28125 2.9375 1.8125 2.8125 2.28125 3.0  
292 1.2232733024783717 2.28125 2.9375 1.8125 2.8125 2.28125 3.0  
380 18.210866261398177 1.5208333333333333 1.9583333333333333 1.2083333333333333 1.875 1.5208333333333333 2.0  
135 1.7230963023915895 2.28125 2.9375 1.8125 2.8125 2.28125 3.0  
264 16.04788926884272 1.5208333333333333 1.9583333333333333 1.2083333333333333 1.875 1.5208333333333333 2.0  
71 30.0 2.28125 2.9375 1.8125 2.8125 2.28125 3.0  
217 3.01463367190742 1.5208333333333333 1.9583333333333333 1.2083333333333333 1.875 1.5208333333333333 2.0  
145 52.0 2.28125 2.9375 1.8125 2.8125 2.28125 3.0  
191 5.042108492881987 2.28125 2.9375 1.8125 2.8125 2.28125 3.0  
39 12.984274280033237 2.28125 2.9375 1.8125 2.8125 2.28125 3.0  
252 4.779099751982863 2.28125 2.9375 1.8125 2.8125 2.28125 3.0  
303 21.30358409321175 1.5208333333333333 1.9583333333333333 1.2083333333333333 1.875 1.5208333333333333 2.0  
310 3.979763303528001 1.5208333333333333 1.9583333333333333 1.2083333333333333 1.875 1.5208333333333333 2.0  
156 15.748687847937163 1.5208333333333333 1.9583333333333333 1.2083333333333333 1.875 1.5208333333333333 2.0  
202 27.01711479198767 1.5208333333333333 1.9583333333333333 1.2083333333333333 1.875 1.5208333333333333 2.0  
341 8.328079006678658 1.5208333333333333 1.9583333333333333 1.2083333333333333 1.875 1.5208333333333333 2.0  
381 1.2394788500506584 2.28125 2.9375 1.8125 2.8125 2.28125 3.0  
379 15.794440222897665 1.5208333333333333 1.9583333333333333 1.2083333333333333 1.875 1.5208333333333333 2.0  
371 4.416926383222536 2.28125 2.9375 1.8125 2.8125 2.28125 3.0  
378 68.0 2.28125 2.9375 1.8125 2.8125 2.28125 3.0  
54 17.32334116487446 2.28125 2.9375 1.8125 2.8125 2.28125 3.0  
7 48.81681375778487 2.28125 2.9375 1.8125 2.8125 2.28125 3.0  
129 0.5538880243494296 1.5208333333333333 1.9583333333333333 1.2083333333333333 1.875 1.5208333333333333 2.0  
21 4.0811238339796665 2.28125 2.9375 1.8125 2.8125 2.28125 3.0  
14 2.6877972249619932 1.5208333333333333 1.9583333333333333 1.2083333333333333 1.875 1.5208333333333333 2.0  
87 14.608038036990077 2.28125 2.9375 1.8125 2.8125 2.28125 3.0  
33 11.741660625403048 1.5208333333333333 1.9583333333333333 1.2083333333333333 1.875 1.5208333333333333 2.0  
53 1.8804964714548082 2.28125 2.9375 1.8125 2.8125 2.28125 3.0  
247 38.575082274430095 2.28125 2.9375 1.8125 2.8125 2.28125 3.0  
325 12.357446808510636 2.28125 2.9375 1.8125 2.8125 2.28125 3.0  
311 11.64416804853311 2.28125 2.9375 1.8125 2.8125 2.28125 3.0  
