500 7
TREE NETWORK (nID nID Weight):
1 0 36.0 
2 1 32.0 
3 2 52.0 
362 0 39.0 
80 2 39.0 
192 1 42.0 
93 2 49.0 
193 192 58.0 
194 193 57.0 
196 193 50.0 
103 2 37.0 
305 1 48.0 
197 196 32.0 
137 2 56.0 
206 196 57.0 
265 196 55.0 
363 362 30.0 
104 103 43.0 
404 0 42.0 
138 137 57.0 
4 3 30.0 
335 1 54.0 
207 206 41.0 
208 207 42.0 
105 104 55.0 
5 4 38.0 
25 4 41.0 
106 104 34.0 
306 305 46.0 
444 0 57.0 
405 404 59.0 
33 4 59.0 
288 193 48.0 
39 4 52.0 
336 335 34.0 
122 103 40.0 
43 4 42.0 
417 404 50.0 
337 335 49.0 
341 1 50.0 
70 3 55.0 
163 137 51.0 
450 0 32.0 
237 207 55.0 
454 0 53.0 
44 43 32.0 
364 363 38.0 
238 207 40.0 
71 70 49.0 
455 454 35.0 
310 305 49.0 
406 405 57.0 
424 404 49.0 
430 404 54.0 
123 122 35.0 
128 103 53.0 
6 5 43.0 
323 305 47.0 
342 341 57.0 
307 306 51.0 
52 43 45.0 
107 106 58.0 
266 265 53.0 
139 138 44.0 
484 0 37.0 
365 364 54.0 
311 310 55.0 
178 137 50.0 
74 3 36.0 
156 138 56.0 
281 265 53.0 
34 33 32.0 
456 455 43.0 
209 208 46.0 
94 93 58.0 
285 196 40.0 
188 137 45.0 
384 362 49.0 
239 238 46.0 
267 266 51.0 
343 342 58.0 
457 455 31.0 
461 454 59.0 
212 208 57.0 
108 107 45.0 
268 267 47.0 
198 197 33.0 
494 0 31.0 
249 207 59.0 
54 4 35.0 
164 163 58.0 
346 342 49.0 
213 212 51.0 
159 138 32.0 
418 417 38.0 
302 192 52.0 
462 461 50.0 
308 307 36.0 
195 194 57.0 
324 305 44.0 
274 267 42.0 
366 365 52.0 
240 239 32.0 
241 240 54.0 
269 268 35.0 
200 197 52.0 
112 106 43.0 
367 365 44.0 
246 238 36.0 
16 5 55.0 
379 364 43.0 
55 54 30.0 
214 213 43.0 
101 93 51.0 
210 209 38.0 
201 197 58.0 
312 311 47.0 
286 196 53.0 
72 71 53.0 
95 94 41.0 
219 212 49.0 
392 362 57.0 
175 163 36.0 
231 208 50.0 
60 54 55.0 
56 55 53.0 
81 80 41.0 
451 450 53.0 
40 39 55.0 
325 324 38.0 
394 362 40.0 
35 34 55.0 
485 484 35.0 
326 325 34.0 
495 494 45.0 
7 6 45.0 
408 405 39.0 
140 139 31.0 
142 139 57.0 
132 103 32.0 
385 384 30.0 
202 201 46.0 
76 3 50.0 
179 178 46.0 
129 128 53.0 
496 494 57.0 
242 241 51.0 
42 39 47.0 
180 178 50.0 
85 80 47.0 
282 281 56.0 
82 81 59.0 
96 95 46.0 
380 363 46.0 
97 96 45.0 
37 34 54.0 
165 164 37.0 
250 249 50.0 
275 274 44.0 
331 324 44.0 
303 302 49.0 
220 219 54.0 
17 16 37.0 
492 484 42.0 
445 444 47.0 
431 430 37.0 
395 394 45.0 
116 104 37.0 
447 444 52.0 
355 1 55.0 
313 312 34.0 
478 454 36.0 
86 85 34.0 
409 408 36.0 
160 159 42.0 
10 6 33.0 
370 365 35.0 
436 404 49.0 
386 385 34.0 
437 404 43.0 
91 85 53.0 
186 178 57.0 
19 5 49.0 
359 1 52.0 
144 139 56.0 
347 346 38.0 
230 212 54.0 
470 461 52.0 
232 231 46.0 
258 207 41.0 
314 312 43.0 
327 326 34.0 
371 370 46.0 
251 250 48.0 
149 139 34.0 
463 462 38.0 
396 395 39.0 
400 394 48.0 
143 142 50.0 
124 123 50.0 
247 246 34.0 
166 165 52.0 
486 485 42.0 
464 463 49.0 
181 180 46.0 
68 4 44.0 
438 437 33.0 
473 461 52.0 
387 385 59.0 
83 81 42.0 
263 207 33.0 
289 288 56.0 
150 149 46.0 
425 424 53.0 
465 464 58.0 
133 132 44.0 
340 335 51.0 
401 394 59.0 
433 430 30.0 
233 232 47.0 
480 454 35.0 
435 430 56.0 
474 473 32.0 
75 74 43.0 
20 19 39.0 
493 492 50.0 
41 40 45.0 
452 450 42.0 
187 186 53.0 
151 139 32.0 
77 76 36.0 
113 106 54.0 
373 365 58.0 
332 331 56.0 
309 308 30.0 
466 463 39.0 
333 331 57.0 
26 25 53.0 
270 269 39.0 
290 288 54.0 
67 54 48.0 
189 188 34.0 
117 104 39.0 
221 220 55.0 
446 445 53.0 
11 10 58.0 
45 44 44.0 
217 213 37.0 
127 122 33.0 
18 16 53.0 
182 180 59.0 
252 250 39.0 
183 182 37.0 
403 362 58.0 
291 290 33.0 
320 310 44.0 
334 305 44.0 
245 240 42.0 
203 202 46.0 
318 311 55.0 
479 478 40.0 
374 373 39.0 
458 457 37.0 
319 318 55.0 
155 139 48.0 
27 25 54.0 
78 77 38.0 
488 485 54.0 
410 409 37.0 
256 249 48.0 
259 258 41.0 
169 165 55.0 
235 208 50.0 
283 281 35.0 
481 454 37.0 
46 45 57.0 
439 437 56.0 
170 169 56.0 
315 314 40.0 
397 395 52.0 
257 249 43.0 
21 19 50.0 
299 288 41.0 
338 337 45.0 
448 444 41.0 
375 374 35.0 
222 220 50.0 
354 341 47.0 
344 343 42.0 
389 385 44.0 
190 188 45.0 
295 290 49.0 
398 397 56.0 
348 347 30.0 
28 25 47.0 
471 470 47.0 
487 486 50.0 
145 144 43.0 
92 91 44.0 
100 95 58.0 
350 342 51.0 
215 214 39.0 
419 418 56.0 
118 117 45.0 
152 151 45.0 
467 466 46.0 
109 108 43.0 
368 367 36.0 
468 466 57.0 
428 424 45.0 
224 220 38.0 
79 77 45.0 
491 485 56.0 
225 224 34.0 
61 60 47.0 
328 326 34.0 
121 117 59.0 
191 190 35.0 
153 151 34.0 
296 295 59.0 
141 140 59.0 
223 222 52.0 
24 5 42.0 
162 138 53.0 
356 355 36.0 
260 259 50.0 
114 106 46.0 
292 291 57.0 
253 252 30.0 
8 7 32.0 
298 295 45.0 
62 61 41.0 
381 380 53.0 
489 488 32.0 
134 103 56.0 
119 118 41.0 
227 224 32.0 
184 182 35.0 
460 455 55.0 
377 374 39.0 
304 192 47.0 
411 410 58.0 
63 62 48.0 
98 96 37.0 
376 375 54.0 
276 267 49.0 
9 8 41.0 
300 193 47.0 
390 389 47.0 
420 419 40.0 
36 35 41.0 
87 86 50.0 
176 163 51.0 
412 411 42.0 
432 431 34.0 
272 268 56.0 
497 496 43.0 
271 270 57.0 
110 108 57.0 
382 380 33.0 
125 123 52.0 
243 242 31.0 
349 348 46.0 
161 160 46.0 
277 276 52.0 
177 176 53.0 
360 359 33.0 
154 153 49.0 
413 409 45.0 
57 55 38.0 
146 145 32.0 
321 310 32.0 
414 413 59.0 
204 201 51.0 
459 458 31.0 
88 87 37.0 
475 474 53.0 
372 370 47.0 
130 129 47.0 
449 448 51.0 
171 169 36.0 
482 454 40.0 
345 343 40.0 
416 409 33.0 
15 6 54.0 
498 497 46.0 
199 198 51.0 
12 11 54.0 
441 437 30.0 
361 360 45.0 
254 252 34.0 
59 55 51.0 
22 19 58.0 
47 46 57.0 
248 246 59.0 
339 338 51.0 
50 46 47.0 
58 57 53.0 
499 498 32.0 
351 350 55.0 
236 208 35.0 
415 414 45.0 
216 215 46.0 
51 50 50.0 
329 326 32.0 
261 260 48.0 
102 93 32.0 
297 296 47.0 
211 209 52.0 
29 28 58.0 
278 276 56.0 
422 417 59.0 
262 260 44.0 
383 363 30.0 
84 83 30.0 
407 406 59.0 
120 118 44.0 
48 47 50.0 
279 278 49.0 
472 471 32.0 
172 171 39.0 
135 103 36.0 
483 454 46.0 
13 11 57.0 
357 355 50.0 
476 475 45.0 
426 425 34.0 
402 394 55.0 
99 98 43.0 
69 4 35.0 
316 315 58.0 
14 11 59.0 
490 488 32.0 
358 357 41.0 
173 172 30.0 
157 156 33.0 
226 225 40.0 
322 310 51.0 
434 433 33.0 
391 384 55.0 
378 377 56.0 
301 193 44.0 
399 395 43.0 
469 462 51.0 
393 392 51.0 
32 25 47.0 
477 461 41.0 
167 166 50.0 
353 342 41.0 
147 146 44.0 
440 439 47.0 
115 106 58.0 
30 28 42.0 
64 61 30.0 
234 233 48.0 
255 254 55.0 
66 61 45.0 
228 220 38.0 
423 417 51.0 
229 228 55.0 
89 88 49.0 
174 171 50.0 
148 147 44.0 
330 329 43.0 
287 286 40.0 
131 129 53.0 
90 86 44.0 
280 266 55.0 
38 34 56.0 
273 268 35.0 
442 441 57.0 
427 425 34.0 
168 166 41.0 
65 64 33.0 
126 123 38.0 
136 103 40.0 
293 291 38.0 
205 204 50.0 
31 30 38.0 
53 52 32.0 
388 387 57.0 
317 314 53.0 
369 368 41.0 
429 428 37.0 
421 419 42.0 
294 293 58.0 
284 283 58.0 
218 217 56.0 
158 156 43.0 
352 350 30.0 
73 71 57.0 
185 184 49.0 
453 450 56.0 
49 48 56.0 
264 263 50.0 
111 110 51.0 
443 404 53.0 
23 19 44.0 
244 243 34.0 
PROGRAMS ASSIGNED TO NODES (nID pID1 pID2 ...):
0 1 2 3 4 5 6 7  
395 2 4 5  
51 1 7  
214 1 2 3 5 7  
295 4  
238 1 4  
168 7  
13 2  
369 2 3 4 6 7  
113 6  
489 1 2 3 5 6 7  
213  
333 3 4 5 6 7  
279 1 2 5 6  
199 3 4  
240 1 2 3 5 6 7  
359 3 7  
275  
366 3 5 6  
331 2 4 6 7  
378 1 3 4  
392 1 3 4 6 7  
177 6 7  
318 1 2 4 7  
408 2 3 4 6  
97 3  
324  
19 5  
390 1 3  
265 2 3 4 7  
164 1 2 3 4 7  
314  
305 2 4 5  
12 2 5  
17 5 7  
74 1 4  
90 2 3 5  
254 3 5 6  
245 1 5 7  
396 3 4 5 7  
175 2  
364 3 4  
476 2  
437 2 4 5  
78  
346 1 4  
181 1 2  
83  
120 1 2 3 4 5  
471 5 6 7  
222 2 4 5 6 7  
219 2 3 4 6  
73 3 4 7  
440 2 7  
267  
321 1 4 5 6  
184  
445 1 6  
76 1 3 6 7  
428 3  
456 1 4 5 7  
227  
15 1 4 6  
150 1 4  
398 1 4 6  
438  
409 1 2 3 4 6 7  
416  
405 3  
200 1 4  
465 1 2 4 5 7  
381 2 6  
231 1 2 4 5 6 7  
212 1 2 4 7  
11 1 2 3 4 5 7  
211 1 5  
103 1 2 3 4 5 7  
129 2  
499 2 3 4 5 6 7  
23 1 3  
124 1 2 3 5 6  
189 1 2 3 4 6 7  
299  
249 1 4 6 7  
486 3 5 6  
42 3 4 5 7  
316 1 2 3 4 6 7  
338 2 3 5 6 7  
482 7  
56  
16 2  
7 2 4 5  
118  
41 5 6  
256 1 2 4 6  
264 7  
289  
197 1 3 4 5 6 7  
151  
87 1 2 3 4 5  
464 2 6 7  
429  
497 4  
21 5 7  
467 1 5 7  
431  
178 3 4 7  
119 1 2 3 4 6 7  
394 6 7  
187 1 4 5 6 7  
59  
284 2 3 5 6 7  
433 1 3 4 5 6 7  
493  
411 1 4 5 6 7  
365 2 4 6 7  
281  
38 2  
453  
307  
312 1 2 3 4 5 6  
162  
350  
485 1 2 3 4 5  
308 1 3 4 6 7  
457 2 7  
71 1 3 4 5 6 7  
470 1 2 3 4 5  
208  
466 3 4 5  
68 4  
166 1 2 3 4 5 7  
10 7  
198 3 4  
6 1 2 4 5 6 7  
296 2 5 6  
494  
250 2 3 4  
70 1 2 3 4 6 7  
183  
286 1 2 3 4 5  
380 1 4 6 7  
58  
233  
191 2 3 4 5  
160  
14 1 4  
342  
285 2  
288 2 4 7  
127 3  
273 7  
495 1 2 3 4 5 7  
43 1 2 4 5 6 7  
452 1 2 3 4 6 7  
325 3 4 6  
188 3  
147 1 2 3 4 6 7  
319 1 2 3 4 5 7  
407 1 2 3 5  
371 1 2 3 4 6 7  
367 1 2 4 5 6  
282 5 6 7  
204 2  
287 2 5  
421  
225 1 4 6 7  
217 1 5  
106 2 3  
63 1 2 4 5 6  
376 1 4 5 6  
300  
368 1 3 4 5 6 7  
291 1 2 6  
375 2 7  
349 1 2 3 6 7  
24 5  
221 1 2 3 4 7  
40 1 2 3 5 6 7  
55 1 2 3 4 5  
413 2  
328 2 3 5 6 7  
47 2 4  
447 1 2 3  
182  
111 2 3 4  
362 4 6  
460 2 3 6 7  
414 1 2 3 4 7  
80 3 5  
491 1 2 3 4  
276 1 2 3 4 5  
317 1 3 4 6  
34 1 2 3 5 7  
271 2 6  
66 2 5 6  
192  
235 2 4 5 7  
459 1 2 3 4 6 7  
135 2 3 4 5  
323 1 3 5 6  
230 1 2 5 6 7  
201 1 3 4 5 6 7  
92 1 3 4 5 7  
309 1 3 4 5 6 7  
125 1 5 6  
473  
169 1 5  
403 1 2 5 6  
234 2 3 4 7  
32  
251 1 2 3 6 7  
246 6  
260 1 3 4 5 6 7  
57 2 3 6 7  
382  
152 3 6  
159 1 3 4 5 6 7  
472  
435  
60 1 2 3 4 5 6  
45  
241 1 3  
33 5  
393 6  
22  
400 5 6 7  
337 1 2 3 4 6  
62  
384 1 3 6  
436 2  
44 5 7  
343 1 4 5 6 7  
163 7  
89 1 2 4 5 6 7  
154  
67 1 2 3 4 6 7  
374 1 3 4 5 6 7  
412  
386 1 3 4 5 7  
4  
422 1 3 5  
95  
53 2 6  
210 1 2 3 4 5 7  
326 1 2 4 5 6 7  
419 5 6  
20 1  
263 2 3 5 6 7  
196  
483 2 7  
142 1 2 4 7  
64  
268 7  
9 2 3 7  
112 5  
478 6 7  
149 2 4 7  
37  
353 1 2 3 4 5 6  
134 1 5  
131  
36 1 2 3 4 5 6  
100 2 3 4 6 7  
357 1 2 4 6 7  
253  
110 2 3 7  
345 6  
128 2 3 5 6  
243 1 2 3 4 5 7  
193 3  
28 2 3 5 7  
223 2 3 5 7  
207 1 2 4 5 6  
356 3 5 7  
361  
297 1 3 4 5 6  
425 2 5  
228  
5 1 3 4 6  
427 4 5 6  
194 1 2 3 4 5 7  
399  
292 4  
439 1 4 5 7  
387  
186 1 2 3 4 5 7  
161  
102 4  
157 1 4 7  
3 2 3 7  
226 1 3 5 6 7  
107 3 4 5  
339 6 7  
434 1 3 4 5 6 7  
176 2  
116 1 2 3 4 6 7  
277 1 2 4 7  
132 1 2 4 5  
122  
244 2 4 6 7  
259 2 3 4 5 6  
130  
479  
46 2 3 5 6  
173  
220 6  
121 3 6 7  
69  
450 4 6 7  
410 4 7  
290 2 3 6  
148 2 3  
451  
373 1 2 3 6 7  
487 1 2 3 4 5 7  
185 4  
397 7  
462 1 2 3 5 7  
348 3 5  
306 1 2 5  
443 1 2 3 5 6 7  
84 6  
165 1  
257 3 4  
492 1 2 3 4 7  
35 5  
26 1 6  
352 3 4  
468 4  
242 1 5  
232 3  
174  
430 1 2 3 4 7  
25 1 2 3 6  
98  
322  
454 4  
388  
341 1 2 3 6 7  
344 4 7  
417 3 5  
484 1 6  
247  
136 1 2 3 4 6  
145 2 4 5 7  
248 2 4 6 7  
216 1 3 4 5 6 7  
123 1 2 4 5 6 7  
355 1 3 5 6  
383 1 2 5 6  
65 1 2 3 5  
179  
426 5  
170 1 2 3 5 6 7  
141 1 4 5 6 7  
442 2 3 6  
27 1 2 3 5 7  
109 1 2 4 5 6 7  
239  
272 2 3 4 6  
302 1 5 6  
278 2  
117 1 2 3 5 6 7  
401 2 5 7  
91  
370 1 3 4 5  
269 1 2 3 4 5 6  
195 7  
202  
206 1 3 5  
137 3 4 5  
104 1 5 6  
458 1 6  
283 1 2 3 4 7  
301  
88  
266 4 5  
180 1 3 5  
332 1 2 3 4 5 6  
77 3 5 6  
144 1 3 4 5 6  
96 1 2 3 5 6 7  
358 1 3 4 5 6 7  
108 1 3 6 7  
156 4  
347 1 2 3 5 7  
320  
448 5  
311 2 3 4 6  
61 2  
2  
441  
261 1 2 5 6 7  
298 2  
481  
280 2 4 7  
372 1 3 4 5 6 7  
415 1 2  
418 3 4 7  
475 1 2 4 5 6 7  
303 2  
406 1 2 3 4 5 7  
330 1 3 4 5 6 7  
229 4 5  
140 1 5 6 7  
444 1 4 7  
294 3 4 5 6 7  
48 2 3  
205 2 3 4 5 6  
379 1 2 5 6 7  
101 3 5 6  
75  
81  
334  
133  
215 5  
105 5 6 7  
139  
155 1 5 6 7  
354 3 4  
498  
94 1 3 4 5 6 7  
490 1 2 3 4 5  
224 1 3 6 7  
488 1 2 6 7  
52 3  
477 1 3 4 5 6 7  
209 2 3 5 7  
126 2 3 4 5 6 7  
363  
304  
72 1 2 4 5 6 7  
93 1 2 3 4 6 7  
30 5 6  
313 4  
138 2 6  
496 2 3 4 5 6 7  
172 1  
82 1 3 4 5 7  
255  
351 1 3 5 7  
432 2 3 4 5 7  
420 1 3 5 7  
340 1 2 4 5 7  
18 1 2 3 4 5 7  
86 1 2 3 4 7  
39 2 4  
360  
146 2 3 4 6 7  
153 7  
54  
469 2 3 4 6  
158  
480 1 2 4 5 6 7  
385 2 5 6  
449 1 2 3 4 5 6  
143 2 3 4 5 6 7  
85 1 4 6  
29 1 2 3 4 6 7  
424 1 5  
236 1 5 6  
218 2 3 4 5 6 7  
455 1 3  
167 3 6 7  
446 1 2 3 4 5  
115 2 3 5 6  
377 3 5  
114 2 3 5 6  
270  
310 5  
329 3 4 5 7  
423 1 4 5 7  
461  
293 1 2 3 5 6 7  
402 1 2 3 4 5  
203 1 6  
389 7  
237 1 4 5  
315 2 3 4 5 6 7  
274 2 4  
463 1 2 3 4 5  
190 6 7  
99 1 2 3 6 7  
262 7  
252 1 2 5 6 7  
404 3 4 7  
336 7  
258 1 3 6 7  
79 1 3  
49 1  
335 2  
327 1 3 4 5 6 7  
171 4 6 7  
8 1 2 3 4 5 7  
474 1 4  
31 2  
1 1 2 3 4 5 6  
391 2 3 4 5 6 7  
50 1 2 4 6 7  
SIZE OF PROGRAMS (pID SIZE):
1 80.0 
2 75.0 
3 66.0 
4 75.0 
5 68.0 
6 60.0 
7 67.0 
COST_INSTALL_SERVER_AND_PROGRAMS :
0 2841.25 3.0 2.8125 2.475 2.8125 2.55 2.25 2.5125  
395 8.247593482905984 3.0 2.8125 2.475 2.8125 2.55 2.25 2.5125  
51 23.745792207108565 3.0 2.8125 2.475 2.8125 2.55 2.25 2.5125  
214 74.07120496316493 3.0 2.8125 2.475 2.8125 2.55 2.25 2.5125  
295 29.490221916900307 2.0 1.875 1.65 1.875 1.7 1.5 1.675  
238 22.471584507596432 2.0 1.875 1.65 1.875 1.7 1.5 1.675  
168 1.0678606277264628 2.0 1.875 1.65 1.875 1.7 1.5 1.675  
13 1.5093881477366313 2.0 1.875 1.65 1.875 1.7 1.5 1.675  
369 20.987615458896478 3.0 2.8125 2.475 2.8125 2.55 2.25 2.5125  
113 0.7184454118961643 3.0 2.8125 2.475 2.8125 2.55 2.25 2.5125  
489 17.671549508692365 2.0 1.875 1.65 1.875 1.7 1.5 1.675  
213 28.65152129810211 2.0 1.875 1.65 1.875 1.7 1.5 1.675  
333 10.790345560871877 3.0 2.8125 2.475 2.8125 2.55 2.25 2.5125  
279 25.35110266278787 2.0 1.875 1.65 1.875 1.7 1.5 1.675  
199 8.095111770047623 3.0 2.8125 2.475 2.8125 2.55 2.25 2.5125  
240 76.68886167683358 2.0 1.875 1.65 1.875 1.7 1.5 1.675  
359 0.5480092592592586 3.0 2.8125 2.475 2.8125 2.55 2.25 2.5125  
275 58.0 2.0 1.875 1.65 1.875 1.7 1.5 1.675  
366 14.105453028939872 3.0 2.8125 2.475 2.8125 2.55 2.25 2.5125  
331 7.630028409090911 2.0 1.875 1.65 1.875 1.7 1.5 1.675  
378 20.246593279174945 3.0 2.8125 2.475 2.8125 2.55 2.25 2.5125  
392 2.742280701754385 2.0 1.875 1.65 1.875 1.7 1.5 1.675  
177 9.490186010987204 3.0 2.8125 2.475 2.8125 2.55 2.25 2.5125  
318 7.105401242748184 3.0 2.8125 2.475 2.8125 2.55 2.25 2.5125  
408 13.835009836561747 3.0 2.8125 2.475 2.8125 2.55 2.25 2.5125  
97 5.050145109749755 3.0 2.8125 2.475 2.8125 2.55 2.25 2.5125  
324 3.738295454545455 3.0 2.8125 2.475 2.8125 2.55 2.25 2.5125  
19 11.238524728717401 2.0 1.875 1.65 1.875 1.7 1.5 1.675  
390 11.012716666987181 2.0 1.875 1.65 1.875 1.7 1.5 1.675  
265 19.126898647808133 2.0 1.875 1.65 1.875 1.7 1.5 1.675  
164 31.58713658380019 2.0 1.875 1.65 1.875 1.7 1.5 1.675  
314 11.791383661776301 2.0 1.875 1.65 1.875 1.7 1.5 1.675  
305 5.50670138888889 2.0 1.875 1.65 1.875 1.7 1.5 1.675  
12 2.891837690183536 2.0 1.875 1.65 1.875 1.7 1.5 1.675  
17 1.965822952829532 3.0 2.8125 2.475 2.8125 2.55 2.25 2.5125  
74 1.256063034188034 2.0 1.875 1.65 1.875 1.7 1.5 1.675  
90 8.820751537044167 3.0 2.8125 2.475 2.8125 2.55 2.25 2.5125  
254 30.550153538116856 3.0 2.8125 2.475 2.8125 2.55 2.25 2.5125  
245 4.462570931910565 2.0 1.875 1.65 1.875 1.7 1.5 1.675  
396 10.143589743589747 2.0 1.875 1.65 1.875 1.7 1.5 1.675  
175 3.9046743697478994 3.0 2.8125 2.475 2.8125 2.55 2.25 2.5125  
364 2.9602462887989205 2.0 1.875 1.65 1.875 1.7 1.5 1.675  
476 4.607459687338564 2.0 1.875 1.65 1.875 1.7 1.5 1.675  
437 4.579166320598008 3.0 2.8125 2.475 2.8125 2.55 2.25 2.5125  
78 55.0 2.0 1.875 1.65 1.875 1.7 1.5 1.675  
346 14.208499283924098 3.0 2.8125 2.475 2.8125 2.55 2.25 2.5125  
181 7.631748763515067 2.0 1.875 1.65 1.875 1.7 1.5 1.675  
83 3.883268560707585 2.0 1.875 1.65 1.875 1.7 1.5 1.675  
120 31.100408833780925 3.0 2.8125 2.475 2.8125 2.55 2.25 2.5125  
471 8.507026269145193 2.0 1.875 1.65 1.875 1.7 1.5 1.675  
222 20.566019868510924 2.0 1.875 1.65 1.875 1.7 1.5 1.675  
219 69.91627961511874 2.0 1.875 1.65 1.875 1.7 1.5 1.675  
73 17.130574216927595 3.0 2.8125 2.475 2.8125 2.55 2.25 2.5125  
440 6.662539446918468 2.0 1.875 1.65 1.875 1.7 1.5 1.675  
267 20.70556494013193 2.0 1.875 1.65 1.875 1.7 1.5 1.675  
321 10.65060232426304 2.0 1.875 1.65 1.875 1.7 1.5 1.675  
184 1.0305412631154158 2.0 1.875 1.65 1.875 1.7 1.5 1.675  
445 1.4231120354076685 2.0 1.875 1.65 1.875 1.7 1.5 1.675  
76 12.431198717948718 3.0 2.8125 2.475 2.8125 2.55 2.25 2.5125  
428 1.1460204081632652 3.0 2.8125 2.475 2.8125 2.55 2.25 2.5125  
456 2.887979533630039 3.0 2.8125 2.475 2.8125 2.55 2.25 2.5125  
227 36.0 3.0 2.8125 2.475 2.8125 2.55 2.25 2.5125  
15 3.3256630491827863 2.0 1.875 1.65 1.875 1.7 1.5 1.675  
150 15.544225672060424 3.0 2.8125 2.475 2.8125 2.55 2.25 2.5125  
398 1.8264499389499393 2.0 1.875 1.65 1.875 1.7 1.5 1.675  
438 48.0 2.0 1.875 1.65 1.875 1.7 1.5 1.675  
409 2.7828642567413757 3.0 2.8125 2.475 2.8125 2.55 2.25 2.5125  
416 26.0 2.0 1.875 1.65 1.875 1.7 1.5 1.675  
405 0.7600047921711073 3.0 2.8125 2.475 2.8125 2.55 2.25 2.5125  
200 1.5780464769904423 3.0 2.8125 2.475 2.8125 2.55 2.25 2.5125  
465 3.4595579328803625 2.0 1.875 1.65 1.875 1.7 1.5 1.675  
381 1.006849088155487 2.0 1.875 1.65 1.875 1.7 1.5 1.675  
231 6.730250335503747 3.0 2.8125 2.475 2.8125 2.55 2.25 2.5125  
212 31.395855760309463 3.0 2.8125 2.475 2.8125 2.55 2.25 2.5125  
11 41.851282510994 2.0 1.875 1.65 1.875 1.7 1.5 1.675  
211 2.339024677279402 3.0 2.8125 2.475 2.8125 2.55 2.25 2.5125  
103 20.26434778528529 3.0 2.8125 2.475 2.8125 2.55 2.25 2.5125  
129 0.6471799039605645 3.0 2.8125 2.475 2.8125 2.55 2.25 2.5125  
499 27.88460514069143 2.0 1.875 1.65 1.875 1.7 1.5 1.675  
23 9.872327160795207 2.0 1.875 1.65 1.875 1.7 1.5 1.675  
124 18.46955736093236 3.0 2.8125 2.475 2.8125 2.55 2.25 2.5125  
189 3.8500997899159675 3.0 2.8125 2.475 2.8125 2.55 2.25 2.5125  
299 64.0 3.0 2.8125 2.475 2.8125 2.55 2.25 2.5125  
249 45.996951903436404 3.0 2.8125 2.475 2.8125 2.55 2.25 2.5125  
486 22.707170205920207 2.0 1.875 1.65 1.875 1.7 1.5 1.675  
42 10.523817512274963 2.0 1.875 1.65 1.875 1.7 1.5 1.675  
316 24.306316033912083 2.0 1.875 1.65 1.875 1.7 1.5 1.675  
338 16.467513227513223 2.0 1.875 1.65 1.875 1.7 1.5 1.675  
482 0.25599056603773584 3.0 2.8125 2.475 2.8125 2.55 2.25 2.5125  
56 25.0 3.0 2.8125 2.475 2.8125 2.55 2.25 2.5125  
16 21.792691026079186 2.0 1.875 1.65 1.875 1.7 1.5 1.675  
7 16.57845811140104 2.0 1.875 1.65 1.875 1.7 1.5 1.675  
118 35.25592110670599 3.0 2.8125 2.475 2.8125 2.55 2.25 2.5125  
41 1.8717016317016322 2.0 1.875 1.65 1.875 1.7 1.5 1.675  
256 12.488438518267564 2.0 1.875 1.65 1.875 1.7 1.5 1.675  
264 5.771345753039988 3.0 2.8125 2.475 2.8125 2.55 2.25 2.5125  
289 50.0 2.0 1.875 1.65 1.875 1.7 1.5 1.675  
197 33.845633432539685 2.0 1.875 1.65 1.875 1.7 1.5 1.675  
151 7.491703880914407 3.0 2.8125 2.475 2.8125 2.55 2.25 2.5125  
87 20.253753610950653 3.0 2.8125 2.475 2.8125 2.55 2.25 2.5125  
464 12.711190243798669 2.0 1.875 1.65 1.875 1.7 1.5 1.675  
429 57.0 2.0 1.875 1.65 1.875 1.7 1.5 1.675  
497 18.90522763679641 2.0 1.875 1.65 1.875 1.7 1.5 1.675  
21 2.069763746591754 2.0 1.875 1.65 1.875 1.7 1.5 1.675  
467 16.815379883835558 3.0 2.8125 2.475 2.8125 2.55 2.25 2.5125  
431 2.981634491634493 3.0 2.8125 2.475 2.8125 2.55 2.25 2.5125  
178 28.42904613095239 3.0 2.8125 2.475 2.8125 2.55 2.25 2.5125  
119 49.621853840624055 3.0 2.8125 2.475 2.8125 2.55 2.25 2.5125  
394 1.2589743589743594 2.0 1.875 1.65 1.875 1.7 1.5 1.675  
187 29.059615791312662 2.0 1.875 1.65 1.875 1.7 1.5 1.675  
59 20.0 2.0 1.875 1.65 1.875 1.7 1.5 1.675  
284 27.05295226829125 3.0 2.8125 2.475 2.8125 2.55 2.25 2.5125  
433 2.1075132275132273 2.0 1.875 1.65 1.875 1.7 1.5 1.675  
493 92.0 3.0 2.8125 2.475 2.8125 2.55 2.25 2.5125  
411 30.441312772332637 2.0 1.875 1.65 1.875 1.7 1.5 1.675  
365 19.534533288349078 3.0 2.8125 2.475 2.8125 2.55 2.25 2.5125  
281 9.763606348068002 3.0 2.8125 2.475 2.8125 2.55 2.25 2.5125  
38 6.306667908362823 3.0 2.8125 2.475 2.8125 2.55 2.25 2.5125  
453 79.0 3.0 2.8125 2.475 2.8125 2.55 2.25 2.5125  
307 20.88731051841026 3.0 2.8125 2.475 2.8125 2.55 2.25 2.5125  
312 4.09875449567319 2.0 1.875 1.65 1.875 1.7 1.5 1.675  
162 94.0 3.0 2.8125 2.475 2.8125 2.55 2.25 2.5125  
350 16.35675289531017 2.0 1.875 1.65 1.875 1.7 1.5 1.675  
485 12.770265444015443 2.0 1.875 1.65 1.875 1.7 1.5 1.675  
308 9.368971704623878 2.0 1.875 1.65 1.875 1.7 1.5 1.675  
457 2.3137007651508554 2.0 1.875 1.65 1.875 1.7 1.5 1.675  
71 13.636044615107117 3.0 2.8125 2.475 2.8125 2.55 2.25 2.5125  
470 7.323593653907652 3.0 2.8125 2.475 2.8125 2.55 2.25 2.5125  
208 56.045440771161516 3.0 2.8125 2.475 2.8125 2.55 2.25 2.5125  
466 2.5017505617996925 3.0 2.8125 2.475 2.8125 2.55 2.25 2.5125  
68 0.7261436480186481 3.0 2.8125 2.475 2.8125 2.55 2.25 2.5125  
166 64.62401616069307 2.0 1.875 1.65 1.875 1.7 1.5 1.675  
10 44.55570965083128 3.0 2.8125 2.475 2.8125 2.55 2.25 2.5125  
198 12.20251298079315 3.0 2.8125 2.475 2.8125 2.55 2.25 2.5125  
6 6.6856270530604975 2.0 1.875 1.65 1.875 1.7 1.5 1.675  
296 19.71310414689379 2.0 1.875 1.65 1.875 1.7 1.5 1.675  
494 1.6927620967741939 2.0 1.875 1.65 1.875 1.7 1.5 1.675  
250 7.007156106286634 2.0 1.875 1.65 1.875 1.7 1.5 1.675  
70 6.511436844405595 3.0 2.8125 2.475 2.8125 2.55 2.25 2.5125  
183 66.0 3.0 2.8125 2.475 2.8125 2.55 2.25 2.5125  
286 3.0101564375045182 2.0 1.875 1.65 1.875 1.7 1.5 1.675  
380 14.39873467112598 3.0 2.8125 2.475 2.8125 2.55 2.25 2.5125  
58 52.0 3.0 2.8125 2.475 2.8125 2.55 2.25 2.5125  
233 27.25120687300467 2.0 1.875 1.65 1.875 1.7 1.5 1.675  
191 3.54718253968254 2.0 1.875 1.65 1.875 1.7 1.5 1.675  
160 77.0 2.0 1.875 1.65 1.875 1.7 1.5 1.675  
14 12.6378815846158 3.0 2.8125 2.475 2.8125 2.55 2.25 2.5125  
342 19.302975877192985 2.0 1.875 1.65 1.875 1.7 1.5 1.675  
285 0.6662151067323482 2.0 1.875 1.65 1.875 1.7 1.5 1.675  
288 18.56837301587302 3.0 2.8125 2.475 2.8125 2.55 2.25 2.5125  
127 4.60777027027027 2.0 1.875 1.65 1.875 1.7 1.5 1.675  
273 1.0574897501095764 3.0 2.8125 2.475 2.8125 2.55 2.25 2.5125  
495 0.731850358422939 3.0 2.8125 2.475 2.8125 2.55 2.25 2.5125  
43 18.972481303418803 2.0 1.875 1.65 1.875 1.7 1.5 1.675  
452 8.537334183673467 2.0 1.875 1.65 1.875 1.7 1.5 1.675  
325 21.403919457735253 2.0 1.875 1.65 1.875 1.7 1.5 1.675  
188 21.930602678571436 3.0 2.8125 2.475 2.8125 2.55 2.25 2.5125  
147 7.920517751832012 2.0 1.875 1.65 1.875 1.7 1.5 1.675  
319 3.7093898165326737 3.0 2.8125 2.475 2.8125 2.55 2.25 2.5125  
407 5.4551189945202 3.0 2.8125 2.475 2.8125 2.55 2.25 2.5125  
371 28.869214367140973 2.0 1.875 1.65 1.875 1.7 1.5 1.675  
367 4.37166463896727 3.0 2.8125 2.475 2.8125 2.55 2.25 2.5125  
282 13.892061276394392 2.0 1.875 1.65 1.875 1.7 1.5 1.675  
204 4.108319875076467 3.0 2.8125 2.475 2.8125 2.55 2.25 2.5125  
287 11.807137841531466 2.0 1.875 1.65 1.875 1.7 1.5 1.675  
421 70.0 3.0 2.8125 2.475 2.8125 2.55 2.25 2.5125  
225 91.28892423856244 3.0 2.8125 2.475 2.8125 2.55 2.25 2.5125  
217 53.39655581605149 3.0 2.8125 2.475 2.8125 2.55 2.25 2.5125  
106 26.522902883432344 2.0 1.875 1.65 1.875 1.7 1.5 1.675  
63 54.85087336074427 2.0 1.875 1.65 1.875 1.7 1.5 1.675  
376 14.329508513768952 2.0 1.875 1.65 1.875 1.7 1.5 1.675  
300 73.0 2.0 1.875 1.65 1.875 1.7 1.5 1.675  
368 46.03245057695714 2.0 1.875 1.65 1.875 1.7 1.5 1.675  
291 42.14549003997282 3.0 2.8125 2.475 2.8125 2.55 2.25 2.5125  
375 47.6756653479252 3.0 2.8125 2.475 2.8125 2.55 2.25 2.5125  
349 4.510708276903439 3.0 2.8125 2.475 2.8125 2.55 2.25 2.5125  
24 5.578061499903606 2.0 1.875 1.65 1.875 1.7 1.5 1.675  
221 41.757632662847804 3.0 2.8125 2.475 2.8125 2.55 2.25 2.5125  
40 42.00562770562771 2.0 1.875 1.65 1.875 1.7 1.5 1.675  
55 65.10499255952382 3.0 2.8125 2.475 2.8125 2.55 2.25 2.5125  
413 7.63749115291488 3.0 2.8125 2.475 2.8125 2.55 2.25 2.5125  
328 41.23140757419396 2.0 1.875 1.65 1.875 1.7 1.5 1.675  
47 41.32943728785833 2.0 1.875 1.65 1.875 1.7 1.5 1.675  
447 0.260219298245614 2.0 1.875 1.65 1.875 1.7 1.5 1.675  
182 0.8162555488297015 2.0 1.875 1.65 1.875 1.7 1.5 1.675  
111 34.945999476980894 2.0 1.875 1.65 1.875 1.7 1.5 1.675  
362 70.0 3.0 2.8125 2.475 2.8125 2.55 2.25 2.5125  
460 5.443236951727519 2.0 1.875 1.65 1.875 1.7 1.5 1.675  
414 23.59838051778729 2.0 1.875 1.65 1.875 1.7 1.5 1.675  
80 17.57842948717949 2.0 1.875 1.65 1.875 1.7 1.5 1.675  
491 1.4342857142857144 2.0 1.875 1.65 1.875 1.7 1.5 1.675  
276 45.70520722292635 3.0 2.8125 2.475 2.8125 2.55 2.25 2.5125  
317 17.647000463251263 2.0 1.875 1.65 1.875 1.7 1.5 1.675  
34 6.618239714616833 2.0 1.875 1.65 1.875 1.7 1.5 1.675  
271 20.805484752357394 3.0 2.8125 2.475 2.8125 2.55 2.25 2.5125  
66 11.676637296657244 3.0 2.8125 2.475 2.8125 2.55 2.25 2.5125  
192 1.5562946428571434 3.0 2.8125 2.475 2.8125 2.55 2.25 2.5125  
235 38.36529706836477 2.0 1.875 1.65 1.875 1.7 1.5 1.675  
459 16.55759624435881 3.0 2.8125 2.475 2.8125 2.55 2.25 2.5125  
135 12.614226726726724 2.0 1.875 1.65 1.875 1.7 1.5 1.675  
323 7.9868085106383 3.0 2.8125 2.475 2.8125 2.55 2.25 2.5125  
230 50.02399756594865 3.0 2.8125 2.475 2.8125 2.55 2.25 2.5125  
201 46.876777127805155 2.0 1.875 1.65 1.875 1.7 1.5 1.675  
92 26.174671395110984 2.0 1.875 1.65 1.875 1.7 1.5 1.675  
309 18.222988673730356 3.0 2.8125 2.475 2.8125 2.55 2.25 2.5125  
125 21.455918060918055 3.0 2.8125 2.475 2.8125 2.55 2.25 2.5125  
473 5.00740328387634 3.0 2.8125 2.475 2.8125 2.55 2.25 2.5125  
169 39.4596043506363 2.0 1.875 1.65 1.875 1.7 1.5 1.675  
403 0.7616103006189201 3.0 2.8125 2.475 2.8125 2.55 2.25 2.5125  
234 30.199123539671334 2.0 1.875 1.65 1.875 1.7 1.5 1.675  
32 25.0 3.0 2.8125 2.475 2.8125 2.55 2.25 2.5125  
251 49.05950380153223 3.0 2.8125 2.475 2.8125 2.55 2.25 2.5125  
246 36.40791216318763 3.0 2.8125 2.475 2.8125 2.55 2.25 2.5125  
260 40.70785467145927 2.0 1.875 1.65 1.875 1.7 1.5 1.675  
57 13.04991951031425 3.0 2.8125 2.475 2.8125 2.55 2.25 2.5125  
382 103.0 3.0 2.8125 2.475 2.8125 2.55 2.25 2.5125  
152 1.834916267942584 2.0 1.875 1.65 1.875 1.7 1.5 1.675  
159 24.629593030194545 3.0 2.8125 2.475 2.8125 2.55 2.25 2.5125  
472 38.0 3.0 2.8125 2.475 2.8125 2.55 2.25 2.5125  
435 24.0 2.0 1.875 1.65 1.875 1.7 1.5 1.675  
60 5.653833388833391 2.0 1.875 1.65 1.875 1.7 1.5 1.675  
45 44.743458208458215 3.0 2.8125 2.475 2.8125 2.55 2.25 2.5125  
241 20.964888630142223 3.0 2.8125 2.475 2.8125 2.55 2.25 2.5125  
33 21.23304489442996 3.0 2.8125 2.475 2.8125 2.55 2.25 2.5125  
393 1.3605382233865204 2.0 1.875 1.65 1.875 1.7 1.5 1.675  
22 13.0 2.0 1.875 1.65 1.875 1.7 1.5 1.675  
400 3.9749999999999996 3.0 2.8125 2.475 2.8125 2.55 2.25 2.5125  
337 10.396057492441424 3.0 2.8125 2.475 2.8125 2.55 2.25 2.5125  
62 35.766770456234646 3.0 2.8125 2.475 2.8125 2.55 2.25 2.5125  
384 0.9444716444270029 3.0 2.8125 2.475 2.8125 2.55 2.25 2.5125  
436 0.1441326530612245 2.0 1.875 1.65 1.875 1.7 1.5 1.675  
44 38.04800366300367 3.0 2.8125 2.475 2.8125 2.55 2.25 2.5125  
343 4.205881562142904 3.0 2.8125 2.475 2.8125 2.55 2.25 2.5125  
163 13.758587330765643 3.0 2.8125 2.475 2.8125 2.55 2.25 2.5125  
89 18.35071084026115 2.0 1.875 1.65 1.875 1.7 1.5 1.675  
154 92.0 3.0 2.8125 2.475 2.8125 2.55 2.25 2.5125  
67 22.18882358712716 2.0 1.875 1.65 1.875 1.7 1.5 1.675  
374 25.46608774805972 3.0 2.8125 2.475 2.8125 2.55 2.25 2.5125  
412 108.0 3.0 2.8125 2.475 2.8125 2.55 2.25 2.5125  
386 2.5380766152614886 3.0 2.8125 2.475 2.8125 2.55 2.25 2.5125  
4 35.46963541666668 3.0 2.8125 2.475 2.8125 2.55 2.25 2.5125  
422 4.230753228410009 3.0 2.8125 2.475 2.8125 2.55 2.25 2.5125  
95 22.405357673574755 2.0 1.875 1.65 1.875 1.7 1.5 1.675  
53 2.2122939560439563 2.0 1.875 1.65 1.875 1.7 1.5 1.675  
210 47.78546087118497 3.0 2.8125 2.475 2.8125 2.55 2.25 2.5125  
326 48.86151617764332 2.0 1.875 1.65 1.875 1.7 1.5 1.675  
419 2.1477017543859644 2.0 1.875 1.65 1.875 1.7 1.5 1.675  
20 1.1716548697751705 3.0 2.8125 2.475 2.8125 2.55 2.25 2.5125  
263 38.750239506302016 3.0 2.8125 2.475 2.8125 2.55 2.25 2.5125  
196 18.271727182539685 3.0 2.8125 2.475 2.8125 2.55 2.25 2.5125  
483 0.1911874487284656 3.0 2.8125 2.475 2.8125 2.55 2.25 2.5125  
142 22.669449630230886 3.0 2.8125 2.475 2.8125 2.55 2.25 2.5125  
64 38.02330786382648 2.0 1.875 1.65 1.875 1.7 1.5 1.675  
268 24.361947918855332 2.0 1.875 1.65 1.875 1.7 1.5 1.675  
9 25.150438546735533 3.0 2.8125 2.475 2.8125 2.55 2.25 2.5125  
112 5.078710454640686 3.0 2.8125 2.475 2.8125 2.55 2.25 2.5125  
478 2.107569881201956 2.0 1.875 1.65 1.875 1.7 1.5 1.675  
149 25.273949303405583 2.0 1.875 1.65 1.875 1.7 1.5 1.675  
37 87.0 3.0 2.8125 2.475 2.8125 2.55 2.25 2.5125  
353 5.376332008883998 3.0 2.8125 2.475 2.8125 2.55 2.25 2.5125  
134 5.060886243386244 2.0 1.875 1.65 1.875 1.7 1.5 1.675  
131 44.0 3.0 2.8125 2.475 2.8125 2.55 2.25 2.5125  
36 26.962181588564384 3.0 2.8125 2.475 2.8125 2.55 2.25 2.5125  
100 23.31898058592655 2.0 1.875 1.65 1.875 1.7 1.5 1.675  
357 17.094487373737373 2.0 1.875 1.65 1.875 1.7 1.5 1.675  
253 14.0 3.0 2.8125 2.475 2.8125 2.55 2.25 2.5125  
110 31.345332224345935 3.0 2.8125 2.475 2.8125 2.55 2.25 2.5125  
345 2.522268602540835 3.0 2.8125 2.475 2.8125 2.55 2.25 2.5125  
128 9.06835709530285 3.0 2.8125 2.475 2.8125 2.55 2.25 2.5125  
243 100.84692693967709 3.0 2.8125 2.475 2.8125 2.55 2.25 2.5125  
193 14.997822762725784 3.0 2.8125 2.475 2.8125 2.55 2.25 2.5125  
28 38.96341890875946 2.0 1.875 1.65 1.875 1.7 1.5 1.675  
223 52.852966940336266 3.0 2.8125 2.475 2.8125 2.55 2.25 2.5125  
207 4.579202716456126 3.0 2.8125 2.475 2.8125 2.55 2.25 2.5125  
356 5.877727272727273 2.0 1.875 1.65 1.875 1.7 1.5 1.675  
361 94.0 3.0 2.8125 2.475 2.8125 2.55 2.25 2.5125  
297 21.447071126584344 2.0 1.875 1.65 1.875 1.7 1.5 1.675  
425 6.40152002310358 3.0 2.8125 2.475 2.8125 2.55 2.25 2.5125  
228 13.159157006947037 2.0 1.875 1.65 1.875 1.7 1.5 1.675  
5 35.74262026259561 3.0 2.8125 2.475 2.8125 2.55 2.25 2.5125  
427 6.698680434437927 3.0 2.8125 2.475 2.8125 2.55 2.25 2.5125  
194 6.423951494088258 2.0 1.875 1.65 1.875 1.7 1.5 1.675  
399 44.0 2.0 1.875 1.65 1.875 1.7 1.5 1.675  
292 5.896234021574313 2.0 1.875 1.65 1.875 1.7 1.5 1.675  
439 1.4571705426356587 2.0 1.875 1.65 1.875 1.7 1.5 1.675  
387 39.0 3.0 2.8125 2.475 2.8125 2.55 2.25 2.5125  
186 3.777203111946534 3.0 2.8125 2.475 2.8125 2.55 2.25 2.5125  
161 73.0 3.0 2.8125 2.475 2.8125 2.55 2.25 2.5125  
102 0.6426445578231293 2.0 1.875 1.65 1.875 1.7 1.5 1.675  
157 19.83028551492367 3.0 2.8125 2.475 2.8125 2.55 2.25 2.5125  
3 25.496197916666667 2.0 1.875 1.65 1.875 1.7 1.5 1.675  
226 52.023724632056954 3.0 2.8125 2.475 2.8125 2.55 2.25 2.5125  
107 5.81657075222895 3.0 2.8125 2.475 2.8125 2.55 2.25 2.5125  
339 6.916394909815775 3.0 2.8125 2.475 2.8125 2.55 2.25 2.5125  
434 17.802916237201956 2.0 1.875 1.65 1.875 1.7 1.5 1.675  
176 9.526393557422967 3.0 2.8125 2.475 2.8125 2.55 2.25 2.5125  
116 28.0713033693993 3.0 2.8125 2.475 2.8125 2.55 2.25 2.5125  
277 30.69127892222402 3.0 2.8125 2.475 2.8125 2.55 2.25 2.5125  
132 7.134549549549549 3.0 2.8125 2.475 2.8125 2.55 2.25 2.5125  
122 20.070131850600603 2.0 1.875 1.65 1.875 1.7 1.5 1.675  
244 39.271412648005935 2.0 1.875 1.65 1.875 1.7 1.5 1.675  
259 67.99966550983748 3.0 2.8125 2.475 2.8125 2.55 2.25 2.5125  
130 25.0 2.0 1.875 1.65 1.875 1.7 1.5 1.675  
479 52.0 2.0 1.875 1.65 1.875 1.7 1.5 1.675  
46 8.932396543514965 2.0 1.875 1.65 1.875 1.7 1.5 1.675  
173 108.0 3.0 2.8125 2.475 2.8125 2.55 2.25 2.5125  
220 8.520953919861464 3.0 2.8125 2.475 2.8125 2.55 2.25 2.5125  
121 14.695112285847898 2.0 1.875 1.65 1.875 1.7 1.5 1.675  
69 106.0 2.0 1.875 1.65 1.875 1.7 1.5 1.675  
450 0.6420535714285711 2.0 1.875 1.65 1.875 1.7 1.5 1.675  
410 3.3671577379204503 2.0 1.875 1.65 1.875 1.7 1.5 1.675  
290 29.4985203430031 3.0 2.8125 2.475 2.8125 2.55 2.25 2.5125  
148 12.065634227393712 3.0 2.8125 2.475 2.8125 2.55 2.25 2.5125  
451 76.0 2.0 1.875 1.65 1.875 1.7 1.5 1.675  
373 45.981558403912075 2.0 1.875 1.65 1.875 1.7 1.5 1.675  
487 2.668233912483913 3.0 2.8125 2.475 2.8125 2.55 2.25 2.5125  
185 1.1836024876052116 2.0 1.875 1.65 1.875 1.7 1.5 1.675  
397 10.776858974358978 3.0 2.8125 2.475 2.8125 2.55 2.25 2.5125  
462 3.147789694595458 3.0 2.8125 2.475 2.8125 2.55 2.25 2.5125  
348 42.954305082433976 3.0 2.8125 2.475 2.8125 2.55 2.25 2.5125  
306 5.010067934782609 2.0 1.875 1.65 1.875 1.7 1.5 1.675  
443 4.937563855730969 2.0 1.875 1.65 1.875 1.7 1.5 1.675  
84 5.083268560707585 2.0 1.875 1.65 1.875 1.7 1.5 1.675  
165 5.683873452378779 2.0 1.875 1.65 1.875 1.7 1.5 1.675  
257 8.918629582743748 2.0 1.875 1.65 1.875 1.7 1.5 1.675  
492 0.48411679536679525 3.0 2.8125 2.475 2.8125 2.55 2.25 2.5125  
35 6.486048885201427 2.0 1.875 1.65 1.875 1.7 1.5 1.675  
26 13.937238568261344 2.0 1.875 1.65 1.875 1.7 1.5 1.675  
352 1.3150056759545925 2.0 1.875 1.65 1.875 1.7 1.5 1.675  
468 0.7523831387588058 2.0 1.875 1.65 1.875 1.7 1.5 1.675  
242 51.74756104598652 2.0 1.875 1.65 1.875 1.7 1.5 1.675  
232 31.46054600518526 3.0 2.8125 2.475 2.8125 2.55 2.25 2.5125  
174 75.0 2.0 1.875 1.65 1.875 1.7 1.5 1.675  
430 4.0413326719576705 2.0 1.875 1.65 1.875 1.7 1.5 1.675  
25 32.695333802376496 2.0 1.875 1.65 1.875 1.7 1.5 1.675  
98 19.955925235025752 3.0 2.8125 2.475 2.8125 2.55 2.25 2.5125  
322 106.0 2.0 1.875 1.65 1.875 1.7 1.5 1.675  
454 3.717240566037736 3.0 2.8125 2.475 2.8125 2.55 2.25 2.5125  
388 50.0 3.0 2.8125 2.475 2.8125 2.55 2.25 2.5125  
341 4.289430555555557 3.0 2.8125 2.475 2.8125 2.55 2.25 2.5125  
344 0.977990075764123 3.0 2.8125 2.475 2.8125 2.55 2.25 2.5125  
417 1.7623401360544235 3.0 2.8125 2.475 2.8125 2.55 2.25 2.5125  
484 0.2239358108108107 2.0 1.875 1.65 1.875 1.7 1.5 1.675  
247 105.0 2.0 1.875 1.65 1.875 1.7 1.5 1.675  
136 15.711306306306305 3.0 2.8125 2.475 2.8125 2.55 2.25 2.5125  
145 39.26105029354569 2.0 1.875 1.65 1.875 1.7 1.5 1.675  
248 34.027455693778705 2.0 1.875 1.65 1.875 1.7 1.5 1.675  
216 9.874175212695306 2.0 1.875 1.65 1.875 1.7 1.5 1.675  
123 17.550393205705713 3.0 2.8125 2.475 2.8125 2.55 2.25 2.5125  
355 2.4921969696969724 3.0 2.8125 2.475 2.8125 2.55 2.25 2.5125  
383 13.959519230769233 3.0 2.8125 2.475 2.8125 2.55 2.25 2.5125  
65 56.768928292452216 2.0 1.875 1.65 1.875 1.7 1.5 1.675  
179 20.0 2.0 1.875 1.65 1.875 1.7 1.5 1.675  
426 0.3739821589012963 3.0 2.8125 2.475 2.8125 2.55 2.25 2.5125  
170 55.46533221958896 3.0 2.8125 2.475 2.8125 2.55 2.25 2.5125  
141 21.440095960589076 2.0 1.875 1.65 1.875 1.7 1.5 1.675  
442 4.252132037943697 3.0 2.8125 2.475 2.8125 2.55 2.25 2.5125  
27 43.02874690199895 2.0 1.875 1.65 1.875 1.7 1.5 1.675  
109 26.874744899341433 3.0 2.8125 2.475 2.8125 2.55 2.25 2.5125  
239 24.059329072813835 3.0 2.8125 2.475 2.8125 2.55 2.25 2.5125  
272 39.64960932815633 2.0 1.875 1.65 1.875 1.7 1.5 1.675  
302 1.2966514041514043 2.0 1.875 1.65 1.875 1.7 1.5 1.675  
278 20.694597560747056 3.0 2.8125 2.475 2.8125 2.55 2.25 2.5125  
117 52.636600965063906 2.0 1.875 1.65 1.875 1.7 1.5 1.675  
401 5.371096805736636 3.0 2.8125 2.475 2.8125 2.55 2.25 2.5125  
91 23.830716479611507 3.0 2.8125 2.475 2.8125 2.55 2.25 2.5125  
370 5.2723626909153225 2.0 1.875 1.65 1.875 1.7 1.5 1.675  
269 7.22217394099195 2.0 1.875 1.65 1.875 1.7 1.5 1.675  
195 0.44498988131247663 3.0 2.8125 2.475 2.8125 2.55 2.25 2.5125  
202 13.047353128991057 3.0 2.8125 2.475 2.8125 2.55 2.25 2.5125  
206 13.983871092962293 2.0 1.875 1.65 1.875 1.7 1.5 1.675  
137 14.02004712301587 3.0 2.8125 2.475 2.8125 2.55 2.25 2.5125  
104 4.139651381032196 2.0 1.875 1.65 1.875 1.7 1.5 1.675  
458 3.456944008394099 2.0 1.875 1.65 1.875 1.7 1.5 1.675  
283 41.63122362948896 3.0 2.8125 2.475 2.8125 2.55 2.25 2.5125  
301 11.0 2.0 1.875 1.65 1.875 1.7 1.5 1.675  
88 23.750658436230236 3.0 2.8125 2.475 2.8125 2.55 2.25 2.5125  
266 15.18783209699467 3.0 2.8125 2.475 2.8125 2.55 2.25 2.5125  
180 26.96970370370371 3.0 2.8125 2.475 2.8125 2.55 2.25 2.5125  
332 7.663421974850546 3.0 2.8125 2.475 2.8125 2.55 2.25 2.5125  
77 21.833057692307687 3.0 2.8125 2.475 2.8125 2.55 2.25 2.5125  
144 18.905767709994684 2.0 1.875 1.65 1.875 1.7 1.5 1.675  
96 10.638984926461132 3.0 2.8125 2.475 2.8125 2.55 2.25 2.5125  
358 2.718553338260655 2.0 1.875 1.65 1.875 1.7 1.5 1.675  
108 54.53038100921544 2.0 1.875 1.65 1.875 1.7 1.5 1.675  
156 11.626484962406012 2.0 1.875 1.65 1.875 1.7 1.5 1.675  
347 25.251786200194374 3.0 2.8125 2.475 2.8125 2.55 2.25 2.5125  
320 64.0 2.0 1.875 1.65 1.875 1.7 1.5 1.675  
448 0.7251659636897126 3.0 2.8125 2.475 2.8125 2.55 2.25 2.5125  
311 18.32444186765615 2.0 1.875 1.65 1.875 1.7 1.5 1.675  
61 31.851508398727244 3.0 2.8125 2.475 2.8125 2.55 2.25 2.5125  
2 6.342083333333332 3.0 2.8125 2.475 2.8125 2.55 2.25 2.5125  
441 6.68107973421927 2.0 1.875 1.65 1.875 1.7 1.5 1.675  
261 41.02908717335813 2.0 1.875 1.65 1.875 1.7 1.5 1.675  
298 5.098991320666197 3.0 2.8125 2.475 2.8125 2.55 2.25 2.5125  
481 85.0 2.0 1.875 1.65 1.875 1.7 1.5 1.675  
280 13.87414348100392 3.0 2.8125 2.475 2.8125 2.55 2.25 2.5125  
372 4.83211835735912 3.0 2.8125 2.475 2.8125 2.55 2.25 2.5125  
415 14.030779621351652 3.0 2.8125 2.475 2.8125 2.55 2.25 2.5125  
418 7.173840315073399 3.0 2.8125 2.475 2.8125 2.55 2.25 2.5125  
475 27.74308283357992 2.0 1.875 1.65 1.875 1.7 1.5 1.675  
303 2.980180533751963 2.0 1.875 1.65 1.875 1.7 1.5 1.675  
406 11.687762884814942 2.0 1.875 1.65 1.875 1.7 1.5 1.675  
330 23.117341687760007 3.0 2.8125 2.475 2.8125 2.55 2.25 2.5125  
229 3.1179785400647013 3.0 2.8125 2.475 2.8125 2.55 2.25 2.5125  
140 4.354494113460583 2.0 1.875 1.65 1.875 1.7 1.5 1.675  
444 63.0 2.0 1.875 1.65 1.875 1.7 1.5 1.675  
294 29.13941153825002 3.0 2.8125 2.475 2.8125 2.55 2.25 2.5125  
48 16.008850744284956 3.0 2.8125 2.475 2.8125 2.55 2.25 2.5125  
205 22.647386125331362 2.0 1.875 1.65 1.875 1.7 1.5 1.675  
379 7.797623157476278 2.0 1.875 1.65 1.875 1.7 1.5 1.675  
101 5.027572945845004 2.0 1.875 1.65 1.875 1.7 1.5 1.675  
75 72.0 2.0 1.875 1.65 1.875 1.7 1.5 1.675  
81 11.482160278745646 3.0 2.8125 2.475 2.8125 2.55 2.25 2.5125  
334 62.0 2.0 1.875 1.65 1.875 1.7 1.5 1.675  
133 90.0 3.0 2.8125 2.475 2.8125 2.55 2.25 2.5125  
215 21.78386651033456 2.0 1.875 1.65 1.875 1.7 1.5 1.675  
105 10.52911512199303 3.0 2.8125 2.475 2.8125 2.55 2.25 2.5125  
139 8.800002456425155 3.0 2.8125 2.475 2.8125 2.55 2.25 2.5125  
155 27.964873120300755 2.0 1.875 1.65 1.875 1.7 1.5 1.675  
354 1.9279722222222222 3.0 2.8125 2.475 2.8125 2.55 2.25 2.5125  
498 19.175624851476847 3.0 2.8125 2.475 2.8125 2.55 2.25 2.5125  
94 12.31774750273673 2.0 1.875 1.65 1.875 1.7 1.5 1.675  
490 17.552147147147142 2.0 1.875 1.65 1.875 1.7 1.5 1.675  
224 32.06874621579093 3.0 2.8125 2.475 2.8125 2.55 2.25 2.5125  
488 13.034727361289864 3.0 2.8125 2.475 2.8125 2.55 2.25 2.5125  
52 20.52312156593407 3.0 2.8125 2.475 2.8125 2.55 2.25 2.5125  
477 14.018549288037534 2.0 1.875 1.65 1.875 1.7 1.5 1.675  
209 14.529591590105458 3.0 2.8125 2.475 2.8125 2.55 2.25 2.5125  
126 12.820348766462493 3.0 2.8125 2.475 2.8125 2.55 2.25 2.5125  
363 1.668141025641026 2.0 1.875 1.65 1.875 1.7 1.5 1.675  
304 52.0 2.0 1.875 1.65 1.875 1.7 1.5 1.675  
72 38.31580105052501 2.0 1.875 1.65 1.875 1.7 1.5 1.675  
93 6.013810586734694 2.0 1.875 1.65 1.875 1.7 1.5 1.675  
30 26.929575467435317 2.0 1.875 1.65 1.875 1.7 1.5 1.675  
313 0.8466708975659897 2.0 1.875 1.65 1.875 1.7 1.5 1.675  
138 2.7952031119465337 3.0 2.8125 2.475 2.8125 2.55 2.25 2.5125  
496 8.30049539170507 2.0 1.875 1.65 1.875 1.7 1.5 1.675  
172 8.993366002088111 2.0 1.875 1.65 1.875 1.7 1.5 1.675  
82 13.653864965627061 3.0 2.8125 2.475 2.8125 2.55 2.25 2.5125  
255 72.0 3.0 2.8125 2.475 2.8125 2.55 2.25 2.5125  
351 1.8436774947618604 3.0 2.8125 2.475 2.8125 2.55 2.25 2.5125  
432 19.850655045802103 2.0 1.875 1.65 1.875 1.7 1.5 1.675  
420 7.416921052631581 2.0 1.875 1.65 1.875 1.7 1.5 1.675  
340 11.446341684822073 2.0 1.875 1.65 1.875 1.7 1.5 1.675  
18 22.85131299373417 3.0 2.8125 2.475 2.8125 2.55 2.25 2.5125  
86 39.28439140839779 2.0 1.875 1.65 1.875 1.7 1.5 1.675  
39 4.582142094017096 3.0 2.8125 2.475 2.8125 2.55 2.25 2.5125  
360 40.0 3.0 2.8125 2.475 2.8125 2.55 2.25 2.5125  
146 52.36186208309963 3.0 2.8125 2.475 2.8125 2.55 2.25 2.5125  
153 6.14327627223138 2.0 1.875 1.65 1.875 1.7 1.5 1.675  
54 49.147492559523826 3.0 2.8125 2.475 2.8125 2.55 2.25 2.5125  
469 4.175183393216576 2.0 1.875 1.65 1.875 1.7 1.5 1.675  
158 13.0 2.0 1.875 1.65 1.875 1.7 1.5 1.675  
480 1.6293439545629567 3.0 2.8125 2.475 2.8125 2.55 2.25 2.5125  
385 14.909130854264777 3.0 2.8125 2.475 2.8125 2.55 2.25 2.5125  
449 9.756908879084367 3.0 2.8125 2.475 2.8125 2.55 2.25 2.5125  
143 39.223462198515776 3.0 2.8125 2.475 2.8125 2.55 2.25 2.5125  
85 3.360669098927079 3.0 2.8125 2.475 2.8125 2.55 2.25 2.5125  
29 30.63126505905785 3.0 2.8125 2.475 2.8125 2.55 2.25 2.5125  
424 2.7262293488824114 3.0 2.8125 2.475 2.8125 2.55 2.25 2.5125  
236 10.602864041235692 3.0 2.8125 2.475 2.8125 2.55 2.25 2.5125  
218 66.63581935186048 3.0 2.8125 2.475 2.8125 2.55 2.25 2.5125  
455 1.708077830188679 3.0 2.8125 2.475 2.8125 2.55 2.25 2.5125  
167 23.37580264877894 3.0 2.8125 2.475 2.8125 2.55 2.25 2.5125  
446 9.122237223595585 2.0 1.875 1.65 1.875 1.7 1.5 1.675  
115 15.933376093172988 3.0 2.8125 2.475 2.8125 2.55 2.25 2.5125  
377 12.773692858361644 2.0 1.875 1.65 1.875 1.7 1.5 1.675  
114 10.931744171645922 2.0 1.875 1.65 1.875 1.7 1.5 1.675  
270 2.645666775479112 2.0 1.875 1.65 1.875 1.7 1.5 1.675  
310 1.5475963718820862 3.0 2.8125 2.475 2.8125 2.55 2.25 2.5125  
329 5.545943021546737 2.0 1.875 1.65 1.875 1.7 1.5 1.675  
423 3.342310924369748 2.0 1.875 1.65 1.875 1.7 1.5 1.675  
461 5.178405220658777 2.0 1.875 1.65 1.875 1.7 1.5 1.675  
293 14.06339597033336 3.0 2.8125 2.475 2.8125 2.55 2.25 2.5125  
402 14.888080808080812 2.0 1.875 1.65 1.875 1.7 1.5 1.675  
203 16.722353128991056 2.0 1.875 1.65 1.875 1.7 1.5 1.675  
389 1.642438632795776 2.0 1.875 1.65 1.875 1.7 1.5 1.675  
237 8.698251235351611 3.0 2.8125 2.475 2.8125 2.55 2.25 2.5125  
315 22.63840236276313 2.0 1.875 1.65 1.875 1.7 1.5 1.675  
274 16.59401591377269 2.0 1.875 1.65 1.875 1.7 1.5 1.675  
463 15.888184668128181 3.0 2.8125 2.475 2.8125 2.55 2.25 2.5125  
190 28.055293367346952 3.0 2.8125 2.475 2.8125 2.55 2.25 2.5125  
99 14.43870891028419 3.0 2.8125 2.475 2.8125 2.55 2.25 2.5125  
262 7.930275908250631 2.0 1.875 1.65 1.875 1.7 1.5 1.675  
252 52.79407785634818 3.0 2.8125 2.475 2.8125 2.55 2.25 2.5125  
404 92.0 3.0 2.8125 2.475 2.8125 2.55 2.25 2.5125  
336 0.2559940087145969 3.0 2.8125 2.475 2.8125 2.55 2.25 2.5125  
258 46.33122426747764 2.0 1.875 1.65 1.875 1.7 1.5 1.675  
79 13.796740028490028 2.0 1.875 1.65 1.875 1.7 1.5 1.675  
49 1.8985883122725227 2.0 1.875 1.65 1.875 1.7 1.5 1.675  
335 7.5809490740740735 2.0 1.875 1.65 1.875 1.7 1.5 1.675  
327 13.283004480899217 2.0 1.875 1.65 1.875 1.7 1.5 1.675  
171 13.681576809449531 2.0 1.875 1.65 1.875 1.7 1.5 1.675  
8 18.541047397115328 3.0 2.8125 2.475 2.8125 2.55 2.25 2.5125  
474 13.770123329860098 2.0 1.875 1.65 1.875 1.7 1.5 1.675  
31 1.3678802495415618 2.0 1.875 1.65 1.875 1.7 1.5 1.675  
1 0.5455555555555556 3.0 2.8125 2.475 2.8125 2.55 2.25 2.5125  
391 8.946104329344132 3.0 2.8125 2.475 2.8125 2.55 2.25 2.5125  
50 29.50115576255274 3.0 2.8125 2.475 2.8125 2.55 2.25 2.5125  
