200 5
TREE NETWORK (nID nID Weight):
1 0 42.0 
38 0 44.0 
39 0 56.0 
70 0 55.0 
2 1 46.0 
101 0 43.0 
40 39 53.0 
5 1 41.0 
102 101 53.0 
149 0 47.0 
125 101 38.0 
58 39 33.0 
41 40 34.0 
71 70 50.0 
42 41 39.0 
129 101 38.0 
51 41 55.0 
150 149 33.0 
133 101 49.0 
72 71 35.0 
134 133 44.0 
156 149 49.0 
11 1 32.0 
74 71 47.0 
162 149 48.0 
103 102 32.0 
112 102 44.0 
104 103 59.0 
151 150 48.0 
12 11 32.0 
116 102 37.0 
59 58 56.0 
52 41 47.0 
43 42 38.0 
3 2 38.0 
171 149 56.0 
180 149 58.0 
64 39 30.0 
135 134 48.0 
6 5 55.0 
75 74 33.0 
117 116 48.0 
172 171 57.0 
13 12 50.0 
138 134 44.0 
126 125 47.0 
93 74 34.0 
142 134 57.0 
30 1 30.0 
96 74 30.0 
76 75 51.0 
77 75 59.0 
127 126 42.0 
157 156 36.0 
152 150 34.0 
118 117 57.0 
53 52 54.0 
173 172 41.0 
105 104 34.0 
179 171 36.0 
119 118 49.0 
191 0 32.0 
130 129 34.0 
83 75 48.0 
158 157 35.0 
31 30 33.0 
98 71 30.0 
78 77 33.0 
106 104 59.0 
84 83 51.0 
128 125 38.0 
121 118 35.0 
61 58 35.0 
94 93 58.0 
14 13 54.0 
163 162 36.0 
159 158 39.0 
62 61 32.0 
73 72 44.0 
7 5 40.0 
22 11 58.0 
109 103 53.0 
91 75 45.0 
153 150 45.0 
60 59 35.0 
46 42 30.0 
20 13 49.0 
164 162 46.0 
110 103 43.0 
85 84 31.0 
47 46 45.0 
147 101 54.0 
23 22 33.0 
48 47 32.0 
27 11 44.0 
79 78 47.0 
139 138 52.0 
8 5 40.0 
54 53 39.0 
4 3 45.0 
181 180 41.0 
124 116 41.0 
82 77 30.0 
32 31 41.0 
65 64 47.0 
192 0 30.0 
185 149 39.0 
187 149 34.0 
140 139 48.0 
160 156 34.0 
15 14 45.0 
131 130 39.0 
165 162 51.0 
44 43 38.0 
17 14 50.0 
37 30 52.0 
113 112 41.0 
81 78 36.0 
66 65 54.0 
33 32 49.0 
154 153 42.0 
190 149 56.0 
25 22 39.0 
68 64 38.0 
95 93 46.0 
34 31 30.0 
107 104 59.0 
148 101 33.0 
97 96 35.0 
114 112 46.0 
9 8 33.0 
193 192 36.0 
143 142 52.0 
115 114 50.0 
24 23 37.0 
92 75 46.0 
63 62 45.0 
188 187 40.0 
55 54 51.0 
18 14 53.0 
166 165 45.0 
136 135 51.0 
167 166 30.0 
69 64 47.0 
182 181 52.0 
175 172 57.0 
144 142 42.0 
86 85 47.0 
108 104 51.0 
19 14 54.0 
168 165 55.0 
99 98 44.0 
178 172 50.0 
122 117 37.0 
67 66 32.0 
132 130 34.0 
146 134 43.0 
56 54 31.0 
50 46 54.0 
49 48 31.0 
35 34 58.0 
197 0 41.0 
87 86 33.0 
145 142 37.0 
57 56 43.0 
176 175 50.0 
16 15 44.0 
155 150 59.0 
123 122 37.0 
198 197 57.0 
194 192 38.0 
161 156 36.0 
88 85 47.0 
141 140 31.0 
174 173 53.0 
111 103 58.0 
10 8 51.0 
29 11 48.0 
36 31 34.0 
89 84 38.0 
189 187 51.0 
100 71 46.0 
137 136 51.0 
183 181 45.0 
21 20 51.0 
169 165 51.0 
184 183 38.0 
80 79 49.0 
195 194 56.0 
28 27 54.0 
196 192 36.0 
26 22 45.0 
177 176 48.0 
45 43 46.0 
199 0 43.0 
186 185 49.0 
120 119 49.0 
90 84 40.0 
170 165 35.0 
PROGRAMS ASSIGNED TO NODES (nID pID1 pID2 ...):
0 1 2 3 4 5  
137 3  
185  
17 5  
48 2 5  
134 2 4 5  
131 1 2 5  
195  
4 2 5  
8 1 2 4 5  
83  
166 1 2 3 5  
188 1 2  
91 1 2 3 5  
85 2 5  
76  
81 1 2 4 5  
133 1 3 4 5  
80 1 2 3 4  
191 2 4  
45 1  
115 1 2 4  
27 4  
143 5  
183 2 5  
40 4 5  
61 2 4 5  
12 1 4 5  
16 4  
180  
162 4 5  
47 1 2  
102  
24 1 5  
140 3 5  
153 5  
112 1 2 3 5  
155 5  
42 3 5  
18 3 4 5  
109 4  
35 1 2 3 5  
96  
55 5  
160  
19 5  
5  
129  
52 4 5  
116 1 4  
120 2  
172 1 3 4  
65 4  
62 1 2 4 5  
128  
151  
147 4 5  
1 1 2 3 5  
33  
44 3 4  
78 1 2 3 5  
105 1  
186 1 3 4 5  
171 2 4  
173 1 2 3  
132 1 2 3 5  
193 1 2  
64  
53 3 5  
199 1 3  
77  
101 1 5  
87 1 2 3 4  
127 1 2 3 5  
192  
164 2  
43 1 3 4  
14 3 4 5  
141 4 5  
119 1 2 5  
92 3 5  
50 2 3 5  
72 2 4 5  
159 1 2 3  
71 3 4 5  
177 2 5  
37  
57 1  
107  
9 1 4 5  
156 2  
138 1 2 3 4  
15 3 5  
150 1 3 4 5  
69  
146 2  
59 1 2 3 5  
56 1 2 3 5  
98  
20 3 4 5  
130 1 2 3 5  
118  
84 3 4 5  
22  
51  
157 1 2 3  
163 1 2  
121 1 3 4  
88 2 3 4 5  
21  
113 4 5  
100  
46 2 3  
54  
3 1 3 4  
190 2 3 5  
94 1 2 3 5  
68 2 5  
97 2  
123 2 3 5  
154  
181  
135 1 3  
194 1 2 3 5  
148 1 2 4 5  
184 1 2 4 5  
152 1 2 3 4  
30 1 2 4  
104 3 5  
114 5  
93  
144 1  
182  
196 1  
111 3  
49 4 5  
179 1 2 3  
169 1 3 4 5  
170 1 3  
139  
189 1 2 5  
79 2 3 5  
167  
117 1 2 3 5  
66 2 3 4 5  
175 3 4  
168  
161 2 3 4 5  
38 3  
99 2 3 4 5  
11  
158 1 3 4  
103 1 2 3  
89  
95 1 4 5  
187 3 4 5  
6 1 2 3 4  
34 1 2 4 5  
86 1 3 5  
63 1 4 5  
60 3 4 5  
73 2 3 4 5  
106 4 5  
74 3 5  
70 1 2 3  
39 3  
28  
108  
126 1 2 3 5  
82 3 4 5  
145 1 3  
125 1 5  
41 1 3  
31 2 3  
26 1  
176 1  
75 2 5  
25  
198 2  
197 1 4 5  
122  
110 1 3 5  
32 2 3 5  
124 2 3 4  
36  
178 1 4 5  
10  
67 1 2 4  
149 1 2  
174 1  
29 1 2 3 4  
2  
165 1 2  
13  
90 1 3 4  
58  
23 2  
142 2 4  
136 1 4  
7 2 4  
SIZE OF PROGRAMS (pID SIZE):
1 66.0 
2 47.0 
3 49.0 
4 95.0 
5 62.0 
COST_INSTALL_SERVER_AND_PROGRAMS :
0 2007.3684210526314 2.0842105263157893 1.4842105263157894 1.5473684210526315 3.0 1.9578947368421054  
137 3.098396556463912 1.3894736842105264 0.9894736842105263 1.0315789473684212 2.0 1.305263157894737  
185 4.924694059206937 1.3894736842105264 0.9894736842105263 1.0315789473684212 2.0 1.305263157894737  
17 0.7674075466443887 1.3894736842105264 0.9894736842105263 1.0315789473684212 2.0 1.305263157894737  
48 2.998891104757539 2.0842105263157893 1.4842105263157894 1.5473684210526315 3.0 1.9578947368421054  
134 13.498817975170482 1.3894736842105264 0.9894736842105263 1.0315789473684212 2.0 1.305263157894737  
131 4.474033592346646 2.0842105263157893 1.4842105263157894 1.5473684210526315 3.0 1.9578947368421054  
195 33.0 2.0842105263157893 1.4842105263157894 1.5473684210526315 3.0 1.9578947368421054  
4 2.9524479072076324 2.0842105263157893 1.4842105263157894 1.5473684210526315 3.0 1.9578947368421054  
8 7.039863377957089 1.3894736842105264 0.9894736842105263 1.0315789473684212 2.0 1.305263157894737  
83 6.721613288540499 2.0842105263157893 1.4842105263157894 1.5473684210526315 3.0 1.9578947368421054  
166 12.678092352282455 1.3894736842105264 0.9894736842105263 1.0315789473684212 2.0 1.305263157894737  
188 0.6173837362492589 1.3894736842105264 0.9894736842105263 1.0315789473684212 2.0 1.305263157894737  
91 2.036855181150814 1.3894736842105264 0.9894736842105263 1.0315789473684212 2.0 1.305263157894737  
85 38.96785608189259 2.0842105263157893 1.4842105263157894 1.5473684210526315 3.0 1.9578947368421054  
76 26.0 1.3894736842105264 0.9894736842105263 1.0315789473684212 2.0 1.305263157894737  
81 3.8809468783915997 1.3894736842105264 0.9894736842105263 1.0315789473684212 2.0 1.305263157894737  
133 2.955595467073 2.0842105263157893 1.4842105263157894 1.5473684210526315 3.0 1.9578947368421054  
80 11.342908725042028 2.0842105263157893 1.4842105263157894 1.5473684210526315 3.0 1.9578947368421054  
191 1.1101535087719299 1.3894736842105264 0.9894736842105263 1.0315789473684212 2.0 1.305263157894737  
45 0.7839489640083565 1.3894736842105264 0.9894736842105263 1.0315789473684212 2.0 1.305263157894737  
115 15.123031779474006 1.3894736842105264 0.9894736842105263 1.0315789473684212 2.0 1.305263157894737  
27 0.4389745670995671 2.0842105263157893 1.4842105263157894 1.5473684210526315 3.0 1.9578947368421054  
143 0.5091021329314737 1.3894736842105264 0.9894736842105263 1.0315789473684212 2.0 1.305263157894737  
183 15.57090773297971 1.3894736842105264 0.9894736842105263 1.0315789473684212 2.0 1.305263157894737  
40 1.2585694188300955 2.0842105263157893 1.4842105263157894 1.5473684210526315 3.0 1.9578947368421054  
61 10.97209501025291 2.0842105263157893 1.4842105263157894 1.5473684210526315 3.0 1.9578947368421054  
12 4.466015037593987 2.0842105263157893 1.4842105263157894 1.5473684210526315 3.0 1.9578947368421054  
16 7.877319624819624 2.0842105263157893 1.4842105263157894 1.5473684210526315 3.0 1.9578947368421054  
180 1.3114762327682736 2.0842105263157893 1.4842105263157894 1.5473684210526315 3.0 1.9578947368421054  
162 0.33593831653602085 2.0842105263157893 1.4842105263157894 1.5473684210526315 3.0 1.9578947368421054  
47 10.228743318425835 1.3894736842105264 0.9894736842105263 1.0315789473684212 2.0 1.305263157894737  
102 3.139535807487126 2.0842105263157893 1.4842105263157894 1.5473684210526315 3.0 1.9578947368421054  
24 5.438618325587472 2.0842105263157893 1.4842105263157894 1.5473684210526315 3.0 1.9578947368421054  
140 2.010635764101842 2.0842105263157893 1.4842105263157894 1.5473684210526315 3.0 1.9578947368421054  
153 1.5706919135362583 2.0842105263157893 1.4842105263157894 1.5473684210526315 3.0 1.9578947368421054  
112 4.599308291571404 2.0842105263157893 1.4842105263157894 1.5473684210526315 3.0 1.9578947368421054  
155 0.2290889535743105 2.0842105263157893 1.4842105263157894 1.5473684210526315 3.0 1.9578947368421054  
42 17.923222245687928 2.0842105263157893 1.4842105263157894 1.5473684210526315 3.0 1.9578947368421054  
18 8.842584473500313 1.3894736842105264 0.9894736842105263 1.0315789473684212 2.0 1.305263157894737  
109 3.4577747915752526 2.0842105263157893 1.4842105263157894 1.5473684210526315 3.0 1.9578947368421054  
35 13.100412473189245 1.3894736842105264 0.9894736842105263 1.0315789473684212 2.0 1.305263157894737  
96 0.28770015948963323 2.0842105263157893 1.4842105263157894 1.5473684210526315 3.0 1.9578947368421054  
55 4.449189480835157 2.0842105263157893 1.4842105263157894 1.5473684210526315 3.0 1.9578947368421054  
160 26.0 1.3894736842105264 0.9894736842105263 1.0315789473684212 2.0 1.305263157894737  
19 0.6929592035644667 2.0842105263157893 1.4842105263157894 1.5473684210526315 3.0 1.9578947368421054  
5 6.6392845935978135 1.3894736842105264 0.9894736842105263 1.0315789473684212 2.0 1.305263157894737  
129 5.7494247246022026 1.3894736842105264 0.9894736842105263 1.0315789473684212 2.0 1.305263157894737  
52 13.655252773022834 2.0842105263157893 1.4842105263157894 1.5473684210526315 3.0 1.9578947368421054  
116 14.32041774205327 1.3894736842105264 0.9894736842105263 1.0315789473684212 2.0 1.305263157894737  
120 3.5896246270908594 1.3894736842105264 0.9894736842105263 1.0315789473684212 2.0 1.305263157894737  
172 7.4727049894239155 2.0842105263157893 1.4842105263157894 1.5473684210526315 3.0 1.9578947368421054  
65 1.6401206473630887 1.3894736842105264 0.9894736842105263 1.0315789473684212 2.0 1.305263157894737  
62 6.188615003417637 2.0842105263157893 1.4842105263157894 1.5473684210526315 3.0 1.9578947368421054  
128 49.0 2.0842105263157893 1.4842105263157894 1.5473684210526315 3.0 1.9578947368421054  
151 93.0 2.0842105263157893 1.4842105263157894 1.5473684210526315 3.0 1.9578947368421054  
147 1.4097663840911492 1.3894736842105264 0.9894736842105263 1.0315789473684212 2.0 1.305263157894737  
1 79.0 2.0842105263157893 1.4842105263157894 1.5473684210526315 3.0 1.9578947368421054  
33 32.0 1.3894736842105264 0.9894736842105263 1.0315789473684212 2.0 1.305263157894737  
44 1.7763379934511432 1.3894736842105264 0.9894736842105263 1.0315789473684212 2.0 1.305263157894737  
78 14.574587224763434 2.0842105263157893 1.4842105263157894 1.5473684210526315 3.0 1.9578947368421054  
105 0.6513013593972476 1.3894736842105264 0.9894736842105263 1.0315789473684212 2.0 1.305263157894737  
186 6.293148817800873 1.3894736842105264 0.9894736842105263 1.0315789473684212 2.0 1.305263157894737  
171 0.5767873140297549 1.3894736842105264 0.9894736842105263 1.0315789473684212 2.0 1.305263157894737  
173 3.4028624395706437 1.3894736842105264 0.9894736842105263 1.0315789473684212 2.0 1.305263157894737  
132 5.869416084671324 1.3894736842105264 0.9894736842105263 1.0315789473684212 2.0 1.305263157894737  
193 1.961530214424951 1.3894736842105264 0.9894736842105263 1.0315789473684212 2.0 1.305263157894737  
64 8.973040935672511 1.3894736842105264 0.9894736842105263 1.0315789473684212 2.0 1.305263157894737  
53 11.658550241021329 2.0842105263157893 1.4842105263157894 1.5473684210526315 3.0 1.9578947368421054  
199 0.4767033863729091 2.0842105263157893 1.4842105263157894 1.5473684210526315 3.0 1.9578947368421054  
77 22.369196415729792 2.0842105263157893 1.4842105263157894 1.5473684210526315 3.0 1.9578947368421054  
101 0.18741738066095456 1.3894736842105264 0.9894736842105263 1.0315789473684212 2.0 1.305263157894737  
87 32.82479936480705 2.0842105263157893 1.4842105263157894 1.5473684210526315 3.0 1.9578947368421054  
127 12.716681163571966 2.0842105263157893 1.4842105263157894 1.5473684210526315 3.0 1.9578947368421054  
192 0.11789473684210539 2.0842105263157893 1.4842105263157894 1.5473684210526315 3.0 1.9578947368421054  
164 0.9100171624713959 2.0842105263157893 1.4842105263157894 1.5473684210526315 3.0 1.9578947368421054  
43 6.358830438064768 2.0842105263157893 1.4842105263157894 1.5473684210526315 3.0 1.9578947368421054  
14 18.171074422166527 1.3894736842105264 0.9894736842105263 1.0315789473684212 2.0 1.305263157894737  
141 9.5510675578136 1.3894736842105264 0.9894736842105263 1.0315789473684212 2.0 1.305263157894737  
119 1.8704610781085629 1.3894736842105264 0.9894736842105263 1.0315789473684212 2.0 1.305263157894737  
92 6.8013304828803145 2.0842105263157893 1.4842105263157894 1.5473684210526315 3.0 1.9578947368421054  
50 6.1964071505328295 2.0842105263157893 1.4842105263157894 1.5473684210526315 3.0 1.9578947368421054  
72 2.669729323308272 2.0842105263157893 1.4842105263157894 1.5473684210526315 3.0 1.9578947368421054  
159 14.131098892309096 1.3894736842105264 0.9894736842105263 1.0315789473684212 2.0 1.305263157894737  
71 1.4571228070175433 1.3894736842105264 0.9894736842105263 1.0315789473684212 2.0 1.305263157894737  
177 6.975798018983629 2.0842105263157893 1.4842105263157894 1.5473684210526315 3.0 1.9578947368421054  
37 30.0 2.0842105263157893 1.4842105263157894 1.5473684210526315 3.0 1.9578947368421054  
57 1.02635216043854 2.0842105263157893 1.4842105263157894 1.5473684210526315 3.0 1.9578947368421054  
107 87.0 1.3894736842105264 0.9894736842105263 1.0315789473684212 2.0 1.305263157894737  
9 1.8386387115238207 1.3894736842105264 0.9894736842105263 1.0315789473684212 2.0 1.305263157894737  
156 2.4715446671389705 2.0842105263157893 1.4842105263157894 1.5473684210526315 3.0 1.9578947368421054  
138 17.131449554117847 2.0842105263157893 1.4842105263157894 1.5473684210526315 3.0 1.9578947368421054  
15 2.3787091339459763 2.0842105263157893 1.4842105263157894 1.5473684210526315 3.0 1.9578947368421054  
150 1.7013910663182783 2.0842105263157893 1.4842105263157894 1.5473684210526315 3.0 1.9578947368421054  
69 88.0 2.0842105263157893 1.4842105263157894 1.5473684210526315 3.0 1.9578947368421054  
146 1.934362991441152 1.3894736842105264 0.9894736842105263 1.0315789473684212 2.0 1.305263157894737  
59 3.8249958228905596 1.3894736842105264 0.9894736842105263 1.0315789473684212 2.0 1.305263157894737  
56 28.784126434439127 1.3894736842105264 0.9894736842105263 1.0315789473684212 2.0 1.305263157894737  
98 9.093473684210526 2.0842105263157893 1.4842105263157894 1.5473684210526315 3.0 1.9578947368421054  
20 11.759148227712137 2.0842105263157893 1.4842105263157894 1.5473684210526315 3.0 1.9578947368421054  
130 1.2976484988120092 1.3894736842105264 0.9894736842105263 1.0315789473684212 2.0 1.305263157894737  
118 22.61255224497725 2.0842105263157893 1.4842105263157894 1.5473684210526315 3.0 1.9578947368421054  
84 15.088166829516426 1.3894736842105264 0.9894736842105263 1.0315789473684212 2.0 1.305263157894737  
22 4.275805353901996 2.0842105263157893 1.4842105263157894 1.5473684210526315 3.0 1.9578947368421054  
51 47.0 2.0842105263157893 1.4842105263157894 1.5473684210526315 3.0 1.9578947368421054  
157 4.868041240385665 2.0842105263157893 1.4842105263157894 1.5473684210526315 3.0 1.9578947368421054  
163 3.3188155302559004 2.0842105263157893 1.4842105263157894 1.5473684210526315 3.0 1.9578947368421054  
121 2.1949292335798996 2.0842105263157893 1.4842105263157894 1.5473684210526315 3.0 1.9578947368421054  
88 11.548817519671237 2.0842105263157893 1.4842105263157894 1.5473684210526315 3.0 1.9578947368421054  
21 94.0 1.3894736842105264 0.9894736842105263 1.0315789473684212 2.0 1.305263157894737  
113 0.9052982315663711 2.0842105263157893 1.4842105263157894 1.5473684210526315 3.0 1.9578947368421054  
100 52.0 1.3894736842105264 0.9894736842105263 1.0315789473684212 2.0 1.305263157894737  
46 17.90207144365652 2.0842105263157893 1.4842105263157894 1.5473684210526315 3.0 1.9578947368421054  
54 2.2398661516477354 2.0842105263157893 1.4842105263157894 1.5473684210526315 3.0 1.9578947368421054  
3 9.852489557226406 2.0842105263157893 1.4842105263157894 1.5473684210526315 3.0 1.9578947368421054  
190 0.119365701487762 2.0842105263157893 1.4842105263157894 1.5473684210526315 3.0 1.9578947368421054  
94 1.9053199505486462 1.3894736842105264 0.9894736842105263 1.0315789473684212 2.0 1.305263157894737  
68 3.8379928989139502 2.0842105263157893 1.4842105263157894 1.5473684210526315 3.0 1.9578947368421054  
97 2.828757347915243 1.3894736842105264 0.9894736842105263 1.0315789473684212 2.0 1.305263157894737  
123 6.801099328844328 1.3894736842105264 0.9894736842105263 1.0315789473684212 2.0 1.305263157894737  
154 65.0 2.0842105263157893 1.4842105263157894 1.5473684210526315 3.0 1.9578947368421054  
181 0.8458903329041783 2.0842105263157893 1.4842105263157894 1.5473684210526315 3.0 1.9578947368421054  
135 9.932746010109838 2.0842105263157893 1.4842105263157894 1.5473684210526315 3.0 1.9578947368421054  
194 0.6287719298245613 2.0842105263157893 1.4842105263157894 1.5473684210526315 3.0 1.9578947368421054  
148 0.593457215978636 2.0842105263157893 1.4842105263157894 1.5473684210526315 3.0 1.9578947368421054  
184 10.78208324346826 2.0842105263157893 1.4842105263157894 1.5473684210526315 3.0 1.9578947368421054  
152 3.8096993849967964 2.0842105263157893 1.4842105263157894 1.5473684210526315 3.0 1.9578947368421054  
30 4.988872180451128 1.3894736842105264 0.9894736842105263 1.0315789473684212 2.0 1.305263157894737  
104 11.184846872053292 2.0842105263157893 1.4842105263157894 1.5473684210526315 3.0 1.9578947368421054  
114 1.7695127717522519 1.3894736842105264 0.9894736842105263 1.0315789473684212 2.0 1.305263157894737  
93 17.057509254989792 2.0842105263157893 1.4842105263157894 1.5473684210526315 3.0 1.9578947368421054  
144 0.5026935278395325 2.0842105263157893 1.4842105263157894 1.5473684210526315 3.0 1.9578947368421054  
182 104.0 1.3894736842105264 0.9894736842105263 1.0315789473684212 2.0 1.305263157894737  
196 1.5863157894736841 1.3894736842105264 0.9894736842105263 1.0315789473684212 2.0 1.305263157894737  
111 1.7356634104571929 2.0842105263157893 1.4842105263157894 1.5473684210526315 3.0 1.9578947368421054  
49 21.577233246767012 2.0842105263157893 1.4842105263157894 1.5473684210526315 3.0 1.9578947368421054  
179 4.865294752839546 2.0842105263157893 1.4842105263157894 1.5473684210526315 3.0 1.9578947368421054  
169 4.918275475923853 1.3894736842105264 0.9894736842105263 1.0315789473684212 2.0 1.305263157894737  
170 3.4502890321862223 1.3894736842105264 0.9894736842105263 1.0315789473684212 2.0 1.305263157894737  
139 10.789867216189998 1.3894736842105264 0.9894736842105263 1.0315789473684212 2.0 1.305263157894737  
189 0.861762510155238 1.3894736842105264 0.9894736842105263 1.0315789473684212 2.0 1.305263157894737  
79 4.377879160577245 1.3894736842105264 0.9894736842105263 1.0315789473684212 2.0 1.305263157894737  
167 53.0 2.0842105263157893 1.4842105263157894 1.5473684210526315 3.0 1.9578947368421054  
117 11.178745992071837 2.0842105263157893 1.4842105263157894 1.5473684210526315 3.0 1.9578947368421054  
66 1.8950719144196193 2.0842105263157893 1.4842105263157894 1.5473684210526315 3.0 1.9578947368421054  
175 10.17651335786274 1.3894736842105264 0.9894736842105263 1.0315789473684212 2.0 1.305263157894737  
168 77.0 2.0842105263157893 1.4842105263157894 1.5473684210526315 3.0 1.9578947368421054  
161 8.573394212481556 1.3894736842105264 0.9894736842105263 1.0315789473684212 2.0 1.305263157894737  
38 53.0 2.0842105263157893 1.4842105263157894 1.5473684210526315 3.0 1.9578947368421054  
99 16.66531578947368 1.3894736842105264 0.9894736842105263 1.0315789473684212 2.0 1.305263157894737  
11 2.8928529657477022 1.3894736842105264 0.9894736842105263 1.0315789473684212 2.0 1.305263157894737  
158 8.539469811814236 2.0842105263157893 1.4842105263157894 1.5473684210526315 3.0 1.9578947368421054  
103 5.777433291571404 2.0842105263157893 1.4842105263157894 1.5473684210526315 3.0 1.9578947368421054  
89 68.0 2.0842105263157893 1.4842105263157894 1.5473684210526315 3.0 1.9578947368421054  
95 10.574262395291804 2.0842105263157893 1.4842105263157894 1.5473684210526315 3.0 1.9578947368421054  
187 8.823544342709088 1.3894736842105264 0.9894736842105263 1.0315789473684212 2.0 1.305263157894737  
6 2.683283430305253 2.0842105263157893 1.4842105263157894 1.5473684210526315 3.0 1.9578947368421054  
34 24.38979949874686 1.3894736842105264 0.9894736842105263 1.0315789473684212 2.0 1.305263157894737  
86 12.943602244269208 2.0842105263157893 1.4842105263157894 1.5473684210526315 3.0 1.9578947368421054  
63 8.519250564859119 1.3894736842105264 0.9894736842105263 1.0315789473684212 2.0 1.305263157894737  
60 11.033015493278654 2.0842105263157893 1.4842105263157894 1.5473684210526315 3.0 1.9578947368421054  
73 15.581030075187968 1.3894736842105264 0.9894736842105263 1.0315789473684212 2.0 1.305263157894737  
106 10.377943222906087 1.3894736842105264 0.9894736842105263 1.0315789473684212 2.0 1.305263157894737  
74 1.225144456886898 1.3894736842105264 0.9894736842105263 1.0315789473684212 2.0 1.305263157894737  
70 2.8084210526315787 1.3894736842105264 0.9894736842105263 1.0315789473684212 2.0 1.305263157894737  
39 89.0 2.0842105263157893 1.4842105263157894 1.5473684210526315 3.0 1.9578947368421054  
28 54.0 2.0842105263157893 1.4842105263157894 1.5473684210526315 3.0 1.9578947368421054  
108 63.0 1.3894736842105264 0.9894736842105263 1.0315789473684212 2.0 1.305263157894737  
126 3.3462621422432877 1.3894736842105264 0.9894736842105263 1.0315789473684212 2.0 1.305263157894737  
82 7.820325255324324 2.0842105263157893 1.4842105263157894 1.5473684210526315 3.0 1.9578947368421054  
145 1.0339593079976013 1.3894736842105264 0.9894736842105263 1.0315789473684212 2.0 1.305263157894737  
125 0.40303549571603425 2.0842105263157893 1.4842105263157894 1.5473684210526315 3.0 1.9578947368421054  
41 1.1023965226607035 2.0842105263157893 1.4842105263157894 1.5473684210526315 3.0 1.9578947368421054  
31 12.707669172932333 1.3894736842105264 0.9894736842105263 1.0315789473684212 2.0 1.305263157894737  
26 2.492589447757324 2.0842105263157893 1.4842105263157894 1.5473684210526315 3.0 1.9578947368421054  
176 6.577463605823068 2.0842105263157893 1.4842105263157894 1.5473684210526315 3.0 1.9578947368421054  
75 13.150866741321389 1.3894736842105264 0.9894736842105263 1.0315789473684212 2.0 1.305263157894737  
25 10.0 2.0842105263157893 1.4842105263157894 1.5473684210526315 3.0 1.9578947368421054  
198 0.04866923406076167 2.0842105263157893 1.4842105263157894 1.5473684210526315 3.0 1.9578947368421054  
197 0.450577663671373 1.3894736842105264 0.9894736842105263 1.0315789473684212 2.0 1.305263157894737  
122 11.473541572651607 2.0842105263157893 1.4842105263157894 1.5473684210526315 3.0 1.9578947368421054  
110 11.370547742835038 1.3894736842105264 0.9894736842105263 1.0315789473684212 2.0 1.305263157894737  
32 1.4343792963561894 1.3894736842105264 0.9894736842105263 1.0315789473684212 2.0 1.305263157894737  
124 1.384528016597101 1.3894736842105264 0.9894736842105263 1.0315789473684212 2.0 1.305263157894737  
36 52.0 2.0842105263157893 1.4842105263157894 1.5473684210526315 3.0 1.9578947368421054  
178 6.034199488081906 2.0842105263157893 1.4842105263157894 1.5473684210526315 3.0 1.9578947368421054  
10 23.0 2.0842105263157893 1.4842105263157894 1.5473684210526315 3.0 1.9578947368421054  
67 7.366119406080212 1.3894736842105264 0.9894736842105263 1.0315789473684212 2.0 1.305263157894737  
149 0.0071444568868980875 1.3894736842105264 0.9894736842105263 1.0315789473684212 2.0 1.305263157894737  
174 0.5206286916780845 1.3894736842105264 0.9894736842105263 1.0315789473684212 2.0 1.305263157894737  
29 12.684544172932334 1.3894736842105264 0.9894736842105263 1.0315789473684212 2.0 1.305263157894737  
2 2.6738018960444583 2.0842105263157893 1.4842105263157894 1.5473684210526315 3.0 1.9578947368421054  
165 9.945337894956412 1.3894736842105264 0.9894736842105263 1.0315789473684212 2.0 1.305263157894737  
13 1.756291979949875 1.3894736842105264 0.9894736842105263 1.0315789473684212 2.0 1.305263157894737  
90 2.8171497715445746 1.3894736842105264 0.9894736842105263 1.0315789473684212 2.0 1.305263157894737  
58 2.292078111946534 2.0842105263157893 1.4842105263157894 1.5473684210526315 3.0 1.9578947368421054  
23 8.562886693614917 1.3894736842105264 0.9894736842105263 1.0315789473684212 2.0 1.305263157894737  
142 15.378958040172407 1.3894736842105264 0.9894736842105263 1.0315789473684212 2.0 1.305263157894737  
136 15.31169337853089 1.3894736842105264 0.9894736842105263 1.0315789473684212 2.0 1.305263157894737  
7 4.531119974733582 2.0842105263157893 1.4842105263157894 1.5473684210526315 3.0 1.9578947368421054  
