400 5
TREE NETWORK (nID nID Weight):
1 0 50.0 
202 0 35.0 
2 1 55.0 
203 202 56.0 
3 2 57.0 
5 2 41.0 
300 202 33.0 
6 5 51.0 
149 1 48.0 
196 1 30.0 
66 2 46.0 
22 5 30.0 
89 2 54.0 
23 22 35.0 
150 149 53.0 
7 6 49.0 
345 0 42.0 
151 150 32.0 
96 2 37.0 
204 203 51.0 
90 89 46.0 
205 204 50.0 
301 300 51.0 
134 2 32.0 
35 5 42.0 
346 345 38.0 
206 205 59.0 
251 204 32.0 
4 3 54.0 
172 149 47.0 
36 35 54.0 
67 66 49.0 
135 134 52.0 
216 205 36.0 
8 6 36.0 
97 96 45.0 
136 135 42.0 
61 5 45.0 
84 66 38.0 
219 205 56.0 
368 0 45.0 
252 204 53.0 
220 219 59.0 
50 35 32.0 
137 136 42.0 
372 0 53.0 
68 67 40.0 
138 137 31.0 
253 252 31.0 
361 345 40.0 
17 6 58.0 
226 219 47.0 
302 301 35.0 
176 149 42.0 
373 372 35.0 
233 219 54.0 
51 50 42.0 
347 346 33.0 
348 347 44.0 
325 301 56.0 
69 68 39.0 
143 135 30.0 
237 205 34.0 
207 206 30.0 
303 302 35.0 
27 22 53.0 
28 27 47.0 
114 96 35.0 
116 96 43.0 
273 203 55.0 
261 204 56.0 
183 149 48.0 
359 346 40.0 
98 97 56.0 
105 97 48.0 
18 17 35.0 
217 216 32.0 
145 134 38.0 
152 151 48.0 
364 345 50.0 
246 205 55.0 
374 373 45.0 
378 372 34.0 
265 204 53.0 
330 301 49.0 
362 361 33.0 
70 69 48.0 
266 265 33.0 
190 149 50.0 
304 303 53.0 
177 176 40.0 
191 190 46.0 
287 203 41.0 
375 374 59.0 
184 183 34.0 
369 368 34.0 
125 96 42.0 
158 151 58.0 
147 2 53.0 
153 152 32.0 
288 287 30.0 
274 273 37.0 
305 304 44.0 
20 6 55.0 
354 347 44.0 
126 125 57.0 
379 378 45.0 
194 190 42.0 
357 347 40.0 
107 97 30.0 
31 22 50.0 
326 325 46.0 
289 288 55.0 
279 273 56.0 
37 36 39.0 
117 116 39.0 
208 207 49.0 
54 50 36.0 
342 202 30.0 
254 253 52.0 
221 220 39.0 
76 67 55.0 
267 204 32.0 
212 206 56.0 
71 69 43.0 
118 117 49.0 
62 61 31.0 
238 237 47.0 
154 153 32.0 
214 206 45.0 
9 8 45.0 
235 219 33.0 
127 126 44.0 
197 196 50.0 
155 152 46.0 
306 305 54.0 
365 364 57.0 
140 136 46.0 
380 379 49.0 
291 288 41.0 
56 50 51.0 
99 98 42.0 
343 342 40.0 
256 252 49.0 
247 246 53.0 
64 61 39.0 
213 212 58.0 
178 176 41.0 
313 305 33.0 
318 303 48.0 
161 151 30.0 
322 302 52.0 
271 204 30.0 
331 330 58.0 
268 267 50.0 
52 51 36.0 
32 31 30.0 
57 50 55.0 
295 287 35.0 
185 184 58.0 
280 279 32.0 
392 378 55.0 
112 97 38.0 
327 326 52.0 
333 301 32.0 
307 306 42.0 
65 5 56.0 
198 196 48.0 
95 89 48.0 
314 313 35.0 
258 252 43.0 
113 112 38.0 
272 271 43.0 
285 279 31.0 
224 220 42.0 
156 155 43.0 
286 285 56.0 
366 365 34.0 
199 196 58.0 
239 238 34.0 
77 76 57.0 
33 31 59.0 
309 306 41.0 
10 9 38.0 
259 252 50.0 
296 295 38.0 
85 66 44.0 
173 172 36.0 
163 150 56.0 
334 333 51.0 
316 313 48.0 
192 191 43.0 
53 52 49.0 
122 117 32.0 
222 221 38.0 
381 380 59.0 
209 208 38.0 
86 85 47.0 
290 289 58.0 
128 127 34.0 
275 274 30.0 
269 268 39.0 
108 107 35.0 
141 140 47.0 
111 107 49.0 
355 354 30.0 
260 259 46.0 
170 150 39.0 
142 141 59.0 
91 90 40.0 
281 280 55.0 
344 343 48.0 
87 86 53.0 
278 274 52.0 
382 381 55.0 
174 172 54.0 
319 303 48.0 
11 9 51.0 
335 334 53.0 
24 23 38.0 
187 184 50.0 
349 348 34.0 
164 163 53.0 
130 126 48.0 
234 233 42.0 
165 164 54.0 
82 67 57.0 
211 207 44.0 
41 36 44.0 
297 296 40.0 
46 36 34.0 
115 114 57.0 
356 354 42.0 
119 118 35.0 
63 62 49.0 
395 378 52.0 
200 199 40.0 
123 116 39.0 
350 348 55.0 
25 23 51.0 
78 76 31.0 
42 41 39.0 
55 54 57.0 
58 57 57.0 
386 379 58.0 
393 392 56.0 
19 17 58.0 
227 226 57.0 
34 31 31.0 
248 247 47.0 
230 226 58.0 
396 372 57.0 
72 69 58.0 
283 280 50.0 
398 372 44.0 
131 125 30.0 
262 261 52.0 
100 99 35.0 
195 194 49.0 
236 235 49.0 
387 379 34.0 
371 368 40.0 
73 69 34.0 
13 8 52.0 
166 165 42.0 
298 297 51.0 
26 25 56.0 
79 78 30.0 
294 288 44.0 
338 333 43.0 
231 230 54.0 
328 326 56.0 
323 322 41.0 
257 256 54.0 
358 357 33.0 
360 359 46.0 
109 108 47.0 
168 164 41.0 
391 379 47.0 
129 128 40.0 
146 145 59.0 
92 90 35.0 
218 217 54.0 
159 158 41.0 
284 283 36.0 
210 209 36.0 
103 98 52.0 
201 196 33.0 
352 348 42.0 
188 187 59.0 
320 319 49.0 
363 362 54.0 
324 322 39.0 
292 291 38.0 
38 37 36.0 
124 123 32.0 
311 306 54.0 
263 261 47.0 
351 350 43.0 
388 387 33.0 
255 254 32.0 
293 291 43.0 
102 99 45.0 
353 352 41.0 
390 387 36.0 
179 176 59.0 
12 9 36.0 
132 125 37.0 
228 227 52.0 
240 238 58.0 
383 381 41.0 
339 333 30.0 
399 372 47.0 
171 170 38.0 
74 69 39.0 
44 41 30.0 
43 42 47.0 
312 311 31.0 
329 326 42.0 
39 37 36.0 
14 13 36.0 
16 13 53.0 
336 335 52.0 
133 96 42.0 
186 185 49.0 
389 388 54.0 
340 301 51.0 
249 248 55.0 
83 82 57.0 
189 188 49.0 
120 118 56.0 
180 179 35.0 
315 314 35.0 
21 20 41.0 
215 206 52.0 
169 163 51.0 
110 109 52.0 
106 105 42.0 
241 240 50.0 
144 143 30.0 
232 230 58.0 
264 263 42.0 
148 2 32.0 
250 247 44.0 
40 37 59.0 
101 100 39.0 
308 307 59.0 
243 237 58.0 
88 86 47.0 
310 309 37.0 
15 14 56.0 
75 69 53.0 
157 155 47.0 
47 36 54.0 
384 383 37.0 
341 300 51.0 
30 27 49.0 
139 138 41.0 
104 98 33.0 
81 78 30.0 
282 281 56.0 
270 269 35.0 
162 151 42.0 
45 41 42.0 
181 179 31.0 
321 303 51.0 
94 90 30.0 
193 192 47.0 
276 275 47.0 
370 369 42.0 
160 158 36.0 
244 237 49.0 
337 334 37.0 
121 120 35.0 
299 297 38.0 
48 36 55.0 
49 48 44.0 
60 35 56.0 
317 305 52.0 
277 276 49.0 
397 396 49.0 
223 222 30.0 
175 172 48.0 
59 58 43.0 
332 331 51.0 
93 92 41.0 
385 380 52.0 
80 79 57.0 
29 28 39.0 
377 374 30.0 
225 224 46.0 
229 227 42.0 
367 365 32.0 
245 237 30.0 
182 176 56.0 
394 392 30.0 
242 241 56.0 
167 165 58.0 
376 375 36.0 
PROGRAMS ASSIGNED TO NODES (nID pID1 pID2 ...):
0 1 2 3 4 5  
162  
58 1 2 3  
125 1 3 4  
226 1 2 3 4  
299  
331  
167 1 3 4  
154 2 3 4 5  
375 1 2 4 5  
190 2  
291 1 2 5  
383 1 3 5  
215 1 3 5  
148 3  
98 1 5  
348 1 3 4 5  
273 2 5  
171 1 2 4 5  
71 3 5  
237  
354 2 3 5  
78 3  
217 3  
147 1 2 4 5  
103 1 3 4  
3 5  
196 4 5  
298 1 2 5  
359 1 3 4  
270 3 5  
357 1 3 4  
93 2 4  
30 1 2 3 5  
151 4  
64 2  
32 2 3 4 5  
205 4 5  
275 1 4  
21 2 4  
206 4  
390 1 2 3 4  
195 1 5  
269  
18 1 2  
310  
53 1 4 5  
197  
1 1 2 4  
358 2  
118 3  
76 1 2 3 4  
183 1 2 3 5  
286 2 5  
51 5  
280 2 3 5  
89 1 3 4 5  
124 2 3 4 5  
251 2  
194  
199 1 4 5  
307 2 3 4  
311  
113 1 3 4 5  
91 1 5  
77 2 5  
120 2 3 4  
319 1 4 5  
214 3 5  
392  
381 1 2 3 5  
376  
234 1 2 3 5  
313  
159 1  
204 1 2 3 5  
247 1 3  
282  
233 1 3 4 5  
138 2  
366 1 2 3 5  
182 2 3 4  
179 1 2 4  
27 4  
72 4  
20 3  
14 1 3 4 5  
297 1 2 3 5  
264 4  
129 1  
219 1 2 3 4  
99 1 2 3 4  
132 2 5  
333 5  
101 1 3 4  
191 2  
131 1 2 4 5  
388 2 3 4 5  
284 2 3 5  
361 3  
6 2 3  
111 3 5  
337 1 5  
43  
211 1 2 4 5  
279 1 3 4  
353  
24 1 2  
256  
66 4  
252 2  
60 1 5  
108 1 2 5  
369 1 2 3 5  
73 1 5  
81 1 2  
220 2 3 4 5  
304 2 4  
210 1 2  
50 1 2 3 5  
243 1 3 4  
104 1 3 4 5  
253  
31 1 2 5  
180 3 5  
329 3 4  
25 1 2 3 5  
391 1 2 3 4  
28  
326 2 3 4  
305 5  
293 2 3 4 5  
263 3 5  
145 4  
174 1 2 3  
74  
255  
127 1 2 3 4  
114 1 4  
221 5  
70 2 3 4 5  
385 1 2 3 5  
262 2 3  
88  
338 1 5  
69 1 2 4  
137 1 2 4 5  
283 3  
83 3 4 5  
213 2  
228 4  
121 2 3 4 5  
188 1 5  
315 1 3 4 5  
177 1 2 4 5  
316 2 3 4 5  
224 2 4 5  
244 1 2 5  
239 1 2 4 5  
292 2 3  
389 1 4 5  
380 1 2 4  
109 2 3 4 5  
360 1 2 4 5  
201 1 2 3 4  
345  
387 1 2 4  
149 2 5  
350 2 4  
122 1 2 4  
397  
117 1 3 5  
90 1 5  
362 3  
268  
16  
123 1 4  
202 2 4  
192 3 4  
112  
222  
349 1  
309 5  
144  
241 1 2 5  
230 1 3 4  
19 2 4 5  
92 1 4 5  
285 5  
15  
100 2 3 4 5  
126 2 3 5  
229 2  
242 1 2 3 4  
208 1 3  
344 1 2 3 4  
152 1 5  
184 1 3 4  
320 2 3 4  
36 1 2 4 5  
102 2 3  
198 4 5  
156 1  
155 1 3 4 5  
163 1 3 5  
39  
290 2 5  
272 4 5  
240  
399 1 3 4  
261 3  
301 1 2  
38 1 3 4 5  
62 1 4 5  
372 3 5  
135 1 4 5  
68  
63 1 2 4  
82 1 2 5  
322 1  
227 2 3 4  
287 1 2 3 5  
9  
289  
203 3  
105  
41 2 3 4 5  
295  
40  
57 1 2  
312 1  
296 1 2 3 4  
176 2 3 4 5  
140 1 4 5  
143 3 5  
115 1 2 4  
235  
306 1 2 3 5  
139 5  
318 1 2 5  
212 1 4 5  
332 1 2 3 4  
346 4  
134 5  
266 1 2 5  
245 1 3 4 5  
87 2 3 4  
384 2  
379  
341 1 5  
225 2 3  
46  
17  
300 1 3 4 5  
37 2  
324 1 3  
169 1 3 5  
394 1 2 5  
141  
276 2 4  
246  
175  
168  
365 1 4 5  
94 1 4  
321  
336  
146  
367 5  
130 1 2 3  
330 1 2 5  
33 1  
231 1 2 5  
153 2 3 4 5  
35  
173 4  
352 4  
26 1  
257  
34 1 3 5  
343 2  
340 1 2 4 5  
249 2 4 5  
371 2 3 5  
5 3 4  
96 4  
302 1 2 3  
250 1 2 3 4  
80  
236 5  
47 2 4 5  
265 2 4  
317 1 5  
248 3 4 5  
2 1 2 3 5  
278  
395 2 3 4  
200 3  
351 2 3 4 5  
45  
165  
42 2 4  
374 1 2 4  
29 1 4 5  
158 1 2 3  
267 1 3  
49  
110 3 5  
7  
157 3 4 5  
187 1 2 3 4  
370 1 2 4  
4 2  
347  
22 1 2 3  
84 1 4  
181 1 4 5  
209 2 4  
303 1  
327 3  
10  
133 3 4 5  
258  
172 1 2 3  
97 1 2 3  
160 1 5  
386 1 2 3  
193 3 4  
382 1 2  
216 4  
325  
254 3 5  
178  
314 2 3 4  
288 1 2 3  
136  
232 4  
161 3  
170 1  
95  
368 2 3  
238 5  
274 5  
378 2 3 4 5  
207 2  
377 3 5  
396 5  
75 3  
52 4 5  
56  
107 1 3 4  
373 1 2 5  
65 1 3 5  
185 1 2 3 4  
44 3 4 5  
342 1 3 4 5  
55  
328 1 2 3  
271  
142 1 2 3 5  
393 1 2 5  
363 1 2 4  
85 3 5  
323 1 2 3 4  
54 5  
79 1 5  
335 2 4 5  
164  
12 5  
223 2  
48 3  
186 2 3 4  
13 5  
339 1 2 4  
23 1 2 3 5  
281 1 2 3 5  
355 1 4  
308 1 3 5  
259 2 5  
8 2 3 5  
150  
398 2 3 4 5  
119 2 4  
334 2 3 4 5  
356 4  
260 2 5  
189 2 4  
364 1 2 5  
61 1 3  
128  
86 2 3 4 5  
294 1 2 4 5  
218  
67 1 3  
59  
277 2 4 5  
11 1 5  
166 3  
106 3  
116 1 3 4 5  
SIZE OF PROGRAMS (pID SIZE):
1 87.0 
2 98.0 
3 89.0 
4 57.0 
5 68.0 
COST_INSTALL_SERVER_AND_PROGRAMS :
0 2221.4285714285716 2.663265306122449 3.0 2.7244897959183674 1.7448979591836735 2.0816326530612246  
162 24.0 1.7755102040816326 2.0 1.816326530612245 1.163265306122449 1.3877551020408163  
58 3.363213515853302 2.663265306122449 3.0 2.7244897959183674 1.7448979591836735 2.0816326530612246  
125 16.42528325728325 1.7755102040816326 2.0 1.816326530612245 1.163265306122449 1.3877551020408163  
226 22.637163239763993 2.663265306122449 3.0 2.7244897959183674 1.7448979591836735 2.0816326530612246  
299 28.0 1.7755102040816326 2.0 1.816326530612245 1.163265306122449 1.3877551020408163  
331 2.8306987497193234 2.663265306122449 3.0 2.7244897959183674 1.7448979591836735 2.0816326530612246  
167 15.62657276152708 1.7755102040816326 2.0 1.816326530612245 1.163265306122449 1.3877551020408163  
154 4.482577204466691 2.663265306122449 3.0 2.7244897959183674 1.7448979591836735 2.0816326530612246  
375 14.36595651798722 1.7755102040816326 2.0 1.816326530612245 1.163265306122449 1.3877551020408163  
190 11.254333333333333 2.663265306122449 3.0 2.7244897959183674 1.7448979591836735 2.0816326530612246  
291 23.44447735191638 2.663265306122449 3.0 2.7244897959183674 1.7448979591836735 2.0816326530612246  
383 31.283938245464388 2.663265306122449 3.0 2.7244897959183674 1.7448979591836735 2.0816326530612246  
215 13.410838986963755 2.663265306122449 3.0 2.7244897959183674 1.7448979591836735 2.0816326530612246  
148 2.0729652133580707 2.663265306122449 3.0 2.7244897959183674 1.7448979591836735 2.0816326530612246  
98 17.87742611442611 2.663265306122449 3.0 2.7244897959183674 1.7448979591836735 2.0816326530612246  
348 22.191017316017312 2.663265306122449 3.0 2.7244897959183674 1.7448979591836735 2.0816326530612246  
273 5.87827922077922 2.663265306122449 3.0 2.7244897959183674 1.7448979591836735 2.0816326530612246  
171 8.486241603126624 1.7755102040816326 2.0 1.816326530612245 1.163265306122449 1.3877551020408163  
71 9.104070191296177 1.7755102040816326 2.0 1.816326530612245 1.163265306122449 1.3877551020408163  
237 3.384953781512605 2.663265306122449 3.0 2.7244897959183674 1.7448979591836735 2.0816326530612246  
354 27.015151515151512 2.663265306122449 3.0 2.7244897959183674 1.7448979591836735 2.0816326530612246  
78 10.276082517362422 2.663265306122449 3.0 2.7244897959183674 1.7448979591836735 2.0816326530612246  
217 6.656631952781113 1.7755102040816326 2.0 1.816326530612245 1.163265306122449 1.3877551020408163  
147 4.097812160884938 2.663265306122449 3.0 2.7244897959183674 1.7448979591836735 2.0816326530612246  
103 14.554692112263542 1.7755102040816326 2.0 1.816326530612245 1.163265306122449 1.3877551020408163  
3 4.494742353719798 1.7755102040816326 2.0 1.816326530612245 1.163265306122449 1.3877551020408163  
196 5.6927619047619045 1.7755102040816326 2.0 1.816326530612245 1.163265306122449 1.3877551020408163  
298 3.5344512798700998 2.663265306122449 3.0 2.7244897959183674 1.7448979591836735 2.0816326530612246  
359 13.099285714285717 1.7755102040816326 2.0 1.816326530612245 1.163265306122449 1.3877551020408163  
270 2.372124076553699 1.7755102040816326 2.0 1.816326530612245 1.163265306122449 1.3877551020408163  
357 22.287715799238356 2.663265306122449 3.0 2.7244897959183674 1.7448979591836735 2.0816326530612246  
93 7.455028244417225 1.7755102040816326 2.0 1.816326530612245 1.163265306122449 1.3877551020408163  
30 27.476732795046647 1.7755102040816326 2.0 1.816326530612245 1.163265306122449 1.3877551020408163  
151 10.43261534141959 2.663265306122449 3.0 2.7244897959183674 1.7448979591836735 2.0816326530612246  
64 0.8822660374855495 1.7755102040816326 2.0 1.816326530612245 1.163265306122449 1.3877551020408163  
32 25.908024073487486 2.663265306122449 3.0 2.7244897959183674 1.7448979591836735 2.0816326530612246  
205 6.982845938375349 1.7755102040816326 2.0 1.816326530612245 1.163265306122449 1.3877551020408163  
275 20.475795600795596 2.663265306122449 3.0 2.7244897959183674 1.7448979591836735 2.0816326530612246  
21 7.008425504717779 1.7755102040816326 2.0 1.816326530612245 1.163265306122449 1.3877551020408163  
206 14.277633124436212 1.7755102040816326 2.0 1.816326530612245 1.163265306122449 1.3877551020408163  
390 10.653230764003714 1.7755102040816326 2.0 1.816326530612245 1.163265306122449 1.3877551020408163  
195 5.685178571428571 1.7755102040816326 2.0 1.816326530612245 1.163265306122449 1.3877551020408163  
269 8.33539480792317 1.7755102040816326 2.0 1.816326530612245 1.163265306122449 1.3877551020408163  
18 7.806667534460328 2.663265306122449 3.0 2.7244897959183674 1.7448979591836735 2.0816326530612246  
310 53.0 1.7755102040816326 2.0 1.816326530612245 1.163265306122449 1.3877551020408163  
53 30.49324352409109 1.7755102040816326 2.0 1.816326530612245 1.163265306122449 1.3877551020408163  
197 67.0 2.663265306122449 3.0 2.7244897959183674 1.7448979591836735 2.0816326530612246  
1 4.190857142857142 2.663265306122449 3.0 2.7244897959183674 1.7448979591836735 2.0816326530612246  
358 1.0301674641148328 2.663265306122449 3.0 2.7244897959183674 1.7448979591836735 2.0816326530612246  
118 16.208650094630162 2.663265306122449 3.0 2.7244897959183674 1.7448979591836735 2.0816326530612246  
76 18.697802371541503 1.7755102040816326 2.0 1.816326530612245 1.163265306122449 1.3877551020408163  
183 11.564666666666666 2.663265306122449 3.0 2.7244897959183674 1.7448979591836735 2.0816326530612246  
286 8.069091208330839 1.7755102040816326 2.0 1.816326530612245 1.163265306122449 1.3877551020408163  
51 15.395390786913431 1.7755102040816326 2.0 1.816326530612245 1.163265306122449 1.3877551020408163  
280 19.89540584415584 2.663265306122449 3.0 2.7244897959183674 1.7448979591836735 2.0816326530612246  
89 4.510631072631073 2.663265306122449 3.0 2.7244897959183674 1.7448979591836735 2.0816326530612246  
124 11.695088015961772 1.7755102040816326 2.0 1.816326530612245 1.163265306122449 1.3877551020408163  
251 0.6534068627450982 2.663265306122449 3.0 2.7244897959183674 1.7448979591836735 2.0816326530612246  
194 6.42063775510204 2.663265306122449 3.0 2.7244897959183674 1.7448979591836735 2.0816326530612246  
199 10.82583251231527 2.663265306122449 3.0 2.7244897959183674 1.7448979591836735 2.0816326530612246  
307 21.188521054314617 1.7755102040816326 2.0 1.816326530612245 1.163265306122449 1.3877551020408163  
311 1.5977127923782433 2.663265306122449 3.0 2.7244897959183674 1.7448979591836735 2.0816326530612246  
113 29.650113761061128 2.663265306122449 3.0 2.7244897959183674 1.7448979591836735 2.0816326530612246  
91 9.8668866098628 1.7755102040816326 2.0 1.816326530612245 1.163265306122449 1.3877551020408163  
77 10.87398787010817 2.663265306122449 3.0 2.7244897959183674 1.7448979591836735 2.0816326530612246  
120 4.1172402230076655 1.7755102040816326 2.0 1.816326530612245 1.163265306122449 1.3877551020408163  
319 50.665142602495536 1.7755102040816326 2.0 1.816326530612245 1.163265306122449 1.3877551020408163  
214 6.435650206221848 2.663265306122449 3.0 2.7244897959183674 1.7448979591836735 2.0816326530612246  
392 0.9069863417064937 2.663265306122449 3.0 2.7244897959183674 1.7448979591836735 2.0816326530612246  
381 23.77662117229367 2.663265306122449 3.0 2.7244897959183674 1.7448979591836735 2.0816326530612246  
376 15.0 2.663265306122449 3.0 2.7244897959183674 1.7448979591836735 2.0816326530612246  
234 3.9538399359743908 2.663265306122449 3.0 2.7244897959183674 1.7448979591836735 2.0816326530612246  
313 32.352222134136674 1.7755102040816326 2.0 1.816326530612245 1.163265306122449 1.3877551020408163  
159 5.855520269635697 1.7755102040816326 2.0 1.816326530612245 1.163265306122449 1.3877551020408163  
204 10.836253501400558 2.663265306122449 3.0 2.7244897959183674 1.7448979591836735 2.0816326530612246  
247 24.581111766147284 1.7755102040816326 2.0 1.816326530612245 1.163265306122449 1.3877551020408163  
282 25.0 1.7755102040816326 2.0 1.816326530612245 1.163265306122449 1.3877551020408163  
233 28.081568316215375 2.663265306122449 3.0 2.7244897959183674 1.7448979591836735 2.0816326530612246  
138 17.553567395098497 2.663265306122449 3.0 2.7244897959183674 1.7448979591836735 2.0816326530612246  
366 6.171687875150062 2.663265306122449 3.0 2.7244897959183674 1.7448979591836735 2.0816326530612246  
182 10.761520408163268 2.663265306122449 3.0 2.7244897959183674 1.7448979591836735 2.0816326530612246  
179 15.594710048426153 2.663265306122449 3.0 2.7244897959183674 1.7448979591836735 2.0816326530612246  
27 28.86630142859135 1.7755102040816326 2.0 1.816326530612245 1.163265306122449 1.3877551020408163  
72 4.021895100187882 2.663265306122449 3.0 2.7244897959183674 1.7448979591836735 2.0816326530612246  
20 11.705201204206737 1.7755102040816326 2.0 1.816326530612245 1.163265306122449 1.3877551020408163  
14 34.22929456626587 2.663265306122449 3.0 2.7244897959183674 1.7448979591836735 2.0816326530612246  
297 36.96486809357889 2.663265306122449 3.0 2.7244897959183674 1.7448979591836735 2.0816326530612246  
264 0.5606943628515235 2.663265306122449 3.0 2.7244897959183674 1.7448979591836735 2.0816326530612246  
129 7.991246906780299 2.663265306122449 3.0 2.7244897959183674 1.7448979591836735 2.0816326530612246  
219 31.089960784313718 1.7755102040816326 2.0 1.816326530612245 1.163265306122449 1.3877551020408163  
99 10.47885605085605 2.663265306122449 3.0 2.7244897959183674 1.7448979591836735 2.0816326530612246  
132 6.145491339205626 2.663265306122449 3.0 2.7244897959183674 1.7448979591836735 2.0816326530612246  
333 24.20282547109752 2.663265306122449 3.0 2.7244897959183674 1.7448979591836735 2.0816326530612246  
101 3.7956171835457555 1.7755102040816326 2.0 1.816326530612245 1.163265306122449 1.3877551020408163  
191 5.308831262939958 1.7755102040816326 2.0 1.816326530612245 1.163265306122449 1.3877551020408163  
131 2.8439231810660384 2.663265306122449 3.0 2.7244897959183674 1.7448979591836735 2.0816326530612246  
388 18.985897119282242 1.7755102040816326 2.0 1.816326530612245 1.163265306122449 1.3877551020408163  
284 20.02510899814471 2.663265306122449 3.0 2.7244897959183674 1.7448979591836735 2.0816326530612246  
361 4.216309523809524 2.663265306122449 3.0 2.7244897959183674 1.7448979591836735 2.0816326530612246  
6 14.788155024315714 1.7755102040816326 2.0 1.816326530612245 1.163265306122449 1.3877551020408163  
111 13.307777079491363 2.663265306122449 3.0 2.7244897959183674 1.7448979591836735 2.0816326530612246  
337 2.107364638115689 1.7755102040816326 2.0 1.816326530612245 1.163265306122449 1.3877551020408163  
43 53.0 2.663265306122449 3.0 2.7244897959183674 1.7448979591836735 2.0816326530612246  
211 38.68000476307627 1.7755102040816326 2.0 1.816326530612245 1.163265306122449 1.3877551020408163  
279 12.41415584415584 2.663265306122449 3.0 2.7244897959183674 1.7448979591836735 2.0816326530612246  
353 37.0 1.7755102040816326 2.0 1.816326530612245 1.163265306122449 1.3877551020408163  
24 2.412112328651848 1.7755102040816326 2.0 1.816326530612245 1.163265306122449 1.3877551020408163  
256 26.0 1.7755102040816326 2.0 1.816326530612245 1.163265306122449 1.3877551020408163  
66 14.714561264822134 1.7755102040816326 2.0 1.816326530612245 1.163265306122449 1.3877551020408163  
252 13.97954611089719 1.7755102040816326 2.0 1.816326530612245 1.163265306122449 1.3877551020408163  
60 4.945245498790796 2.663265306122449 3.0 2.7244897959183674 1.7448979591836735 2.0816326530612246  
108 4.737071019071019 2.663265306122449 3.0 2.7244897959183674 1.7448979591836735 2.0816326530612246  
369 9.551979458450045 1.7755102040816326 2.0 1.816326530612245 1.163265306122449 1.3877551020408163  
73 2.169592953934386 1.7755102040816326 2.0 1.816326530612245 1.163265306122449 1.3877551020408163  
81 10.701454988387464 2.663265306122449 3.0 2.7244897959183674 1.7448979591836735 2.0816326530612246  
220 14.07595255051173 2.663265306122449 3.0 2.7244897959183674 1.7448979591836735 2.0816326530612246  
304 23.183282740197278 1.7755102040816326 2.0 1.816326530612245 1.163265306122449 1.3877551020408163  
210 27.006835001123054 1.7755102040816326 2.0 1.816326530612245 1.163265306122449 1.3877551020408163  
50 29.740644982050473 1.7755102040816326 2.0 1.816326530612245 1.163265306122449 1.3877551020408163  
243 2.6161565108802147 1.7755102040816326 2.0 1.816326530612245 1.163265306122449 1.3877551020408163  
104 10.401031882531885 1.7755102040816326 2.0 1.816326530612245 1.163265306122449 1.3877551020408163  
253 11.645985396187283 1.7755102040816326 2.0 1.816326530612245 1.163265306122449 1.3877551020408163  
31 10.160905501003063 1.7755102040816326 2.0 1.816326530612245 1.163265306122449 1.3877551020408163  
180 5.412132854836849 2.663265306122449 3.0 2.7244897959183674 1.7448979591836735 2.0816326530612246  
329 12.455477281821823 2.663265306122449 3.0 2.7244897959183674 1.7448979591836735 2.0816326530612246  
25 19.40378420104183 2.663265306122449 3.0 2.7244897959183674 1.7448979591836735 2.0816326530612246  
391 21.261225458469216 1.7755102040816326 2.0 1.816326530612245 1.163265306122449 1.3877551020408163  
28 18.99986827682906 2.663265306122449 3.0 2.7244897959183674 1.7448979591836735 2.0816326530612246  
326 9.698671915406477 1.7755102040816326 2.0 1.816326530612245 1.163265306122449 1.3877551020408163  
305 5.849663649336234 2.663265306122449 3.0 2.7244897959183674 1.7448979591836735 2.0816326530612246  
293 12.29810804866473 1.7755102040816326 2.0 1.816326530612245 1.163265306122449 1.3877551020408163  
263 6.348673043685559 1.7755102040816326 2.0 1.816326530612245 1.163265306122449 1.3877551020408163  
145 0.42943483302411867 1.7755102040816326 2.0 1.816326530612245 1.163265306122449 1.3877551020408163  
174 14.02530422074267 1.7755102040816326 2.0 1.816326530612245 1.163265306122449 1.3877551020408163  
74 13.0 2.663265306122449 3.0 2.7244897959183674 1.7448979591836735 2.0816326530612246  
255 59.0 2.663265306122449 3.0 2.7244897959183674 1.7448979591836735 2.0816326530612246  
127 10.811916876255227 1.7755102040816326 2.0 1.816326530612245 1.163265306122449 1.3877551020408163  
114 9.171997793712078 2.663265306122449 3.0 2.7244897959183674 1.7448979591836735 2.0816326530612246  
221 14.746578384156791 2.663265306122449 3.0 2.7244897959183674 1.7448979591836735 2.0816326530612246  
70 28.69673517786561 1.7755102040816326 2.0 1.816326530612245 1.163265306122449 1.3877551020408163  
385 8.159634262994022 2.663265306122449 3.0 2.7244897959183674 1.7448979591836735 2.0816326530612246  
262 1.546792255363684 1.7755102040816326 2.0 1.816326530612245 1.163265306122449 1.3877551020408163  
88 100.0 2.663265306122449 3.0 2.7244897959183674 1.7448979591836735 2.0816326530612246  
338 6.8762460066831546 2.663265306122449 3.0 2.7244897959183674 1.7448979591836735 2.0816326530612246  
69 11.76379406101145 1.7755102040816326 2.0 1.816326530612245 1.163265306122449 1.3877551020408163  
137 3.2757510941439514 2.663265306122449 3.0 2.7244897959183674 1.7448979591836735 2.0816326530612246  
283 10.112861201298701 1.7755102040816326 2.0 1.816326530612245 1.163265306122449 1.3877551020408163  
83 17.28207669371056 1.7755102040816326 2.0 1.816326530612245 1.163265306122449 1.3877551020408163  
213 1.0532240749017316 2.663265306122449 3.0 2.7244897959183674 1.7448979591836735 2.0816326530612246  
228 0.806758727058745 1.7755102040816326 2.0 1.816326530612245 1.163265306122449 1.3877551020408163  
121 25.043343972181177 1.7755102040816326 2.0 1.816326530612245 1.163265306122449 1.3877551020408163  
188 15.09937754762922 2.663265306122449 3.0 2.7244897959183674 1.7448979591836735 2.0816326530612246  
315 21.13507610591407 2.663265306122449 3.0 2.7244897959183674 1.7448979591836735 2.0816326530612246  
177 12.809642857142858 2.663265306122449 3.0 2.7244897959183674 1.7448979591836735 2.0816326530612246  
316 58.391954744161815 1.7755102040816326 2.0 1.816326530612245 1.163265306122449 1.3877551020408163  
224 11.629244999694796 1.7755102040816326 2.0 1.816326530612245 1.163265306122449 1.3877551020408163  
244 2.6626756702681074 2.663265306122449 3.0 2.7244897959183674 1.7448979591836735 2.0816326530612246  
239 29.408771976875855 2.663265306122449 3.0 2.7244897959183674 1.7448979591836735 2.0816326530612246  
292 2.514215351095509 1.7755102040816326 2.0 1.816326530612245 1.163265306122449 1.3877551020408163  
389 23.124536521679378 1.7755102040816326 2.0 1.816326530612245 1.163265306122449 1.3877551020408163  
380 6.415689093247359 2.663265306122449 3.0 2.7244897959183674 1.7448979591836735 2.0816326530612246  
109 42.177356717709294 1.7755102040816326 2.0 1.816326530612245 1.163265306122449 1.3877551020408163  
360 2.053818163420975 2.663265306122449 3.0 2.7244897959183674 1.7448979591836735 2.0816326530612246  
201 2.0928534322820034 1.7755102040816326 2.0 1.816326530612245 1.163265306122449 1.3877551020408163  
345 68.0 2.663265306122449 3.0 2.7244897959183674 1.7448979591836735 2.0816326530612246  
387 13.7465031798883 1.7755102040816326 2.0 1.816326530612245 1.163265306122449 1.3877551020408163  
149 0.40782142857142856 2.663265306122449 3.0 2.7244897959183674 1.7448979591836735 2.0816326530612246  
350 3.148993262376721 1.7755102040816326 2.0 1.816326530612245 1.163265306122449 1.3877551020408163  
122 9.718769359987382 2.663265306122449 3.0 2.7244897959183674 1.7448979591836735 2.0816326530612246  
397 32.0 1.7755102040816326 2.0 1.816326530612245 1.163265306122449 1.3877551020408163  
117 34.89295702077098 1.7755102040816326 2.0 1.816326530612245 1.163265306122449 1.3877551020408163  
90 5.396911259892626 1.7755102040816326 2.0 1.816326530612245 1.163265306122449 1.3877551020408163  
362 5.829346011131726 1.7755102040816326 2.0 1.816326530612245 1.163265306122449 1.3877551020408163  
268 1.5209885454181675 1.7755102040816326 2.0 1.816326530612245 1.163265306122449 1.3877551020408163  
16 71.0 1.7755102040816326 2.0 1.816326530612245 1.163265306122449 1.3877551020408163  
123 25.540643267061874 2.663265306122449 3.0 2.7244897959183674 1.7448979591836735 2.0816326530612246  
202 0.3257142857142856 1.7755102040816326 2.0 1.816326530612245 1.163265306122449 1.3877551020408163  
192 5.404245907935132 1.7755102040816326 2.0 1.816326530612245 1.163265306122449 1.3877551020408163  
112 12.511759107022261 2.663265306122449 3.0 2.7244897959183674 1.7448979591836735 2.0816326530612246  
222 1.4934353457845093 1.7755102040816326 2.0 1.816326530612245 1.163265306122449 1.3877551020408163  
349 0.8870096842564776 2.663265306122449 3.0 2.7244897959183674 1.7448979591836735 2.0816326530612246  
309 8.148614987084514 1.7755102040816326 2.0 1.816326530612245 1.163265306122449 1.3877551020408163  
144 47.0 1.7755102040816326 2.0 1.816326530612245 1.163265306122449 1.3877551020408163  
241 15.252855963221682 2.663265306122449 3.0 2.7244897959183674 1.7448979591836735 2.0816326530612246  
230 11.895444198515799 2.663265306122449 3.0 2.7244897959183674 1.7448979591836735 2.0816326530612246  
19 16.31085691088118 2.663265306122449 3.0 2.7244897959183674 1.7448979591836735 2.0816326530612246  
92 2.684684705678495 1.7755102040816326 2.0 1.816326530612245 1.163265306122449 1.3877551020408163  
285 12.003465397889357 1.7755102040816326 2.0 1.816326530612245 1.163265306122449 1.3877551020408163  
15 94.0 1.7755102040816326 2.0 1.816326530612245 1.163265306122449 1.3877551020408163  
100 32.86028325728326 1.7755102040816326 2.0 1.816326530612245 1.163265306122449 1.3877551020408163  
126 13.131752193752197 2.663265306122449 3.0 2.7244897959183674 1.7448979591836735 2.0816326530612246  
229 1.3319306589377076 2.663265306122449 3.0 2.7244897959183674 1.7448979591836735 2.0816326530612246  
242 39.71688652893293 1.7755102040816326 2.0 1.816326530612245 1.163265306122449 1.3877551020408163  
208 13.536466813844186 1.7755102040816326 2.0 1.816326530612245 1.163265306122449 1.3877551020408163  
344 22.97579081632653 2.663265306122449 3.0 2.7244897959183674 1.7448979591836735 2.0816326530612246  
152 14.034698674752919 2.663265306122449 3.0 2.7244897959183674 1.7448979591836735 2.0816326530612246  
184 2.4126008403361348 2.663265306122449 3.0 2.7244897959183674 1.7448979591836735 2.0816326530612246  
320 13.361555258467023 1.7755102040816326 2.0 1.816326530612245 1.163265306122449 1.3877551020408163  
36 25.846084796865284 1.7755102040816326 2.0 1.816326530612245 1.163265306122449 1.3877551020408163  
102 2.448050530121959 1.7755102040816326 2.0 1.816326530612245 1.163265306122449 1.3877551020408163  
198 0.5444302721088434 2.663265306122449 3.0 2.7244897959183674 1.7448979591836735 2.0816326530612246  
156 1.0976554289619391 2.663265306122449 3.0 2.7244897959183674 1.7448979591836735 2.0816326530612246  
155 27.87871904664245 2.663265306122449 3.0 2.7244897959183674 1.7448979591836735 2.0816326530612246  
163 12.04155503144654 1.7755102040816326 2.0 1.816326530612245 1.163265306122449 1.3877551020408163  
39 77.0 2.663265306122449 3.0 2.7244897959183674 1.7448979591836735 2.0816326530612246  
290 7.838079083864859 2.663265306122449 3.0 2.7244897959183674 1.7448979591836735 2.0816326530612246  
272 5.536775756814353 1.7755102040816326 2.0 1.816326530612245 1.163265306122449 1.3877551020408163  
240 5.328963843350987 1.7755102040816326 2.0 1.816326530612245 1.163265306122449 1.3877551020408163  
399 0.4598571182788653 1.7755102040816326 2.0 1.816326530612245 1.163265306122449 1.3877551020408163  
261 17.826698679471793 1.7755102040816326 2.0 1.816326530612245 1.163265306122449 1.3877551020408163  
301 14.643450471097529 2.663265306122449 3.0 2.7244897959183674 1.7448979591836735 2.0816326530612246  
38 19.219852771438138 2.663265306122449 3.0 2.7244897959183674 1.7448979591836735 2.0816326530612246  
62 2.6796432216641266 2.663265306122449 3.0 2.7244897959183674 1.7448979591836735 2.0816326530612246  
372 23.0 2.663265306122449 3.0 2.7244897959183674 1.7448979591836735 2.0816326530612246  
135 2.723351523476523 1.7755102040816326 2.0 1.816326530612245 1.163265306122449 1.3877551020408163  
68 20.330075098814227 1.7755102040816326 2.0 1.816326530612245 1.163265306122449 1.3877551020408163  
63 21.978688560973826 2.663265306122449 3.0 2.7244897959183674 1.7448979591836735 2.0816326530612246  
82 3.0908458498023723 1.7755102040816326 2.0 1.816326530612245 1.163265306122449 1.3877551020408163  
322 31.540560657829566 1.7755102040816326 2.0 1.816326530612245 1.163265306122449 1.3877551020408163  
227 25.3662331969742 1.7755102040816326 2.0 1.816326530612245 1.163265306122449 1.3877551020408163  
287 12.068310104529616 1.7755102040816326 2.0 1.816326530612245 1.163265306122449 1.3877551020408163  
9 7.507335334725165 1.7755102040816326 2.0 1.816326530612245 1.163265306122449 1.3877551020408163  
289 11.673117813274606 2.663265306122449 3.0 2.7244897959183674 1.7448979591836735 2.0816326530612246  
203 0.6310714285714287 2.663265306122449 3.0 2.7244897959183674 1.7448979591836735 2.0816326530612246  
105 0.69110418721133 2.663265306122449 3.0 2.7244897959183674 1.7448979591836735 2.0816326530612246  
41 23.416676310139728 1.7755102040816326 2.0 1.816326530612245 1.163265306122449 1.3877551020408163  
295 8.40369337979094 1.7755102040816326 2.0 1.816326530612245 1.163265306122449 1.3877551020408163  
40 83.0 2.663265306122449 3.0 2.7244897959183674 1.7448979591836735 2.0816326530612246  
57 17.295070568804018 2.663265306122449 3.0 2.7244897959183674 1.7448979591836735 2.0816326530612246  
312 1.8783579536685666 2.663265306122449 3.0 2.7244897959183674 1.7448979591836735 2.0816326530612246  
296 16.441716027874566 2.663265306122449 3.0 2.7244897959183674 1.7448979591836735 2.0816326530612246  
176 5.8838928571428575 2.663265306122449 3.0 2.7244897959183674 1.7448979591836735 2.0816326530612246  
140 34.81236167998667 1.7755102040816326 2.0 1.816326530612245 1.163265306122449 1.3877551020408163  
143 1.59492779244565 1.7755102040816326 2.0 1.816326530612245 1.163265306122449 1.3877551020408163  
115 2.200166477970989 1.7755102040816326 2.0 1.816326530612245 1.163265306122449 1.3877551020408163  
235 0.7043735312306741 2.663265306122449 3.0 2.7244897959183674 1.7448979591836735 2.0816326530612246  
306 50.512236126392594 2.663265306122449 3.0 2.7244897959183674 1.7448979591836735 2.0816326530612246  
139 7.038888631543795 1.7755102040816326 2.0 1.816326530612245 1.163265306122449 1.3877551020408163  
318 12.047256652661064 1.7755102040816326 2.0 1.816326530612245 1.163265306122449 1.3877551020408163  
212 3.113470947701114 1.7755102040816326 2.0 1.816326530612245 1.163265306122449 1.3877551020408163  
332 17.398591787812304 2.663265306122449 3.0 2.7244897959183674 1.7448979591836735 2.0816326530612246  
346 11.066666666666666 1.7755102040816326 2.0 1.816326530612245 1.163265306122449 1.3877551020408163  
134 9.29340584415584 2.663265306122449 3.0 2.7244897959183674 1.7448979591836735 2.0816326530612246  
266 14.39051949081519 1.7755102040816326 2.0 1.816326530612245 1.163265306122449 1.3877551020408163  
245 10.670684873949583 2.663265306122449 3.0 2.7244897959183674 1.7448979591836735 2.0816326530612246  
87 7.87221441979381 2.663265306122449 3.0 2.7244897959183674 1.7448979591836735 2.0816326530612246  
384 7.565458093780829 2.663265306122449 3.0 2.7244897959183674 1.7448979591836735 2.0816326530612246  
379 11.992443316949421 1.7755102040816326 2.0 1.816326530612245 1.163265306122449 1.3877551020408163  
341 3.900646319133714 1.7755102040816326 2.0 1.816326530612245 1.163265306122449 1.3877551020408163  
225 20.92912490872055 1.7755102040816326 2.0 1.816326530612245 1.163265306122449 1.3877551020408163  
46 70.0 2.663265306122449 3.0 2.7244897959183674 1.7448979591836735 2.0816326530612246  
17 22.044660833367676 1.7755102040816326 2.0 1.816326530612245 1.163265306122449 1.3877551020408163  
300 10.524848484848482 2.663265306122449 3.0 2.7244897959183674 1.7448979591836735 2.0816326530612246  
37 26.36583224905176 1.7755102040816326 2.0 1.816326530612245 1.163265306122449 1.3877551020408163  
324 16.369205323154898 2.663265306122449 3.0 2.7244897959183674 1.7448979591836735 2.0816326530612246  
169 11.237382998482412 1.7755102040816326 2.0 1.816326530612245 1.163265306122449 1.3877551020408163  
394 17.07210499294057 1.7755102040816326 2.0 1.816326530612245 1.163265306122449 1.3877551020408163  
141 12.81223579087095 2.663265306122449 3.0 2.7244897959183674 1.7448979591836735 2.0816326530612246  
276 23.852817033421136 1.7755102040816326 2.0 1.816326530612245 1.163265306122449 1.3877551020408163  
246 22.516071683218737 2.663265306122449 3.0 2.7244897959183674 1.7448979591836735 2.0816326530612246  
175 86.0 1.7755102040816326 2.0 1.816326530612245 1.163265306122449 1.3877551020408163  
168 24.0 1.7755102040816326 2.0 1.816326530612245 1.163265306122449 1.3877551020408163  
365 1.633714285714286 1.7755102040816326 2.0 1.816326530612245 1.163265306122449 1.3877551020408163  
94 1.168712000215106 2.663265306122449 3.0 2.7244897959183674 1.7448979591836735 2.0816326530612246  
321 93.0 1.7755102040816326 2.0 1.816326530612245 1.163265306122449 1.3877551020408163  
336 90.0 1.7755102040816326 2.0 1.816326530612245 1.163265306122449 1.3877551020408163  
146 45.0 1.7755102040816326 2.0 1.816326530612245 1.163265306122449 1.3877551020408163  
367 0.42153974221267465 2.663265306122449 3.0 2.7244897959183674 1.7448979591836735 2.0816326530612246  
130 2.6518628886185276 2.663265306122449 3.0 2.7244897959183674 1.7448979591836735 2.0816326530612246  
330 7.264802648332058 2.663265306122449 3.0 2.7244897959183674 1.7448979591836735 2.0816326530612246  
33 5.86970128106111 1.7755102040816326 2.0 1.816326530612245 1.163265306122449 1.3877551020408163  
231 21.331222557597265 1.7755102040816326 2.0 1.816326530612245 1.163265306122449 1.3877551020408163  
153 24.553040431266844 2.663265306122449 3.0 2.7244897959183674 1.7448979591836735 2.0816326530612246  
35 15.794037377256885 1.7755102040816326 2.0 1.816326530612245 1.163265306122449 1.3877551020408163  
173 2.0272207989578805 2.663265306122449 3.0 2.7244897959183674 1.7448979591836735 2.0816326530612246  
352 0.5492115027829313 2.663265306122449 3.0 2.7244897959183674 1.7448979591836735 2.0816326530612246  
26 1.142567216243482 2.663265306122449 3.0 2.7244897959183674 1.7448979591836735 2.0816326530612246  
257 52.0 1.7755102040816326 2.0 1.816326530612245 1.163265306122449 1.3877551020408163  
34 26.49644852902895 1.7755102040816326 2.0 1.816326530612245 1.163265306122449 1.3877551020408163  
343 13.042976190476187 2.663265306122449 3.0 2.7244897959183674 1.7448979591836735 2.0816326530612246  
340 12.040707191967696 1.7755102040816326 2.0 1.816326530612245 1.163265306122449 1.3877551020408163  
249 17.652545259540258 2.663265306122449 3.0 2.7244897959183674 1.7448979591836735 2.0816326530612246  
371 0.42355442176870756 2.663265306122449 3.0 2.7244897959183674 1.7448979591836735 2.0816326530612246  
5 1.6823395628761482 1.7755102040816326 2.0 1.816326530612245 1.163265306122449 1.3877551020408163  
96 8.282426114426114 2.663265306122449 3.0 2.7244897959183674 1.7448979591836735 2.0816326530612246  
302 26.504879042526095 1.7755102040816326 2.0 1.816326530612245 1.163265306122449 1.3877551020408163  
250 11.439477680952317 2.663265306122449 3.0 2.7244897959183674 1.7448979591836735 2.0816326530612246  
80 21.0 1.7755102040816326 2.0 1.816326530612245 1.163265306122449 1.3877551020408163  
236 5.058894248608534 2.663265306122449 3.0 2.7244897959183674 1.7448979591836735 2.0816326530612246  
47 2.069582230132753 2.663265306122449 3.0 2.7244897959183674 1.7448979591836735 2.0816326530612246  
265 9.996907253467425 1.7755102040816326 2.0 1.816326530612245 1.163265306122449 1.3877551020408163  
317 19.707186994954554 2.663265306122449 3.0 2.7244897959183674 1.7448979591836735 2.0816326530612246  
248 31.941142680845196 2.663265306122449 3.0 2.7244897959183674 1.7448979591836735 2.0816326530612246  
2 1.3087792207792195 2.663265306122449 3.0 2.7244897959183674 1.7448979591836735 2.0816326530612246  
278 20.0 1.7755102040816326 2.0 1.816326530612245 1.163265306122449 1.3877551020408163  
395 4.022536010049883 1.7755102040816326 2.0 1.816326530612245 1.163265306122449 1.3877551020408163  
200 0.6689822894675111 1.7755102040816326 2.0 1.816326530612245 1.163265306122449 1.3877551020408163  
351 3.5562073107867835 2.663265306122449 3.0 2.7244897959183674 1.7448979591836735 2.0816326530612246  
45 109.0 2.663265306122449 3.0 2.7244897959183674 1.7448979591836735 2.0816326530612246  
165 2.2027046556568126 1.7755102040816326 2.0 1.816326530612245 1.163265306122449 1.3877551020408163  
42 1.9011704471809001 2.663265306122449 3.0 2.7244897959183674 1.7448979591836735 2.0816326530612246  
374 8.515914944594192 1.7755102040816326 2.0 1.816326530612245 1.163265306122449 1.3877551020408163  
29 2.9951948950054064 1.7755102040816326 2.0 1.816326530612245 1.163265306122449 1.3877551020408163  
158 15.011145038041244 1.7755102040816326 2.0 1.816326530612245 1.163265306122449 1.3877551020408163  
267 9.761098439375749 2.663265306122449 3.0 2.7244897959183674 1.7448979591836735 2.0816326530612246  
49 40.0 1.7755102040816326 2.0 1.816326530612245 1.163265306122449 1.3877551020408163  
110 20.394329903566984 1.7755102040816326 2.0 1.816326530612245 1.163265306122449 1.3877551020408163  
7 29.0 2.663265306122449 3.0 2.7244897959183674 1.7448979591836735 2.0816326530612246  
157 22.589810383470414 2.663265306122449 3.0 2.7244897959183674 1.7448979591836735 2.0816326530612246  
187 24.614606442577035 2.663265306122449 3.0 2.7244897959183674 1.7448979591836735 2.0816326530612246  
370 3.797208216619981 2.663265306122449 3.0 2.7244897959183674 1.7448979591836735 2.0816326530612246  
4 0.42759312422470325 2.663265306122449 3.0 2.7244897959183674 1.7448979591836735 2.0816326530612246  
347 8.613203463203464 2.663265306122449 3.0 2.7244897959183674 1.7448979591836735 2.0816326530612246  
22 3.0123395628761487 1.7755102040816326 2.0 1.816326530612245 1.163265306122449 1.3877551020408163  
84 3.4709683752011307 2.663265306122449 3.0 2.7244897959183674 1.7448979591836735 2.0816326530612246  
181 6.933389791455128 1.7755102040816326 2.0 1.816326530612245 1.163265306122449 1.3877551020408163  
209 23.61455697568947 1.7755102040816326 2.0 1.816326530612245 1.163265306122449 1.3877551020408163  
303 4.5971581359816645 1.7755102040816326 2.0 1.816326530612245 1.163265306122449 1.3877551020408163  
327 6.242523079770064 1.7755102040816326 2.0 1.816326530612245 1.163265306122449 1.3877551020408163  
10 25.0 1.7755102040816326 2.0 1.816326530612245 1.163265306122449 1.3877551020408163  
133 4.374618696618698 2.663265306122449 3.0 2.7244897959183674 1.7448979591836735 2.0816326530612246  
258 73.0 2.663265306122449 3.0 2.7244897959183674 1.7448979591836735 2.0816326530612246  
172 12.422956035605731 1.7755102040816326 2.0 1.816326530612245 1.163265306122449 1.3877551020408163  
97 17.380877812877806 2.663265306122449 3.0 2.7244897959183674 1.7448979591836735 2.0816326530612246  
160 1.6330516358028788 2.663265306122449 3.0 2.7244897959183674 1.7448979591836735 2.0816326530612246  
386 11.069894961237585 1.7755102040816326 2.0 1.816326530612245 1.163265306122449 1.3877551020408163  
193 6.104766967422757 2.663265306122449 3.0 2.7244897959183674 1.7448979591836735 2.0816326530612246  
382 1.765432810136973 2.663265306122449 3.0 2.7244897959183674 1.7448979591836735 2.0816326530612246  
216 1.214748432706416 2.663265306122449 3.0 2.7244897959183674 1.7448979591836735 2.0816326530612246  
325 15.228992233256934 2.663265306122449 3.0 2.7244897959183674 1.7448979591836735 2.0816326530612246  
254 7.890846818134842 1.7755102040816326 2.0 1.816326530612245 1.163265306122449 1.3877551020408163  
178 43.0 2.663265306122449 3.0 2.7244897959183674 1.7448979591836735 2.0816326530612246  
314 37.29222213413668 1.7755102040816326 2.0 1.816326530612245 1.163265306122449 1.3877551020408163  
288 2.9342421602787456 2.663265306122449 3.0 2.7244897959183674 1.7448979591836735 2.0816326530612246  
136 25.040933108558107 2.663265306122449 3.0 2.7244897959183674 1.7448979591836735 2.0816326530612246  
232 4.413190807651012 2.663265306122449 3.0 2.7244897959183674 1.7448979591836735 2.0816326530612246  
161 0.8336838820433834 2.663265306122449 3.0 2.7244897959183674 1.7448979591836735 2.0816326530612246  
170 11.876418377220265 2.663265306122449 3.0 2.7244897959183674 1.7448979591836735 2.0816326530612246  
95 19.0 1.7755102040816326 2.0 1.816326530612245 1.163265306122449 1.3877551020408163  
368 0.4342857142857138 1.7755102040816326 2.0 1.816326530612245 1.163265306122449 1.3877551020408163  
238 20.111142171762324 1.7755102040816326 2.0 1.816326530612245 1.163265306122449 1.3877551020408163  
274 6.624320563606279 1.7755102040816326 2.0 1.816326530612245 1.163265306122449 1.3877551020408163  
378 3.0547011257333128 2.663265306122449 3.0 2.7244897959183674 1.7448979591836735 2.0816326530612246  
207 11.247188149836207 2.663265306122449 3.0 2.7244897959183674 1.7448979591836735 2.0816326530612246  
377 8.712459960923571 2.663265306122449 3.0 2.7244897959183674 1.7448979591836735 2.0816326530612246  
396 0.23662120260219266 2.663265306122449 3.0 2.7244897959183674 1.7448979591836735 2.0816326530612246  
75 1.151926099194762 1.7755102040816326 2.0 1.816326530612245 1.163265306122449 1.3877551020408163  
52 3.154787353374462 1.7755102040816326 2.0 1.816326530612245 1.163265306122449 1.3877551020408163  
56 90.0 2.663265306122449 3.0 2.7244897959183674 1.7448979591836735 2.0816326530612246  
107 17.35159346359346 1.7755102040816326 2.0 1.816326530612245 1.163265306122449 1.3877551020408163  
373 5.1474123989218326 2.663265306122449 3.0 2.7244897959183674 1.7448979591836735 2.0816326530612246  
65 1.2155338250599579 2.663265306122449 3.0 2.7244897959183674 1.7448979591836735 2.0816326530612246  
185 2.5721204274813383 2.663265306122449 3.0 2.7244897959183674 1.7448979591836735 2.0816326530612246  
44 3.007824510242629 1.7755102040816326 2.0 1.816326530612245 1.163265306122449 1.3877551020408163  
342 15.453333333333333 1.7755102040816326 2.0 1.816326530612245 1.163265306122449 1.3877551020408163  
55 45.0 1.7755102040816326 2.0 1.816326530612245 1.163265306122449 1.3877551020408163  
328 24.529836922911453 2.663265306122449 3.0 2.7244897959183674 1.7448979591836735 2.0816326530612246  
271 3.7243647458983586 2.663265306122449 3.0 2.7244897959183674 1.7448979591836735 2.0816326530612246  
142 46.79447285168584 1.7755102040816326 2.0 1.816326530612245 1.163265306122449 1.3877551020408163  
393 8.152632335953248 2.663265306122449 3.0 2.7244897959183674 1.7448979591836735 2.0816326530612246  
363 1.6218556311413455 2.663265306122449 3.0 2.7244897959183674 1.7448979591836735 2.0816326530612246  
85 1.6235224651125273 2.663265306122449 3.0 2.7244897959183674 1.7448979591836735 2.0816326530612246  
323 35.766618397998805 2.663265306122449 3.0 2.7244897959183674 1.7448979591836735 2.0816326530612246  
54 0.850008162762518 1.7755102040816326 2.0 1.816326530612245 1.163265306122449 1.3877551020408163  
79 2.069096286736038 2.663265306122449 3.0 2.7244897959183674 1.7448979591836735 2.0816326530612246  
335 24.22447226038786 1.7755102040816326 2.0 1.816326530612245 1.163265306122449 1.3877551020408163  
164 1.771223174175331 1.7755102040816326 2.0 1.816326530612245 1.163265306122449 1.3877551020408163  
12 0.8795489790890486 2.663265306122449 3.0 2.7244897959183674 1.7448979591836735 2.0816326530612246  
223 1.7201020124511759 2.663265306122449 3.0 2.7244897959183674 1.7448979591836735 2.0816326530612246  
48 0.8229801314958108 2.663265306122449 3.0 2.7244897959183674 1.7448979591836735 2.0816326530612246  
186 9.250511832319136 1.7755102040816326 2.0 1.816326530612245 1.163265306122449 1.3877551020408163  
13 14.835719203481041 2.663265306122449 3.0 2.7244897959183674 1.7448979591836735 2.0816326530612246  
339 10.389087885154058 1.7755102040816326 2.0 1.816326530612245 1.163265306122449 1.3877551020408163  
23 17.795740983754925 1.7755102040816326 2.0 1.816326530612245 1.163265306122449 1.3877551020408163  
281 26.690990259740257 1.7755102040816326 2.0 1.816326530612245 1.163265306122449 1.3877551020408163  
355 11.688788204276927 2.663265306122449 3.0 2.7244897959183674 1.7448979591836735 2.0816326530612246  
308 18.454033736502748 1.7755102040816326 2.0 1.816326530612245 1.163265306122449 1.3877551020408163  
259 5.344077975844426 2.663265306122449 3.0 2.7244897959183674 1.7448979591836735 2.0816326530612246  
8 15.483111962005795 1.7755102040816326 2.0 1.816326530612245 1.163265306122449 1.3877551020408163  
150 9.406766846361185 1.7755102040816326 2.0 1.816326530612245 1.163265306122449 1.3877551020408163  
398 4.627248223474638 1.7755102040816326 2.0 1.816326530612245 1.163265306122449 1.3877551020408163  
119 2.211495257309211 1.7755102040816326 2.0 1.816326530612245 1.163265306122449 1.3877551020408163  
334 33.322293258212376 1.7755102040816326 2.0 1.816326530612245 1.163265306122449 1.3877551020408163  
356 3.6442486085343226 1.7755102040816326 2.0 1.816326530612245 1.163265306122449 1.3877551020408163  
260 12.221573854699113 2.663265306122449 3.0 2.7244897959183674 1.7448979591836735 2.0816326530612246  
189 7.913811903292391 2.663265306122449 3.0 2.7244897959183674 1.7448979591836735 2.0816326530612246  
364 4.037047619047618 2.663265306122449 3.0 2.7244897959183674 1.7448979591836735 2.0816326530612246  
61 6.850683278780838 1.7755102040816326 2.0 1.816326530612245 1.163265306122449 1.3877551020408163  
128 1.2031499946674649 1.7755102040816326 2.0 1.816326530612245 1.163265306122449 1.3877551020408163  
86 23.451476393568107 1.7755102040816326 2.0 1.816326530612245 1.163265306122449 1.3877551020408163  
294 26.858542241730387 2.663265306122449 3.0 2.7244897959183674 1.7448979591836735 2.0816326530612246  
218 96.0 1.7755102040816326 2.0 1.816326530612245 1.163265306122449 1.3877551020408163  
67 18.51456126482214 2.663265306122449 3.0 2.7244897959183674 1.7448979591836735 2.0816326530612246  
59 69.0 1.7755102040816326 2.0 1.816326530612245 1.163265306122449 1.3877551020408163  
277 10.618176761660804 2.663265306122449 3.0 2.7244897959183674 1.7448979591836735 2.0816326530612246  
11 8.138954649117592 2.663265306122449 3.0 2.7244897959183674 1.7448979591836735 2.0816326530612246  
166 1.053281218357364 1.7755102040816326 2.0 1.816326530612245 1.163265306122449 1.3877551020408163  
106 0.9030089491160919 2.663265306122449 3.0 2.7244897959183674 1.7448979591836735 2.0816326530612246  
116 17.69705352347212 2.663265306122449 3.0 2.7244897959183674 1.7448979591836735 2.0816326530612246  
