500 4
TREE NETWORK (nID nID Weight):
1 0 50.0 
275 0 57.0 
373 0 42.0 
395 0 42.0 
2 1 32.0 
157 1 40.0 
452 0 55.0 
276 275 40.0 
3 2 49.0 
4 3 56.0 
374 373 57.0 
396 395 46.0 
397 396 32.0 
215 1 43.0 
48 3 32.0 
436 395 34.0 
74 2 34.0 
158 157 30.0 
459 0 56.0 
84 2 42.0 
293 275 30.0 
159 158 33.0 
5 4 46.0 
160 159 33.0 
252 1 58.0 
75 74 31.0 
216 215 31.0 
85 84 54.0 
341 275 57.0 
258 1 43.0 
294 293 43.0 
128 2 59.0 
277 276 53.0 
283 276 54.0 
409 396 35.0 
259 258 46.0 
297 293 54.0 
302 293 34.0 
23 4 52.0 
326 293 46.0 
86 85 53.0 
80 74 37.0 
260 259 45.0 
398 397 58.0 
464 0 49.0 
422 396 59.0 
460 459 38.0 
91 84 34.0 
465 464 40.0 
31 4 51.0 
437 436 56.0 
278 277 46.0 
173 158 49.0 
327 293 55.0 
129 128 45.0 
269 1 41.0 
174 173 48.0 
206 157 44.0 
6 5 35.0 
175 174 42.0 
145 2 41.0 
207 157 45.0 
49 48 51.0 
217 216 54.0 
466 465 33.0 
92 91 36.0 
50 49 36.0 
208 207 59.0 
130 129 52.0 
182 174 36.0 
209 208 52.0 
467 466 30.0 
97 91 38.0 
253 252 33.0 
100 91 35.0 
105 91 59.0 
381 373 47.0 
382 381 42.0 
146 145 43.0 
219 216 51.0 
134 129 46.0 
176 175 48.0 
32 31 45.0 
183 174 39.0 
342 275 50.0 
7 6 33.0 
461 460 40.0 
81 80 45.0 
303 302 34.0 
298 297 52.0 
440 395 32.0 
220 219 41.0 
442 395 50.0 
428 396 46.0 
279 278 32.0 
190 173 57.0 
453 452 33.0 
179 175 51.0 
438 436 51.0 
51 49 31.0 
13 5 59.0 
481 465 31.0 
486 465 40.0 
161 160 45.0 
304 302 35.0 
343 342 50.0 
399 398 49.0 
147 146 46.0 
221 219 40.0 
350 275 43.0 
383 381 37.0 
109 91 52.0 
344 343 31.0 
305 304 39.0 
150 145 37.0 
191 190 59.0 
441 440 56.0 
328 327 37.0 
235 219 57.0 
243 216 39.0 
354 275 39.0 
284 276 49.0 
478 466 46.0 
246 215 36.0 
295 294 48.0 
166 159 41.0 
355 354 47.0 
410 409 59.0 
415 409 43.0 
247 215 42.0 
141 128 30.0 
375 374 56.0 
242 219 37.0 
151 145 32.0 
101 100 53.0 
18 5 40.0 
443 442 56.0 
87 86 31.0 
184 174 49.0 
152 151 45.0 
356 355 50.0 
19 18 30.0 
493 0 35.0 
360 355 50.0 
416 409 56.0 
376 375 55.0 
384 383 47.0 
262 258 32.0 
280 277 31.0 
222 221 30.0 
185 184 40.0 
417 416 36.0 
385 384 46.0 
315 304 54.0 
400 399 59.0 
33 31 54.0 
362 355 57.0 
110 109 51.0 
423 422 57.0 
426 422 56.0 
111 110 51.0 
149 146 43.0 
197 173 44.0 
462 460 42.0 
192 191 47.0 
336 293 35.0 
188 174 58.0 
468 467 37.0 
118 91 52.0 
332 327 46.0 
187 184 57.0 
34 31 32.0 
199 173 51.0 
301 297 54.0 
24 23 59.0 
263 262 51.0 
286 276 56.0 
411 410 50.0 
35 34 51.0 
148 147 45.0 
322 304 58.0 
316 315 55.0 
418 416 34.0 
61 3 45.0 
367 275 44.0 
163 160 33.0 
62 61 32.0 
203 173 34.0 
281 280 37.0 
351 350 30.0 
9 6 53.0 
25 24 44.0 
470 467 32.0 
292 276 56.0 
401 400 42.0 
306 305 31.0 
287 286 59.0 
364 355 31.0 
337 336 35.0 
119 118 49.0 
386 373 34.0 
93 92 47.0 
424 423 41.0 
28 24 35.0 
270 269 35.0 
387 386 38.0 
427 426 31.0 
403 398 38.0 
229 221 52.0 
261 259 42.0 
165 160 46.0 
357 356 58.0 
180 179 38.0 
271 270 31.0 
487 486 54.0 
265 258 50.0 
419 409 48.0 
131 130 46.0 
244 243 58.0 
254 253 35.0 
36 35 40.0 
256 252 53.0 
198 197 32.0 
266 265 56.0 
457 452 36.0 
10 6 54.0 
472 467 40.0 
368 367 33.0 
324 304 59.0 
369 368 51.0 
137 129 33.0 
377 375 47.0 
346 342 41.0 
37 36 57.0 
248 247 58.0 
264 263 46.0 
307 306 32.0 
94 92 52.0 
250 215 34.0 
282 277 44.0 
65 61 33.0 
112 111 36.0 
167 166 43.0 
257 256 52.0 
231 221 49.0 
454 453 51.0 
193 192 38.0 
63 62 40.0 
211 207 46.0 
317 315 32.0 
223 222 55.0 
82 80 33.0 
142 141 33.0 
177 176 49.0 
372 275 30.0 
236 235 30.0 
44 4 59.0 
45 44 47.0 
329 328 31.0 
138 129 31.0 
430 396 56.0 
425 423 44.0 
447 442 30.0 
366 355 40.0 
168 167 34.0 
226 222 42.0 
43 31 41.0 
143 142 32.0 
14 13 31.0 
361 360 51.0 
11 6 38.0 
26 25 48.0 
308 307 51.0 
27 26 32.0 
404 403 50.0 
338 337 30.0 
38 37 38.0 
224 223 37.0 
288 287 40.0 
455 454 47.0 
272 271 53.0 
323 322 39.0 
388 386 34.0 
339 338 47.0 
59 48 34.0 
135 134 52.0 
309 308 54.0 
310 308 35.0 
412 411 46.0 
172 159 35.0 
218 217 52.0 
113 111 43.0 
66 65 54.0 
274 269 30.0 
67 61 32.0 
290 287 35.0 
370 369 36.0 
358 357 52.0 
238 235 59.0 
473 472 55.0 
494 493 54.0 
448 447 52.0 
495 494 40.0 
194 192 47.0 
114 113 55.0 
474 473 33.0 
76 75 49.0 
488 486 30.0 
60 59 38.0 
267 265 49.0 
89 85 36.0 
389 386 47.0 
39 38 41.0 
431 430 31.0 
230 229 30.0 
69 3 53.0 
450 447 56.0 
52 49 45.0 
153 2 56.0 
285 284 43.0 
102 101 30.0 
20 19 37.0 
29 23 39.0 
227 222 49.0 
213 207 58.0 
391 386 55.0 
40 38 56.0 
169 168 59.0 
407 397 38.0 
30 23 51.0 
347 346 32.0 
88 87 35.0 
421 409 58.0 
164 163 39.0 
420 419 47.0 
255 254 56.0 
239 235 45.0 
232 231 53.0 
318 317 31.0 
296 294 52.0 
475 474 45.0 
214 157 32.0 
237 236 55.0 
313 305 45.0 
200 199 35.0 
352 350 51.0 
432 431 43.0 
123 91 41.0 
444 443 34.0 
136 135 51.0 
348 347 48.0 
64 62 51.0 
104 100 34.0 
210 208 37.0 
55 49 50.0 
195 194 52.0 
496 495 40.0 
196 190 31.0 
106 105 58.0 
291 286 56.0 
345 344 39.0 
12 6 47.0 
70 69 54.0 
201 199 54.0 
413 410 38.0 
469 468 51.0 
71 3 53.0 
178 176 57.0 
162 161 32.0 
21 5 40.0 
22 5 33.0 
482 481 53.0 
68 61 59.0 
56 49 43.0 
491 464 50.0 
476 473 56.0 
406 403 37.0 
83 80 31.0 
405 404 46.0 
320 315 33.0 
186 185 34.0 
53 52 56.0 
144 141 39.0 
154 153 52.0 
98 97 31.0 
121 118 47.0 
485 481 36.0 
251 250 44.0 
77 76 34.0 
445 444 33.0 
371 369 37.0 
120 119 43.0 
479 478 32.0 
380 375 53.0 
498 493 50.0 
311 307 44.0 
107 105 32.0 
483 482 43.0 
490 465 34.0 
115 111 39.0 
202 201 56.0 
181 179 47.0 
492 491 47.0 
392 386 31.0 
72 71 30.0 
79 75 39.0 
170 169 45.0 
299 298 32.0 
319 318 42.0 
228 227 37.0 
41 40 59.0 
477 472 31.0 
359 357 47.0 
240 235 31.0 
349 348 47.0 
125 84 58.0 
433 431 33.0 
99 97 31.0 
393 386 56.0 
139 138 44.0 
95 94 52.0 
140 138 43.0 
300 299 47.0 
189 174 33.0 
108 107 30.0 
480 466 34.0 
497 494 38.0 
312 307 58.0 
268 258 49.0 
47 4 37.0 
212 211 40.0 
8 7 41.0 
314 313 36.0 
325 304 41.0 
446 443 30.0 
394 373 56.0 
103 102 52.0 
340 336 40.0 
353 350 44.0 
122 121 32.0 
132 131 32.0 
46 44 42.0 
333 327 58.0 
155 2 46.0 
363 362 42.0 
15 14 33.0 
471 470 57.0 
434 430 42.0 
456 454 32.0 
90 85 30.0 
484 483 32.0 
330 329 42.0 
435 434 52.0 
321 320 47.0 
225 223 52.0 
204 158 35.0 
234 221 38.0 
334 333 32.0 
249 248 43.0 
54 52 54.0 
57 49 42.0 
378 377 50.0 
96 94 32.0 
379 378 47.0 
449 448 45.0 
58 57 37.0 
390 389 49.0 
408 407 58.0 
16 15 35.0 
451 447 37.0 
331 330 56.0 
489 486 33.0 
289 288 33.0 
273 272 32.0 
245 244 55.0 
499 498 36.0 
233 232 41.0 
439 436 50.0 
205 158 50.0 
116 110 31.0 
124 91 45.0 
402 400 47.0 
126 125 46.0 
78 76 43.0 
133 131 34.0 
42 36 42.0 
335 334 59.0 
429 428 54.0 
127 125 56.0 
365 364 51.0 
73 71 38.0 
171 167 30.0 
414 413 55.0 
117 110 35.0 
156 2 59.0 
463 459 55.0 
17 16 56.0 
458 452 46.0 
241 235 46.0 
PROGRAMS ASSIGNED TO NODES (nID pID1 pID2 ...):
0 1 2 3 4  
200 1 2 4  
245 1 3 4  
412  
410 3  
360  
16 1 3 4  
218 1 4  
221 1  
23 1 2  
295 2 3 4  
206 2 3 4  
482  
197 1 2 4  
161  
477 2 3 4  
430 2 4  
196 1  
207 1  
45 1  
439 1 4  
318 2 4  
366 1  
110 4  
290  
416 3 4  
17 1 2 3  
171 1 2 4  
280 1 2  
202 2 4  
335  
142  
481 2  
47 2 4  
388  
14 2 4  
316 1 2  
85 1 4  
431 3 4  
321  
135 1 4  
189 1 2 3  
29 4  
294 1 3 4  
357 2 3  
355  
61 1 2 4  
141 2  
362  
486 2 4  
342 1 2 3  
375 1 4  
436 1 3 4  
288 2  
349 1 3 4  
353  
36  
180 2 3  
24 4  
19  
483 1 2  
268 1  
424  
310 1 4  
408  
373 1 2 4  
183  
350 1 2 3  
155 1 2 4  
315 1 3  
446 1 2  
394 1 3 4  
404  
226 3  
476 2  
4 2 3  
59 2  
376  
48 1 3  
227 4  
382 1 2 3  
248  
15  
455 1 3 4  
246 2 3 4  
488 2 3  
378 1  
31 1 3  
165  
164 3  
191 4  
86 1 2 3  
169 2 3  
80 1  
395 1 2 3  
120 1  
210 1 3  
346 1 2 3  
452  
235 1 2 3  
154 3  
148 1  
125 3  
328  
396 2  
217 1 2 3  
491 1 2 4  
28  
101 2 3  
192 2 3 4  
438 3  
317  
43 1  
450  
147 3  
306 1 3 4  
83  
162 1 2 3  
7 3  
20 1 4  
291 1 3  
220 1 3 4  
144 1 2 4  
498  
304 1 3 4  
281 1 2 3  
163 1 4  
260 1 3 4  
204 3  
389 3 4  
397  
463 2 4  
434  
493 1 2 3  
35 3  
158  
326 2 4  
296 3  
337 3  
188 1 2 4  
393 1 2 3  
277 1  
234  
312  
156  
255  
273 1 2 4  
38 3 4  
467  
259 2 3 4  
421 1 2 4  
401 1  
247 2 3  
249 2 3 4  
187  
494 2  
449 2 4  
474 1 2 4  
129 1 4  
39 1 4  
30 4  
267 1  
398 1 4  
453 3 4  
333 1 2 3  
339  
231 1  
1 1 4  
213 2  
363 1  
106  
322 1 2  
371  
256 1  
496 1 2 3  
432 1 2 4  
341 1 4  
392 1 2 3  
157 3  
264  
179 1 4  
88 1  
423 2  
170  
456 4  
100  
84 1 2 4  
136 4  
473 1  
89 1 3  
343 3  
37 3 4  
240 3  
383 4  
228 3  
419  
336  
442 2 4  
386  
361 3  
8  
428 3  
87 4  
116 1 2 4  
91  
79 1 2 3  
385 4  
242 1 2 4  
454 1 2 3  
73 2 4  
422 1 2  
266 2  
287 3 4  
205  
497 1  
176  
314 4  
103 2 4  
44 2 3 4  
96 4  
380 1 2 3  
406 2 3  
122 1  
407  
124  
102 1 2  
55 2 4  
487 1 2 4  
209  
174  
420 2 4  
50 2 3 4  
499 3 4  
82  
466 1 4  
66  
374 3  
348 1 2 4  
372 2 3 4  
146 1 3 4  
212 1 4  
214  
152  
469 2 3 4  
107 4  
276  
62 1 2 3  
241 1 3  
81 2 3 4  
262 3 4  
279  
484 1  
76 1 2 4  
441 3  
471 2  
275 2  
193 4  
57 3 4  
34  
250  
293 2 3 4  
448 4  
265 2 3 4  
435 2 3  
175  
42 1 3 4  
468  
309 1 3  
121  
99  
352  
253 3 4  
11 2 3 4  
331  
284  
112  
126 1 2 3  
489 2 3 4  
444 1 3 4  
167  
3 2 3  
25 3  
216 1 3  
429 1 2  
22 2  
297  
461 4  
54 4  
459 3  
402 4  
272 1 4  
178 3  
391 1 2 4  
390 3  
51  
332 3  
75 1 2 3  
211  
327 2 4  
203 1 2 4  
365 4  
364 1  
172 1 2  
114 1 2  
150 1 3  
414 4  
2  
465  
143 1 2 3  
74  
298  
301 1 2 4  
149 3  
475  
443  
323 1 4  
244  
139  
151  
308 3  
63  
58 4  
283 2 4  
40 2  
208 1 4  
105  
347 2 3  
123 1 2  
127 2 4  
53  
377 1  
132 2  
440 2  
460  
319 2 4  
222  
69 1 3 4  
223 1 2 4  
71 1 2  
359 1 2 4  
18 2 4  
33 2  
252 2  
340 1 4  
137 2 4  
134 1 2 3  
119  
418 2 4  
492 2 3  
77 1 2 3  
344 1 3 4  
351 2 3  
433  
224 2 4  
300 1 3  
56 2 3 4  
425 1 3  
358 1  
9  
251  
229 1 4  
194  
313  
118 2 3 4  
369 3  
368  
458 3 4  
490  
232 4  
186  
282 3  
445 1 2 4  
307  
236 2 3  
470 3 4  
138  
41 4  
447 1 2 3  
98 1 2 3  
108 1 2 4  
338 1 4  
131 2 3  
49 1  
329  
237  
367 2 3  
409 1 3  
413 3 4  
128 4  
64 1 3 4  
94 1 2 3  
225 2 3 4  
299  
195  
334 2 4  
320 3 4  
159 1 3  
6 1  
185 1 4  
243 1  
354 3  
286 1 3  
417 2  
278 2 3 4  
415 1 2 4  
52 3 4  
233  
269 4  
117 1 3  
5 1 3  
270 2  
65 2 3 4  
182 1 4  
472 4  
12 4  
177 1 3 4  
72 1  
199  
330 1 2 3  
90 1  
26 2 3  
60  
93  
426 1 3 4  
230 1 2 3  
238  
68  
27  
345 1 3 4  
263 4  
274  
485  
104 1 3 4  
130 3  
258 1 2 3  
325 3 4  
285 3  
78 1  
495  
70 1 2  
184 2 4  
399 3  
160 2  
111  
427  
115  
464 3  
181 2 4  
67  
370 1 3 4  
145  
254 3 4  
97 2  
479 2  
239 2 3 4  
46  
292 1 4  
405  
387 1 2 3  
109 1 2 4  
215 3  
478 2 3  
384 2 3  
302 1 3  
451  
305 1 3 4  
10 3  
289  
201 3 4  
257  
403 1 2 3  
379  
381  
303 1 2  
113 1 2 3  
437 2  
271 1 3 4  
411  
400 2 3  
462 2  
95 2 3  
140  
13  
153  
356 1 3 4  
166 2 4  
261 1 2 3  
133  
198 4  
190 3 4  
32  
311 4  
168 4  
219 1 4  
21  
457  
173 1  
480 1 2 4  
92 2 3 4  
324 1 3 4  
SIZE OF PROGRAMS (pID SIZE):
1 94.0 
2 72.0 
3 85.0 
4 83.0 
COST_INSTALL_SERVER_AND_PROGRAMS :
0 2065.9574468085107 3.0 2.297872340425532 2.7127659574468086 2.648936170212766  
200 24.340993378202334 3.0 2.297872340425532 2.7127659574468086 2.648936170212766  
245 25.677645354604483 2.0 1.5319148936170213 1.8085106382978724 1.7659574468085106  
412 83.0 2.0 1.5319148936170213 1.8085106382978724 1.7659574468085106  
410 4.306436078751104 3.0 2.297872340425532 2.7127659574468086 2.648936170212766  
360 0.4466459930513681 3.0 2.297872340425532 2.7127659574468086 2.648936170212766  
16 31.299343551819565 3.0 2.297872340425532 2.7127659574468086 2.648936170212766  
218 7.055369955373004 2.0 1.5319148936170213 1.8085106382978724 1.7659574468085106  
221 2.946108054861025 3.0 2.297872340425532 2.7127659574468086 2.648936170212766  
23 12.830807349944887 3.0 2.297872340425532 2.7127659574468086 2.648936170212766  
295 12.862495117060341 3.0 2.297872340425532 2.7127659574468086 2.648936170212766  
206 3.0082398452611203 3.0 2.297872340425532 2.7127659574468086 2.648936170212766  
482 1.0726796942990817 3.0 2.297872340425532 2.7127659574468086 2.648936170212766  
197 2.2298915051513837 3.0 2.297872340425532 2.7127659574468086 2.648936170212766  
161 11.354324575542659 3.0 2.297872340425532 2.7127659574468086 2.648936170212766  
477 29.585303117316055 2.0 1.5319148936170213 1.8085106382978724 1.7659574468085106  
430 1.0517961763798958 3.0 2.297872340425532 2.7127659574468086 2.648936170212766  
196 7.177848931083469 2.0 1.5319148936170213 1.8085106382978724 1.7659574468085106  
207 5.896323877068558 3.0 2.297872340425532 2.7127659574468086 2.648936170212766  
45 1.0007659114493255 2.0 1.5319148936170213 1.8085106382978724 1.7659574468085106  
439 3.9841579355146313 2.0 1.5319148936170213 1.8085106382978724 1.7659574468085106  
318 2.628960790020873 2.0 1.5319148936170213 1.8085106382978724 1.7659574468085106  
366 3.8456275303643728 2.0 1.5319148936170213 1.8085106382978724 1.7659574468085106  
110 3.7205932426980617 3.0 2.297872340425532 2.7127659574468086 2.648936170212766  
290 21.0 3.0 2.297872340425532 2.7127659574468086 2.648936170212766  
416 14.422928505352187 2.0 1.5319148936170213 1.8085106382978724 1.7659574468085106  
17 5.152486879430882 3.0 2.297872340425532 2.7127659574468086 2.648936170212766  
171 25.149870366692955 2.0 1.5319148936170213 1.8085106382978724 1.7659574468085106  
280 15.445100516642027 2.0 1.5319148936170213 1.8085106382978724 1.7659574468085106  
202 1.9035566661652845 3.0 2.297872340425532 2.7127659574468086 2.648936170212766  
335 89.0 2.0 1.5319148936170213 1.8085106382978724 1.7659574468085106  
142 2.775028902894798 2.0 1.5319148936170213 1.8085106382978724 1.7659574468085106  
481 0.9360678918101215 2.0 1.5319148936170213 1.8085106382978724 1.7659574468085106  
47 10.056560731106702 3.0 2.297872340425532 2.7127659574468086 2.648936170212766  
388 36.0 3.0 2.297872340425532 2.7127659574468086 2.648936170212766  
14 41.83902839603842 2.0 1.5319148936170213 1.8085106382978724 1.7659574468085106  
316 2.06311651177602 2.0 1.5319148936170213 1.8085106382978724 1.7659574468085106  
85 12.074341579421368 2.0 1.5319148936170213 1.8085106382978724 1.7659574468085106  
431 10.646077656093027 3.0 2.297872340425532 2.7127659574468086 2.648936170212766  
321 63.0 3.0 2.297872340425532 2.7127659574468086 2.648936170212766  
135 7.629838408366738 3.0 2.297872340425532 2.7127659574468086 2.648936170212766  
189 19.367350432242528 2.0 1.5319148936170213 1.8085106382978724 1.7659574468085106  
29 5.1031159273856845 3.0 2.297872340425532 2.7127659574468086 2.648936170212766  
294 4.230254954556108 3.0 2.297872340425532 2.7127659574468086 2.648936170212766  
357 16.316426621042137 3.0 2.297872340425532 2.7127659574468086 2.648936170212766  
355 1.4423751686909583 2.0 1.5319148936170213 1.8085106382978724 1.7659574468085106  
61 14.487531999324554 3.0 2.297872340425532 2.7127659574468086 2.648936170212766  
141 2.680546730376247 2.0 1.5319148936170213 1.8085106382978724 1.7659574468085106  
362 2.825101214574898 3.0 2.297872340425532 2.7127659574468086 2.648936170212766  
486 11.571076856274427 3.0 2.297872340425532 2.7127659574468086 2.648936170212766  
342 1.6920671892497214 3.0 2.297872340425532 2.7127659574468086 2.648936170212766  
375 6.33496640537514 2.0 1.5319148936170213 1.8085106382978724 1.7659574468085106  
436 7.468669169795578 2.0 1.5319148936170213 1.8085106382978724 1.7659574468085106  
288 0.5837296269884954 2.0 1.5319148936170213 1.8085106382978724 1.7659574468085106  
349 23.022534258095938 3.0 2.297872340425532 2.7127659574468086 2.648936170212766  
353 19.0 2.0 1.5319148936170213 1.8085106382978724 1.7659574468085106  
36 49.209541633674746 2.0 1.5319148936170213 1.8085106382978724 1.7659574468085106  
180 18.944881928919383 3.0 2.297872340425532 2.7127659574468086 2.648936170212766  
24 2.506047171621846 2.0 1.5319148936170213 1.8085106382978724 1.7659574468085106  
19 20.125826331596464 2.0 1.5319148936170213 1.8085106382978724 1.7659574468085106  
483 6.321146892350284 3.0 2.297872340425532 2.7127659574468086 2.648936170212766  
268 1.790648315140009 3.0 2.297872340425532 2.7127659574468086 2.648936170212766  
424 104.0 2.0 1.5319148936170213 1.8085106382978724 1.7659574468085106  
310 29.076962056814835 3.0 2.297872340425532 2.7127659574468086 2.648936170212766  
408 93.0 3.0 2.297872340425532 2.7127659574468086 2.648936170212766  
373 0.25379939209726443 2.0 1.5319148936170213 1.8085106382978724 1.7659574468085106  
183 78.0 3.0 2.297872340425532 2.7127659574468086 2.648936170212766  
350 0.4900292542340511 2.0 1.5319148936170213 1.8085106382978724 1.7659574468085106  
155 10.94495796716004 2.0 1.5319148936170213 1.8085106382978724 1.7659574468085106  
315 3.5438171217223977 2.0 1.5319148936170213 1.8085106382978724 1.7659574468085106  
446 9.382531914893617 2.0 1.5319148936170213 1.8085106382978724 1.7659574468085106  
394 1.869769503546099 2.0 1.5319148936170213 1.8085106382978724 1.7659574468085106  
404 105.0 2.0 1.5319148936170213 1.8085106382978724 1.7659574468085106  
226 7.955387133257478 2.0 1.5319148936170213 1.8085106382978724 1.7659574468085106  
476 0.9948138791299886 3.0 2.297872340425532 2.7127659574468086 2.648936170212766  
4 5.7715613330438575 3.0 2.297872340425532 2.7127659574468086 2.648936170212766  
59 0.7229162473500037 3.0 2.297872340425532 2.7127659574468086 2.648936170212766  
376 13.0 3.0 2.297872340425532 2.7127659574468086 2.648936170212766  
48 11.85587603126357 3.0 2.297872340425532 2.7127659574468086 2.648936170212766  
227 10.333838030042106 3.0 2.297872340425532 2.7127659574468086 2.648936170212766  
382 0.9282168186423505 3.0 2.297872340425532 2.7127659574468086 2.648936170212766  
248 4.400913170332202 3.0 2.297872340425532 2.7127659574468086 2.648936170212766  
15 28.304510725071847 2.0 1.5319148936170213 1.8085106382978724 1.7659574468085106  
455 15.16424242424242 2.0 1.5319148936170213 1.8085106382978724 1.7659574468085106  
246 10.150427181263398 2.0 1.5319148936170213 1.8085106382978724 1.7659574468085106  
488 9.926025232788149 2.0 1.5319148936170213 1.8085106382978724 1.7659574468085106  
378 0.7445789473684212 2.0 1.5319148936170213 1.8085106382978724 1.7659574468085106  
31 23.20880164619039 3.0 2.297872340425532 2.7127659574468086 2.648936170212766  
165 58.0 2.0 1.5319148936170213 1.8085106382978724 1.7659574468085106  
164 8.85394956107722 2.0 1.5319148936170213 1.8085106382978724 1.7659574468085106  
191 9.404464695818161 2.0 1.5319148936170213 1.8085106382978724 1.7659574468085106  
86 3.0450569951295563 2.0 1.5319148936170213 1.8085106382978724 1.7659574468085106  
169 12.338984081818712 2.0 1.5319148936170213 1.8085106382978724 1.7659574468085106  
80 7.592544591211988 3.0 2.297872340425532 2.7127659574468086 2.648936170212766  
395 0.7613981762917933 2.0 1.5319148936170213 1.8085106382978724 1.7659574468085106  
120 8.2394443720243 2.0 1.5319148936170213 1.8085106382978724 1.7659574468085106  
210 1.4191747963253551 3.0 2.297872340425532 2.7127659574468086 2.648936170212766  
346 3.0079248354409636 3.0 2.297872340425532 2.7127659574468086 2.648936170212766  
452 63.0 2.0 1.5319148936170213 1.8085106382978724 1.7659574468085106  
235 24.273656704275535 3.0 2.297872340425532 2.7127659574468086 2.648936170212766  
154 3.420127133504793 2.0 1.5319148936170213 1.8085106382978724 1.7659574468085106  
148 6.2571579529293775 3.0 2.297872340425532 2.7127659574468086 2.648936170212766  
125 2.016892717395102 3.0 2.297872340425532 2.7127659574468086 2.648936170212766  
328 15.960594545986483 2.0 1.5319148936170213 1.8085106382978724 1.7659574468085106  
396 3.187573234659265 3.0 2.297872340425532 2.7127659574468086 2.648936170212766  
217 2.4300437615313997 2.0 1.5319148936170213 1.8085106382978724 1.7659574468085106  
491 4.472960486322188 2.0 1.5319148936170213 1.8085106382978724 1.7659574468085106  
28 23.0 3.0 2.297872340425532 2.7127659574468086 2.648936170212766  
101 39.26859418865901 2.0 1.5319148936170213 1.8085106382978724 1.7659574468085106  
192 25.009627027230117 3.0 2.297872340425532 2.7127659574468086 2.648936170212766  
438 2.629179331306991 2.0 1.5319148936170213 1.8085106382978724 1.7659574468085106  
317 15.05784832633024 3.0 2.297872340425532 2.7127659574468086 2.648936170212766  
43 0.9550258957241433 3.0 2.297872340425532 2.7127659574468086 2.648936170212766  
450 10.0 2.0 1.5319148936170213 1.8085106382978724 1.7659574468085106  
147 7.706914828486994 2.0 1.5319148936170213 1.8085106382978724 1.7659574468085106  
306 30.029888589537826 3.0 2.297872340425532 2.7127659574468086 2.648936170212766  
83 18.0 3.0 2.297872340425532 2.7127659574468086 2.648936170212766  
162 4.028467735869332 3.0 2.297872340425532 2.7127659574468086 2.648936170212766  
7 7.048914092548127 3.0 2.297872340425532 2.7127659574468086 2.648936170212766  
20 22.34977687788744 3.0 2.297872340425532 2.7127659574468086 2.648936170212766  
291 4.4198688654259755 2.0 1.5319148936170213 1.8085106382978724 1.7659574468085106  
220 13.770259701467994 3.0 2.297872340425532 2.7127659574468086 2.648936170212766  
144 14.231637514216759 3.0 2.297872340425532 2.7127659574468086 2.648936170212766  
498 2.1453617021276594 3.0 2.297872340425532 2.7127659574468086 2.648936170212766  
304 23.12981508840938 3.0 2.297872340425532 2.7127659574468086 2.648936170212766  
281 14.972694164370528 2.0 1.5319148936170213 1.8085106382978724 1.7659574468085106  
163 30.582841070277247 3.0 2.297872340425532 2.7127659574468086 2.648936170212766  
260 1.7276429566842841 2.0 1.5319148936170213 1.8085106382978724 1.7659574468085106  
204 0.727839412360689 2.0 1.5319148936170213 1.8085106382978724 1.7659574468085106  
389 0.8941176470588236 2.0 1.5319148936170213 1.8085106382978724 1.7659574468085106  
397 9.272183769437468 2.0 1.5319148936170213 1.8085106382978724 1.7659574468085106  
463 0.2769998618402869 3.0 2.297872340425532 2.7127659574468086 2.648936170212766  
434 7.93682455251604 2.0 1.5319148936170213 1.8085106382978724 1.7659574468085106  
493 2.1928267477203645 2.0 1.5319148936170213 1.8085106382978724 1.7659574468085106  
35 29.94185389474939 3.0 2.297872340425532 2.7127659574468086 2.648936170212766  
158 1.9056950354609925 2.0 1.5319148936170213 1.8085106382978724 1.7659574468085106  
326 3.44831837534014 2.0 1.5319148936170213 1.8085106382978724 1.7659574468085106  
296 0.6127410335872796 2.0 1.5319148936170213 1.8085106382978724 1.7659574468085106  
337 11.963730603103501 3.0 2.297872340425532 2.7127659574468086 2.648936170212766  
188 10.069277316319042 2.0 1.5319148936170213 1.8085106382978724 1.7659574468085106  
393 1.250026074259491 2.0 1.5319148936170213 1.8085106382978724 1.7659574468085106  
277 2.9555884341524234 3.0 2.297872340425532 2.7127659574468086 2.648936170212766  
234 13.0 2.0 1.5319148936170213 1.8085106382978724 1.7659574468085106  
312 42.0 2.0 1.5319148936170213 1.8085106382978724 1.7659574468085106  
156 29.0 3.0 2.297872340425532 2.7127659574468086 2.648936170212766  
255 45.0 2.0 1.5319148936170213 1.8085106382978724 1.7659574468085106  
273 20.028723226578474 2.0 1.5319148936170213 1.8085106382978724 1.7659574468085106  
38 6.932639128887837 2.0 1.5319148936170213 1.8085106382978724 1.7659574468085106  
467 23.18516776536534 3.0 2.297872340425532 2.7127659574468086 2.648936170212766  
259 9.943863261837661 3.0 2.297872340425532 2.7127659574468086 2.648936170212766  
421 1.480219555875558 3.0 2.297872340425532 2.7127659574468086 2.648936170212766  
401 1.1589446078154282 3.0 2.297872340425532 2.7127659574468086 2.648936170212766  
247 5.061663957022689 3.0 2.297872340425532 2.7127659574468086 2.648936170212766  
249 7.24801856370182 2.0 1.5319148936170213 1.8085106382978724 1.7659574468085106  
187 10.0 3.0 2.297872340425532 2.7127659574468086 2.648936170212766  
494 1.3331284475965326 3.0 2.297872340425532 2.7127659574468086 2.648936170212766  
449 11.564771213813767 2.0 1.5319148936170213 1.8085106382978724 1.7659574468085106  
474 13.126052086211658 3.0 2.297872340425532 2.7127659574468086 2.648936170212766  
129 5.862349410986899 3.0 2.297872340425532 2.7127659574468086 2.648936170212766  
39 16.97493657145758 3.0 2.297872340425532 2.7127659574468086 2.648936170212766  
30 0.8004439064496505 3.0 2.297872340425532 2.7127659574468086 2.648936170212766  
267 3.5186483151400094 2.0 1.5319148936170213 1.8085106382978724 1.7659574468085106  
398 21.872689405677107 2.0 1.5319148936170213 1.8085106382978724 1.7659574468085106  
453 0.9087556415215987 2.0 1.5319148936170213 1.8085106382978724 1.7659574468085106  
333 19.54615269581945 2.0 1.5319148936170213 1.8085106382978724 1.7659574468085106  
339 40.0 3.0 2.297872340425532 2.7127659574468086 2.648936170212766  
231 14.739054313324827 3.0 2.297872340425532 2.7127659574468086 2.648936170212766  
1 39.0 3.0 2.297872340425532 2.7127659574468086 2.648936170212766  
213 2.270104181951577 3.0 2.297872340425532 2.7127659574468086 2.648936170212766  
363 4.767958357432042 2.0 1.5319148936170213 1.8085106382978724 1.7659574468085106  
106 28.0 3.0 2.297872340425532 2.7127659574468086 2.648936170212766  
322 22.186247193552475 2.0 1.5319148936170213 1.8085106382978724 1.7659574468085106  
371 55.0 2.0 1.5319148936170213 1.8085106382978724 1.7659574468085106  
256 1.9645647364996746 2.0 1.5319148936170213 1.8085106382978724 1.7659574468085106  
496 9.815363053022628 3.0 2.297872340425532 2.7127659574468086 2.648936170212766  
432 14.587876126062044 2.0 1.5319148936170213 1.8085106382978724 1.7659574468085106  
341 0.43055244494214334 3.0 2.297872340425532 2.7127659574468086 2.648936170212766  
392 5.640212227650154 2.0 1.5319148936170213 1.8085106382978724 1.7659574468085106  
157 1.3111276595744683 3.0 2.297872340425532 2.7127659574468086 2.648936170212766  
264 29.0 3.0 2.297872340425532 2.7127659574468086 2.648936170212766  
179 39.401837360476115 3.0 2.297872340425532 2.7127659574468086 2.648936170212766  
88 7.972735940836062 3.0 2.297872340425532 2.7127659574468086 2.648936170212766  
423 10.267846980886892 3.0 2.297872340425532 2.7127659574468086 2.648936170212766  
170 28.0 3.0 2.297872340425532 2.7127659574468086 2.648936170212766  
456 0.5596507234421816 3.0 2.297872340425532 2.7127659574468086 2.648936170212766  
100 26.130919169795575 2.0 1.5319148936170213 1.8085106382978724 1.7659574468085106  
84 7.205153242147923 3.0 2.297872340425532 2.7127659574468086 2.648936170212766  
136 0.988399058788159 3.0 2.297872340425532 2.7127659574468086 2.648936170212766  
473 25.463918702877663 3.0 2.297872340425532 2.7127659574468086 2.648936170212766  
89 1.6009925841494987 3.0 2.297872340425532 2.7127659574468086 2.648936170212766  
343 3.3257081000373274 2.0 1.5319148936170213 1.8085106382978724 1.7659574468085106  
37 39.8886082807143 3.0 2.297872340425532 2.7127659574468086 2.648936170212766  
240 5.763446359910245 3.0 2.297872340425532 2.7127659574468086 2.648936170212766  
383 5.7885484268462974 3.0 2.297872340425532 2.7127659574468086 2.648936170212766  
228 1.4362904887318988 3.0 2.297872340425532 2.7127659574468086 2.648936170212766  
419 8.75526215805471 2.0 1.5319148936170213 1.8085106382978724 1.7659574468085106  
336 4.358842851810376 3.0 2.297872340425532 2.7127659574468086 2.648936170212766  
442 1.9864032421479223 3.0 2.297872340425532 2.7127659574468086 2.648936170212766  
386 3.5581679480302766 3.0 2.297872340425532 2.7127659574468086 2.648936170212766  
361 0.6133126597180347 3.0 2.297872340425532 2.7127659574468086 2.648936170212766  
8 10.0 3.0 2.297872340425532 2.7127659574468086 2.648936170212766  
428 1.1548808422536452 2.0 1.5319148936170213 1.8085106382978724 1.7659574468085106  
87 2.1846656106119253 2.0 1.5319148936170213 1.8085106382978724 1.7659574468085106  
116 13.446492865422657 2.0 1.5319148936170213 1.8085106382978724 1.7659574468085106  
91 8.336108215626679 2.0 1.5319148936170213 1.8085106382978724 1.7659574468085106  
79 2.9438349038707403 2.0 1.5319148936170213 1.8085106382978724 1.7659574468085106  
385 0.7789738992329188 2.0 1.5319148936170213 1.8085106382978724 1.7659574468085106  
242 21.349591159003094 2.0 1.5319148936170213 1.8085106382978724 1.7659574468085106  
454 1.563657602305913 2.0 1.5319148936170213 1.8085106382978724 1.7659574468085106  
73 1.4812618636004764 2.0 1.5319148936170213 1.8085106382978724 1.7659574468085106  
422 5.10734649933289 3.0 2.297872340425532 2.7127659574468086 2.648936170212766  
266 0.35422605499399173 3.0 2.297872340425532 2.7127659574468086 2.648936170212766  
287 1.345765423294985 2.0 1.5319148936170213 1.8085106382978724 1.7659574468085106  
205 78.0 2.0 1.5319148936170213 1.8085106382978724 1.7659574468085106  
497 0.39001392369813426 3.0 2.297872340425532 2.7127659574468086 2.648936170212766  
176 13.107698074974671 2.0 1.5319148936170213 1.8085106382978724 1.7659574468085106  
314 7.598808610531817 3.0 2.297872340425532 2.7127659574468086 2.648936170212766  
103 2.674677683714378 3.0 2.297872340425532 2.7127659574468086 2.648936170212766  
44 22.409599253368857 3.0 2.297872340425532 2.7127659574468086 2.648936170212766  
96 1.2517640178275349 3.0 2.297872340425532 2.7127659574468086 2.648936170212766  
380 1.425726562995204 2.0 1.5319148936170213 1.8085106382978724 1.7659574468085106  
406 15.178989477195712 2.0 1.5319148936170213 1.8085106382978724 1.7659574468085106  
122 8.73929605688429 2.0 1.5319148936170213 1.8085106382978724 1.7659574468085106  
407 39.0 3.0 2.297872340425532 2.7127659574468086 2.648936170212766  
124 19.0 2.0 1.5319148936170213 1.8085106382978724 1.7659574468085106  
102 3.817894125153072 3.0 2.297872340425532 2.7127659574468086 2.648936170212766  
55 1.8792108651971429 2.0 1.5319148936170213 1.8085106382978724 1.7659574468085106  
487 10.106922854248083 2.0 1.5319148936170213 1.8085106382978724 1.7659574468085106  
209 24.0 2.0 1.5319148936170213 1.8085106382978724 1.7659574468085106  
174 8.783525618758144 3.0 2.297872340425532 2.7127659574468086 2.648936170212766  
420 6.377704451345757 2.0 1.5319148936170213 1.8085106382978724 1.7659574468085106  
50 10.837443828595266 2.0 1.5319148936170213 1.8085106382978724 1.7659574468085106  
499 0.9252198581560283 2.0 1.5319148936170213 1.8085106382978724 1.7659574468085106  
82 17.0 2.0 1.5319148936170213 1.8085106382978724 1.7659574468085106  
466 9.09057783655048 2.0 1.5319148936170213 1.8085106382978724 1.7659574468085106  
66 85.0 2.0 1.5319148936170213 1.8085106382978724 1.7659574468085106  
374 6.035082386818107 2.0 1.5319148936170213 1.8085106382978724 1.7659574468085106  
348 19.19557461602891 3.0 2.297872340425532 2.7127659574468086 2.648936170212766  
372 4.262486002239641 2.0 1.5319148936170213 1.8085106382978724 1.7659574468085106  
146 10.529439018356042 3.0 2.297872340425532 2.7127659574468086 2.648936170212766  
212 1.4522223250077089 3.0 2.297872340425532 2.7127659574468086 2.648936170212766  
214 47.0 2.0 1.5319148936170213 1.8085106382978724 1.7659574468085106  
152 53.0 3.0 2.297872340425532 2.7127659574468086 2.648936170212766  
469 17.82208849664598 3.0 2.297872340425532 2.7127659574468086 2.648936170212766  
107 18.04087878764921 3.0 2.297872340425532 2.7127659574468086 2.648936170212766  
276 3.195067189249723 3.0 2.297872340425532 2.7127659574468086 2.648936170212766  
62 28.02057685627442 3.0 2.297872340425532 2.7127659574468086 2.648936170212766  
241 7.949793555254374 3.0 2.297872340425532 2.7127659574468086 2.648936170212766  
81 15.64335622230491 2.0 1.5319148936170213 1.8085106382978724 1.7659574468085106  
262 0.8942508659079664 2.0 1.5319148936170213 1.8085106382978724 1.7659574468085106  
279 71.0 2.0 1.5319148936170213 1.8085106382978724 1.7659574468085106  
484 1.1197756828743188 3.0 2.297872340425532 2.7127659574468086 2.648936170212766  
76 3.387197502267894 3.0 2.297872340425532 2.7127659574468086 2.648936170212766  
441 0.34851507092198575 3.0 2.297872340425532 2.7127659574468086 2.648936170212766  
471 5.439894894738921 3.0 2.297872340425532 2.7127659574468086 2.648936170212766  
275 0.9038820455393801 3.0 2.297872340425532 2.7127659574468086 2.648936170212766  
193 1.2359696032492753 3.0 2.297872340425532 2.7127659574468086 2.648936170212766  
57 1.922098694797068 3.0 2.297872340425532 2.7127659574468086 2.648936170212766  
34 3.9778248874017694 2.0 1.5319148936170213 1.8085106382978724 1.7659574468085106  
250 27.0 2.0 1.5319148936170213 1.8085106382978724 1.7659574468085106  
293 4.433385591638671 3.0 2.297872340425532 2.7127659574468086 2.648936170212766  
448 7.659846075909904 3.0 2.297872340425532 2.7127659574468086 2.648936170212766  
265 7.327507174666006 3.0 2.297872340425532 2.7127659574468086 2.648936170212766  
435 5.070605736898521 3.0 2.297872340425532 2.7127659574468086 2.648936170212766  
175 33.50771971341728 3.0 2.297872340425532 2.7127659574468086 2.648936170212766  
42 17.19502650634722 2.0 1.5319148936170213 1.8085106382978724 1.7659574468085106  
468 8.749159466180743 3.0 2.297872340425532 2.7127659574468086 2.648936170212766  
309 15.840737924945099 3.0 2.297872340425532 2.7127659574468086 2.648936170212766  
121 6.97679605688429 2.0 1.5319148936170213 1.8085106382978724 1.7659574468085106  
99 85.0 3.0 2.297872340425532 2.7127659574468086 2.648936170212766  
352 87.0 2.0 1.5319148936170213 1.8085106382978724 1.7659574468085106  
253 4.5890816603303755 3.0 2.297872340425532 2.7127659574468086 2.648936170212766  
11 3.2214422636477544 3.0 2.297872340425532 2.7127659574468086 2.648936170212766  
331 89.0 2.0 1.5319148936170213 1.8085106382978724 1.7659574468085106  
284 0.26381559902796503 3.0 2.297872340425532 2.7127659574468086 2.648936170212766  
112 23.0 3.0 2.297872340425532 2.7127659574468086 2.648936170212766  
126 8.149268011605898 2.0 1.5319148936170213 1.8085106382978724 1.7659574468085106  
489 9.90666719298938 3.0 2.297872340425532 2.7127659574468086 2.648936170212766  
444 2.3313813099707974 2.0 1.5319148936170213 1.8085106382978724 1.7659574468085106  
167 20.769377155170048 3.0 2.297872340425532 2.7127659574468086 2.648936170212766  
3 11.946826856274424 3.0 2.297872340425532 2.7127659574468086 2.648936170212766  
25 15.304128750503958 2.0 1.5319148936170213 1.8085106382978724 1.7659574468085106  
216 16.303727187115932 2.0 1.5319148936170213 1.8085106382978724 1.7659574468085106  
429 3.8765887291635046 3.0 2.297872340425532 2.7127659574468086 2.648936170212766  
22 0.8660222720321835 2.0 1.5319148936170213 1.8085106382978724 1.7659574468085106  
297 14.46460619634192 2.0 1.5319148936170213 1.8085106382978724 1.7659574468085106  
461 0.3975395936650136 2.0 1.5319148936170213 1.8085106382978724 1.7659574468085106  
54 1.0901373842681281 3.0 2.297872340425532 2.7127659574468086 2.648936170212766  
459 86.0 2.0 1.5319148936170213 1.8085106382978724 1.7659574468085106  
402 1.0905979997073412 2.0 1.5319148936170213 1.8085106382978724 1.7659574468085106  
272 8.03285672259631 3.0 2.297872340425532 2.7127659574468086 2.648936170212766  
178 8.184732499942864 2.0 1.5319148936170213 1.8085106382978724 1.7659574468085106  
391 7.488900736309997 2.0 1.5319148936170213 1.8085106382978724 1.7659574468085106  
390 0.6258503401360546 2.0 1.5319148936170213 1.8085106382978724 1.7659574468085106  
51 41.0 2.0 1.5319148936170213 1.8085106382978724 1.7659574468085106  
332 0.500507607847303 3.0 2.297872340425532 2.7127659574468086 2.648936170212766  
75 9.18265199442852 2.0 1.5319148936170213 1.8085106382978724 1.7659574468085106  
211 5.191420855175249 2.0 1.5319148936170213 1.8085106382978724 1.7659574468085106  
327 8.684294682547762 3.0 2.297872340425532 2.7127659574468086 2.648936170212766  
203 15.96737383464024 2.0 1.5319148936170213 1.8085106382978724 1.7659574468085106  
365 4.733529488587912 2.0 1.5319148936170213 1.8085106382978724 1.7659574468085106  
364 10.237608288711852 2.0 1.5319148936170213 1.8085106382978724 1.7659574468085106  
172 1.7478621166067976 3.0 2.297872340425532 2.7127659574468086 2.648936170212766  
114 13.169466937586964 2.0 1.5319148936170213 1.8085106382978724 1.7659574468085106  
150 11.169513657858687 2.0 1.5319148936170213 1.8085106382978724 1.7659574468085106  
414 0.9486090523321142 2.0 1.5319148936170213 1.8085106382978724 1.7659574468085106  
2 3.228962765957445 3.0 2.297872340425532 2.7127659574468086 2.648936170212766  
465 0.8059943551888843 2.0 1.5319148936170213 1.8085106382978724 1.7659574468085106  
143 11.523339192046684 3.0 2.297872340425532 2.7127659574468086 2.648936170212766  
74 5.950393929912391 2.0 1.5319148936170213 1.8085106382978724 1.7659574468085106  
298 9.242649216391285 2.0 1.5319148936170213 1.8085106382978724 1.7659574468085106  
301 11.852259549583177 3.0 2.297872340425532 2.7127659574468086 2.648936170212766  
149 0.857439846550247 2.0 1.5319148936170213 1.8085106382978724 1.7659574468085106  
475 109.0 2.0 1.5319148936170213 1.8085106382978724 1.7659574468085106  
443 4.968546099290779 3.0 2.297872340425532 2.7127659574468086 2.648936170212766  
323 2.309251659756283 2.0 1.5319148936170213 1.8085106382978724 1.7659574468085106  
244 13.59487447718355 3.0 2.297872340425532 2.7127659574468086 2.648936170212766  
139 75.0 3.0 2.297872340425532 2.7127659574468086 2.648936170212766  
151 22.0 2.0 1.5319148936170213 1.8085106382978724 1.7659574468085106  
308 5.144126963808789 2.0 1.5319148936170213 1.8085106382978724 1.7659574468085106  
63 44.0 2.0 1.5319148936170213 1.8085106382978724 1.7659574468085106  
58 7.573382882422664 2.0 1.5319148936170213 1.8085106382978724 1.7659574468085106  
283 2.6722783860755124 2.0 1.5319148936170213 1.8085106382978724 1.7659574468085106  
40 3.4940284237995303 2.0 1.5319148936170213 1.8085106382978724 1.7659574468085106  
208 11.63751835156469 3.0 2.297872340425532 2.7127659574468086 2.648936170212766  
105 13.37212878764921 3.0 2.297872340425532 2.7127659574468086 2.648936170212766  
347 2.401710760749825 2.0 1.5319148936170213 1.8085106382978724 1.7659574468085106  
123 7.738943111356289 2.0 1.5319148936170213 1.8085106382978724 1.7659574468085106  
127 5.255331733512676 3.0 2.297872340425532 2.7127659574468086 2.648936170212766  
53 59.0 3.0 2.297872340425532 2.7127659574468086 2.648936170212766  
377 0.5565789473684211 2.0 1.5319148936170213 1.8085106382978724 1.7659574468085106  
132 0.9412299418545047 3.0 2.297872340425532 2.7127659574468086 2.648936170212766  
440 2.7858419875042206 3.0 2.297872340425532 2.7127659574468086 2.648936170212766  
460 0.8233316002772887 3.0 2.297872340425532 2.7127659574468086 2.648936170212766  
319 12.991369772630133 2.0 1.5319148936170213 1.8085106382978724 1.7659574468085106  
222 13.244281611391587 2.0 1.5319148936170213 1.8085106382978724 1.7659574468085106  
69 5.872841656493993 3.0 2.297872340425532 2.7127659574468086 2.648936170212766  
223 42.00042703920377 3.0 2.297872340425532 2.7127659574468086 2.648936170212766  
71 6.035093232064002 2.0 1.5319148936170213 1.8085106382978724 1.7659574468085106  
359 7.936276619507456 3.0 2.297872340425532 2.7127659574468086 2.648936170212766  
18 2.8629482362325134 2.0 1.5319148936170213 1.8085106382978724 1.7659574468085106  
33 4.594971111848994 2.0 1.5319148936170213 1.8085106382978724 1.7659574468085106  
252 0.53371386647102 3.0 2.297872340425532 2.7127659574468086 2.648936170212766  
340 6.379294379565936 2.0 1.5319148936170213 1.8085106382978724 1.7659574468085106  
137 10.553530277380123 3.0 2.297872340425532 2.7127659574468086 2.648936170212766  
134 24.121830841656347 3.0 2.297872340425532 2.7127659574468086 2.648936170212766  
119 1.0546360775079262 3.0 2.297872340425532 2.7127659574468086 2.648936170212766  
418 1.5517421168282302 2.0 1.5319148936170213 1.8085106382978724 1.7659574468085106  
492 4.863795918367345 2.0 1.5319148936170213 1.8085106382978724 1.7659574468085106  
77 3.283704075762083 3.0 2.297872340425532 2.7127659574468086 2.648936170212766  
344 1.5166402003636406 3.0 2.297872340425532 2.7127659574468086 2.648936170212766  
351 2.8722389761307445 3.0 2.297872340425532 2.7127659574468086 2.648936170212766  
433 57.0 2.0 1.5319148936170213 1.8085106382978724 1.7659574468085106  
224 11.914513945826853 2.0 1.5319148936170213 1.8085106382978724 1.7659574468085106  
300 8.473241717127728 3.0 2.297872340425532 2.7127659574468086 2.648936170212766  
56 9.563981846078361 3.0 2.297872340425532 2.7127659574468086 2.648936170212766  
425 9.723536850436751 3.0 2.297872340425532 2.7127659574468086 2.648936170212766  
358 0.8367761180138675 3.0 2.297872340425532 2.7127659574468086 2.648936170212766  
9 70.0 2.0 1.5319148936170213 1.8085106382978724 1.7659574468085106  
251 55.0 3.0 2.297872340425532 2.7127659574468086 2.648936170212766  
229 10.765247241506154 3.0 2.297872340425532 2.7127659574468086 2.648936170212766  
194 59.0 2.0 1.5319148936170213 1.8085106382978724 1.7659574468085106  
313 1.1242104185401731 2.0 1.5319148936170213 1.8085106382978724 1.7659574468085106  
118 10.263031292549755 2.0 1.5319148936170213 1.8085106382978724 1.7659574468085106  
369 1.5265983396310778 3.0 2.297872340425532 2.7127659574468086 2.648936170212766  
368 10.978568156367709 2.0 1.5319148936170213 1.8085106382978724 1.7659574468085106  
458 0.313225128248255 2.0 1.5319148936170213 1.8085106382978724 1.7659574468085106  
490 35.0 2.0 1.5319148936170213 1.8085106382978724 1.7659574468085106  
232 6.348649206016261 3.0 2.297872340425532 2.7127659574468086 2.648936170212766  
186 82.0 3.0 2.297872340425532 2.7127659574468086 2.648936170212766  
282 0.5343309198601408 2.0 1.5319148936170213 1.8085106382978724 1.7659574468085106  
445 2.492611161679372 2.0 1.5319148936170213 1.8085106382978724 1.7659574468085106  
307 26.110068416144344 3.0 2.297872340425532 2.7127659574468086 2.648936170212766  
236 7.761516226815965 3.0 2.297872340425532 2.7127659574468086 2.648936170212766  
470 17.1385820866064 2.0 1.5319148936170213 1.8085106382978724 1.7659574468085106  
138 69.0 2.0 1.5319148936170213 1.8085106382978724 1.7659574468085106  
41 2.0116738317491856 2.0 1.5319148936170213 1.8085106382978724 1.7659574468085106  
447 1.5106139817629176 3.0 2.297872340425532 2.7127659574468086 2.648936170212766  
98 3.2913692470937734 3.0 2.297872340425532 2.7127659574468086 2.648936170212766  
108 3.836813131274868 3.0 2.297872340425532 2.7127659574468086 2.648936170212766  
338 14.850803071508553 3.0 2.297872340425532 2.7127659574468086 2.648936170212766  
131 1.5617791787660733 3.0 2.297872340425532 2.7127659574468086 2.648936170212766  
49 3.0260771670370277 3.0 2.297872340425532 2.7127659574468086 2.648936170212766  
329 9.405880486677544 2.0 1.5319148936170213 1.8085106382978724 1.7659574468085106  
237 46.0 2.0 1.5319148936170213 1.8085106382978724 1.7659574468085106  
367 1.3954918728155015 3.0 2.297872340425532 2.7127659574468086 2.648936170212766  
409 15.884752213558874 2.0 1.5319148936170213 1.8085106382978724 1.7659574468085106  
413 6.222225552435315 3.0 2.297872340425532 2.7127659574468086 2.648936170212766  
128 6.0594712405337186 3.0 2.297872340425532 2.7127659574468086 2.648936170212766  
64 25.125756706228586 3.0 2.297872340425532 2.7127659574468086 2.648936170212766  
94 39.13909387764926 2.0 1.5319148936170213 1.8085106382978724 1.7659574468085106  
225 4.070185118594694 2.0 1.5319148936170213 1.8085106382978724 1.7659574468085106  
299 12.071261805043763 3.0 2.297872340425532 2.7127659574468086 2.648936170212766  
195 103.0 2.0 1.5319148936170213 1.8085106382978724 1.7659574468085106  
334 6.466389879360856 2.0 1.5319148936170213 1.8085106382978724 1.7659574468085106  
320 2.1128862966001494 3.0 2.297872340425532 2.7127659574468086 2.648936170212766  
159 8.753448742746617 2.0 1.5319148936170213 1.8085106382978724 1.7659574468085106  
6 11.878636792274728 2.0 1.5319148936170213 1.8085106382978724 1.7659574468085106  
185 18.05734111304096 3.0 2.297872340425532 2.7127659574468086 2.648936170212766  
243 10.884529649597342 3.0 2.297872340425532 2.7127659574468086 2.648936170212766  
354 1.8820886094122384 3.0 2.297872340425532 2.7127659574468086 2.648936170212766  
286 6.660052258305339 3.0 2.297872340425532 2.7127659574468086 2.648936170212766  
417 0.6324487908021673 3.0 2.297872340425532 2.7127659574468086 2.648936170212766  
278 1.4849836528206348 2.0 1.5319148936170213 1.8085106382978724 1.7659574468085106  
415 16.10641706184442 2.0 1.5319148936170213 1.8085106382978724 1.7659574468085106  
52 15.901858314957186 2.0 1.5319148936170213 1.8085106382978724 1.7659574468085106  
233 12.0 3.0 2.297872340425532 2.7127659574468086 2.648936170212766  
269 5.403970939283861 2.0 1.5319148936170213 1.8085106382978724 1.7659574468085106  
117 19.20806054481257 3.0 2.297872340425532 2.7127659574468086 2.648936170212766  
5 21.036819181974362 2.0 1.5319148936170213 1.8085106382978724 1.7659574468085106  
270 4.112887241456002 3.0 2.297872340425532 2.7127659574468086 2.648936170212766  
65 2.4697636811010675 2.0 1.5319148936170213 1.8085106382978724 1.7659574468085106  
182 17.10851482365996 2.0 1.5319148936170213 1.8085106382978724 1.7659574468085106  
472 33.89804010579087 2.0 1.5319148936170213 1.8085106382978724 1.7659574468085106  
12 6.433540849364724 3.0 2.297872340425532 2.7127659574468086 2.648936170212766  
177 24.006162396873645 3.0 2.297872340425532 2.7127659574468086 2.648936170212766  
72 5.185671351559492 3.0 2.297872340425532 2.7127659574468086 2.648936170212766  
199 16.211148246532655 2.0 1.5319148936170213 1.8085106382978724 1.7659574468085106  
330 27.922614515264513 2.0 1.5319148936170213 1.8085106382978724 1.7659574468085106  
90 5.957801587301588 2.0 1.5319148936170213 1.8085106382978724 1.7659574468085106  
26 2.3232740399208063 2.0 1.5319148936170213 1.8085106382978724 1.7659574468085106  
60 95.0 3.0 2.297872340425532 2.7127659574468086 2.648936170212766  
93 97.0 2.0 1.5319148936170213 1.8085106382978724 1.7659574468085106  
426 7.614776807413099 3.0 2.297872340425532 2.7127659574468086 2.648936170212766  
230 32.30315888474983 2.0 1.5319148936170213 1.8085106382978724 1.7659574468085106  
238 51.0 3.0 2.297872340425532 2.7127659574468086 2.648936170212766  
68 38.0 2.0 1.5319148936170213 1.8085106382978724 1.7659574468085106  
27 45.0 2.0 1.5319148936170213 1.8085106382978724 1.7659574468085106  
345 7.659522752554792 3.0 2.297872340425532 2.7127659574468086 2.648936170212766  
263 3.0974984209913554 3.0 2.297872340425532 2.7127659574468086 2.648936170212766  
274 80.0 2.0 1.5319148936170213 1.8085106382978724 1.7659574468085106  
485 68.0 3.0 2.297872340425532 2.7127659574468086 2.648936170212766  
104 20.52082326121938 3.0 2.297872340425532 2.7127659574468086 2.648936170212766  
130 5.288724267406606 3.0 2.297872340425532 2.7127659574468086 2.648936170212766  
258 1.1363602177140026 3.0 2.297872340425532 2.7127659574468086 2.648936170212766  
325 14.422255632977249 2.0 1.5319148936170213 1.8085106382978724 1.7659574468085106  
285 3.311493297285059 2.0 1.5319148936170213 1.8085106382978724 1.7659574468085106  
78 7.6313266832614515 2.0 1.5319148936170213 1.8085106382978724 1.7659574468085106  
495 1.2754151187661824 2.0 1.5319148936170213 1.8085106382978724 1.7659574468085106  
70 9.816041435663728 3.0 2.297872340425532 2.7127659574468086 2.648936170212766  
184 2.9557892965696912 2.0 1.5319148936170213 1.8085106382978724 1.7659574468085106  
399 24.809510942802596 3.0 2.297872340425532 2.7127659574468086 2.648936170212766  
160 19.649687298517083 2.0 1.5319148936170213 1.8085106382978724 1.7659574468085106  
111 19.729029270791788 3.0 2.297872340425532 2.7127659574468086 2.648936170212766  
427 25.0 3.0 2.297872340425532 2.7127659574468086 2.648936170212766  
115 109.0 3.0 2.297872340425532 2.7127659574468086 2.648936170212766  
464 55.0 2.0 1.5319148936170213 1.8085106382978724 1.7659574468085106  
181 2.526379051620648 2.0 1.5319148936170213 1.8085106382978724 1.7659574468085106  
67 60.0 2.0 1.5319148936170213 1.8085106382978724 1.7659574468085106  
370 7.890316410930995 3.0 2.297872340425532 2.7127659574468086 2.648936170212766  
145 1.1456041774779449 3.0 2.297872340425532 2.7127659574468086 2.648936170212766  
254 1.2572992729940637 2.0 1.5319148936170213 1.8085106382978724 1.7659574468085106  
97 2.7487131043346795 2.0 1.5319148936170213 1.8085106382978724 1.7659574468085106  
479 4.64070506076453 2.0 1.5319148936170213 1.8085106382978724 1.7659574468085106  
239 14.828099020012232 3.0 2.297872340425532 2.7127659574468086 2.648936170212766  
46 86.0 3.0 2.297872340425532 2.7127659574468086 2.648936170212766  
292 3.0008419986135557 2.0 1.5319148936170213 1.8085106382978724 1.7659574468085106  
405 44.0 2.0 1.5319148936170213 1.8085106382978724 1.7659574468085106  
387 10.160193035780942 3.0 2.297872340425532 2.7127659574468086 2.648936170212766  
109 9.197073845741244 3.0 2.297872340425532 2.7127659574468086 2.648936170212766  
215 0.734105888174171 2.0 1.5319148936170213 1.8085106382978724 1.7659574468085106  
478 9.168777758040676 2.0 1.5319148936170213 1.8085106382978724 1.7659574468085106  
384 12.54086913661382 3.0 2.297872340425532 2.7127659574468086 2.648936170212766  
302 4.847081219945986 3.0 2.297872340425532 2.7127659574468086 2.648936170212766  
451 64.0 3.0 2.297872340425532 2.7127659574468086 2.648936170212766  
305 2.96649018329013 2.0 1.5319148936170213 1.8085106382978724 1.7659574468085106  
10 1.074650665256338 3.0 2.297872340425532 2.7127659574468086 2.648936170212766  
289 90.0 3.0 2.297872340425532 2.7127659574468086 2.648936170212766  
201 9.709666050817487 2.0 1.5319148936170213 1.8085106382978724 1.7659574468085106  
257 48.0 2.0 1.5319148936170213 1.8085106382978724 1.7659574468085106  
403 14.92133162891838 2.0 1.5319148936170213 1.8085106382978724 1.7659574468085106  
379 88.0 3.0 2.297872340425532 2.7127659574468086 2.648936170212766  
381 1.3197568389057754 3.0 2.297872340425532 2.7127659574468086 2.648936170212766  
303 11.253443851598123 2.0 1.5319148936170213 1.8085106382978724 1.7659574468085106  
113 35.180766891662266 2.0 1.5319148936170213 1.8085106382978724 1.7659574468085106  
437 0.3585732165206509 2.0 1.5319148936170213 1.8085106382978724 1.7659574468085106  
271 8.411102752780641 2.0 1.5319148936170213 1.8085106382978724 1.7659574468085106  
411 81.0 2.0 1.5319148936170213 1.8085106382978724 1.7659574468085106  
400 18.39016585414745 2.0 1.5319148936170213 1.8085106382978724 1.7659574468085106  
462 0.2596864501679731 3.0 2.297872340425532 2.7127659574468086 2.648936170212766  
95 2.179092664861908 3.0 2.297872340425532 2.7127659574468086 2.648936170212766  
140 16.0 2.0 1.5319148936170213 1.8085106382978724 1.7659574468085106  
13 3.5713615780544496 2.0 1.5319148936170213 1.8085106382978724 1.7659574468085106  
153 0.406559650455927 2.0 1.5319148936170213 1.8085106382978724 1.7659574468085106  
356 10.551875843454788 2.0 1.5319148936170213 1.8085106382978724 1.7659574468085106  
166 30.394181204887484 3.0 2.297872340425532 2.7127659574468086 2.648936170212766  
261 1.6949495985731595 2.0 1.5319148936170213 1.8085106382978724 1.7659574468085106  
133 92.0 2.0 1.5319148936170213 1.8085106382978724 1.7659574468085106  
198 6.016033010302768 3.0 2.297872340425532 2.7127659574468086 2.648936170212766  
190 28.559633407226276 2.0 1.5319148936170213 1.8085106382978724 1.7659574468085106  
32 29.0 3.0 2.297872340425532 2.7127659574468086 2.648936170212766  
311 9.403328405253223 3.0 2.297872340425532 2.7127659574468086 2.648936170212766  
168 13.811077598093368 2.0 1.5319148936170213 1.8085106382978724 1.7659574468085106  
219 17.26499042658036 2.0 1.5319148936170213 1.8085106382978724 1.7659574468085106  
21 56.0 2.0 1.5319148936170213 1.8085106382978724 1.7659574468085106  
457 25.0 3.0 2.297872340425532 2.7127659574468086 2.648936170212766  
173 6.696025618758143 3.0 2.297872340425532 2.7127659574468086 2.648936170212766  
480 12.526646561912965 2.0 1.5319148936170213 1.8085106382978724 1.7659574468085106  
92 16.755806836919163 3.0 2.297872340425532 2.7127659574468086 2.648936170212766  
324 8.610138963475379 3.0 2.297872340425532 2.7127659574468086 2.648936170212766  
