500 6
TREE NETWORK (nID nID Weight):
1 0 43.0 
2 1 54.0 
228 1 55.0 
229 228 35.0 
3 2 48.0 
83 2 50.0 
271 228 59.0 
230 229 50.0 
321 228 33.0 
239 229 54.0 
272 271 48.0 
84 83 34.0 
348 1 59.0 
4 3 40.0 
5 4 59.0 
245 229 56.0 
352 1 55.0 
114 83 51.0 
313 271 46.0 
353 352 55.0 
6 5 31.0 
201 2 39.0 
85 84 44.0 
249 229 32.0 
115 114 37.0 
30 3 33.0 
46 3 56.0 
66 3 53.0 
273 272 44.0 
444 0 31.0 
31 30 42.0 
445 444 39.0 
7 6 38.0 
274 273 47.0 
38 30 33.0 
450 0 41.0 
451 0 37.0 
452 451 40.0 
177 83 46.0 
86 85 42.0 
116 115 48.0 
67 66 40.0 
91 84 36.0 
178 177 54.0 
250 249 41.0 
279 273 41.0 
92 91 55.0 
407 1 32.0 
212 2 52.0 
480 0 52.0 
118 115 52.0 
285 273 45.0 
93 92 58.0 
286 285 50.0 
119 118 38.0 
322 321 44.0 
186 83 46.0 
231 230 46.0 
295 272 49.0 
13 4 32.0 
354 353 41.0 
78 3 54.0 
101 84 36.0 
408 1 49.0 
47 46 38.0 
155 114 57.0 
144 118 46.0 
372 352 41.0 
287 286 32.0 
156 114 31.0 
14 4 30.0 
453 452 32.0 
409 408 51.0 
292 273 57.0 
412 408 55.0 
482 0 33.0 
333 228 47.0 
373 372 31.0 
120 119 58.0 
424 1 42.0 
434 1 33.0 
56 46 59.0 
157 156 51.0 
121 120 56.0 
220 2 56.0 
213 212 30.0 
179 178 53.0 
288 287 35.0 
48 47 52.0 
102 84 32.0 
323 322 46.0 
334 333 48.0 
375 372 32.0 
483 482 46.0 
296 295 39.0 
275 274 42.0 
297 296 41.0 
149 115 32.0 
329 321 46.0 
99 92 46.0 
461 452 47.0 
72 66 53.0 
484 483 55.0 
240 239 39.0 
187 186 58.0 
310 272 57.0 
32 31 55.0 
182 177 43.0 
25 4 43.0 
376 375 38.0 
238 230 42.0 
298 297 30.0 
246 245 56.0 
435 434 58.0 
309 295 43.0 
340 228 43.0 
221 220 35.0 
454 453 49.0 
437 1 44.0 
355 353 43.0 
440 1 40.0 
392 352 57.0 
202 201 52.0 
247 245 33.0 
324 323 45.0 
39 38 54.0 
462 461 30.0 
150 149 46.0 
60 46 45.0 
262 229 45.0 
215 212 39.0 
122 121 52.0 
336 333 43.0 
252 249 53.0 
45 30 44.0 
356 355 40.0 
446 445 46.0 
383 372 54.0 
15 14 59.0 
393 392 56.0 
62 46 44.0 
413 412 31.0 
455 454 34.0 
485 483 56.0 
396 392 30.0 
384 372 32.0 
222 220 59.0 
8 7 48.0 
33 31 47.0 
447 445 51.0 
77 66 33.0 
311 272 42.0 
486 485 34.0 
360 353 59.0 
357 356 52.0 
34 33 45.0 
337 333 37.0 
63 62 56.0 
463 462 37.0 
16 14 39.0 
380 375 53.0 
299 297 34.0 
104 84 48.0 
204 201 51.0 
123 122 42.0 
386 372 58.0 
145 144 30.0 
330 329 54.0 
158 157 47.0 
403 352 37.0 
495 0 49.0 
346 228 40.0 
303 297 31.0 
387 372 50.0 
232 231 57.0 
127 122 50.0 
474 452 59.0 
159 158 31.0 
105 104 50.0 
225 220 52.0 
349 348 59.0 
316 271 34.0 
146 144 51.0 
280 279 46.0 
131 121 53.0 
110 84 38.0 
497 0 37.0 
160 159 54.0 
175 114 38.0 
362 353 52.0 
415 412 52.0 
152 115 51.0 
87 85 31.0 
53 47 59.0 
49 48 50.0 
281 280 40.0 
128 127 55.0 
425 424 52.0 
363 362 44.0 
257 249 41.0 
94 93 46.0 
456 455 58.0 
50 49 49.0 
161 160 38.0 
490 483 31.0 
401 392 41.0 
135 120 45.0 
493 483 30.0 
57 56 53.0 
414 413 44.0 
317 271 38.0 
233 232 45.0 
475 474 53.0 
88 87 31.0 
106 105 33.0 
258 249 56.0 
166 156 33.0 
404 352 57.0 
17 14 48.0 
194 186 39.0 
248 247 40.0 
19 14 33.0 
147 146 47.0 
476 452 42.0 
368 353 30.0 
369 368 58.0 
361 360 45.0 
289 287 31.0 
405 404 49.0 
168 156 31.0 
253 252 49.0 
103 102 58.0 
59 56 33.0 
442 1 53.0 
332 329 58.0 
347 228 49.0 
205 204 57.0 
169 168 37.0 
460 454 31.0 
327 322 58.0 
89 88 37.0 
268 229 56.0 
365 362 53.0 
467 462 54.0 
388 387 59.0 
136 135 50.0 
40 39 33.0 
11 6 36.0 
251 250 59.0 
68 67 34.0 
307 297 39.0 
181 178 42.0 
22 14 52.0 
341 340 45.0 
29 4 32.0 
397 396 43.0 
129 122 44.0 
153 115 53.0 
367 362 44.0 
318 271 31.0 
26 25 33.0 
487 486 55.0 
308 296 47.0 
20 19 53.0 
343 340 42.0 
377 376 53.0 
342 341 33.0 
54 53 33.0 
206 205 30.0 
138 119 34.0 
300 299 33.0 
464 463 43.0 
132 131 51.0 
151 150 46.0 
364 363 52.0 
170 169 38.0 
335 334 40.0 
366 365 45.0 
188 187 41.0 
263 262 34.0 
176 114 46.0 
269 229 31.0 
234 233 43.0 
61 60 50.0 
190 187 56.0 
216 212 42.0 
98 93 51.0 
36 31 50.0 
290 289 48.0 
293 292 58.0 
449 444 55.0 
399 396 56.0 
192 187 54.0 
256 252 30.0 
241 240 43.0 
416 415 52.0 
488 487 43.0 
436 435 35.0 
426 425 48.0 
468 467 36.0 
79 78 35.0 
133 131 51.0 
344 343 35.0 
470 462 55.0 
282 281 48.0 
217 216 53.0 
9 8 57.0 
385 384 43.0 
171 169 56.0 
214 213 55.0 
417 415 46.0 
427 426 40.0 
112 84 56.0 
23 14 59.0 
312 311 40.0 
301 300 56.0 
496 495 37.0 
391 372 43.0 
73 72 57.0 
211 204 43.0 
381 380 34.0 
264 262 33.0 
432 425 52.0 
189 188 40.0 
162 158 53.0 
148 146 57.0 
100 99 35.0 
266 262 30.0 
27 25 48.0 
209 205 48.0 
421 415 37.0 
261 249 55.0 
294 292 49.0 
374 373 42.0 
235 232 47.0 
314 313 32.0 
227 2 46.0 
41 39 33.0 
35 34 52.0 
398 397 48.0 
406 404 42.0 
75 72 55.0 
265 264 59.0 
164 157 42.0 
278 274 59.0 
52 48 45.0 
18 17 56.0 
218 212 33.0 
304 303 55.0 
43 38 34.0 
70 67 51.0 
42 41 52.0 
358 355 35.0 
370 368 40.0 
195 83 56.0 
494 482 55.0 
95 94 49.0 
210 209 36.0 
197 83 46.0 
51 49 34.0 
394 393 49.0 
359 358 34.0 
65 62 59.0 
433 424 34.0 
139 119 45.0 
389 387 55.0 
10 7 49.0 
428 427 43.0 
270 269 44.0 
242 241 44.0 
378 377 40.0 
28 27 46.0 
379 378 39.0 
491 490 50.0 
130 129 38.0 
459 455 39.0 
174 156 47.0 
418 417 34.0 
489 487 46.0 
113 112 58.0 
419 418 35.0 
223 222 47.0 
400 399 32.0 
284 280 42.0 
167 166 48.0 
172 171 39.0 
165 157 47.0 
111 110 32.0 
137 120 36.0 
124 123 46.0 
180 179 33.0 
477 451 38.0 
276 275 50.0 
140 139 34.0 
371 353 50.0 
465 463 50.0 
198 83 38.0 
243 242 32.0 
183 182 45.0 
154 115 59.0 
80 78 30.0 
457 456 31.0 
125 124 44.0 
422 421 54.0 
259 258 32.0 
184 182 46.0 
328 322 44.0 
69 68 41.0 
320 271 40.0 
244 242 30.0 
37 31 31.0 
237 231 41.0 
382 380 59.0 
142 119 55.0 
331 330 58.0 
498 0 41.0 
325 324 33.0 
55 54 55.0 
291 289 54.0 
345 340 49.0 
471 470 38.0 
326 323 59.0 
283 281 48.0 
134 121 39.0 
24 14 47.0 
420 418 55.0 
203 202 54.0 
469 467 34.0 
466 465 47.0 
196 195 59.0 
74 73 54.0 
109 105 42.0 
319 318 50.0 
473 461 58.0 
438 437 46.0 
107 106 39.0 
448 447 51.0 
71 67 58.0 
44 38 52.0 
219 212 50.0 
481 480 46.0 
108 107 54.0 
492 491 39.0 
267 266 47.0 
441 440 44.0 
226 225 48.0 
143 119 41.0 
185 184 52.0 
236 235 52.0 
390 387 37.0 
478 451 32.0 
81 78 55.0 
410 409 40.0 
305 303 47.0 
96 95 50.0 
350 349 33.0 
411 410 40.0 
193 187 31.0 
163 158 50.0 
126 123 38.0 
12 11 56.0 
141 139 49.0 
472 462 31.0 
90 87 31.0 
302 301 58.0 
306 303 45.0 
173 168 38.0 
199 83 59.0 
479 478 44.0 
207 206 43.0 
338 337 30.0 
339 338 46.0 
64 63 33.0 
430 427 47.0 
395 394 40.0 
224 222 53.0 
315 313 49.0 
260 258 38.0 
402 401 49.0 
254 253 40.0 
117 116 55.0 
439 437 41.0 
97 95 33.0 
255 254 35.0 
21 19 36.0 
208 206 47.0 
200 199 46.0 
82 81 33.0 
191 190 43.0 
423 422 33.0 
351 349 37.0 
277 276 53.0 
458 457 36.0 
429 428 53.0 
58 57 56.0 
499 498 50.0 
431 427 40.0 
443 1 58.0 
76 72 43.0 
PROGRAMS ASSIGNED TO NODES (nID pID1 pID2 ...):
0 1 2 3 4 5 6  
81 3  
88 1 4 5  
353 4 6  
318  
207 2 5 6  
177 1 2 3  
406 1 2 3 5 6  
264 1 4 6  
423 5  
352 2  
381 1 2 3 4 6  
347 2 5  
315 1  
498 1 4 5 6  
480 1 2 3 6  
243 2 6  
87 4 5  
470 1 2 3 4 5  
38  
493 2  
56 2 6  
145  
258 1 3 4 5 6  
117 1 2 5 6  
69 1 2 3 4 5  
304 1 2 3 5 6  
298 1 2 5 6  
256 1 2 4 6  
82 1  
172 3  
215 2 3 4 6  
388 1 2 3 5 6  
432  
345 1 2 4 5 6  
251 1 4 5  
70 2  
76 1 3 4  
141  
2  
234 1 2 3 6  
294 1 2 3 5 6  
12 2 3 4 5 6  
413  
213 2 4 5  
55 6  
75 2 3 4 6  
494 3 4 6  
181 4 6  
482 1 2 4 6  
291 2 5  
40 2 4 5  
430 1 3 6  
150 1 2 3 4 6  
114 2 3 4 5 6  
479 1  
4 5  
443 2 3 5  
31 2 4  
198 1 4  
311 1 3 4 5 6  
1 3 4  
467 2 3 5 6  
297 2 6  
301 2 4 5  
286  
79 1 2 5 6  
186 1 3  
167 2 4 5 6  
61 1 4  
39 1 6  
447 1 4 5 6  
144 2  
159 1 4 5  
49  
241 1 2 3 5 6  
94 1  
74 3 5 6  
128 5  
147  
282 2 3  
229  
384 4 5 6  
231 1 2 6  
306  
476 2 3 4 5 6  
138 3  
46 1 4 6  
341 1 3 5 6  
139 1 4 5 6  
483 2 4 6  
199 1 3 5 6  
9 3 6  
365 1 3  
16 5  
254 2 3 4  
374 4 5 6  
123 1 3 4 5 6  
277 1 3 4 5  
17 1 4  
152 1 3 4 5 6  
288 1 3 4 5 6  
103 1 3 4 5 6  
72 5  
203 2 5 6  
43 2 4  
151 1 2 4 5 6  
422 4 6  
143  
427  
146 1  
285 1 4 5 6  
416  
89 1 2 3 4 5  
53  
127 3 4 5  
471 1  
314 2  
491 1 3 6  
468  
329 1 2 3 5 6  
99 1 4 5 6  
492 1 3 4 5  
289 2  
412 2 3 5 6  
387  
242 2 3 4 5 6  
206 6  
100 1 6  
278 3 4  
240 1 3 6  
230 1 3 5 6  
212 2  
247 1 2 3 5 6  
201 1 5  
132 1 2 5 6  
469  
68 1 3 4 5  
453 4 5 6  
456 3 5  
102 1  
295  
197 3 4 5  
170  
313 1 2 3 5 6  
20 1 5 6  
477  
448 4 5  
239  
195 5  
488  
182 1 2 4 5  
58 1 2 3 4 5  
236 2 5  
59 1 2 3 5  
496 1 2 3 4  
397 1 6  
13  
438 1 6  
223  
218 2 3 5  
92 2 4 6  
257  
221 1 2 4 5  
404 1 2 3 4 6  
14 1 4  
403 1 2 5  
84 1 3 4 5  
322  
473 2 4  
446 1 2 3 5 6  
8 1 2 3 5 6  
340 6  
101  
29 3  
472 1 4 6  
196 2 3 4 5 6  
346 1 3 4  
178 2 3 4 5  
495 1 2 3 4  
333 2 3 5  
464 1 3 6  
292  
98 4  
189 1 2 4 5  
80 5  
52 1 3 4 5 6  
140  
419 4  
157 2 3 4 5 6  
176 1 3  
193 2 3  
351  
489 1 3 4  
424 1 3 6  
91 1 2 4 5  
308  
57  
324 1 2 3 4 5  
77 5  
42 3  
192 2  
379 1 4 5 6  
149 2 3 4 5 6  
15  
458 1 2 3 4  
36  
188 1 4  
368  
342 1 2 3 4 5  
122 2 4 5 6  
115 2 3 5 6  
486 2 4 5 6  
106 3  
437 3 6  
426 1 2 3 5  
148 1 2 4  
95  
110 2 3  
293  
169 2 5 6  
204 2 4 5 6  
417 1 3 5 6  
124  
25 2 3 5 6  
321 2  
220 1 4 5 6  
187 2 3 4 5 6  
420 1 2 4 5 6  
136 2 6  
325 1 2 5 6  
268 2 6  
376 2 6  
112 4  
45 2 4 5  
487 3 5 6  
442 6  
435 2 3  
414  
200 1 2 3 4 6  
63 4 5 6  
343 2 5  
356 2 3 4 5 6  
405 4  
174 1 2 3  
262 1 4  
369 1 4  
283 1 2 3 5 6  
205 2 3 4  
238 2 6  
344 6  
275 1 3 4 5 6  
185  
60 3 5 6  
109  
363 2 3 4  
454 1 4  
428 2 3 5 6  
421 2 3 4 5 6  
261 6  
418 1 2 5 6  
71 3  
166 5  
327 1 3 4 6  
105 1 5  
320 3 4 5 6  
78 1 3 4  
337  
62 4 6  
465 2 3 5  
429 3  
475 1 2 4 5 6  
165 1 2 3  
233 1 2 6  
300 1 6  
23 2 3 4 5 6  
209 5 6  
190 4  
19 1 2 4 6  
194 2 3 4 5 6  
452 1 2 3 4 6  
156  
86 1 2 4 5 6  
265  
27 5  
32 4  
290 2  
93 1 3 5 6  
248 1 2 3 4  
226  
439 3  
126 1 2 3 4 5  
50 3  
330 1 3 5 6  
34 2 5 6  
312 2 3 4  
399 4 5 6  
119 1 2 5 6  
372 2 4  
433 1  
113 4  
175 1 6  
24 4 5  
47 2 5 6  
225 5  
326 2 4 5 6  
440 5  
155 2  
208 2 4  
375 1 3 4 5 6  
466 1 3 4 5  
3 3 4 6  
348 3  
202  
425 1 3 5 6  
272 1 2 3 4 6  
459 6  
245 6  
450 3 5  
154 1 2 3 4 5  
328 1 3 5  
409 1 3 4 6  
364 6  
474  
307 1 2 3 5 6  
431 1 2 3 6  
85 1 2 3 4  
361 2 5  
331 1 6  
6 6  
270 1 2 3 4 5  
33 2 3 4 5 6  
302 6  
319 2  
393 3  
271 2 3 5  
441 3 4 6  
385 4 6  
255 3 5 6  
137 1 2 3 5  
273 1 2 3 4 5  
436  
97  
389  
407 1 6  
382 1 4  
211 1  
449 2  
462  
266 2  
246 4  
90 6  
121 1 3 5 6  
73 1 3 4 5 6  
64 2 4 5  
21 2 6  
309 2 4 6  
400 1 2 3 5  
224  
276 1 5 6  
395  
116  
359 4 5  
41 1 2 4 5 6  
362 1 2  
398 2  
390 1 2 3 4 5  
373  
7 1 2 4 5 6  
180  
296 2 5 6  
445  
216 2 3 4 5 6  
336 1 3 4  
355 4 5  
108 5  
366 1  
160 2 3 4  
253 1 4 5 6  
408 2  
66  
411 1 5 6  
249 1 2 3 4 6  
332 1 4  
11  
394 1 3 5 6  
65 6  
402 2 3 4 6  
370 1 5  
457 2  
162 2 4 5  
164 1  
485 2 3  
171 1 3 4 5  
250 2 4 5  
444  
334  
484 1 4 5  
299 5  
133  
54 2  
30 1 3 4 5  
263 3 4 5  
401 1 2 4 5  
158  
118 1 4 5  
67 3 4  
222 4 5  
235 1 2 3 4 5  
37 3  
26 1 3 4 5 6  
22 1 3  
287 1  
350 2 5  
335 1 4 6  
244 2 5  
451 4  
305 1 2 5  
497 3  
481  
217 3  
219 1 3 4 6  
214 1 3 4 5 6  
499 1  
18  
316  
228 3 4 5 6  
392 1 2 3 4 6  
83 1 2 3 5 6  
371 1 3  
5 2 4 5  
260  
281  
317 1 3 4 6  
267 3  
48 6  
10 2 3  
131 1 6  
383  
460 1 2 3 5 6  
135 1 6  
232 1 3 5  
28 1 2 3 4 6  
173 1  
358  
153 1 2 3 6  
130 1 2 4 5  
269 1 2 3 6  
227 1 2 3 5  
111  
478 3  
35  
120 2 3 5 6  
339 1 4 5 6  
338 4  
463 1 2 3 4 6  
96 2 4 5 6  
104 1 2 3 4 6  
386 4 6  
184  
354 1  
252 4  
349 3  
415 1 2 3 4 6  
168 4 5 6  
360  
396 1 2 3 5  
378 1 2 4 5  
279 1 4 6  
284 3 4 6  
134 2 4 6  
274 2 3 5  
161 1 3  
461 4 6  
455  
183  
380 3 4 5 6  
303 3 5  
410 3 4  
163 1 2  
125 3 5  
259  
391 4 5  
191 1 2 3 5 6  
237 3 4 6  
357  
142  
210  
129 1 2 3 5 6  
377 1 3 5  
323 3 5 6  
434 2 4  
51 3 5  
179 1 2 4 5 6  
310 1 2 4  
490 3 4  
107 2 3  
44 1 2 4 5 6  
367 2 3 4 6  
280 1 2 5 6  
SIZE OF PROGRAMS (pID SIZE):
1 68.0 
2 99.0 
3 91.0 
4 47.0 
5 83.0 
6 45.0 
COST_INSTALL_SERVER_AND_PROGRAMS :
0 1874.7474747474748 1.3737373737373737 2.0 1.8383838383838385 0.9494949494949495 1.6767676767676767 0.9090909090909091  
81 8.411706111502623 2.0606060606060606 3.0 2.757575757575758 1.4242424242424243 2.515151515151515 1.3636363636363635  
88 57.29944429937945 1.3737373737373737 2.0 1.8383838383838385 0.9494949494949495 1.6767676767676767 0.9090909090909091  
353 10.336550890969495 2.0606060606060606 3.0 2.757575757575758 1.4242424242424243 2.515151515151515 1.3636363636363635  
318 4.184304042112222 1.3737373737373737 2.0 1.8383838383838385 0.9494949494949495 1.6767676767676767 0.9090909090909091  
207 25.248120672563758 2.0606060606060606 3.0 2.757575757575758 1.4242424242424243 2.515151515151515 1.3636363636363635  
177 22.0526837181094 2.0606060606060606 3.0 2.757575757575758 1.4242424242424243 2.515151515151515 1.3636363636363635  
406 14.495611332771675 1.3737373737373737 2.0 1.8383838383838385 0.9494949494949495 1.6767676767676767 0.9090909090909091  
264 5.730608409678178 1.3737373737373737 2.0 1.8383838383838385 0.9494949494949495 1.6767676767676767 0.9090909090909091  
423 1.0509635144684981 2.0606060606060606 3.0 2.757575757575758 1.4242424242424243 2.515151515151515 1.3636363636363635  
352 2.548392227927112 2.0606060606060606 3.0 2.757575757575758 1.4242424242424243 2.515151515151515 1.3636363636363635  
381 4.380444077446838 1.3737373737373737 2.0 1.8383838383838385 0.9494949494949495 1.6767676767676767 0.9090909090909091  
347 4.401267156615993 2.0606060606060606 3.0 2.757575757575758 1.4242424242424243 2.515151515151515 1.3636363636363635  
315 0.5462579955950863 1.3737373737373737 2.0 1.8383838383838385 0.9494949494949495 1.6767676767676767 0.9090909090909091  
498 26.0 2.0606060606060606 3.0 2.757575757575758 1.4242424242424243 2.515151515151515 1.3636363636363635  
480 1.3243006993006983 2.0606060606060606 3.0 2.757575757575758 1.4242424242424243 2.515151515151515 1.3636363636363635  
243 10.682859491929257 1.3737373737373737 2.0 1.8383838383838385 0.9494949494949495 1.6767676767676767 0.9090909090909091  
87 26.518967176837922 2.0606060606060606 3.0 2.757575757575758 1.4242424242424243 2.515151515151515 1.3636363636363635  
470 31.119997115103487 1.3737373737373737 2.0 1.8383838383838385 0.9494949494949495 1.6767676767676767 0.9090909090909091  
38 21.26460374788864 2.0606060606060606 3.0 2.757575757575758 1.4242424242424243 2.515151515151515 1.3636363636363635  
493 3.2713043478260864 2.0606060606060606 3.0 2.757575757575758 1.4242424242424243 2.515151515151515 1.3636363636363635  
56 22.447717304981577 1.3737373737373737 2.0 1.8383838383838385 0.9494949494949495 1.6767676767676767 0.9090909090909091  
145 98.0 2.0606060606060606 3.0 2.757575757575758 1.4242424242424243 2.515151515151515 1.3636363636363635  
258 22.742093232994403 2.0606060606060606 3.0 2.757575757575758 1.4242424242424243 2.515151515151515 1.3636363636363635  
117 3.7530588515078946 1.3737373737373737 2.0 1.8383838383838385 0.9494949494949495 1.6767676767676767 0.9090909090909091  
69 38.66310168446133 2.0606060606060606 3.0 2.757575757575758 1.4242424242424243 2.515151515151515 1.3636363636363635  
304 64.81104143720667 1.3737373737373737 2.0 1.8383838383838385 0.9494949494949495 1.6767676767676767 0.9090909090909091  
298 24.01165243278676 1.3737373737373737 2.0 1.8383838383838385 0.9494949494949495 1.6767676767676767 0.9090909090909091  
256 9.569321298216925 2.0606060606060606 3.0 2.757575757575758 1.4242424242424243 2.515151515151515 1.3636363636363635  
82 0.743981285725472 1.3737373737373737 2.0 1.8383838383838385 0.9494949494949495 1.6767676767676767 0.9090909090909091  
172 1.7856154676787268 1.3737373737373737 2.0 1.8383838383838385 0.9494949494949495 1.6767676767676767 0.9090909090909091  
215 14.299878028947793 2.0606060606060606 3.0 2.757575757575758 1.4242424242424243 2.515151515151515 1.3636363636363635  
388 16.78497800097362 2.0606060606060606 3.0 2.757575757575758 1.4242424242424243 2.515151515151515 1.3636363636363635  
432 73.0 2.0606060606060606 3.0 2.757575757575758 1.4242424242424243 2.515151515151515 1.3636363636363635  
345 17.016672275675596 1.3737373737373737 2.0 1.8383838383838385 0.9494949494949495 1.6767676767676767 0.9090909090909091  
251 13.340696709603785 2.0606060606060606 3.0 2.757575757575758 1.4242424242424243 2.515151515151515 1.3636363636363635  
70 6.289355948171282 1.3737373737373737 2.0 1.8383838383838385 0.9494949494949495 1.6767676767676767 0.9090909090909091  
76 2.129984557436291 1.3737373737373737 2.0 1.8383838383838385 0.9494949494949495 1.6767676767676767 0.9090909090909091  
141 14.0 2.0606060606060606 3.0 2.757575757575758 1.4242424242424243 2.515151515151515 1.3636363636363635  
2 8.940490732351199 1.3737373737373737 2.0 1.8383838383838385 0.9494949494949495 1.6767676767676767 0.9090909090909091  
234 21.88675908449311 2.0606060606060606 3.0 2.757575757575758 1.4242424242424243 2.515151515151515 1.3636363636363635  
294 32.43322304594986 2.0606060606060606 3.0 2.757575757575758 1.4242424242424243 2.515151515151515 1.3636363636363635  
12 45.402338025871806 1.3737373737373737 2.0 1.8383838383838385 0.9494949494949495 1.6767676767676767 0.9090909090909091  
413 64.0 1.3737373737373737 2.0 1.8383838383838385 0.9494949494949495 1.6767676767676767 0.9090909090909091  
213 7.79597356562473 1.3737373737373737 2.0 1.8383838383838385 0.9494949494949495 1.6767676767676767 0.9090909090909091  
55 4.104339631956948 1.3737373737373737 2.0 1.8383838383838385 0.9494949494949495 1.6767676767676767 0.9090909090909091  
75 17.41508256102047 2.0606060606060606 3.0 2.757575757575758 1.4242424242424243 2.515151515151515 1.3636363636363635  
494 3.1054545454545455 1.3737373737373737 2.0 1.8383838383838385 0.9494949494949495 1.6767676767676767 0.9090909090909091  
181 0.9718832623018673 1.3737373737373737 2.0 1.8383838383838385 0.9494949494949495 1.6767676767676767 0.9090909090909091  
482 4.186291486291486 1.3737373737373737 2.0 1.8383838383838385 0.9494949494949495 1.6767676767676767 0.9090909090909091  
291 3.7490939994350585 1.3737373737373737 2.0 1.8383838383838385 0.9494949494949495 1.6767676767676767 0.9090909090909091  
40 27.58818147560881 2.0606060606060606 3.0 2.757575757575758 1.4242424242424243 2.515151515151515 1.3636363636363635  
430 19.62957635181906 1.3737373737373737 2.0 1.8383838383838385 0.9494949494949495 1.6767676767676767 0.9090909090909091  
150 49.78380282744362 1.3737373737373737 2.0 1.8383838383838385 0.9494949494949495 1.6767676767676767 0.9090909090909091  
114 17.78681918132534 1.3737373737373737 2.0 1.8383838383838385 0.9494949494949495 1.6767676767676767 0.9090909090909091  
479 2.068611793611794 2.0606060606060606 3.0 2.757575757575758 1.4242424242424243 2.515151515151515 1.3636363636363635  
4 2.918664454623757 1.3737373737373737 2.0 1.8383838383838385 0.9494949494949495 1.6767676767676767 0.9090909090909091  
443 0.278300648829919 2.0606060606060606 3.0 2.757575757575758 1.4242424242424243 2.515151515151515 1.3636363636363635  
31 3.1542274209425374 2.0606060606060606 3.0 2.757575757575758 1.4242424242424243 2.515151515151515 1.3636363636363635  
198 5.985467637066983 1.3737373737373737 2.0 1.8383838383838385 0.9494949494949495 1.6767676767676767 0.9090909090909091  
311 25.642364269479614 2.0606060606060606 3.0 2.757575757575758 1.4242424242424243 2.515151515151515 1.3636363636363635  
1 82.0 2.0606060606060606 3.0 2.757575757575758 1.4242424242424243 2.515151515151515 1.3636363636363635  
467 9.048923188178508 2.0606060606060606 3.0 2.757575757575758 1.4242424242424243 2.515151515151515 1.3636363636363635  
297 29.62912997181695 1.3737373737373737 2.0 1.8383838383838385 0.9494949494949495 1.6767676767676767 0.9090909090909091  
301 37.770878317822714 2.0606060606060606 3.0 2.757575757575758 1.4242424242424243 2.515151515151515 1.3636363636363635  
286 4.930423029068772 2.0606060606060606 3.0 2.757575757575758 1.4242424242424243 2.515151515151515 1.3636363636363635  
79 11.71070093235791 2.0606060606060606 3.0 2.757575757575758 1.4242424242424243 2.515151515151515 1.3636363636363635  
186 5.595457062803878 2.0606060606060606 3.0 2.757575757575758 1.4242424242424243 2.515151515151515 1.3636363636363635  
167 11.053727738307133 2.0606060606060606 3.0 2.757575757575758 1.4242424242424243 2.515151515151515 1.3636363636363635  
61 1.0624160066892625 2.0606060606060606 3.0 2.757575757575758 1.4242424242424243 2.515151515151515 1.3636363636363635  
39 25.502963536248426 2.0606060606060606 3.0 2.757575757575758 1.4242424242424243 2.515151515151515 1.3636363636363635  
447 1.1470548426905165 2.0606060606060606 3.0 2.757575757575758 1.4242424242424243 2.515151515151515 1.3636363636363635  
144 21.659937496583602 2.0606060606060606 3.0 2.757575757575758 1.4242424242424243 2.515151515151515 1.3636363636363635  
159 28.00777228111067 1.3737373737373737 2.0 1.8383838383838385 0.9494949494949495 1.6767676767676767 0.9090909090909091  
49 2.1890826406695445 1.3737373737373737 2.0 1.8383838383838385 0.9494949494949495 1.6767676767676767 0.9090909090909091  
241 12.326772517503416 1.3737373737373737 2.0 1.8383838383838385 0.9494949494949495 1.6767676767676767 0.9090909090909091  
94 4.987152502221718 2.0606060606060606 3.0 2.757575757575758 1.4242424242424243 2.515151515151515 1.3636363636363635  
74 2.544864814923676 1.3737373737373737 2.0 1.8383838383838385 0.9494949494949495 1.6767676767676767 0.9090909090909091  
128 1.8779982609660166 1.3737373737373737 2.0 1.8383838383838385 0.9494949494949495 1.6767676767676767 0.9090909090909091  
147 71.0 2.0606060606060606 3.0 2.757575757575758 1.4242424242424243 2.515151515151515 1.3636363636363635  
282 14.301965105694869 1.3737373737373737 2.0 1.8383838383838385 0.9494949494949495 1.6767676767676767 0.9090909090909091  
229 16.45588068631258 2.0606060606060606 3.0 2.757575757575758 1.4242424242424243 2.515151515151515 1.3636363636363635  
384 11.43528355556415 1.3737373737373737 2.0 1.8383838383838385 0.9494949494949495 1.6767676767676767 0.9090909090909091  
231 33.75436515836226 2.0606060606060606 3.0 2.757575757575758 1.4242424242424243 2.515151515151515 1.3636363636363635  
306 30.0 2.0606060606060606 3.0 2.757575757575758 1.4242424242424243 2.515151515151515 1.3636363636363635  
476 2.0306603681603685 1.3737373737373737 2.0 1.8383838383838385 0.9494949494949495 1.6767676767676767 0.9090909090909091  
138 1.4848061031859003 1.3737373737373737 2.0 1.8383838383838385 0.9494949494949495 1.6767676767676767 0.9090909090909091  
46 8.37773358286232 2.0606060606060606 3.0 2.757575757575758 1.4242424242424243 2.515151515151515 1.3636363636363635  
341 9.455119299305343 2.0606060606060606 3.0 2.757575757575758 1.4242424242424243 2.515151515151515 1.3636363636363635  
139 26.531511367696638 1.3737373737373737 2.0 1.8383838383838385 0.9494949494949495 1.6767676767676767 0.9090909090909091  
483 13.195918815484033 1.3737373737373737 2.0 1.8383838383838385 0.9494949494949495 1.6767676767676767 0.9090909090909091  
199 24.253803081019473 1.3737373737373737 2.0 1.8383838383838385 0.9494949494949495 1.6767676767676767 0.9090909090909091  
9 2.4657594936042866 1.3737373737373737 2.0 1.8383838383838385 0.9494949494949495 1.6767676767676767 0.9090909090909091  
365 1.232506369599393 1.3737373737373737 2.0 1.8383838383838385 0.9494949494949495 1.6767676767676767 0.9090909090909091  
16 0.9651156541563518 2.0606060606060606 3.0 2.757575757575758 1.4242424242424243 2.515151515151515 1.3636363636363635  
254 5.304659182888789 1.3737373737373737 2.0 1.8383838383838385 0.9494949494949495 1.6767676767676767 0.9090909090909091  
374 15.12689981900501 1.3737373737373737 2.0 1.8383838383838385 0.9494949494949495 1.6767676767676767 0.9090909090909091  
123 74.7102883312576 1.3737373737373737 2.0 1.8383838383838385 0.9494949494949495 1.6767676767676767 0.9090909090909091  
277 40.47114501506982 2.0606060606060606 3.0 2.757575757575758 1.4242424242424243 2.515151515151515 1.3636363636363635  
17 9.828053141231432 2.0606060606060606 3.0 2.757575757575758 1.4242424242424243 2.515151515151515 1.3636363636363635  
152 30.460715756008067 2.0606060606060606 3.0 2.757575757575758 1.4242424242424243 2.515151515151515 1.3636363636363635  
288 25.13844482519699 2.0606060606060606 3.0 2.757575757575758 1.4242424242424243 2.515151515151515 1.3636363636363635  
103 17.292081039824694 1.3737373737373737 2.0 1.8383838383838385 0.9494949494949495 1.6767676767676767 0.9090909090909091  
72 11.697761499689431 2.0606060606060606 3.0 2.757575757575758 1.4242424242424243 2.515151515151515 1.3636363636363635  
203 6.750280608710841 1.3737373737373737 2.0 1.8383838383838385 0.9494949494949495 1.6767676767676767 0.9090909090909091  
43 8.37799159323897 1.3737373737373737 2.0 1.8383838383838385 0.9494949494949495 1.6767676767676767 0.9090909090909091  
151 42.72167323426524 1.3737373737373737 2.0 1.8383838383838385 0.9494949494949495 1.6767676767676767 0.9090909090909091  
422 1.8623515745608772 1.3737373737373737 2.0 1.8383838383838385 0.9494949494949495 1.6767676767676767 0.9090909090909091  
143 89.0 2.0606060606060606 3.0 2.757575757575758 1.4242424242424243 2.515151515151515 1.3636363636363635  
427 13.68683085002853 2.0606060606060606 3.0 2.757575757575758 1.4242424242424243 2.515151515151515 1.3636363636363635  
146 2.9678357839117973 2.0606060606060606 3.0 2.757575757575758 1.4242424242424243 2.515151515151515 1.3636363636363635  
285 33.09601609384571 2.0606060606060606 3.0 2.757575757575758 1.4242424242424243 2.515151515151515 1.3636363636363635  
416 28.0 2.0606060606060606 3.0 2.757575757575758 1.4242424242424243 2.515151515151515 1.3636363636363635  
89 52.10232650941609 2.0606060606060606 3.0 2.757575757575758 1.4242424242424243 2.515151515151515 1.3636363636363635  
53 1.4907993188618875 1.3737373737373737 2.0 1.8383838383838385 0.9494949494949495 1.6767676767676767 0.9090909090909091  
127 15.313909435422191 2.0606060606060606 3.0 2.757575757575758 1.4242424242424243 2.515151515151515 1.3636363636363635  
471 4.929926565066543 2.0606060606060606 3.0 2.757575757575758 1.4242424242424243 2.515151515151515 1.3636363636363635  
314 4.8157293576802465 2.0606060606060606 3.0 2.757575757575758 1.4242424242424243 2.515151515151515 1.3636363636363635  
491 21.534747040295432 1.3737373737373737 2.0 1.8383838383838385 0.9494949494949495 1.6767676767676767 0.9090909090909091  
468 30.0 1.3737373737373737 2.0 1.8383838383838385 0.9494949494949495 1.6767676767676767 0.9090909090909091  
329 12.238434861397453 1.3737373737373737 2.0 1.8383838383838385 0.9494949494949495 1.6767676767676767 0.9090909090909091  
99 30.32992909707316 1.3737373737373737 2.0 1.8383838383838385 0.9494949494949495 1.6767676767676767 0.9090909090909091  
492 8.638633725320963 2.0606060606060606 3.0 2.757575757575758 1.4242424242424243 2.515151515151515 1.3636363636363635  
289 3.412056962398022 1.3737373737373737 2.0 1.8383838383838385 0.9494949494949495 1.6767676767676767 0.9090909090909091  
412 1.803175466099054 1.3737373737373737 2.0 1.8383838383838385 0.9494949494949495 1.6767676767676767 0.9090909090909091  
387 19.57726739397868 2.0606060606060606 3.0 2.757575757575758 1.4242424242424243 2.515151515151515 1.3636363636363635  
242 20.537729920094264 2.0606060606060606 3.0 2.757575757575758 1.4242424242424243 2.515151515151515 1.3636363636363635  
206 8.844503315022433 2.0606060606060606 3.0 2.757575757575758 1.4242424242424243 2.515151515151515 1.3636363636363635  
100 7.695269429464615 2.0606060606060606 3.0 2.757575757575758 1.4242424242424243 2.515151515151515 1.3636363636363635  
278 11.624257502820287 2.0606060606060606 3.0 2.757575757575758 1.4242424242424243 2.515151515151515 1.3636363636363635  
240 8.81906420514394 2.0606060606060606 3.0 2.757575757575758 1.4242424242424243 2.515151515151515 1.3636363636363635  
230 6.278515568595305 2.0606060606060606 3.0 2.757575757575758 1.4242424242424243 2.515151515151515 1.3636363636363635  
212 10.825111774530377 2.0606060606060606 3.0 2.757575757575758 1.4242424242424243 2.515151515151515 1.3636363636363635  
247 40.60181193760097 1.3737373737373737 2.0 1.8383838383838385 0.9494949494949495 1.6767676767676767 0.9090909090909091  
201 1.6069637941730968 2.0606060606060606 3.0 2.757575757575758 1.4242424242424243 2.515151515151515 1.3636363636363635  
132 29.090985578436573 2.0606060606060606 3.0 2.757575757575758 1.4242424242424243 2.515151515151515 1.3636363636363635  
469 106.0 2.0606060606060606 3.0 2.757575757575758 1.4242424242424243 2.515151515151515 1.3636363636363635  
68 4.096671799775975 2.0606060606060606 3.0 2.757575757575758 1.4242424242424243 2.515151515151515 1.3636363636363635  
453 12.124234307359309 2.0606060606060606 3.0 2.757575757575758 1.4242424242424243 2.515151515151515 1.3636363636363635  
456 38.711215569558796 1.3737373737373737 2.0 1.8383838383838385 0.9494949494949495 1.6767676767676767 0.9090909090909091  
102 14.796678740974118 1.3737373737373737 2.0 1.8383838383838385 0.9494949494949495 1.6767676767676767 0.9090909090909091  
295 18.178401838161992 1.3737373737373737 2.0 1.8383838383838385 0.9494949494949495 1.6767676767676767 0.9090909090909091  
197 11.893054512090915 1.3737373737373737 2.0 1.8383838383838385 0.9494949494949495 1.6767676767676767 0.9090909090909091  
170 105.0 1.3737373737373737 2.0 1.8383838383838385 0.9494949494949495 1.6767676767676767 0.9090909090909091  
313 13.878374061258334 1.3737373737373737 2.0 1.8383838383838385 0.9494949494949495 1.6767676767676767 0.9090909090909091  
20 16.44152942323631 2.0606060606060606 3.0 2.757575757575758 1.4242424242424243 2.515151515151515 1.3636363636363635  
477 90.0 2.0606060606060606 3.0 2.757575757575758 1.4242424242424243 2.515151515151515 1.3636363636363635  
448 6.658904030820539 2.0606060606060606 3.0 2.757575757575758 1.4242424242424243 2.515151515151515 1.3636363636363635  
239 7.1849205710003075 1.3737373737373737 2.0 1.8383838383838385 0.9494949494949495 1.6767676767676767 0.9090909090909091  
195 13.01505067284137 1.3737373737373737 2.0 1.8383838383838385 0.9494949494949495 1.6767676767676767 0.9090909090909091  
488 94.0 1.3737373737373737 2.0 1.8383838383838385 0.9494949494949495 1.6767676767676767 0.9090909090909091  
182 6.813142568250759 2.0606060606060606 3.0 2.757575757575758 1.4242424242424243 2.515151515151515 1.3636363636363635  
58 11.788682467907424 1.3737373737373737 2.0 1.8383838383838385 0.9494949494949495 1.6767676767676767 0.9090909090909091  
236 20.87382326103996 1.3737373737373737 2.0 1.8383838383838385 0.9494949494949495 1.6767676767676767 0.9090909090909091  
59 23.252712539599127 2.0606060606060606 3.0 2.757575757575758 1.4242424242424243 2.515151515151515 1.3636363636363635  
496 0.5225308796737371 2.0606060606060606 3.0 2.757575757575758 1.4242424242424243 2.515151515151515 1.3636363636363635  
397 2.021814720027694 1.3737373737373737 2.0 1.8383838383838385 0.9494949494949495 1.6767676767676767 0.9090909090909091  
13 92.0 1.3737373737373737 2.0 1.8383838383838385 0.9494949494949495 1.6767676767676767 0.9090909090909091  
438 4.11683305927492 1.3737373737373737 2.0 1.8383838383838385 0.9494949494949495 1.6767676767676767 0.9090909090909091  
223 50.0 2.0606060606060606 3.0 2.757575757575758 1.4242424242424243 2.515151515151515 1.3636363636363635  
218 11.647181113460183 1.3737373737373737 2.0 1.8383838383838385 0.9494949494949495 1.6767676767676767 0.9090909090909091  
92 12.297462521113685 1.3737373737373737 2.0 1.8383838383838385 0.9494949494949495 1.6767676767676767 0.9090909090909091  
257 50.0 1.3737373737373737 2.0 1.8383838383838385 0.9494949494949495 1.6767676767676767 0.9090909090909091  
221 8.59813122923588 2.0606060606060606 3.0 2.757575757575758 1.4242424242424243 2.515151515151515 1.3636363636363635  
404 11.8855835148124 2.0606060606060606 3.0 2.757575757575758 1.4242424242424243 2.515151515151515 1.3636363636363635  
14 4.361997787957092 1.3737373737373737 2.0 1.8383838383838385 0.9494949494949495 1.6767676767676767 0.9090909090909091  
403 3.3391425251890374 2.0606060606060606 3.0 2.757575757575758 1.4242424242424243 2.515151515151515 1.3636363636363635  
84 2.6362367956813917 2.0606060606060606 3.0 2.757575757575758 1.4242424242424243 2.515151515151515 1.3636363636363635  
322 21.59122336320011 1.3737373737373737 2.0 1.8383838383838385 0.9494949494949495 1.6767676767676767 0.9090909090909091  
473 0.8795327879737272 2.0606060606060606 3.0 2.757575757575758 1.4242424242424243 2.515151515151515 1.3636363636363635  
446 13.7654240103048 1.3737373737373737 2.0 1.8383838383838385 0.9494949494949495 1.6767676767676767 0.9090909090909091  
8 6.321212639097207 1.3737373737373737 2.0 1.8383838383838385 0.9494949494949495 1.6767676767676767 0.9090909090909091  
340 7.430703714889759 1.3737373737373737 2.0 1.8383838383838385 0.9494949494949495 1.6767676767676767 0.9090909090909091  
101 93.0 1.3737373737373737 2.0 1.8383838383838385 0.9494949494949495 1.6767676767676767 0.9090909090909091  
29 4.835083098426121 2.0606060606060606 3.0 2.757575757575758 1.4242424242424243 2.515151515151515 1.3636363636363635  
472 16.142248057004405 1.3737373737373737 2.0 1.8383838383838385 0.9494949494949495 1.6767676767676767 0.9090909090909091  
196 14.514793867499812 2.0606060606060606 3.0 2.757575757575758 1.4242424242424243 2.515151515151515 1.3636363636363635  
346 0.7443727977448907 2.0606060606060606 3.0 2.757575757575758 1.4242424242424243 2.515151515151515 1.3636363636363635  
178 8.60500492235174 1.3737373737373737 2.0 1.8383838383838385 0.9494949494949495 1.6767676767676767 0.9090909090909091  
495 23.0 2.0606060606060606 3.0 2.757575757575758 1.4242424242424243 2.515151515151515 1.3636363636363635  
333 17.618880813507236 1.3737373737373737 2.0 1.8383838383838385 0.9494949494949495 1.6767676767676767 0.9090909090909091  
464 15.49789225418122 2.0606060606060606 3.0 2.757575757575758 1.4242424242424243 2.515151515151515 1.3636363636363635  
292 20.65599177154195 2.0606060606060606 3.0 2.757575757575758 1.4242424242424243 2.515151515151515 1.3636363636363635  
98 0.6753518608256567 2.0606060606060606 3.0 2.757575757575758 1.4242424242424243 2.515151515151515 1.3636363636363635  
189 3.5593090577513298 2.0606060606060606 3.0 2.757575757575758 1.4242424242424243 2.515151515151515 1.3636363636363635  
80 4.190993070237256 2.0606060606060606 3.0 2.757575757575758 1.4242424242424243 2.515151515151515 1.3636363636363635  
52 32.78461720106661 1.3737373737373737 2.0 1.8383838383838385 0.9494949494949495 1.6767676767676767 0.9090909090909091  
140 37.0 1.3737373737373737 2.0 1.8383838383838385 0.9494949494949495 1.6767676767676767 0.9090909090909091  
419 3.964831681589038 1.3737373737373737 2.0 1.8383838383838385 0.9494949494949495 1.6767676767676767 0.9090909090909091  
157 11.887601002703782 1.3737373737373737 2.0 1.8383838383838385 0.9494949494949495 1.6767676767676767 0.9090909090909091  
176 1.3184166448881847 1.3737373737373737 2.0 1.8383838383838385 0.9494949494949495 1.6767676767676767 0.9090909090909091  
193 16.43278580471775 1.3737373737373737 2.0 1.8383838383838385 0.9494949494949495 1.6767676767676767 0.9090909090909091  
351 50.0 1.3737373737373737 2.0 1.8383838383838385 0.9494949494949495 1.6767676767676767 0.9090909090909091  
489 8.582062763181689 1.3737373737373737 2.0 1.8383838383838385 0.9494949494949495 1.6767676767676767 0.9090909090909091  
424 1.7254001812141349 2.0606060606060606 3.0 2.757575757575758 1.4242424242424243 2.515151515151515 1.3636363636363635  
91 22.60376678583109 1.3737373737373737 2.0 1.8383838383838385 0.9494949494949495 1.6767676767676767 0.9090909090909091  
308 29.0 2.0606060606060606 3.0 2.757575757575758 1.4242424242424243 2.515151515151515 1.3636363636363635  
57 8.895945575170535 2.0606060606060606 3.0 2.757575757575758 1.4242424242424243 2.515151515151515 1.3636363636363635  
324 31.43539238258652 2.0606060606060606 3.0 2.757575757575758 1.4242424242424243 2.515151515151515 1.3636363636363635  
77 4.057484398615377 2.0606060606060606 3.0 2.757575757575758 1.4242424242424243 2.515151515151515 1.3636363636363635  
42 1.5566826207814581 1.3737373737373737 2.0 1.8383838383838385 0.9494949494949495 1.6767676767676767 0.9090909090909091  
192 5.88483762769778 1.3737373737373737 2.0 1.8383838383838385 0.9494949494949495 1.6767676767676767 0.9090909090909091  
379 35.56052932210889 2.0606060606060606 3.0 2.757575757575758 1.4242424242424243 2.515151515151515 1.3636363636363635  
149 19.951055997700493 1.3737373737373737 2.0 1.8383838383838385 0.9494949494949495 1.6767676767676767 0.9090909090909091  
15 39.0 1.3737373737373737 2.0 1.8383838383838385 0.9494949494949495 1.6767676767676767 0.9090909090909091  
458 16.476509886398475 2.0606060606060606 3.0 2.757575757575758 1.4242424242424243 2.515151515151515 1.3636363636363635  
36 45.0 2.0606060606060606 3.0 2.757575757575758 1.4242424242424243 2.515151515151515 1.3636363636363635  
188 21.817663404259303 1.3737373737373737 2.0 1.8383838383838385 0.9494949494949495 1.6767676767676767 0.9090909090909091  
368 12.243953488372094 1.3737373737373737 2.0 1.8383838383838385 0.9494949494949495 1.6767676767676767 0.9090909090909091  
342 31.47506068436301 2.0606060606060606 3.0 2.757575757575758 1.4242424242424243 2.515151515151515 1.3636363636363635  
122 29.725540347127303 2.0606060606060606 3.0 2.757575757575758 1.4242424242424243 2.515151515151515 1.3636363636363635  
115 9.275615284266452 1.3737373737373737 2.0 1.8383838383838385 0.9494949494949495 1.6767676767676767 0.9090909090909091  
486 22.99926054084348 1.3737373737373737 2.0 1.8383838383838385 0.9494949494949495 1.6767676767676767 0.9090909090909091  
106 30.6351088501292 2.0606060606060606 3.0 2.757575757575758 1.4242424242424243 2.515151515151515 1.3636363636363635  
437 1.1195560253699794 2.0606060606060606 3.0 2.757575757575758 1.4242424242424243 2.515151515151515 1.3636363636363635  
426 15.500390500971898 1.3737373737373737 2.0 1.8383838383838385 0.9494949494949495 1.6767676767676767 0.9090909090909091  
148 21.35661597938785 1.3737373737373737 2.0 1.8383838383838385 0.9494949494949495 1.6767676767676767 0.9090909090909091  
95 4.83150627891762 1.3737373737373737 2.0 1.8383838383838385 0.9494949494949495 1.6767676767676767 0.9090909090909091  
110 1.65677827062232 2.0606060606060606 3.0 2.757575757575758 1.4242424242424243 2.515151515151515 1.3636363636363635  
293 18.0 1.3737373737373737 2.0 1.8383838383838385 0.9494949494949495 1.6767676767676767 0.9090909090909091  
169 34.954002471503195 1.3737373737373737 2.0 1.8383838383838385 0.9494949494949495 1.6767676767676767 0.9090909090909091  
204 27.693561191304 1.3737373737373737 2.0 1.8383838383838385 0.9494949494949495 1.6767676767676767 0.9090909090909091  
417 29.128401561742084 1.3737373737373737 2.0 1.8383838383838385 0.9494949494949495 1.6767676767676767 0.9090909090909091  
124 29.818992269148723 2.0606060606060606 3.0 2.757575757575758 1.4242424242424243 2.515151515151515 1.3636363636363635  
25 13.45474592268197 2.0606060606060606 3.0 2.757575757575758 1.4242424242424243 2.515151515151515 1.3636363636363635  
321 6.920676532769556 2.0606060606060606 3.0 2.757575757575758 1.4242424242424243 2.515151515151515 1.3636363636363635  
220 9.36163965233733 2.0606060606060606 3.0 2.757575757575758 1.4242424242424243 2.515151515151515 1.3636363636363635  
187 29.198250220572458 2.0606060606060606 3.0 2.757575757575758 1.4242424242424243 2.515151515151515 1.3636363636363635  
420 10.95368978575613 2.0606060606060606 3.0 2.757575757575758 1.4242424242424243 2.515151515151515 1.3636363636363635  
136 12.056762182688438 1.3737373737373737 2.0 1.8383838383838385 0.9494949494949495 1.6767676767676767 0.9090909090909091  
325 39.43479409872233 1.3737373737373737 2.0 1.8383838383838385 0.9494949494949495 1.6767676767676767 0.9090909090909091  
268 6.354974327997584 2.0606060606060606 3.0 2.757575757575758 1.4242424242424243 2.515151515151515 1.3636363636363635  
376 36.383899969736255 1.3737373737373737 2.0 1.8383838383838385 0.9494949494949495 1.6767676767676767 0.9090909090909091  
112 0.3700789857404085 2.0606060606060606 3.0 2.757575757575758 1.4242424242424243 2.515151515151515 1.3636363636363635  
45 18.576607401534726 1.3737373737373737 2.0 1.8383838383838385 0.9494949494949495 1.6767676767676767 0.9090909090909091  
487 7.7657098570653575 2.0606060606060606 3.0 2.757575757575758 1.4242424242424243 2.515151515151515 1.3636363636363635  
442 0.053193186804419826 2.0606060606060606 3.0 2.757575757575758 1.4242424242424243 2.515151515151515 1.3636363636363635  
435 3.3342689120556 2.0606060606060606 3.0 2.757575757575758 1.4242424242424243 2.515151515151515 1.3636363636363635  
414 91.0 2.0606060606060606 3.0 2.757575757575758 1.4242424242424243 2.515151515151515 1.3636363636363635  
200 2.8091208336499762 1.3737373737373737 2.0 1.8383838383838385 0.9494949494949495 1.6767676767676767 0.9090909090909091  
63 12.432228570309963 2.0606060606060606 3.0 2.757575757575758 1.4242424242424243 2.515151515151515 1.3636363636363635  
343 7.926831772878286 2.0606060606060606 3.0 2.757575757575758 1.4242424242424243 2.515151515151515 1.3636363636363635  
356 21.70729680526193 2.0606060606060606 3.0 2.757575757575758 1.4242424242424243 2.515151515151515 1.3636363636363635  
405 1.384242817857086 2.0606060606060606 3.0 2.757575757575758 1.4242424242424243 2.515151515151515 1.3636363636363635  
174 16.194217101778 2.0606060606060606 3.0 2.757575757575758 1.4242424242424243 2.515151515151515 1.3636363636363635  
262 12.029915864866032 1.3737373737373737 2.0 1.8383838383838385 0.9494949494949495 1.6767676767676767 0.9090909090909091  
369 3.9812414441123343 2.0606060606060606 3.0 2.757575757575758 1.4242424242424243 2.515151515151515 1.3636363636363635  
283 48.41678502144609 2.0606060606060606 3.0 2.757575757575758 1.4242424242424243 2.515151515151515 1.3636363636363635  
205 18.475943912728418 1.3737373737373737 2.0 1.8383838383838385 0.9494949494949495 1.6767676767676767 0.9090909090909091  
238 9.220117185140442 2.0606060606060606 3.0 2.757575757575758 1.4242424242424243 2.515151515151515 1.3636363636363635  
344 2.342826940501359 2.0606060606060606 3.0 2.757575757575758 1.4242424242424243 2.515151515151515 1.3636363636363635  
275 4.236171769021698 1.3737373737373737 2.0 1.8383838383838385 0.9494949494949495 1.6767676767676767 0.9090909090909091  
185 87.0 2.0606060606060606 3.0 2.757575757575758 1.4242424242424243 2.515151515151515 1.3636363636363635  
60 6.447001651807853 2.0606060606060606 3.0 2.757575757575758 1.4242424242424243 2.515151515151515 1.3636363636363635  
109 70.0 2.0606060606060606 3.0 2.757575757575758 1.4242424242424243 2.515151515151515 1.3636363636363635  
363 18.08945844852822 2.0606060606060606 3.0 2.757575757575758 1.4242424242424243 2.515151515151515 1.3636363636363635  
454 24.270942778685132 1.3737373737373737 2.0 1.8383838383838385 0.9494949494949495 1.6767676767676767 0.9090909090909091  
428 3.6628268436989373 1.3737373737373737 2.0 1.8383838383838385 0.9494949494949495 1.6767676767676767 0.9090909090909091  
421 3.208407358158189 1.3737373737373737 2.0 1.8383838383838385 0.9494949494949495 1.6767676767676767 0.9090909090909091  
261 2.406721911809121 2.0606060606060606 3.0 2.757575757575758 1.4242424242424243 2.515151515151515 1.3636363636363635  
418 20.914892927042207 2.0606060606060606 3.0 2.757575757575758 1.4242424242424243 2.515151515151515 1.3636363636363635  
71 0.9419860399218973 1.3737373737373737 2.0 1.8383838383838385 0.9494949494949495 1.6767676767676767 0.9090909090909091  
166 28.023683214921384 2.0606060606060606 3.0 2.757575757575758 1.4242424242424243 2.515151515151515 1.3636363636363635  
327 2.296833086275749 1.3737373737373737 2.0 1.8383838383838385 0.9494949494949495 1.6767676767676767 0.9090909090909091  
105 17.342646235496787 2.0606060606060606 3.0 2.757575757575758 1.4242424242424243 2.515151515151515 1.3636363636363635  
320 5.0421442051576095 1.3737373737373737 2.0 1.8383838383838385 0.9494949494949495 1.6767676767676767 0.9090909090909091  
78 2.200642569101871 2.0606060606060606 3.0 2.757575757575758 1.4242424242424243 2.515151515151515 1.3636363636363635  
337 1.68980340333136 1.3737373737373737 2.0 1.8383838383838385 0.9494949494949495 1.6767676767676767 0.9090909090909091  
62 1.9971599997762788 2.0606060606060606 3.0 2.757575757575758 1.4242424242424243 2.515151515151515 1.3636363636363635  
465 36.69577143487782 2.0606060606060606 3.0 2.757575757575758 1.4242424242424243 2.515151515151515 1.3636363636363635  
429 7.3191932599359095 1.3737373737373737 2.0 1.8383838383838385 0.9494949494949495 1.6767676767676767 0.9090909090909091  
475 13.880155615393866 1.3737373737373737 2.0 1.8383838383838385 0.9494949494949495 1.6767676767676767 0.9090909090909091  
165 12.12933609011917 1.3737373737373737 2.0 1.8383838383838385 0.9494949494949495 1.6767676767676767 0.9090909090909091  
233 3.97876126016853 1.3737373737373737 2.0 1.8383838383838385 0.9494949494949495 1.6767676767676767 0.9090909090909091  
300 57.159563915792546 2.0606060606060606 3.0 2.757575757575758 1.4242424242424243 2.515151515151515 1.3636363636363635  
23 10.471813147460239 2.0606060606060606 3.0 2.757575757575758 1.4242424242424243 2.515151515151515 1.3636363636363635  
209 5.274733785968096 2.0606060606060606 3.0 2.757575757575758 1.4242424242424243 2.515151515151515 1.3636363636363635  
190 28.610588501647175 1.3737373737373737 2.0 1.8383838383838385 0.9494949494949495 1.6767676767676767 0.9090909090909091  
19 41.828609349307044 1.3737373737373737 2.0 1.8383838383838385 0.9494949494949495 1.6767676767676767 0.9090909090909091  
194 24.891865725431618 1.3737373737373737 2.0 1.8383838383838385 0.9494949494949495 1.6767676767676767 0.9090909090909091  
452 1.3780227955227955 1.3737373737373737 2.0 1.8383838383838385 0.9494949494949495 1.6767676767676767 0.9090909090909091  
156 9.82569624079902 1.3737373737373737 2.0 1.8383838383838385 0.9494949494949495 1.6767676767676767 0.9090909090909091  
86 24.115283244798988 1.3737373737373737 2.0 1.8383838383838385 0.9494949494949495 1.6767676767676767 0.9090909090909091  
265 92.0 2.0606060606060606 3.0 2.757575757575758 1.4242424242424243 2.515151515151515 1.3636363636363635  
27 42.021929035649976 2.0606060606060606 3.0 2.757575757575758 1.4242424242424243 2.515151515151515 1.3636363636363635  
32 2.9496920198664385 2.0606060606060606 3.0 2.757575757575758 1.4242424242424243 2.515151515151515 1.3636363636363635  
290 11.773554042112222 2.0606060606060606 3.0 2.757575757575758 1.4242424242424243 2.515151515151515 1.3636363636363635  
93 47.31173249255475 1.3737373737373737 2.0 1.8383838383838385 0.9494949494949495 1.6767676767676767 0.9090909090909091  
248 26.253500117453612 1.3737373737373737 2.0 1.8383838383838385 0.9494949494949495 1.6767676767676767 0.9090909090909091  
226 77.0 1.3737373737373737 2.0 1.8383838383838385 0.9494949494949495 1.6767676767676767 0.9090909090909091  
439 0.45655892446873736 1.3737373737373737 2.0 1.8383838383838385 0.9494949494949495 1.6767676767676767 0.9090909090909091  
126 8.85056462590406 2.0606060606060606 3.0 2.757575757575758 1.4242424242424243 2.515151515151515 1.3636363636363635  
50 7.983476069490145 1.3737373737373737 2.0 1.8383838383838385 0.9494949494949495 1.6767676767676767 0.9090909090909091  
330 16.412581970701286 2.0606060606060606 3.0 2.757575757575758 1.4242424242424243 2.515151515151515 1.3636363636363635  
34 19.070317808394257 1.3737373737373737 2.0 1.8383838383838385 0.9494949494949495 1.6767676767676767 0.9090909090909091  
312 21.721874375050124 1.3737373737373737 2.0 1.8383838383838385 0.9494949494949495 1.6767676767676767 0.9090909090909091  
399 18.279717863444475 2.0606060606060606 3.0 2.757575757575758 1.4242424242424243 2.515151515151515 1.3636363636363635  
119 55.43328263107807 1.3737373737373737 2.0 1.8383838383838385 0.9494949494949495 1.6767676767676767 0.9090909090909091  
372 3.735691277903416 2.0606060606060606 3.0 2.757575757575758 1.4242424242424243 2.515151515151515 1.3636363636363635  
433 2.2960233564884724 1.3737373737373737 2.0 1.8383838383838385 0.9494949494949495 1.6767676767676767 0.9090909090909091  
113 2.9915292958426596 1.3737373737373737 2.0 1.8383838383838385 0.9494949494949495 1.6767676767676767 0.9090909090909091  
175 3.7897719730565393 2.0606060606060606 3.0 2.757575757575758 1.4242424242424243 2.515151515151515 1.3636363636363635  
24 11.154151603172298 2.0606060606060606 3.0 2.757575757575758 1.4242424242424243 2.515151515151515 1.3636363636363635  
47 3.3114786871748323 2.0606060606060606 3.0 2.757575757575758 1.4242424242424243 2.515151515151515 1.3636363636363635  
225 2.9212791730233594 1.3737373737373737 2.0 1.8383838383838385 0.9494949494949495 1.6767676767676767 0.9090909090909091  
326 9.284835070729233 1.3737373737373737 2.0 1.8383838383838385 0.9494949494949495 1.6767676767676767 0.9090909090909091  
440 4.297896405919663 2.0606060606060606 3.0 2.757575757575758 1.4242424242424243 2.515151515151515 1.3636363636363635  
155 4.676206494348045 1.3737373737373737 2.0 1.8383838383838385 0.9494949494949495 1.6767676767676767 0.9090909090909091  
208 15.555931616860242 1.3737373737373737 2.0 1.8383838383838385 0.9494949494949495 1.6767676767676767 0.9090909090909091  
375 27.674357851568928 2.0606060606060606 3.0 2.757575757575758 1.4242424242424243 2.515151515151515 1.3636363636363635  
466 4.471944345699665 1.3737373737373737 2.0 1.8383838383838385 0.9494949494949495 1.6767676767676767 0.9090909090909091  
3 5.395335623678646 2.0606060606060606 3.0 2.757575757575758 1.4242424242424243 2.515151515151515 1.3636363636363635  
348 0.5460804338218608 1.3737373737373737 2.0 1.8383838383838385 0.9494949494949495 1.6767676767676767 0.9090909090909091  
202 7.673929816953073 2.0606060606060606 3.0 2.757575757575758 1.4242424242424243 2.515151515151515 1.3636363636363635  
425 12.967105762454597 2.0606060606060606 3.0 2.757575757575758 1.4242424242424243 2.515151515151515 1.3636363636363635  
272 2.555483635129378 1.3737373737373737 2.0 1.8383838383838385 0.9494949494949495 1.6767676767676767 0.9090909090909091  
459 0.5779572765129489 2.0606060606060606 3.0 2.757575757575758 1.4242424242424243 2.515151515151515 1.3636363636363635  
245 11.300885252621132 1.3737373737373737 2.0 1.8383838383838385 0.9494949494949495 1.6767676767676767 0.9090909090909091  
450 0.3157920670115793 1.3737373737373737 2.0 1.8383838383838385 0.9494949494949495 1.6767676767676767 0.9090909090909091  
154 4.080065797093691 1.3737373737373737 2.0 1.8383838383838385 0.9494949494949495 1.6767676767676767 0.9090909090909091  
328 8.21532299741602 1.3737373737373737 2.0 1.8383838383838385 0.9494949494949495 1.6767676767676767 0.9090909090909091  
409 8.442208172909758 2.0606060606060606 3.0 2.757575757575758 1.4242424242424243 2.515151515151515 1.3636363636363635  
364 2.7163685152057244 1.3737373737373737 2.0 1.8383838383838385 0.9494949494949495 1.6767676767676767 0.9090909090909091  
474 10.140099737642112 2.0606060606060606 3.0 2.757575757575758 1.4242424242424243 2.515151515151515 1.3636363636363635  
307 24.25325622065781 2.0606060606060606 3.0 2.757575757575758 1.4242424242424243 2.515151515151515 1.3636363636363635  
431 24.800305808532553 1.3737373737373737 2.0 1.8383838383838385 0.9494949494949495 1.6767676767676767 0.9090909090909091  
85 9.854417788068954 1.3737373737373737 2.0 1.8383838383838385 0.9494949494949495 1.6767676767676767 0.9090909090909091  
361 1.24647786497215 2.0606060606060606 3.0 2.757575757575758 1.4242424242424243 2.515151515151515 1.3636363636363635  
331 4.844598470868707 2.0606060606060606 3.0 2.757575757575758 1.4242424242424243 2.515151515151515 1.3636363636363635  
6 17.7890009755493 2.0606060606060606 3.0 2.757575757575758 1.4242424242424243 2.515151515151515 1.3636363636363635  
270 37.94881306185132 1.3737373737373737 2.0 1.8383838383838385 0.9494949494949495 1.6767676767676767 0.9090909090909091  
33 17.033567051034684 2.0606060606060606 3.0 2.757575757575758 1.4242424242424243 2.515151515151515 1.3636363636363635  
302 0.9637642696191911 2.0606060606060606 3.0 2.757575757575758 1.4242424242424243 2.515151515151515 1.3636363636363635  
319 0.795384007018704 2.0606060606060606 3.0 2.757575757575758 1.4242424242424243 2.515151515151515 1.3636363636363635  
393 11.378295840906002 1.3737373737373737 2.0 1.8383838383838385 0.9494949494949495 1.6767676767676767 0.9090909090909091  
271 1.2160265644223074 2.0606060606060606 3.0 2.757575757575758 1.4242424242424243 2.515151515151515 1.3636363636363635  
441 3.2525273079633545 1.3737373737373737 2.0 1.8383838383838385 0.9494949494949495 1.6767676767676767 0.9090909090909091  
385 3.589222299569719 2.0606060606060606 3.0 2.757575757575758 1.4242424242424243 2.515151515151515 1.3636363636363635  
255 12.555541859824029 2.0606060606060606 3.0 2.757575757575758 1.4242424242424243 2.515151515151515 1.3636363636363635  
137 30.480779147677012 1.3737373737373737 2.0 1.8383838383838385 0.9494949494949495 1.6767676767676767 0.9090909090909091  
273 18.709179733735812 1.3737373737373737 2.0 1.8383838383838385 0.9494949494949495 1.6767676767676767 0.9090909090909091  
436 14.0 2.0606060606060606 3.0 2.757575757575758 1.4242424242424243 2.515151515151515 1.3636363636363635  
97 37.0 1.3737373737373737 2.0 1.8383838383838385 0.9494949494949495 1.6767676767676767 0.9090909090909091  
389 28.0 1.3737373737373737 2.0 1.8383838383838385 0.9494949494949495 1.6767676767676767 0.9090909090909091  
407 1.1851296394174304 2.0606060606060606 3.0 2.757575757575758 1.4242424242424243 2.515151515151515 1.3636363636363635  
382 9.045187860675222 2.0606060606060606 3.0 2.757575757575758 1.4242424242424243 2.515151515151515 1.3636363636363635  
211 0.5438366973250695 2.0606060606060606 3.0 2.757575757575758 1.4242424242424243 2.515151515151515 1.3636363636363635  
449 1.1961290322580642 2.0606060606060606 3.0 2.757575757575758 1.4242424242424243 2.515151515151515 1.3636363636363635  
462 3.74263272460081 1.3737373737373737 2.0 1.8383838383838385 0.9494949494949495 1.6767676767676767 0.9090909090909091  
266 8.674853742295603 1.3737373737373737 2.0 1.8383838383838385 0.9494949494949495 1.6767676767676767 0.9090909090909091  
246 2.126852914527333 2.0606060606060606 3.0 2.757575757575758 1.4242424242424243 2.515151515151515 1.3636363636363635  
90 0.6665691088547538 2.0606060606060606 3.0 2.757575757575758 1.4242424242424243 2.515151515151515 1.3636363636363635  
121 17.756021574242993 1.3737373737373737 2.0 1.8383838383838385 0.9494949494949495 1.6767676767676767 0.9090909090909091  
73 22.42743107353789 2.0606060606060606 3.0 2.757575757575758 1.4242424242424243 2.515151515151515 1.3636363636363635  
64 10.511691282984886 1.3737373737373737 2.0 1.8383838383838385 0.9494949494949495 1.6767676767676767 0.9090909090909091  
21 2.141550387596899 2.0606060606060606 3.0 2.757575757575758 1.4242424242424243 2.515151515151515 1.3636363636363635  
309 1.9612276330307328 1.3737373737373737 2.0 1.8383838383838385 0.9494949494949495 1.6767676767676767 0.9090909090909091  
400 20.668001095276953 1.3737373737373737 2.0 1.8383838383838385 0.9494949494949495 1.6767676767676767 0.9090909090909091  
224 91.0 2.0606060606060606 3.0 2.757575757575758 1.4242424242424243 2.515151515151515 1.3636363636363635  
276 4.566798031647958 2.0606060606060606 3.0 2.757575757575758 1.4242424242424243 2.515151515151515 1.3636363636363635  
395 79.0 2.0606060606060606 3.0 2.757575757575758 1.4242424242424243 2.515151515151515 1.3636363636363635  
116 3.216695215144259 1.3737373737373737 2.0 1.8383838383838385 0.9494949494949495 1.6767676767676767 0.9090909090909091  
359 1.4372205541836187 2.0606060606060606 3.0 2.757575757575758 1.4242424242424243 2.515151515151515 1.3636363636363635  
41 62.9262080243185 1.3737373737373737 2.0 1.8383838383838385 0.9494949494949495 1.6767676767676767 0.9090909090909091  
362 8.894976900790857 1.3737373737373737 2.0 1.8383838383838385 0.9494949494949495 1.6767676767676767 0.9090909090909091  
398 6.302395960832315 2.0606060606060606 3.0 2.757575757575758 1.4242424242424243 2.515151515151515 1.3636363636363635  
390 33.552697314031406 1.3737373737373737 2.0 1.8383838383838385 0.9494949494949495 1.6767676767676767 0.9090909090909091  
373 11.585233152338345 1.3737373737373737 2.0 1.8383838383838385 0.9494949494949495 1.6767676767676767 0.9090909090909091  
7 15.029968690992298 1.3737373737373737 2.0 1.8383838383838385 0.9494949494949495 1.6767676767676767 0.9090909090909091  
180 43.0 2.0606060606060606 3.0 2.757575757575758 1.4242424242424243 2.515151515151515 1.3636363636363635  
296 37.045224334584574 1.3737373737373737 2.0 1.8383838383838385 0.9494949494949495 1.6767676767676767 0.9090909090909091  
445 6.315949641756092 2.0606060606060606 3.0 2.757575757575758 1.4242424242424243 2.515151515151515 1.3636363636363635  
216 10.219560406575908 1.3737373737373737 2.0 1.8383838383838385 0.9494949494949495 1.6767676767676767 0.9090909090909091  
336 8.12892747364791 1.3737373737373737 2.0 1.8383838383838385 0.9494949494949495 1.6767676767676767 0.9090909090909091  
355 17.909607704956546 2.0606060606060606 3.0 2.757575757575758 1.4242424242424243 2.515151515151515 1.3636363636363635  
108 1.4622854897673638 2.0606060606060606 3.0 2.757575757575758 1.4242424242424243 2.515151515151515 1.3636363636363635  
366 3.65720330861182 2.0606060606060606 3.0 2.757575757575758 1.4242424242424243 2.515151515151515 1.3636363636363635  
160 26.687230340188936 2.0606060606060606 3.0 2.757575757575758 1.4242424242424243 2.515151515151515 1.3636363636363635  
253 32.04762624905019 2.0606060606060606 3.0 2.757575757575758 1.4242424242424243 2.515151515151515 1.3636363636363635  
408 3.9184819926158334 1.3737373737373737 2.0 1.8383838383838385 0.9494949494949495 1.6767676767676767 0.9090909090909091  
66 2.215771849325491 2.0606060606060606 3.0 2.757575757575758 1.4242424242424243 2.515151515151515 1.3636363636363635  
411 9.757129710235045 2.0606060606060606 3.0 2.757575757575758 1.4242424242424243 2.515151515151515 1.3636363636363635  
249 28.579554524240994 1.3737373737373737 2.0 1.8383838383838385 0.9494949494949495 1.6767676767676767 0.9090909090909091  
332 7.980771899697318 1.3737373737373737 2.0 1.8383838383838385 0.9494949494949495 1.6767676767676767 0.9090909090909091  
11 37.57871488974866 2.0606060606060606 3.0 2.757575757575758 1.4242424242424243 2.515151515151515 1.3636363636363635  
394 1.9212861302304391 2.0606060606060606 3.0 2.757575757575758 1.4242424242424243 2.515151515151515 1.3636363636363635  
65 2.698358770712929 1.3737373737373737 2.0 1.8383838383838385 0.9494949494949495 1.6767676767676767 0.9090909090909091  
402 16.49827326528046 1.3737373737373737 2.0 1.8383838383838385 0.9494949494949495 1.6767676767676767 0.9090909090909091  
370 6.3961582883094525 1.3737373737373737 2.0 1.8383838383838385 0.9494949494949495 1.6767676767676767 0.9090909090909091  
457 24.765142739957046 1.3737373737373737 2.0 1.8383838383838385 0.9494949494949495 1.6767676767676767 0.9090909090909091  
162 21.048386150037775 1.3737373737373737 2.0 1.8383838383838385 0.9494949494949495 1.6767676767676767 0.9090909090909091  
164 5.17158673218088 2.0606060606060606 3.0 2.757575757575758 1.4242424242424243 2.515151515151515 1.3636363636363635  
485 8.300156287811568 1.3737373737373737 2.0 1.8383838383838385 0.9494949494949495 1.6767676767676767 0.9090909090909091  
171 24.648875649770243 1.3737373737373737 2.0 1.8383838383838385 0.9494949494949495 1.6767676767676767 0.9090909090909091  
250 25.48605912203225 2.0606060606060606 3.0 2.757575757575758 1.4242424242424243 2.515151515151515 1.3636363636363635  
444 2.0135316296606613 1.3737373737373737 2.0 1.8383838383838385 0.9494949494949495 1.6767676767676767 0.9090909090909091  
334 8.614993577536872 1.3737373737373737 2.0 1.8383838383838385 0.9494949494949495 1.6767676767676767 0.9090909090909091  
484 8.418695652173913 1.3737373737373737 2.0 1.8383838383838385 0.9494949494949495 1.6767676767676767 0.9090909090909091  
299 22.047459869994594 2.0606060606060606 3.0 2.757575757575758 1.4242424242424243 2.515151515151515 1.3636363636363635  
133 62.0 2.0606060606060606 3.0 2.757575757575758 1.4242424242424243 2.515151515151515 1.3636363636363635  
54 1.781708409770978 2.0606060606060606 3.0 2.757575757575758 1.4242424242424243 2.515151515151515 1.3636363636363635  
30 25.636040429209032 1.3737373737373737 2.0 1.8383838383838385 0.9494949494949495 1.6767676767676767 0.9090909090909091  
263 7.8464634719285895 1.3737373737373737 2.0 1.8383838383838385 0.9494949494949495 1.6767676767676767 0.9090909090909091  
401 15.428588903806984 2.0606060606060606 3.0 2.757575757575758 1.4242424242424243 2.515151515151515 1.3636363636363635  
158 12.852799919271188 2.0606060606060606 3.0 2.757575757575758 1.4242424242424243 2.515151515151515 1.3636363636363635  
118 31.23528220478837 1.3737373737373737 2.0 1.8383838383838385 0.9494949494949495 1.6767676767676767 0.9090909090909091  
67 27.584623072418896 2.0606060606060606 3.0 2.757575757575758 1.4242424242424243 2.515151515151515 1.3636363636363635  
222 4.612333890993068 2.0606060606060606 3.0 2.757575757575758 1.4242424242424243 2.515151515151515 1.3636363636363635  
235 27.99783545887737 2.0606060606060606 3.0 2.757575757575758 1.4242424242424243 2.515151515151515 1.3636363636363635  
37 1.079944812592037 2.0606060606060606 3.0 2.757575757575758 1.4242424242424243 2.515151515151515 1.3636363636363635  
26 9.874240597186335 2.0606060606060606 3.0 2.757575757575758 1.4242424242424243 2.515151515151515 1.3636363636363635  
22 8.265915648735414 1.3737373737373737 2.0 1.8383838383838385 0.9494949494949495 1.6767676767676767 0.9090909090909091  
287 42.1895367666046 2.0606060606060606 3.0 2.757575757575758 1.4242424242424243 2.515151515151515 1.3636363636363635  
350 5.304187851448397 1.3737373737373737 2.0 1.8383838383838385 0.9494949494949495 1.6767676767676767 0.9090909090909091  
335 4.94735029663283 1.3737373737373737 2.0 1.8383838383838385 0.9494949494949495 1.6767676767676767 0.9090909090909091  
244 22.76932764335865 2.0606060606060606 3.0 2.757575757575758 1.4242424242424243 2.515151515151515 1.3636363636363635  
451 1.9842244842244847 1.3737373737373737 2.0 1.8383838383838385 0.9494949494949495 1.6767676767676767 0.9090909090909091  
305 15.12797831803677 2.0606060606060606 3.0 2.757575757575758 1.4242424242424243 2.515151515151515 1.3636363636363635  
497 29.0 2.0606060606060606 3.0 2.757575757575758 1.4242424242424243 2.515151515151515 1.3636363636363635  
481 52.0 1.3737373737373737 2.0 1.8383838383838385 0.9494949494949495 1.6767676767676767 0.9090909090909091  
217 0.7596728215310928 1.3737373737373737 2.0 1.8383838383838385 0.9494949494949495 1.6767676767676767 0.9090909090909091  
219 10.683101419682815 1.3737373737373737 2.0 1.8383838383838385 0.9494949494949495 1.6767676767676767 0.9090909090909091  
214 18.500573896387845 1.3737373737373737 2.0 1.8383838383838385 0.9494949494949495 1.6767676767676767 0.9090909090909091  
499 0.16447992116284801 1.3737373737373737 2.0 1.8383838383838385 0.9494949494949495 1.6767676767676767 0.9090909090909091  
18 85.0 1.3737373737373737 2.0 1.8383838383838385 0.9494949494949495 1.6767676767676767 0.9090909090909091  
316 28.0 1.3737373737373737 2.0 1.8383838383838385 0.9494949494949495 1.6767676767676767 0.9090909090909091  
228 0.48212825933756176 2.0606060606060606 3.0 2.757575757575758 1.4242424242424243 2.515151515151515 1.3636363636363635  
392 10.11161582603443 2.0606060606060606 3.0 2.757575757575758 1.4242424242424243 2.515151515151515 1.3636363636363635  
83 13.043056388916852 2.0606060606060606 3.0 2.757575757575758 1.4242424242424243 2.515151515151515 1.3636363636363635  
371 7.242984731031241 1.3737373737373737 2.0 1.8383838383838385 0.9494949494949495 1.6767676767676767 0.9090909090909091  
5 34.960243557209964 1.3737373737373737 2.0 1.8383838383838385 0.9494949494949495 1.6767676767676767 0.9090909090909091  
260 38.0 1.3737373737373737 2.0 1.8383838383838385 0.9494949494949495 1.6767676767676767 0.9090909090909091  
281 33.066396973305636 2.0606060606060606 3.0 2.757575757575758 1.4242424242424243 2.515151515151515 1.3636363636363635  
317 4.856891712385564 1.3737373737373737 2.0 1.8383838383838385 0.9494949494949495 1.6767676767676767 0.9090909090909091  
267 6.362984721035191 2.0606060606060606 3.0 2.757575757575758 1.4242424242424243 2.515151515151515 1.3636363636363635  
48 21.204193171849237 1.3737373737373737 2.0 1.8383838383838385 0.9494949494949495 1.6767676767676767 0.9090909090909091  
10 22.321348972004515 2.0606060606060606 3.0 2.757575757575758 1.4242424242424243 2.515151515151515 1.3636363636363635  
131 38.76421878782665 1.3737373737373737 2.0 1.8383838383838385 0.9494949494949495 1.6767676767676767 0.9090909090909091  
383 59.0 2.0606060606060606 3.0 2.757575757575758 1.4242424242424243 2.515151515151515 1.3636363636363635  
460 26.805669934851966 1.3737373737373737 2.0 1.8383838383838385 0.9494949494949495 1.6767676767676767 0.9090909090909091  
135 3.6722076646313306 1.3737373737373737 2.0 1.8383838383838385 0.9494949494949495 1.6767676767676767 0.9090909090909091  
232 38.463586356539125 1.3737373737373737 2.0 1.8383838383838385 0.9494949494949495 1.6767676767676767 0.9090909090909091  
28 18.675158505626996 2.0606060606060606 3.0 2.757575757575758 1.4242424242424243 2.515151515151515 1.3636363636363635  
173 1.03368210260965 1.3737373737373737 2.0 1.8383838383838385 0.9494949494949495 1.6767676767676767 0.9090909090909091  
358 1.1861807443202792 1.3737373737373737 2.0 1.8383838383838385 0.9494949494949495 1.6767676767676767 0.9090909090909091  
153 9.733127222897659 1.3737373737373737 2.0 1.8383838383838385 0.9494949494949495 1.6767676767676767 0.9090909090909091  
130 21.127935041150085 1.3737373737373737 2.0 1.8383838383838385 0.9494949494949495 1.6767676767676767 0.9090909090909091  
269 29.825005110275722 2.0606060606060606 3.0 2.757575757575758 1.4242424242424243 2.515151515151515 1.3636363636363635  
227 10.33844137362843 1.3737373737373737 2.0 1.8383838383838385 0.9494949494949495 1.6767676767676767 0.9090909090909091  
111 53.0 2.0606060606060606 3.0 2.757575757575758 1.4242424242424243 2.515151515151515 1.3636363636363635  
478 0.44478654791154804 2.0606060606060606 3.0 2.757575757575758 1.4242424242424243 2.515151515151515 1.3636363636363635  
35 34.0 1.3737373737373737 2.0 1.8383838383838385 0.9494949494949495 1.6767676767676767 0.9090909090909091  
120 6.100714978070858 2.0606060606060606 3.0 2.757575757575758 1.4242424242424243 2.515151515151515 1.3636363636363635  
339 2.782609727442032 2.0606060606060606 3.0 2.757575757575758 1.4242424242424243 2.515151515151515 1.3636363636363635  
338 2.49980340333136 1.3737373737373737 2.0 1.8383838383838385 0.9494949494949495 1.6767676767676767 0.9090909090909091  
463 23.65636893248596 2.0606060606060606 3.0 2.757575757575758 1.4242424242424243 2.515151515151515 1.3636363636363635  
96 5.379506278917621 1.3737373737373737 2.0 1.8383838383838385 0.9494949494949495 1.6767676767676767 0.9090909090909091  
104 3.9756938663884647 1.3737373737373737 2.0 1.8383838383838385 0.9494949494949495 1.6767676767676767 0.9090909090909091  
386 3.721777739844906 2.0606060606060606 3.0 2.757575757575758 1.4242424242424243 2.515151515151515 1.3636363636363635  
184 91.0 2.0606060606060606 3.0 2.757575757575758 1.4242424242424243 2.515151515151515 1.3636363636363635  
354 2.1912318877945647 2.0606060606060606 3.0 2.757575757575758 1.4242424242424243 2.515151515151515 1.3636363636363635  
252 3.8893772485558915 2.0606060606060606 3.0 2.757575757575758 1.4242424242424243 2.515151515151515 1.3636363636363635  
349 3.530773043800241 1.3737373737373737 2.0 1.8383838383838385 0.9494949494949495 1.6767676767676767 0.9090909090909091  
415 13.932443947182913 1.3737373737373737 2.0 1.8383838383838385 0.9494949494949495 1.6767676767676767 0.9090909090909091  
168 33.60684897232287 2.0606060606060606 3.0 2.757575757575758 1.4242424242424243 2.515151515151515 1.3636363636363635  
360 1.025871804366089 1.3737373737373737 2.0 1.8383838383838385 0.9494949494949495 1.6767676767676767 0.9090909090909091  
396 6.520983166160646 2.0606060606060606 3.0 2.757575757575758 1.4242424242424243 2.515151515151515 1.3636363636363635  
378 28.10389645797112 2.0606060606060606 3.0 2.757575757575758 1.4242424242424243 2.515151515151515 1.3636363636363635  
279 21.979577087059987 2.0606060606060606 3.0 2.757575757575758 1.4242424242424243 2.515151515151515 1.3636363636363635  
284 2.5909736320506123 2.0606060606060606 3.0 2.757575757575758 1.4242424242424243 2.515151515151515 1.3636363636363635  
134 22.28893091335318 1.3737373737373737 2.0 1.8383838383838385 0.9494949494949495 1.6767676767676767 0.9090909090909091  
274 23.57878459695769 1.3737373737373737 2.0 1.8383838383838385 0.9494949494949495 1.6767676767676767 0.9090909090909091  
161 24.54017918581936 2.0606060606060606 3.0 2.757575757575758 1.4242424242424243 2.515151515151515 1.3636363636363635  
461 1.8619256538937394 2.0606060606060606 3.0 2.757575757575758 1.4242424242424243 2.515151515151515 1.3636363636363635  
455 32.82178311481958 1.3737373737373737 2.0 1.8383838383838385 0.9494949494949495 1.6767676767676767 0.9090909090909091  
183 52.0 1.3737373737373737 2.0 1.8383838383838385 0.9494949494949495 1.6767676767676767 0.9090909090909091  
380 27.835452488404556 1.3737373737373737 2.0 1.8383838383838385 0.9494949494949495 1.6767676767676767 0.9090909090909091  
303 15.606194619384679 2.0606060606060606 3.0 2.757575757575758 1.4242424242424243 2.515151515151515 1.3636363636363635  
410 14.84387483957642 2.0606060606060606 3.0 2.757575757575758 1.4242424242424243 2.515151515151515 1.3636363636363635  
163 2.408501533361748 2.0606060606060606 3.0 2.757575757575758 1.4242424242424243 2.515151515151515 1.3636363636363635  
125 4.460645895448911 1.3737373737373737 2.0 1.8383838383838385 0.9494949494949495 1.6767676767676767 0.9090909090909091  
259 100.0 1.3737373737373737 2.0 1.8383838383838385 0.9494949494949495 1.6767676767676767 0.9090909090909091  
391 5.858472415590963 2.0606060606060606 3.0 2.757575757575758 1.4242424242424243 2.515151515151515 1.3636363636363635  
191 36.00495948049891 1.3737373737373737 2.0 1.8383838383838385 0.9494949494949495 1.6767676767676767 0.9090909090909091  
237 1.9367879067589542 2.0606060606060606 3.0 2.757575757575758 1.4242424242424243 2.515151515151515 1.3636363636363635  
357 56.0 1.3737373737373737 2.0 1.8383838383838385 0.9494949494949495 1.6767676767676767 0.9090909090909091  
142 70.0 1.3737373737373737 2.0 1.8383838383838385 0.9494949494949495 1.6767676767676767 0.9090909090909091  
210 34.0 2.0606060606060606 3.0 2.757575757575758 1.4242424242424243 2.515151515151515 1.3636363636363635  
129 48.24845572340822 1.3737373737373737 2.0 1.8383838383838385 0.9494949494949495 1.6767676767676767 0.9090909090909091  
377 27.93594811957108 1.3737373737373737 2.0 1.8383838383838385 0.9494949494949495 1.6767676767676767 0.9090909090909091  
323 3.719644728375771 2.0606060606060606 3.0 2.757575757575758 1.4242424242424243 2.515151515151515 1.3636363636363635  
434 3.306976744186047 2.0606060606060606 3.0 2.757575757575758 1.4242424242424243 2.515151515151515 1.3636363636363635  
51 10.942055673442061 2.0606060606060606 3.0 2.757575757575758 1.4242424242424243 2.515151515151515 1.3636363636363635  
179 26.402985644066824 1.3737373737373737 2.0 1.8383838383838385 0.9494949494949495 1.6767676767676767 0.9090909090909091  
310 12.089246324257449 2.0606060606060606 3.0 2.757575757575758 1.4242424242424243 2.515151515151515 1.3636363636363635  
490 5.709013463291163 1.3737373737373737 2.0 1.8383838383838385 0.9494949494949495 1.6767676767676767 0.9090909090909091  
107 15.064456585347317 2.0606060606060606 3.0 2.757575757575758 1.4242424242424243 2.515151515151515 1.3636363636363635  
44 11.148513760141672 1.3737373737373737 2.0 1.8383838383838385 0.9494949494949495 1.6767676767676767 0.9090909090909091  
367 16.063518187239115 1.3737373737373737 2.0 1.8383838383838385 0.9494949494949495 1.6767676767676767 0.9090909090909091  
280 21.356909175941933 1.3737373737373737 2.0 1.8383838383838385 0.9494949494949495 1.6767676767676767 0.9090909090909091  
