100 2
TREE NETWORK (nID nID Weight):
1 0 35.0 
39 0 33.0 
40 39 34.0 
41 40 46.0 
2 1 46.0 
54 40 47.0 
3 1 37.0 
4 3 37.0 
55 54 45.0 
56 55 46.0 
5 4 41.0 
57 56 49.0 
63 54 31.0 
42 41 36.0 
69 54 59.0 
88 39 47.0 
14 4 42.0 
96 0 53.0 
29 1 52.0 
43 42 54.0 
58 56 43.0 
91 39 40.0 
73 54 38.0 
25 3 52.0 
22 4 50.0 
30 29 42.0 
59 58 40.0 
34 29 36.0 
74 73 59.0 
60 55 30.0 
23 22 54.0 
76 73 52.0 
28 3 31.0 
15 14 42.0 
26 25 58.0 
6 5 46.0 
48 42 48.0 
64 63 58.0 
44 43 47.0 
45 44 31.0 
46 44 39.0 
61 55 39.0 
94 39 51.0 
97 0 39.0 
16 15 53.0 
98 97 35.0 
12 5 44.0 
19 14 45.0 
89 88 39.0 
7 6 34.0 
83 40 46.0 
27 26 39.0 
17 16 57.0 
50 42 52.0 
8 7 50.0 
70 69 51.0 
38 1 59.0 
84 40 39.0 
79 54 44.0 
31 30 31.0 
80 54 58.0 
32 31 58.0 
66 63 44.0 
90 88 43.0 
77 73 44.0 
85 84 36.0 
65 64 39.0 
47 44 38.0 
33 32 42.0 
86 84 43.0 
67 66 46.0 
36 29 51.0 
49 48 39.0 
87 84 34.0 
35 34 36.0 
78 73 48.0 
9 8 39.0 
62 55 35.0 
99 0 40.0 
81 54 59.0 
20 14 55.0 
21 14 56.0 
82 54 46.0 
37 36 40.0 
13 12 50.0 
24 4 51.0 
51 50 53.0 
71 70 39.0 
72 70 47.0 
52 42 33.0 
68 63 40.0 
10 9 36.0 
75 74 53.0 
95 39 31.0 
92 91 34.0 
93 91 44.0 
18 15 37.0 
53 41 35.0 
11 10 30.0 
PROGRAMS ASSIGNED TO NODES (nID pID1 pID2 ...):
0 1 2  
62 1  
90 2  
13  
21 1  
96 1  
20 1  
54  
98  
73  
5 2  
24  
56 2  
79  
51 1  
44 2  
3 2  
33  
40  
86  
81 2  
16  
34 1  
93  
67  
18  
9  
85  
65 1  
58  
39 1  
43  
30 1  
64 1  
46 1  
42  
97 2  
80  
94 2  
74 1  
72 2  
75  
37 2  
31  
99  
17 1  
95 2  
55  
47  
76 1  
1 2  
45 2  
4  
25 1  
78  
89  
14 2  
88 1  
68 2  
49 2  
63 1  
41 2  
57 1  
2  
15  
84 1  
28  
61 1  
52  
77  
11 1  
27  
6  
48 1  
69  
71 1  
53  
35 1  
29 2  
60  
12 2  
82  
22 1  
66  
83  
8  
23  
70 1  
91  
50 1  
10  
38  
26 1  
36  
7 1  
19 2  
92  
87 1  
59  
32  
SIZE OF PROGRAMS (pID SIZE):
1 76.0 
2 97.0 
COST_INSTALL_SERVER_AND_PROGRAMS :
0 1356.701030927835 1.5670103092783505 2.0  
62 0.8448652848312217 1.5670103092783505 2.0  
90 2.555422608069812 2.350515463917526 3.0  
13 88.0 2.350515463917526 3.0  
21 0.7095687882285819 2.350515463917526 3.0  
96 49.0 2.350515463917526 3.0  
20 4.272217924176687 2.350515463917526 3.0  
54 8.00745022317155 1.5670103092783505 2.0  
98 12.0 1.5670103092783505 2.0  
73 3.4828981400133485 2.350515463917526 3.0  
5 5.7040555976789316 2.350515463917526 3.0  
24 75.0 2.350515463917526 3.0  
56 13.838190963912288 1.5670103092783505 2.0  
79 105.0 1.5670103092783505 2.0  
51 0.9630099861243008 1.5670103092783505 2.0  
44 15.663861703380283 2.350515463917526 3.0  
3 0.42680173546152905 2.350515463917526 3.0  
33 57.0 1.5670103092783505 2.0  
40 0.4980144072624363 2.350515463917526 3.0  
86 11.0 1.5670103092783505 2.0  
81 0.750023269970874 1.5670103092783505 2.0  
16 5.859321752074135 1.5670103092783505 2.0  
34 0.4177067834799793 1.5670103092783505 2.0  
93 65.0 2.350515463917526 3.0  
67 76.0 1.5670103092783505 2.0  
18 72.0 2.350515463917526 3.0  
9 1.3138865731613008 2.350515463917526 3.0  
85 10.0 1.5670103092783505 2.0  
65 1.0299011067524717 1.5670103092783505 2.0  
58 67.0 1.5670103092783505 2.0  
39 62.0 2.350515463917526 3.0  
43 1.8533778051740186 1.5670103092783505 2.0  
30 0.30919753785733173 2.350515463917526 3.0  
64 0.835029311880677 1.5670103092783505 2.0  
46 1.1707745768274702 1.5670103092783505 2.0  
42 1.3546569193397309 2.350515463917526 3.0  
97 108.0 2.350515463917526 3.0  
80 53.0 1.5670103092783505 2.0  
94 1.7048128342245992 1.5670103092783505 2.0  
74 0.7092965826575921 2.350515463917526 3.0  
72 6.879613962753904 1.5670103092783505 2.0  
75 93.0 2.350515463917526 3.0  
37 0.6963773971126912 1.5670103092783505 2.0  
31 68.0 1.5670103092783505 2.0  
99 42.0 1.5670103092783505 2.0  
17 1.1098869586790225 1.5670103092783505 2.0  
95 0.40684261974584557 1.5670103092783505 2.0  
55 1.4288944735537772 1.5670103092783505 2.0  
47 87.0 1.5670103092783505 2.0  
76 0.8049873849533219 1.5670103092783505 2.0  
1 0.5962002945508103 1.5670103092783505 2.0  
45 9.350780132446644 1.5670103092783505 2.0  
4 1.0727198184930145 1.5670103092783505 2.0  
25 0.3336505623103561 2.350515463917526 3.0  
78 33.0 1.5670103092783505 2.0  
89 59.0 2.350515463917526 3.0  
14 5.66052094804672 2.350515463917526 3.0  
88 0.535626499697568 1.5670103092783505 2.0  
68 6.246118296697852 2.350515463917526 3.0  
49 1.3103488032995707 1.5670103092783505 2.0  
63 6.171377462355938 2.350515463917526 3.0  
41 0.8741013637841756 2.350515463917526 3.0  
57 0.8696913443451213 2.350515463917526 3.0  
2 96.0 1.5670103092783505 2.0  
15 4.998944393583568 1.5670103092783505 2.0  
84 2.9520192360701767 1.5670103092783505 2.0  
28 69.0 2.350515463917526 3.0  
61 4.935565335360956 1.5670103092783505 2.0  
52 52.0 1.5670103092783505 2.0  
77 85.0 1.5670103092783505 2.0  
11 10.66998610563447 2.350515463917526 3.0  
27 35.0 1.5670103092783505 2.0  
6 4.931015291932304 1.5670103092783505 2.0  
48 1.7150735860063984 2.350515463917526 3.0  
69 1.3376703680923834 1.5670103092783505 2.0  
71 0.853187985372524 2.350515463917526 3.0  
53 61.0 1.5670103092783505 2.0  
35 3.772907367546543 1.5670103092783505 2.0  
29 0.29192647558626933 2.350515463917526 3.0  
60 35.0 1.5670103092783505 2.0  
12 6.351042556652312 1.5670103092783505 2.0  
82 12.0 2.350515463917526 3.0  
22 0.6232526370258329 1.5670103092783505 2.0  
66 39.0 2.350515463917526 3.0  
83 86.0 2.350515463917526 3.0  
8 7.1841917625205385 1.5670103092783505 2.0  
23 56.0 2.350515463917526 3.0  
70 12.856126416812844 1.5670103092783505 2.0  
91 86.0 2.350515463917526 3.0  
50 0.8196137597092064 1.5670103092783505 2.0  
10 9.620089198417974 1.5670103092783505 2.0  
38 41.0 2.350515463917526 3.0  
26 0.5430355605328944 1.5670103092783505 2.0  
36 0.45387739711269126 1.5670103092783505 2.0  
7 1.0453652937534232 1.5670103092783505 2.0  
19 1.047975117975118 1.5670103092783505 2.0  
92 109.0 2.350515463917526 3.0  
87 0.715532617776402 1.5670103092783505 2.0  
59 38.0 2.350515463917526 3.0  
32 82.0 1.5670103092783505 2.0  
