100 4
TREE NETWORK (nID nID Weight):
1 0 42.0 
2 1 50.0 
14 1 58.0 
3 2 36.0 
18 1 44.0 
15 14 57.0 
51 1 51.0 
74 1 51.0 
19 18 51.0 
6 2 54.0 
90 0 40.0 
26 18 59.0 
75 74 31.0 
52 51 57.0 
62 51 38.0 
34 18 37.0 
76 75 33.0 
53 52 56.0 
91 90 51.0 
54 53 41.0 
82 1 59.0 
78 75 54.0 
7 6 33.0 
63 62 42.0 
27 26 57.0 
59 53 59.0 
4 3 49.0 
35 34 43.0 
40 18 44.0 
92 91 56.0 
89 1 47.0 
64 63 32.0 
71 51 42.0 
65 64 48.0 
55 54 48.0 
16 14 59.0 
17 16 56.0 
95 90 54.0 
66 64 39.0 
20 19 43.0 
58 54 52.0 
83 82 59.0 
36 35 36.0 
84 83 44.0 
96 95 56.0 
97 0 50.0 
77 76 37.0 
69 62 47.0 
61 52 33.0 
37 36 35.0 
86 82 39.0 
24 19 57.0 
38 36 46.0 
87 82 56.0 
41 40 35.0 
80 75 58.0 
56 55 36.0 
28 27 53.0 
44 18 50.0 
70 69 40.0 
21 20 32.0 
29 28 39.0 
67 66 39.0 
85 84 48.0 
30 29 39.0 
98 97 45.0 
79 78 31.0 
57 56 31.0 
25 19 53.0 
93 91 42.0 
8 2 56.0 
22 20 58.0 
23 20 47.0 
94 91 33.0 
45 44 43.0 
9 8 48.0 
31 29 30.0 
33 27 45.0 
46 45 40.0 
42 41 38.0 
11 2 31.0 
49 44 50.0 
12 2 38.0 
13 2 49.0 
81 74 56.0 
68 66 36.0 
39 35 39.0 
47 46 46.0 
73 51 57.0 
60 59 54.0 
43 42 35.0 
88 82 46.0 
50 49 52.0 
5 4 57.0 
48 47 35.0 
99 0 38.0 
32 29 51.0 
72 71 56.0 
10 9 38.0 
PROGRAMS ASSIGNED TO NODES (nID pID1 pID2 ...):
0 1 2 3 4  
56 1 2  
14  
20  
57 1 2 3  
53 1 2  
51 4  
81 1 2 3  
34 1 3 4  
24 1 3 4  
50 2 3 4  
69  
82 2 4  
62  
86 2 4  
4 2 4  
35  
17 2  
83 3  
94 3 4  
6  
1  
84 2  
2 2 3  
28 1 3 4  
67 3  
66 1  
79 1 2 3  
72 3  
85 3 4  
44 2 3 4  
52 3  
99  
92 1 3 4  
49  
59 2 4  
98 1 2  
58 2 3 4  
43 1 2 3  
96  
77 4  
47 2  
8 2 3  
42 1 2  
74  
19 2  
9 1 3 4  
21 3  
31 1 3 4  
18  
7 1 2 4  
87 1 2  
91  
32 3  
41 1 3 4  
10 1  
64 1 4  
76 1 2 4  
95 4  
75 2 4  
93 3  
26 1 4  
13 1 3 4  
22 3  
54 1 4  
16 2 4  
70  
71 1  
61 1 2 4  
27 4  
12  
78  
23  
45 2  
3 4  
37 4  
15 1 2 3  
68 2 3 4  
25 1 3 4  
36 3 4  
33  
30 2 3 4  
60 1 2 4  
39  
89 1 2  
40  
55 1 2  
5 1 2 4  
97  
38 2 3 4  
88 1 3  
80 1 2  
11  
46 4  
90 1 2 3  
29 1 3 4  
65  
73 1 2 3  
63 2  
48  
SIZE OF PROGRAMS (pID SIZE):
1 99.0 
2 67.0 
3 98.0 
4 42.0 
COST_INSTALL_SERVER_AND_PROGRAMS :
0 1618.1818181818182 2.0 1.3535353535353536 1.97979797979798 0.8484848484848485  
56 20.848244355508566 2.0 1.3535353535353536 1.97979797979798 0.8484848484848485  
14 5.741782355575458 2.0 1.3535353535353536 1.97979797979798 0.8484848484848485  
20 0.5791547485801932 3.0 2.0303030303030303 2.9696969696969697 1.2727272727272727  
57 34.50705584772316 3.0 2.0303030303030303 2.9696969696969697 1.2727272727272727  
53 7.422846889952153 3.0 2.0303030303030303 2.9696969696969697 1.2727272727272727  
51 2.809090909090909 3.0 2.0303030303030303 2.9696969696969697 1.2727272727272727  
81 2.8617647058823525 3.0 2.0303030303030303 2.9696969696969697 1.2727272727272727  
34 4.8986135486135485 2.0 1.3535353535353536 1.97979797979798 0.8484848484848485  
24 10.845258031442242 3.0 2.0303030303030303 2.9696969696969697 1.2727272727272727  
50 15.05525774225774 2.0 1.3535353535353536 1.97979797979798 0.8484848484848485  
69 60.0 3.0 2.0303030303030303 2.9696969696969697 1.2727272727272727  
82 4.403235747303544 2.0 1.3535353535353536 1.97979797979798 0.8484848484848485  
62 6.032809295967191 3.0 2.0303030303030303 2.9696969696969697 1.2727272727272727  
86 0.39345372141982315 3.0 2.0303030303030303 2.9696969696969697 1.2727272727272727  
4 4.491209235209235 3.0 2.0303030303030303 2.9696969696969697 1.2727272727272727  
35 8.261362616013777 3.0 2.0303030303030303 2.9696969696969697 1.2727272727272727  
17 1.831277562297434 3.0 2.0303030303030303 2.9696969696969697 1.2727272727272727  
83 0.567279330838653 3.0 2.0303030303030303 2.9696969696969697 1.2727272727272727  
94 5.87208358090711 2.0 1.3535353535353536 1.97979797979798 0.8484848484848485  
6 5.2573275613275605 2.0 1.3535353535353536 1.97979797979798 0.8484848484848485  
1 0.3311688311688312 2.0 1.3535353535353536 1.97979797979798 0.8484848484848485  
84 1.2468247853841077 2.0 1.3535353535353536 1.97979797979798 0.8484848484848485  
2 0.4132987012987013 3.0 2.0303030303030303 2.9696969696969697 1.2727272727272727  
28 10.647989551895261 3.0 2.0303030303030303 2.9696969696969697 1.2727272727272727  
67 1.5275525708381748 2.0 1.3535353535353536 1.97979797979798 0.8484848484848485  
66 33.08398805142225 3.0 2.0303030303030303 2.9696969696969697 1.2727272727272727  
79 16.829999096412756 2.0 1.3535353535353536 1.97979797979798 0.8484848484848485  
72 3.2211229946524074 3.0 2.0303030303030303 2.9696969696969697 1.2727272727272727  
85 4.305234548878618 3.0 2.0303030303030303 2.9696969696969697 1.2727272727272727  
44 5.754779220779221 2.0 1.3535353535353536 1.97979797979798 0.8484848484848485  
52 1.2472317156527684 2.0 1.3535353535353536 1.97979797979798 0.8484848484848485  
99 35.0 2.0 1.3535353535353536 1.97979797979798 0.8484848484848485  
92 3.535297088532383 2.0 1.3535353535353536 1.97979797979798 0.8484848484848485  
49 1.37312987012987 2.0 1.3535353535353536 1.97979797979798 0.8484848484848485  
59 1.3616614272016487 3.0 2.0303030303030303 2.9696969696969697 1.2727272727272727  
98 0.8573872053872053 3.0 2.0303030303030303 2.9696969696969697 1.2727272727272727  
58 1.907222492262702 3.0 2.0303030303030303 2.9696969696969697 1.2727272727272727  
43 3.2318796992481205 3.0 2.0303030303030303 2.9696969696969697 1.2727272727272727  
96 48.0 3.0 2.0303030303030303 2.9696969696969697 1.2727272727272727  
77 2.84264740849181 2.0 1.3535353535353536 1.97979797979798 0.8484848484848485  
47 4.676454773066502 2.0 1.3535353535353536 1.97979797979798 0.8484848484848485  
8 1.2688181818181814 2.0 1.3535353535353536 1.97979797979798 0.8484848484848485  
42 8.67157894736842 3.0 2.0303030303030303 2.9696969696969697 1.2727272727272727  
74 3.611688311688312 3.0 2.0303030303030303 2.9696969696969697 1.2727272727272727  
19 9.84090909090909 2.0 1.3535353535353536 1.97979797979798 0.8484848484848485  
9 8.9335303030303 2.0 1.3535353535353536 1.97979797979798 0.8484848484848485  
21 0.8854047485801932 3.0 2.0303030303030303 2.9696969696969697 1.2727272727272727  
31 11.599751525220235 2.0 1.3535353535353536 1.97979797979798 0.8484848484848485  
18 4.470779220779222 3.0 2.0303030303030303 2.9696969696969697 1.2727272727272727  
7 1.2964232804232807 3.0 2.0303030303030303 2.9696969696969697 1.2727272727272727  
87 0.6376690635165212 2.0 1.3535353535353536 1.97979797979798 0.8484848484848485  
91 3.499795008912657 2.0 1.3535353535353536 1.97979797979798 0.8484848484848485  
32 1.1254670029720746 3.0 2.0303030303030303 2.9696969696969697 1.2727272727272727  
41 18.598441558441557 3.0 2.0303030303030303 2.9696969696969697 1.2727272727272727  
10 0.8772763157894737 2.0 1.3535353535353536 1.97979797979798 0.8484848484848485  
64 9.60142259056733 2.0 1.3535353535353536 1.97979797979798 0.8484848484848485  
76 5.509171410499683 3.0 2.0303030303030303 2.9696969696969697 1.2727272727272727  
95 0.05550505050505053 3.0 2.0303030303030303 2.9696969696969697 1.2727272727272727  
75 5.092459153749476 2.0 1.3535353535353536 1.97979797979798 0.8484848484848485  
93 0.3735204991087344 3.0 2.0303030303030303 2.9696969696969697 1.2727272727272727  
26 9.138575830948712 3.0 2.0303030303030303 2.9696969696969697 1.2727272727272727  
13 8.941782725211297 2.0 1.3535353535353536 1.97979797979798 0.8484848484848485  
22 5.08266098886883 2.0 1.3535353535353536 1.97979797979798 0.8484848484848485  
54 17.780012253471813 2.0 1.3535353535353536 1.97979797979798 0.8484848484848485  
16 3.158655829959161 2.0 1.3535353535353536 1.97979797979798 0.8484848484848485  
70 85.0 3.0 2.0303030303030303 2.9696969696969697 1.2727272727272727  
71 5.576733723792548 3.0 2.0303030303030303 2.9696969696969697 1.2727272727272727  
61 10.777944862155387 3.0 2.0303030303030303 2.9696969696969697 1.2727272727272727  
27 7.761197099065072 3.0 2.0303030303030303 2.9696969696969697 1.2727272727272727  
12 41.0 3.0 2.0303030303030303 2.9696969696969697 1.2727272727272727  
78 14.33712237583205 3.0 2.0303030303030303 2.9696969696969697 1.2727272727272727  
23 36.0 3.0 2.0303030303030303 2.9696969696969697 1.2727272727272727  
45 0.7585374341420853 2.0 1.3535353535353536 1.97979797979798 0.8484848484848485  
3 3.005494949494949 3.0 2.0303030303030303 2.9696969696969697 1.2727272727272727  
37 0.5584606593908921 2.0 1.3535353535353536 1.97979797979798 0.8484848484848485  
15 2.6141560798548094 3.0 2.0303030303030303 2.9696969696969697 1.2727272727272727  
68 3.2707958933481383 2.0 1.3535353535353536 1.97979797979798 0.8484848484848485  
25 7.84534716116292 3.0 2.0303030303030303 2.9696969696969697 1.2727272727272727  
36 16.591097039352853 3.0 2.0303030303030303 2.9696969696969697 1.2727272727272727  
33 55.0 2.0 1.3535353535353536 1.97979797979798 0.8484848484848485  
30 2.502148812677232 3.0 2.0303030303030303 2.9696969696969697 1.2727272727272727  
60 1.7468466123868334 3.0 2.0303030303030303 2.9696969696969697 1.2727272727272727  
39 32.0 3.0 2.0303030303030303 2.9696969696969697 1.2727272727272727  
89 1.7899962134004685 2.0 1.3535353535353536 1.97979797979798 0.8484848484848485  
40 10.729870129870129 3.0 2.0303030303030303 2.9696969696969697 1.2727272727272727  
55 16.448244355508567 2.0 1.3535353535353536 1.97979797979798 0.8484848484848485  
5 15.794835400188784 2.0 1.3535353535353536 1.97979797979798 0.8484848484848485  
97 96.0 3.0 2.0303030303030303 2.9696969696969697 1.2727272727272727  
38 20.416097039352852 3.0 2.0303030303030303 2.9696969696969697 1.2727272727272727  
88 2.748360752487503 3.0 2.0303030303030303 2.9696969696969697 1.2727272727272727  
80 1.2070655234824574 2.0 1.3535353535353536 1.97979797979798 0.8484848484848485  
11 57.0 3.0 2.0303030303030303 2.9696969696969697 1.2727272727272727  
46 4.4678288812823705 2.0 1.3535353535353536 1.97979797979798 0.8484848484848485  
90 64.0 3.0 2.0303030303030303 2.9696969696969697 1.2727272727272727  
29 8.742639884983312 3.0 2.0303030303030303 2.9696969696969697 1.2727272727272727  
65 64.0 2.0 1.3535353535353536 1.97979797979798 0.8484848484848485  
73 6.456258292790799 2.0 1.3535353535353536 1.97979797979798 0.8484848484848485  
63 1.9351332877648666 3.0 2.0303030303030303 2.9696969696969697 1.2727272727272727  
48 30.0 2.0 1.3535353535353536 1.97979797979798 0.8484848484848485  
