100 7
TREE NETWORK (nID nID Weight):
1 0 34.0 
14 0 56.0 
15 0 54.0 
66 0 53.0 
16 15 37.0 
17 16 56.0 
2 1 59.0 
42 15 40.0 
7 1 47.0 
67 66 32.0 
44 15 49.0 
9 1 30.0 
85 0 34.0 
10 9 58.0 
45 44 47.0 
18 16 59.0 
46 45 52.0 
48 45 45.0 
91 0 50.0 
49 48 41.0 
19 18 34.0 
86 85 38.0 
93 0 47.0 
92 91 46.0 
47 46 33.0 
11 1 36.0 
74 66 31.0 
12 11 36.0 
75 74 30.0 
13 12 35.0 
51 48 55.0 
43 42 41.0 
94 93 32.0 
3 2 56.0 
57 48 38.0 
52 51 38.0 
55 51 40.0 
20 19 44.0 
78 74 43.0 
38 16 46.0 
58 57 39.0 
68 67 37.0 
62 15 56.0 
59 57 31.0 
60 59 59.0 
76 75 38.0 
21 19 42.0 
65 15 38.0 
98 0 37.0 
28 19 49.0 
69 68 35.0 
70 69 33.0 
22 21 47.0 
77 75 56.0 
72 69 31.0 
24 21 49.0 
23 22 41.0 
39 38 43.0 
8 7 43.0 
31 19 55.0 
73 69 53.0 
53 52 34.0 
95 94 47.0 
87 86 36.0 
63 62 49.0 
25 21 48.0 
96 95 53.0 
88 86 48.0 
32 31 38.0 
29 28 56.0 
79 78 37.0 
71 70 54.0 
26 21 37.0 
4 3 40.0 
80 78 46.0 
5 3 44.0 
40 16 49.0 
89 88 47.0 
54 53 42.0 
81 74 57.0 
41 16 44.0 
82 81 53.0 
30 28 53.0 
6 5 49.0 
61 48 55.0 
83 82 49.0 
33 31 43.0 
35 31 31.0 
90 89 49.0 
34 33 53.0 
27 21 52.0 
97 95 43.0 
99 0 43.0 
36 31 58.0 
56 55 44.0 
84 82 54.0 
64 63 32.0 
37 36 54.0 
50 49 53.0 
PROGRAMS ASSIGNED TO NODES (nID pID1 pID2 ...):
0 1 2 3 4 5 6 7  
99 1 3 4 6 7  
97 4  
90 4  
92 2 3 6  
31 1 2 3 4 6 7  
56 1 5  
41 1 3 5 6 7  
28 2 3 7  
58 2 3 7  
39 1 2 3 4 6  
46  
44 1 3 4  
70 5  
5 3 4  
59 3 4  
88  
16 1 5 6 7  
93 1 4  
27 1 4 5 6 7  
12 2 3 4 5 7  
79  
95 1 3  
98 4 5 7  
40 2 3 4 5 6 7  
23 3 4 6 7  
84  
18 1 4 5 6  
29 2 3 4 6 7  
63  
9 2  
54 1 5 7  
11 7  
21 1 2 3 6  
19 1 3 6  
86 3 5 7  
45 2  
14 1 4 5 7  
49 1 2 4 5 6  
1 1  
91 1 2 3 4 6  
2 2 4 5  
32 1 2 4  
42 3 6 7  
6 3 4 6 7  
64 2 6  
10 1 3 4  
22 3 5 7  
43 5  
24 2 3  
80 5  
38 1 3 5  
50 2 3  
60  
94 1 2 3 4 5 7  
67 1 3  
66  
76 1 2 3 4 5 6  
71 1 2 3 5 7  
78 5  
47 1 2 5 7  
69  
96 2 3 4 5  
68 1  
37  
82 1 2 3 5 6 7  
8 1 3 7  
72  
57 2 5 6 7  
55 2 4  
51 1  
81 1 2 4 5 6 7  
25 2 3 4 6  
62  
26  
30 3 4 6 7  
3 5  
75 3 6  
77 2 3 4 5  
61 1 4 7  
53 1 3 4 5  
13 1 4 6 7  
34 1 4 5  
15 1 3 4 6  
7  
36 2 4 5 7  
73 1 2 3 4 5 7  
35 3 4 5 6 7  
4 1 3 4 5 6  
33 2 7  
74 1 2 3 4 5 6  
52 1 2  
48 1 3 5  
65 5 6 7  
89 1 2 3 4 5 7  
83 1 4 5 6 7  
87 1 4 5 6 7  
85 1 3 5 6  
20 1 2 3 5 6 7  
17 2 6  
SIZE OF PROGRAMS (pID SIZE):
1 97.0 
2 57.0 
3 72.0 
4 65.0 
5 86.0 
6 72.0 
7 41.0 
COST_INSTALL_SERVER_AND_PROGRAMS :
0 2515.4639175257735 3.0 1.7628865979381443 2.2268041237113403 2.0103092783505154 2.6597938144329896 2.2268041237113403 1.268041237113402  
99 0.09151282666027338 2.0 1.175257731958763 1.4845360824742269 1.3402061855670102 1.7731958762886597 1.4845360824742269 0.845360824742268  
97 2.5791156452608432 3.0 1.7628865979381443 2.2268041237113403 2.0103092783505154 2.6597938144329896 2.2268041237113403 1.268041237113402  
90 0.5675657745637132 3.0 1.7628865979381443 2.2268041237113403 2.0103092783505154 2.6597938144329896 2.2268041237113403 1.268041237113402  
92 1.4858323621694305 2.0 1.175257731958763 1.4845360824742269 1.3402061855670102 1.7731958762886597 1.4845360824742269 0.845360824742268  
31 20.824078324910367 2.0 1.175257731958763 1.4845360824742269 1.3402061855670102 1.7731958762886597 1.4845360824742269 0.845360824742268  
56 16.472167811840595 3.0 1.7628865979381443 2.2268041237113403 2.0103092783505154 2.6597938144329896 2.2268041237113403 1.268041237113402  
41 12.82675690373285 3.0 1.7628865979381443 2.2268041237113403 2.0103092783505154 2.6597938144329896 2.2268041237113403 1.268041237113402  
28 19.155737710146166 3.0 1.7628865979381443 2.2268041237113403 2.0103092783505154 2.6597938144329896 2.2268041237113403 1.268041237113402  
58 6.155541548926525 3.0 1.7628865979381443 2.2268041237113403 2.0103092783505154 2.6597938144329896 2.2268041237113403 1.268041237113402  
39 10.998720097517177 2.0 1.175257731958763 1.4845360824742269 1.3402061855670102 1.7731958762886597 1.4845360824742269 0.845360824742268  
46 8.263576353183254 2.0 1.175257731958763 1.4845360824742269 1.3402061855670102 1.7731958762886597 1.4845360824742269 0.845360824742268  
44 4.261216113020236 2.0 1.175257731958763 1.4845360824742269 1.3402061855670102 1.7731958762886597 1.4845360824742269 0.845360824742268  
70 28.441283349864722 3.0 1.7628865979381443 2.2268041237113403 2.0103092783505154 2.6597938144329896 2.2268041237113403 1.268041237113402  
5 1.6581694032909977 2.0 1.175257731958763 1.4845360824742269 1.3402061855670102 1.7731958762886597 1.4845360824742269 0.845360824742268  
59 1.6492169194412871 2.0 1.175257731958763 1.4845360824742269 1.3402061855670102 1.7731958762886597 1.4845360824742269 0.845360824742268  
88 9.019502079182185 2.0 1.175257731958763 1.4845360824742269 1.3402061855670102 1.7731958762886597 1.4845360824742269 0.845360824742268  
16 10.382090853740337 2.0 1.175257731958763 1.4845360824742269 1.3402061855670102 1.7731958762886597 1.4845360824742269 0.845360824742268  
93 65.0 3.0 1.7628865979381443 2.2268041237113403 2.0103092783505154 2.6597938144329896 2.2268041237113403 1.268041237113402  
27 10.013554773999898 3.0 1.7628865979381443 2.2268041237113403 2.0103092783505154 2.6597938144329896 2.2268041237113403 1.268041237113402  
12 19.197527120813962 3.0 1.7628865979381443 2.2268041237113403 2.0103092783505154 2.6597938144329896 2.2268041237113403 1.268041237113402  
79 96.0 2.0 1.175257731958763 1.4845360824742269 1.3402061855670102 1.7731958762886597 1.4845360824742269 0.845360824742268  
95 15.086408751919283 3.0 1.7628865979381443 2.2268041237113403 2.0103092783505154 2.6597938144329896 2.2268041237113403 1.268041237113402  
98 33.0 3.0 1.7628865979381443 2.2268041237113403 2.0103092783505154 2.6597938144329896 2.2268041237113403 1.268041237113402  
40 5.309422092285546 3.0 1.7628865979381443 2.2268041237113403 2.0103092783505154 2.6597938144329896 2.2268041237113403 1.268041237113402  
23 22.82962345980716 3.0 1.7628865979381443 2.2268041237113403 2.0103092783505154 2.6597938144329896 2.2268041237113403 1.268041237113402  
84 15.0 2.0 1.175257731958763 1.4845360824742269 1.3402061855670102 1.7731958762886597 1.4845360824742269 0.845360824742268  
18 3.4802466497600166 3.0 1.7628865979381443 2.2268041237113403 2.0103092783505154 2.6597938144329896 2.2268041237113403 1.268041237113402  
29 8.124770052390383 3.0 1.7628865979381443 2.2268041237113403 2.0103092783505154 2.6597938144329896 2.2268041237113403 1.268041237113402  
63 0.46653195642518175 2.0 1.175257731958763 1.4845360824742269 1.3402061855670102 1.7731958762886597 1.4845360824742269 0.845360824742268  
9 3.6776470588235295 2.0 1.175257731958763 1.4845360824742269 1.3402061855670102 1.7731958762886597 1.4845360824742269 0.845360824742268  
54 20.05470578094008 3.0 1.7628865979381443 2.2268041237113403 2.0103092783505154 2.6597938144329896 2.2268041237113403 1.268041237113402  
11 12.54653072569234 3.0 1.7628865979381443 2.2268041237113403 2.0103092783505154 2.6597938144329896 2.2268041237113403 1.268041237113402  
21 30.1209908387692 3.0 1.7628865979381443 2.2268041237113403 2.0103092783505154 2.6597938144329896 2.2268041237113403 1.268041237113402  
19 29.691412887638645 2.0 1.175257731958763 1.4845360824742269 1.3402061855670102 1.7731958762886597 1.4845360824742269 0.845360824742268  
86 1.215186237272989 3.0 1.7628865979381443 2.2268041237113403 2.0103092783505154 2.6597938144329896 2.2268041237113403 1.268041237113402  
45 3.2276175330847403 3.0 1.7628865979381443 2.2268041237113403 2.0103092783505154 2.6597938144329896 2.2268041237113403 1.268041237113402  
14 1.6865427098674521 3.0 1.7628865979381443 2.2268041237113403 2.0103092783505154 2.6597938144329896 2.2268041237113403 1.268041237113402  
49 8.275034376516688 3.0 1.7628865979381443 2.2268041237113403 2.0103092783505154 2.6597938144329896 2.2268041237113403 1.268041237113402  
1 3.2500758035172828 3.0 1.7628865979381443 2.2268041237113403 2.0103092783505154 2.6597938144329896 2.2268041237113403 1.268041237113402  
91 0.039917525773196516 3.0 1.7628865979381443 2.2268041237113403 2.0103092783505154 2.6597938144329896 2.2268041237113403 1.268041237113402  
2 1.261375666813991 2.0 1.175257731958763 1.4845360824742269 1.3402061855670102 1.7731958762886597 1.4845360824742269 0.845360824742268  
32 2.3099295552108736 3.0 1.7628865979381443 2.2268041237113403 2.0103092783505154 2.6597938144329896 2.2268041237113403 1.268041237113402  
42 1.8617668957617417 2.0 1.175257731958763 1.4845360824742269 1.3402061855670102 1.7731958762886597 1.4845360824742269 0.845360824742268  
6 5.731924578482292 3.0 1.7628865979381443 2.2268041237113403 2.0103092783505154 2.6597938144329896 2.2268041237113403 1.268041237113402  
64 3.1922248180486403 3.0 1.7628865979381443 2.2268041237113403 2.0103092783505154 2.6597938144329896 2.2268041237113403 1.268041237113402  
10 4.862232701114572 2.0 1.175257731958763 1.4845360824742269 1.3402061855670102 1.7731958762886597 1.4845360824742269 0.845360824742268  
22 23.461003570430062 2.0 1.175257731958763 1.4845360824742269 1.3402061855670102 1.7731958762886597 1.4845360824742269 0.845360824742268  
43 0.40669576919136896 2.0 1.175257731958763 1.4845360824742269 1.3402061855670102 1.7731958762886597 1.4845360824742269 0.845360824742268  
24 10.403915535409638 3.0 1.7628865979381443 2.2268041237113403 2.0103092783505154 2.6597938144329896 2.2268041237113403 1.268041237113402  
80 3.3639638764676247 3.0 1.7628865979381443 2.2268041237113403 2.0103092783505154 2.6597938144329896 2.2268041237113403 1.268041237113402  
38 3.96445381156273 3.0 1.7628865979381443 2.2268041237113403 2.0103092783505154 2.6597938144329896 2.2268041237113403 1.268041237113402  
50 10.390939525415286 2.0 1.175257731958763 1.4845360824742269 1.3402061855670102 1.7731958762886597 1.4845360824742269 0.845360824742268  
60 50.0 3.0 1.7628865979381443 2.2268041237113403 2.0103092783505154 2.6597938144329896 2.2268041237113403 1.268041237113402  
94 5.144487552094758 2.0 1.175257731958763 1.4845360824742269 1.3402061855670102 1.7731958762886597 1.4845360824742269 0.845360824742268  
67 11.80227564815072 2.0 1.175257731958763 1.4845360824742269 1.3402061855670102 1.7731958762886597 1.4845360824742269 0.845360824742268  
66 1.7203851390779996 3.0 1.7628865979381443 2.2268041237113403 2.0103092783505154 2.6597938144329896 2.2268041237113403 1.268041237113402  
76 38.74542355128585 2.0 1.175257731958763 1.4845360824742269 1.3402061855670102 1.7731958762886597 1.4845360824742269 0.845360824742268  
71 44.12196917640232 2.0 1.175257731958763 1.4845360824742269 1.3402061855670102 1.7731958762886597 1.4845360824742269 0.845360824742268  
78 2.242224746032842 3.0 1.7628865979381443 2.2268041237113403 2.0103092783505154 2.6597938144329896 2.2268041237113403 1.268041237113402  
47 2.2145397005023177 3.0 1.7628865979381443 2.2268041237113403 2.0103092783505154 2.6597938144329896 2.2268041237113403 1.268041237113402  
69 28.96486772773373 2.0 1.175257731958763 1.4845360824742269 1.3402061855670102 1.7731958762886597 1.4845360824742269 0.845360824742268  
96 18.15724494779143 2.0 1.175257731958763 1.4845360824742269 1.3402061855670102 1.7731958762886597 1.4845360824742269 0.845360824742268  
68 2.3628033049096557 2.0 1.175257731958763 1.4845360824742269 1.3402061855670102 1.7731958762886597 1.4845360824742269 0.845360824742268  
37 45.0 2.0 1.175257731958763 1.4845360824742269 1.3402061855670102 1.7731958762886597 1.4845360824742269 0.845360824742268  
82 11.476645633321432 2.0 1.175257731958763 1.4845360824742269 1.3402061855670102 1.7731958762886597 1.4845360824742269 0.845360824742268  
8 7.678416574422175 3.0 1.7628865979381443 2.2268041237113403 2.0103092783505154 2.6597938144329896 2.2268041237113403 1.268041237113402  
72 22.0 2.0 1.175257731958763 1.4845360824742269 1.3402061855670102 1.7731958762886597 1.4845360824742269 0.845360824742268  
57 13.35814735436566 2.0 1.175257731958763 1.4845360824742269 1.3402061855670102 1.7731958762886597 1.4845360824742269 0.845360824742268  
55 9.606471652683624 2.0 1.175257731958763 1.4845360824742269 1.3402061855670102 1.7731958762886597 1.4845360824742269 0.845360824742268  
51 22.449417187919188 2.0 1.175257731958763 1.4845360824742269 1.3402061855670102 1.7731958762886597 1.4845360824742269 0.845360824742268  
81 22.956504749427765 2.0 1.175257731958763 1.4845360824742269 1.3402061855670102 1.7731958762886597 1.4845360824742269 0.845360824742268  
25 2.809531497943967 3.0 1.7628865979381443 2.2268041237113403 2.0103092783505154 2.6597938144329896 2.2268041237113403 1.268041237113402  
62 1.5583776523209507 2.0 1.175257731958763 1.4845360824742269 1.3402061855670102 1.7731958762886597 1.4845360824742269 0.845360824742268  
26 66.0 2.0 1.175257731958763 1.4845360824742269 1.3402061855670102 1.7731958762886597 1.4845360824742269 0.845360824742268  
30 17.54457521877592 3.0 1.7628865979381443 2.2268041237113403 2.0103092783505154 2.6597938144329896 2.2268041237113403 1.268041237113402  
3 7.2817399185779506 2.0 1.175257731958763 1.4845360824742269 1.3402061855670102 1.7731958762886597 1.4845360824742269 0.845360824742268  
75 15.151237716965296 2.0 1.175257731958763 1.4845360824742269 1.3402061855670102 1.7731958762886597 1.4845360824742269 0.845360824742268  
77 5.996644935402301 3.0 1.7628865979381443 2.2268041237113403 2.0103092783505154 2.6597938144329896 2.2268041237113403 1.268041237113402  
61 13.802060750497908 2.0 1.175257731958763 1.4845360824742269 1.3402061855670102 1.7731958762886597 1.4845360824742269 0.845360824742268  
53 4.527194037886436 3.0 1.7628865979381443 2.2268041237113403 2.0103092783505154 2.6597938144329896 2.2268041237113403 1.268041237113402  
13 15.902600902904117 3.0 1.7628865979381443 2.2268041237113403 2.0103092783505154 2.6597938144329896 2.2268041237113403 1.268041237113402  
34 25.56670607275589 3.0 1.7628865979381443 2.2268041237113403 2.0103092783505154 2.6597938144329896 2.2268041237113403 1.268041237113402  
15 51.0 3.0 1.7628865979381443 2.2268041237113403 2.0103092783505154 2.6597938144329896 2.2268041237113403 1.268041237113402  
7 0.6314658787401779 2.0 1.175257731958763 1.4845360824742269 1.3402061855670102 1.7731958762886597 1.4845360824742269 0.845360824742268  
36 2.4004054483369934 3.0 1.7628865979381443 2.2268041237113403 2.0103092783505154 2.6597938144329896 2.2268041237113403 1.268041237113402  
73 15.100098799217816 3.0 1.7628865979381443 2.2268041237113403 2.0103092783505154 2.6597938144329896 2.2268041237113403 1.268041237113402  
35 34.94084487404723 3.0 1.7628865979381443 2.2268041237113403 2.0103092783505154 2.6597938144329896 2.2268041237113403 1.268041237113402  
4 17.518155636184233 3.0 1.7628865979381443 2.2268041237113403 2.0103092783505154 2.6597938144329896 2.2268041237113403 1.268041237113402  
33 27.167619870187664 3.0 1.7628865979381443 2.2268041237113403 2.0103092783505154 2.6597938144329896 2.2268041237113403 1.268041237113402  
74 1.4948641848265998 2.0 1.175257731958763 1.4845360824742269 1.3402061855670102 1.7731958762886597 1.4845360824742269 0.845360824742268  
52 23.48723116009444 2.0 1.175257731958763 1.4845360824742269 1.3402061855670102 1.7731958762886597 1.4845360824742269 0.845360824742268  
48 6.814215471229073 2.0 1.175257731958763 1.4845360824742269 1.3402061855670102 1.7731958762886597 1.4845360824742269 0.845360824742268  
65 0.27673881151906105 3.0 1.7628865979381443 2.2268041237113403 2.0103092783505154 2.6597938144329896 2.2268041237113403 1.268041237113402  
89 26.769594395117114 3.0 1.7628865979381443 2.2268041237113403 2.0103092783505154 2.6597938144329896 2.2268041237113403 1.268041237113402  
83 21.31604320733047 3.0 1.7628865979381443 2.2268041237113403 2.0103092783505154 2.6597938144329896 2.2268041237113403 1.268041237113402  
87 6.053900231341104 2.0 1.175257731958763 1.4845360824742269 1.3402061855670102 1.7731958762886597 1.4845360824742269 0.845360824742268  
85 0.9694511825348694 2.0 1.175257731958763 1.4845360824742269 1.3402061855670102 1.7731958762886597 1.4845360824742269 0.845360824742268  
20 26.827902813290716 2.0 1.175257731958763 1.4845360824742269 1.3402061855670102 1.7731958762886597 1.4845360824742269 0.845360824742268  
17 3.211762996427945 3.0 1.7628865979381443 2.2268041237113403 2.0103092783505154 2.6597938144329896 2.2268041237113403 1.268041237113402  
