100 5
TREE NETWORK (nID nID Weight):
1 0 53.0 
6 0 41.0 
10 0 38.0 
11 10 42.0 
38 10 53.0 
39 38 58.0 
73 0 32.0 
75 0 53.0 
53 38 33.0 
76 75 33.0 
12 11 32.0 
95 0 53.0 
15 11 43.0 
16 15 52.0 
20 15 55.0 
21 20 34.0 
80 75 51.0 
22 21 53.0 
2 1 56.0 
77 76 53.0 
25 21 42.0 
13 12 45.0 
17 16 39.0 
81 80 55.0 
54 53 51.0 
84 75 52.0 
26 25 38.0 
3 2 51.0 
85 75 48.0 
55 54 39.0 
40 39 42.0 
59 38 40.0 
47 39 52.0 
60 59 40.0 
96 95 42.0 
97 96 44.0 
35 15 50.0 
41 40 51.0 
69 10 34.0 
42 41 37.0 
86 85 50.0 
50 39 50.0 
56 55 35.0 
29 20 33.0 
79 76 52.0 
51 39 37.0 
98 0 33.0 
7 6 59.0 
23 22 46.0 
92 75 59.0 
43 41 55.0 
88 85 36.0 
31 20 51.0 
37 15 58.0 
8 7 46.0 
33 20 52.0 
93 92 45.0 
62 38 47.0 
63 62 31.0 
57 54 38.0 
64 62 42.0 
36 35 50.0 
34 20 54.0 
89 88 38.0 
45 41 56.0 
4 3 47.0 
99 0 36.0 
78 77 40.0 
18 17 52.0 
24 22 47.0 
19 17 52.0 
94 93 59.0 
91 88 38.0 
58 57 35.0 
44 43 58.0 
90 89 36.0 
48 47 43.0 
52 51 59.0 
9 6 44.0 
61 59 59.0 
70 10 49.0 
28 25 50.0 
30 29 39.0 
65 64 38.0 
32 31 52.0 
66 62 45.0 
87 86 38.0 
67 62 56.0 
74 73 54.0 
46 45 36.0 
14 13 59.0 
5 3 38.0 
71 70 55.0 
27 26 45.0 
82 81 32.0 
83 80 39.0 
68 67 53.0 
72 71 54.0 
49 48 31.0 
PROGRAMS ASSIGNED TO NODES (nID pID1 pID2 ...):
0 1 2 3 4 5  
7 2 3 5  
51 1 4  
30  
16 1 2 3 5  
62 1 2 3 4  
70 1 3 4  
71  
13 1 4 5  
22 2 3 4 5  
26 1  
23 1 4 5  
54 1 2 3 4  
90  
12 1 2 3 5  
50  
93  
55 1 5  
42 1 2 3 4  
33 4  
38 1 2  
20 4 5  
35 1 2 4 5  
99 1  
15  
95 3 4  
45 3 5  
39 1 2 3 5  
74 2  
25 2 4 5  
60 3 4 5  
19 1 2 4 5  
73 1 2 3 4  
27 1  
47 1 4  
72 5  
48 1 3 4 5  
32 1 3 4 5  
56  
36 1  
92 3 4 5  
49 5  
97 3 4 5  
61 1 2 4 5  
66 1 2 4  
86 5  
94  
96  
67  
69 1 2 4 5  
84  
37 4  
53 1 2 4 5  
46 1 3 4  
98 1 2 4 5  
77 1 2 3  
80 3 5  
79 1 4 5  
10 1 2 3 4  
89 2 3 4 5  
43 5  
58 1 3 4 5  
83 2 3 4  
14  
21 1 2 3 5  
11  
41 1 2 3 5  
68 1 2 3 4  
64 1 2 5  
4 2  
63 4  
24 2 3 4 5  
44 1 3  
31 2  
18 1  
85 2  
8 2 3 4 5  
5  
2  
28  
17 1 2 3 4  
76 4  
78 4  
40 3 4 5  
65 1 2 3 4  
88 1 2 4  
57 1 4 5  
1  
59 2  
52 1 3  
87 2  
6 1 2 4  
82 1 2 4 5  
91 2 4 5  
34 1 3  
29 1 2  
3 1 3 5  
81 1 3 4 5  
75 2 4  
9  
SIZE OF PROGRAMS (pID SIZE):
1 42.0 
2 43.0 
3 49.0 
4 90.0 
5 96.0 
COST_INSTALL_SERVER_AND_PROGRAMS :
0 2000.0 1.3125 1.34375 1.53125 2.8125 3.0  
7 0.5700685544991044 0.875 0.8958333333333334 1.0208333333333333 1.875 2.0  
51 10.55700038087689 0.875 0.8958333333333334 1.0208333333333333 1.875 2.0  
30 31.0 1.3125 1.34375 1.53125 2.8125 3.0  
16 13.7814841217534 0.875 0.8958333333333334 1.0208333333333333 1.875 2.0  
62 11.193818213404514 0.875 0.8958333333333334 1.0208333333333333 1.875 2.0  
70 2.1515104726100978 0.875 0.8958333333333334 1.0208333333333333 1.875 2.0  
71 2.5385724050385705 0.875 0.8958333333333334 1.0208333333333333 1.875 2.0  
13 1.6495238095238094 1.3125 1.34375 1.53125 2.8125 3.0  
22 3.474964308886362 1.3125 1.34375 1.53125 2.8125 3.0  
26 0.5873700983119409 1.3125 1.34375 1.53125 2.8125 3.0  
23 3.209064243994577 0.875 0.8958333333333334 1.0208333333333333 1.875 2.0  
54 2.376360131486015 0.875 0.8958333333333334 1.0208333333333333 1.875 2.0  
90 45.0 0.875 0.8958333333333334 1.0208333333333333 1.875 2.0  
12 9.62406015037594 1.3125 1.34375 1.53125 2.8125 3.0  
50 105.0 0.875 0.8958333333333334 1.0208333333333333 1.875 2.0  
93 10.0 0.875 0.8958333333333334 1.0208333333333333 1.875 2.0  
55 5.351239662381156 1.3125 1.34375 1.53125 2.8125 3.0  
42 2.2762765152094615 1.3125 1.34375 1.53125 2.8125 3.0  
33 0.7158934318435544 1.3125 1.34375 1.53125 2.8125 3.0  
38 0.44587884806355516 1.3125 1.34375 1.53125 2.8125 3.0  
20 9.807839542478465 0.875 0.8958333333333334 1.0208333333333333 1.875 2.0  
35 5.8981356443434185 0.875 0.8958333333333334 1.0208333333333333 1.875 2.0  
99 0.029166666666666674 0.875 0.8958333333333334 1.0208333333333333 1.875 2.0  
15 12.89172543762507 0.875 0.8958333333333334 1.0208333333333333 1.875 2.0  
95 2.0553262578616356 0.875 0.8958333333333334 1.0208333333333333 1.875 2.0  
45 14.246978364934305 0.875 0.8958333333333334 1.0208333333333333 1.875 2.0  
39 5.985617915967538 1.3125 1.34375 1.53125 2.8125 3.0  
74 0.12442129629629628 0.875 0.8958333333333334 1.0208333333333333 1.875 2.0  
25 3.076777739609253 1.3125 1.34375 1.53125 2.8125 3.0  
60 1.5024422790466734 1.3125 1.34375 1.53125 2.8125 3.0  
19 22.128572913724373 0.875 0.8958333333333334 1.0208333333333333 1.875 2.0  
73 0.7000000000000001 0.875 0.8958333333333334 1.0208333333333333 1.875 2.0  
27 4.084220589871644 1.3125 1.34375 1.53125 2.8125 3.0  
47 11.793488413773789 0.875 0.8958333333333334 1.0208333333333333 1.875 2.0  
72 0.6008731786175396 0.875 0.8958333333333334 1.0208333333333333 1.875 2.0  
48 14.282999072688515 1.3125 1.34375 1.53125 2.8125 3.0  
32 24.718483356184105 1.3125 1.34375 1.53125 2.8125 3.0  
56 56.0 0.875 0.8958333333333334 1.0208333333333333 1.875 2.0  
36 2.332204406364749 0.875 0.8958333333333334 1.0208333333333333 1.875 2.0  
92 0.35211797782752374 0.875 0.8958333333333334 1.0208333333333333 1.875 2.0  
49 6.10097708233253 1.3125 1.34375 1.53125 2.8125 3.0  
97 4.815815670178876 1.3125 1.34375 1.53125 2.8125 3.0  
61 1.5144256833521288 1.3125 1.34375 1.53125 2.8125 3.0  
66 10.09256829703893 0.875 0.8958333333333334 1.0208333333333333 1.875 2.0  
86 2.34114465408805 0.875 0.8958333333333334 1.0208333333333333 1.875 2.0  
94 60.0 1.3125 1.34375 1.53125 2.8125 3.0  
96 0.2685450359389037 1.3125 1.34375 1.53125 2.8125 3.0  
67 12.798398444928056 0.875 0.8958333333333334 1.0208333333333333 1.875 2.0  
69 4.643392027863776 1.3125 1.34375 1.53125 2.8125 3.0  
84 46.0 0.875 0.8958333333333334 1.0208333333333333 1.875 2.0  
37 3.768615353540226 0.875 0.8958333333333334 1.0208333333333333 1.875 2.0  
53 3.774868847361399 1.3125 1.34375 1.53125 2.8125 3.0  
46 8.276300412970151 0.875 0.8958333333333334 1.0208333333333333 1.875 2.0  
98 2.3096590909090895 0.875 0.8958333333333334 1.0208333333333333 1.875 2.0  
77 3.1722126929674097 0.875 0.8958333333333334 1.0208333333333333 1.875 2.0  
80 0.6165988407941796 1.3125 1.34375 1.53125 2.8125 3.0  
79 5.082355851695474 1.3125 1.34375 1.53125 2.8125 3.0  
10 90.0 1.3125 1.34375 1.53125 2.8125 3.0  
89 1.7387461381441023 1.3125 1.34375 1.53125 2.8125 3.0  
43 11.578024041072103 0.875 0.8958333333333334 1.0208333333333333 1.875 2.0  
58 9.86661303600162 1.3125 1.34375 1.53125 2.8125 3.0  
83 0.7877589715131335 0.875 0.8958333333333334 1.0208333333333333 1.875 2.0  
14 41.0 1.3125 1.34375 1.53125 2.8125 3.0  
21 22.01246221718538 1.3125 1.34375 1.53125 2.8125 3.0  
11 5.624060150375938 0.875 0.8958333333333334 1.0208333333333333 1.875 2.0  
41 18.300016916901562 1.3125 1.34375 1.53125 2.8125 3.0  
68 1.6113524477593018 1.3125 1.34375 1.53125 2.8125 3.0  
64 20.738368066560085 0.875 0.8958333333333334 1.0208333333333333 1.875 2.0  
4 0.19934587694973616 1.3125 1.34375 1.53125 2.8125 3.0  
63 4.205792210190983 0.875 0.8958333333333334 1.0208333333333333 1.875 2.0  
24 32.4932814454244 1.3125 1.34375 1.53125 2.8125 3.0  
44 1.0959341522032477 0.875 0.8958333333333334 1.0208333333333333 1.875 2.0  
31 19.607233459015443 1.3125 1.34375 1.53125 2.8125 3.0  
18 2.9395890217493648 0.875 0.8958333333333334 1.0208333333333333 1.875 2.0  
85 1.6100628930817609 0.875 0.8958333333333334 1.0208333333333333 1.875 2.0  
8 8.220914664102425 0.875 0.8958333333333334 1.0208333333333333 1.875 2.0  
5 95.0 1.3125 1.34375 1.53125 2.8125 3.0  
2 0.8814858490566043 1.3125 1.34375 1.53125 2.8125 3.0  
28 13.0 1.3125 1.34375 1.53125 2.8125 3.0  
17 13.508849643488569 0.875 0.8958333333333334 1.0208333333333333 1.875 2.0  
76 0.5734705546026299 1.3125 1.34375 1.53125 2.8125 3.0  
78 3.3365994854202397 1.3125 1.34375 1.53125 2.8125 3.0  
40 1.7595077478993517 1.3125 1.34375 1.53125 2.8125 3.0  
65 19.30366160282279 0.875 0.8958333333333334 1.0208333333333333 1.875 2.0  
88 11.443745632424877 0.875 0.8958333333333334 1.0208333333333333 1.875 2.0  
57 12.487212202859837 1.3125 1.34375 1.53125 2.8125 3.0  
1 30.0 0.875 0.8958333333333334 1.0208333333333333 1.875 2.0  
59 14.739313693037625 0.875 0.8958333333333334 1.0208333333333333 1.875 2.0  
52 5.243053804715421 1.3125 1.34375 1.53125 2.8125 3.0  
87 0.2354983035418736 1.3125 1.34375 1.53125 2.8125 3.0  
6 86.0 1.3125 1.34375 1.53125 2.8125 3.0  
82 9.088561215652643 0.875 0.8958333333333334 1.0208333333333333 1.875 2.0  
91 1.6708181617565927 0.875 0.8958333333333334 1.0208333333333333 1.875 2.0  
34 3.5193512834725604 0.875 0.8958333333333334 1.0208333333333333 1.875 2.0  
29 3.337688439076903 1.3125 1.34375 1.53125 2.8125 3.0  
3 2.4494708260662756 0.875 0.8958333333333334 1.0208333333333333 1.875 2.0  
81 8.78888328344488 0.875 0.8958333333333334 1.0208333333333333 1.875 2.0  
75 67.0 1.3125 1.34375 1.53125 2.8125 3.0  
9 50.0 1.3125 1.34375 1.53125 2.8125 3.0  
