200 7
TREE NETWORK (nID nID Weight):
1 0 43.0 
2 1 58.0 
162 0 38.0 
3 2 51.0 
190 0 30.0 
4 3 54.0 
6 3 57.0 
7 6 38.0 
163 162 56.0 
84 2 37.0 
85 84 58.0 
86 85 53.0 
23 3 56.0 
108 84 44.0 
24 23 36.0 
91 85 59.0 
111 84 43.0 
109 108 40.0 
11 6 39.0 
27 23 40.0 
25 24 49.0 
143 1 53.0 
123 84 33.0 
43 3 52.0 
18 6 40.0 
164 163 36.0 
112 111 43.0 
160 1 40.0 
131 2 48.0 
113 112 38.0 
44 43 31.0 
47 43 44.0 
144 143 49.0 
191 190 46.0 
124 123 59.0 
28 27 41.0 
87 86 45.0 
119 111 50.0 
29 28 31.0 
35 23 38.0 
116 112 58.0 
145 144 34.0 
12 11 47.0 
45 44 39.0 
125 124 44.0 
165 164 49.0 
146 145 52.0 
57 3 40.0 
132 2 30.0 
48 47 31.0 
120 119 57.0 
167 164 38.0 
92 91 32.0 
26 25 59.0 
154 144 30.0 
126 123 50.0 
58 57 49.0 
93 92 43.0 
196 190 38.0 
134 2 42.0 
88 86 34.0 
30 28 33.0 
94 93 50.0 
137 2 39.0 
114 113 50.0 
63 3 51.0 
69 3 39.0 
50 47 30.0 
99 91 39.0 
100 99 52.0 
156 143 56.0 
198 0 56.0 
96 92 54.0 
157 156 33.0 
181 163 35.0 
168 167 52.0 
70 69 54.0 
147 145 42.0 
13 12 43.0 
36 35 31.0 
32 28 46.0 
59 57 37.0 
71 70 59.0 
14 12 39.0 
64 63 42.0 
37 36 57.0 
60 59 45.0 
170 167 54.0 
89 88 52.0 
90 89 41.0 
182 181 40.0 
103 85 43.0 
121 111 51.0 
49 48 31.0 
38 37 59.0 
65 63 31.0 
19 6 35.0 
5 4 55.0 
104 85 30.0 
61 59 41.0 
161 160 50.0 
133 132 42.0 
66 63 51.0 
192 191 35.0 
115 113 48.0 
138 137 46.0 
139 138 55.0 
67 66 30.0 
73 70 56.0 
158 143 35.0 
150 145 56.0 
39 35 36.0 
20 6 57.0 
33 32 37.0 
54 43 31.0 
98 92 34.0 
140 139 33.0 
110 109 32.0 
194 191 54.0 
195 194 30.0 
95 93 32.0 
176 167 43.0 
51 50 55.0 
183 181 44.0 
199 198 32.0 
40 35 46.0 
122 111 39.0 
46 45 49.0 
177 176 30.0 
76 70 49.0 
128 123 37.0 
55 54 41.0 
31 30 39.0 
148 147 52.0 
105 85 58.0 
178 177 36.0 
34 27 47.0 
74 73 31.0 
184 183 34.0 
129 128 35.0 
117 116 35.0 
62 59 33.0 
186 162 49.0 
159 158 36.0 
101 91 36.0 
187 162 43.0 
16 12 37.0 
127 126 46.0 
179 178 36.0 
142 2 51.0 
130 123 31.0 
169 168 48.0 
118 112 55.0 
77 76 32.0 
81 69 45.0 
41 40 53.0 
8 7 45.0 
97 96 38.0 
171 170 55.0 
151 145 50.0 
185 181 32.0 
180 179 40.0 
53 47 59.0 
188 187 49.0 
83 3 58.0 
135 134 56.0 
149 147 53.0 
172 171 54.0 
106 85 33.0 
193 192 35.0 
68 63 53.0 
141 140 49.0 
79 70 59.0 
107 106 55.0 
166 165 58.0 
10 7 48.0 
82 69 53.0 
9 8 31.0 
15 14 42.0 
72 71 51.0 
152 151 57.0 
56 43 48.0 
17 16 46.0 
102 91 57.0 
21 6 35.0 
52 51 52.0 
189 187 46.0 
80 79 33.0 
197 190 41.0 
174 171 36.0 
75 73 33.0 
153 152 56.0 
155 144 41.0 
173 172 40.0 
136 135 46.0 
175 170 59.0 
78 76 48.0 
42 23 32.0 
22 6 31.0 
PROGRAMS ASSIGNED TO NODES (nID pID1 pID2 ...):
0 1 2 3 4 5 6 7  
63 2 3 5 6 7  
130 2 3  
120 2 3 4 5 6 7  
18 4 6 7  
92 1 2 4 5 6  
149 3 4 6 7  
152 4  
141 1 2 4 6 7  
11  
12 5  
1 3 4 5 6 7  
156 3  
2  
100 1 3  
93 1 3 4 5 6 7  
118 1 2 3 6 7  
131 2 6  
78 7  
145 1 6  
154  
7 2 4 6  
94 2 3 5 6 7  
101 7  
15 1 2 3 4 6 7  
185 2 4 7  
138 1 2 3 5 6 7  
9  
66  
189 3 4  
6 1 2 3 5 7  
99  
13 3  
132 2 3 4 5 6  
195 1 4 5 6 7  
140 1  
47 1 3 4 6 7  
87 1 2 3 4 6  
27 2 4 5 6 7  
75  
103 2 3 5  
38 4  
39 3  
108 2 3 4 5 6 7  
5 1 2 3 4  
174  
114 2 3 4 5 6 7  
85 2 7  
35 2 7  
137 3 4 5 6 7  
58 1 2 3 5 6  
142 2 3 4 5 6 7  
166 1 2 5 6  
4 4 5  
169 1 3 5 6 7  
116 1 4 5 6  
44 1 2 4 5 6  
122 1 3 5  
157 2 3 4 5 7  
178 1 2 3 4  
45 1 4 5  
164 2 3 4 5 6 7  
199 2 3 7  
54 5  
8 4  
160 2 3 4 5 6 7  
33 2 6 7  
52 4 5 7  
143 2 3 5  
107 1 2 3 6 7  
186 1 3 4 5 6 7  
88 5 7  
184  
25 3  
31 1 2 3 4 6 7  
80 2 3 4 5 6 7  
176 1 2 3 4 6 7  
151 7  
179 7  
96 2 3 4 5  
82 1 2 5 6  
102 7  
106 1 2 3 4 5 7  
84 1 2 4 5 7  
37  
29  
73 1 4 6  
125 1 4 5 6  
111 1 2 3 5 6 7  
127 1 6  
110 2 3 4 5 6 7  
60 2 4 7  
40 4 5 6 7  
139 3 5  
193 1 2 3 6 7  
34 1 4 6  
83 1 3 5 6 7  
10 7  
97 1 2 3 4 7  
192 5  
68 1 5 6 7  
190 2 5  
77 3 6  
112 1 2 4 5  
81 2 4  
121  
182 1 2 3 4 6 7  
59 1 2 3 4 5 7  
16  
165  
62 1 2 6  
42 1 2 4 5 6  
95 1 3 7  
194 3  
70 2 3 6  
170 1 2 3 4 7  
20 6  
26 1 2 4 5 6 7  
69 3 4 7  
51 1 3 4 5 6 7  
50 1 4 6 7  
67 1 2 3 6 7  
41 1 2 3 4 5  
22 1 2 3 5  
153 1 4  
105 1 6  
64  
89  
126 5 6 7  
172 1 3 4 5 6 7  
109  
124 2 3  
28 3  
171 1 5 6  
43 3 5  
56 1 2 3 5 7  
191 3 5 6  
65 1 2 3 4 6 7  
115 1 2 5 6 7  
129 2 6  
21  
133 1 2 3 4 5  
76 1 2 3 4  
147 2 5  
90  
155 1 2 4 5 6 7  
173 2 6 7  
61 1 2 3 4 6 7  
49 1 2 5  
144 4 5 6 7  
183 1 2  
86 1 2  
79  
57 1 2 4 6 7  
72 2 3 4 6 7  
71 2 3 6  
48 4  
98 1 2 3 4 7  
175 1 4 5 6 7  
104 1 3 4 5  
134 1 2 5 6 7  
146 1 2 3 4 6 7  
161  
136 2 6 7  
148 5 6 7  
30 4 5 6  
123 1 2 3 4 6 7  
177  
196 1 2 4 5 6 7  
187 1 3 5 6 7  
55 3 5 7  
198 2 4 5 7  
36 1 2 5 7  
163 2 3 4 5 7  
197 1 4 5 6  
19 1 3 5 7  
91 1 3 4 6 7  
180 1 2 3 4 6  
158 1 3 6  
23 2 6  
168 6 7  
53 2 3 4 5 6 7  
113 1 3 5 6 7  
3 2 5  
162 1 6 7  
117 1 4  
24 2 3 4 5 6 7  
128 7  
159 1 2 4 5 7  
119 3 5 6 7  
188 1 2 3 4 5 6  
135 1 2 4 5 6 7  
14 4  
181 7  
32 4 5 6  
17 1 3 6 7  
167 1 2 4 7  
74 4 6  
150  
46 2 3 4 6 7  
SIZE OF PROGRAMS (pID SIZE):
1 72.0 
2 76.0 
3 58.0 
4 61.0 
5 84.0 
6 88.0 
7 79.0 
COST_INSTALL_SERVER_AND_PROGRAMS :
0 2765.9090909090905 2.4545454545454546 2.590909090909091 1.9772727272727273 2.0795454545454546 2.8636363636363638 3.0 2.6931818181818183  
63 14.179308415062467 2.4545454545454546 2.590909090909091 1.9772727272727273 2.0795454545454546 2.8636363636363638 3.0 2.6931818181818183  
130 1.4385977679288073 1.6363636363636365 1.7272727272727273 1.3181818181818181 1.3863636363636365 1.9090909090909092 2.0 1.7954545454545454  
120 16.210765757035077 2.4545454545454546 2.590909090909091 1.9772727272727273 2.0795454545454546 2.8636363636363638 3.0 2.6931818181818183  
18 1.822213011762991 1.6363636363636365 1.7272727272727273 1.3181818181818181 1.3863636363636365 1.9090909090909092 2.0 1.7954545454545454  
92 43.53415309609008 2.4545454545454546 2.590909090909091 1.9772727272727273 2.0795454545454546 2.8636363636363638 3.0 2.6931818181818183  
149 9.600491649051023 1.6363636363636365 1.7272727272727273 1.3181818181818181 1.3863636363636365 1.9090909090909092 2.0 1.7954545454545454  
152 5.49802502707839 2.4545454545454546 2.590909090909091 1.9772727272727273 2.0795454545454546 2.8636363636363638 3.0 2.6931818181818183  
141 19.988572045685313 2.4545454545454546 2.590909090909091 1.9772727272727273 2.0795454545454546 2.8636363636363638 3.0 2.6931818181818183  
11 8.065144918568166 2.4545454545454546 2.590909090909091 1.9772727272727273 2.0795454545454546 2.8636363636363638 3.0 2.6931818181818183  
12 39.836410354307155 2.4545454545454546 2.590909090909091 1.9772727272727273 2.0795454545454546 2.8636363636363638 3.0 2.6931818181818183  
1 92.0 2.4545454545454546 2.590909090909091 1.9772727272727273 2.0795454545454546 2.8636363636363638 3.0 2.6931818181818183  
156 8.650702727139763 2.4545454545454546 2.590909090909091 1.9772727272727273 2.0795454545454546 2.8636363636363638 3.0 2.6931818181818183  
2 6.673493657505287 1.6363636363636365 1.7272727272727273 1.3181818181818181 1.3863636363636365 1.9090909090909092 2.0 1.7954545454545454  
100 1.4624432930180287 2.4545454545454546 2.590909090909091 1.9772727272727273 2.0795454545454546 2.8636363636363638 3.0 2.6931818181818183  
93 37.957897397513655 2.4545454545454546 2.590909090909091 1.9772727272727273 2.0795454545454546 2.8636363636363638 3.0 2.6931818181818183  
118 4.083991683233864 1.6363636363636365 1.7272727272727273 1.3181818181818181 1.3863636363636365 1.9090909090909092 2.0 1.7954545454545454  
131 4.8537157865746465 1.6363636363636365 1.7272727272727273 1.3181818181818181 1.3863636363636365 1.9090909090909092 2.0 1.7954545454545454  
78 0.9699525550127922 1.6363636363636365 1.7272727272727273 1.3181818181818181 1.3863636363636365 1.9090909090909092 2.0 1.7954545454545454  
145 12.548932182470498 1.6363636363636365 1.7272727272727273 1.3181818181818181 1.3863636363636365 1.9090909090909092 2.0 1.7954545454545454  
154 109.0 1.6363636363636365 1.7272727272727273 1.3181818181818181 1.3863636363636365 1.9090909090909092 2.0 1.7954545454545454  
7 6.372488410688328 2.4545454545454546 2.590909090909091 1.9772727272727273 2.0795454545454546 2.8636363636363638 3.0 2.6931818181818183  
94 32.83195076842232 2.4545454545454546 2.590909090909091 1.9772727272727273 2.0795454545454546 2.8636363636363638 3.0 2.6931818181818183  
101 0.7536728045605283 2.4545454545454546 2.590909090909091 1.9772727272727273 2.0795454545454546 2.8636363636363638 3.0 2.6931818181818183  
15 14.748217031651789 2.4545454545454546 2.590909090909091 1.9772727272727273 2.0795454545454546 2.8636363636363638 3.0 2.6931818181818183  
185 14.92063738892686 1.6363636363636365 1.7272727272727273 1.3181818181818181 1.3863636363636365 1.9090909090909092 2.0 1.7954545454545454  
138 13.234153623200603 2.4545454545454546 2.590909090909091 1.9772727272727273 2.0795454545454546 2.8636363636363638 3.0 2.6931818181818183  
9 74.0 1.6363636363636365 1.7272727272727273 1.3181818181818181 1.3863636363636365 1.9090909090909092 2.0 1.7954545454545454  
66 12.38005462664763 1.6363636363636365 1.7272727272727273 1.3181818181818181 1.3863636363636365 1.9090909090909092 2.0 1.7954545454545454  
189 4.43243110418753 1.6363636363636365 1.7272727272727273 1.3181818181818181 1.3863636363636365 1.9090909090909092 2.0 1.7954545454545454  
6 20.625815638929442 1.6363636363636365 1.7272727272727273 1.3181818181818181 1.3863636363636365 1.9090909090909092 2.0 1.7954545454545454  
99 10.42797433738064 1.6363636363636365 1.7272727272727273 1.3181818181818181 1.3863636363636365 1.9090909090909092 2.0 1.7954545454545454  
13 0.6596422493312808 2.4545454545454546 2.590909090909091 1.9772727272727273 2.0795454545454546 2.8636363636363638 3.0 2.6931818181818183  
132 4.236810934988562 2.4545454545454546 2.590909090909091 1.9772727272727273 2.0795454545454546 2.8636363636363638 3.0 2.6931818181818183  
195 19.39899868247694 1.6363636363636365 1.7272727272727273 1.3181818181818181 1.3863636363636365 1.9090909090909092 2.0 1.7954545454545454  
140 4.272673183655367 1.6363636363636365 1.7272727272727273 1.3181818181818181 1.3863636363636365 1.9090909090909092 2.0 1.7954545454545454  
47 9.246588146392973 1.6363636363636365 1.7272727272727273 1.3181818181818181 1.3863636363636365 1.9090909090909092 2.0 1.7954545454545454  
87 21.966364882009223 1.6363636363636365 1.7272727272727273 1.3181818181818181 1.3863636363636365 1.9090909090909092 2.0 1.7954545454545454  
27 3.567531794667273 2.4545454545454546 2.590909090909091 1.9772727272727273 2.0795454545454546 2.8636363636363638 3.0 2.6931818181818183  
75 30.0 1.6363636363636365 1.7272727272727273 1.3181818181818181 1.3863636363636365 1.9090909090909092 2.0 1.7954545454545454  
103 9.67010998386299 2.4545454545454546 2.590909090909091 1.9772727272727273 2.0795454545454546 2.8636363636363638 3.0 2.6931818181818183  
38 0.835322631726648 2.4545454545454546 2.590909090909091 1.9772727272727273 2.0795454545454546 2.8636363636363638 3.0 2.6931818181818183  
39 3.8046308876282238 1.6363636363636365 1.7272727272727273 1.3181818181818181 1.3863636363636365 1.9090909090909092 2.0 1.7954545454545454  
108 11.616095153464844 1.6363636363636365 1.7272727272727273 1.3181818181818181 1.3863636363636365 1.9090909090909092 2.0 1.7954545454545454  
5 1.9778852799898603 1.6363636363636365 1.7272727272727273 1.3181818181818181 1.3863636363636365 1.9090909090909092 2.0 1.7954545454545454  
174 46.0 1.6363636363636365 1.7272727272727273 1.3181818181818181 1.3863636363636365 1.9090909090909092 2.0 1.7954545454545454  
114 37.8096770358113 2.4545454545454546 2.590909090909091 1.9772727272727273 2.0795454545454546 2.8636363636363638 3.0 2.6931818181818183  
85 12.468507600058325 2.4545454545454546 2.590909090909091 1.9772727272727273 2.0795454545454546 2.8636363636363638 3.0 2.6931818181818183  
35 41.187179017144665 1.6363636363636365 1.7272727272727273 1.3181818181818181 1.3863636363636365 1.9090909090909092 2.0 1.7954545454545454  
137 9.960303890175583 2.4545454545454546 2.590909090909091 1.9772727272727273 2.0795454545454546 2.8636363636363638 3.0 2.6931818181818183  
58 11.698971196264472 2.4545454545454546 2.590909090909091 1.9772727272727273 2.0795454545454546 2.8636363636363638 3.0 2.6931818181818183  
142 11.105059318325274 2.4545454545454546 2.590909090909091 1.9772727272727273 2.0795454545454546 2.8636363636363638 3.0 2.6931818181818183  
166 19.45954751036421 1.6363636363636365 1.7272727272727273 1.3181818181818181 1.3863636363636365 1.9090909090909092 2.0 1.7954545454545454  
4 9.378575211523698 2.4545454545454546 2.590909090909091 1.9772727272727273 2.0795454545454546 2.8636363636363638 3.0 2.6931818181818183  
169 33.76773252332462 1.6363636363636365 1.7272727272727273 1.3181818181818181 1.3863636363636365 1.9090909090909092 2.0 1.7954545454545454  
116 8.892548135180457 2.4545454545454546 2.590909090909091 1.9772727272727273 2.0795454545454546 2.8636363636363638 3.0 2.6931818181818183  
44 27.619738478357792 1.6363636363636365 1.7272727272727273 1.3181818181818181 1.3863636363636365 1.9090909090909092 2.0 1.7954545454545454  
122 2.0050470451833724 1.6363636363636365 1.7272727272727273 1.3181818181818181 1.3863636363636365 1.9090909090909092 2.0 1.7954545454545454  
157 2.4185276731459275 1.6363636363636365 1.7272727272727273 1.3181818181818181 1.3863636363636365 1.9090909090909092 2.0 1.7954545454545454  
178 16.85410841232751 1.6363636363636365 1.7272727272727273 1.3181818181818181 1.3863636363636365 1.9090909090909092 2.0 1.7954545454545454  
45 32.05715106577038 2.4545454545454546 2.590909090909091 1.9772727272727273 2.0795454545454546 2.8636363636363638 3.0 2.6931818181818183  
164 1.9611376927166413 2.4545454545454546 2.590909090909091 1.9772727272727273 2.0795454545454546 2.8636363636363638 3.0 2.6931818181818183  
199 4.776075487012989 1.6363636363636365 1.7272727272727273 1.3181818181818181 1.3863636363636365 1.9090909090909092 2.0 1.7954545454545454  
54 6.873831310492199 1.6363636363636365 1.7272727272727273 1.3181818181818181 1.3863636363636365 1.9090909090909092 2.0 1.7954545454545454  
8 0.6311037736149522 1.6363636363636365 1.7272727272727273 1.3181818181818181 1.3863636363636365 1.9090909090909092 2.0 1.7954545454545454  
160 5.144288734521295 2.4545454545454546 2.590909090909091 1.9772727272727273 2.0795454545454546 2.8636363636363638 3.0 2.6931818181818183  
33 22.36445269112116 1.6363636363636365 1.7272727272727273 1.3181818181818181 1.3863636363636365 1.9090909090909092 2.0 1.7954545454545454  
52 3.1072852163167752 2.4545454545454546 2.590909090909091 1.9772727272727273 2.0795454545454546 2.8636363636363638 3.0 2.6931818181818183  
143 3.536854780804981 2.4545454545454546 2.590909090909091 1.9772727272727273 2.0795454545454546 2.8636363636363638 3.0 2.6931818181818183  
107 31.60594404676602 1.6363636363636365 1.7272727272727273 1.3181818181818181 1.3863636363636365 1.9090909090909092 2.0 1.7954545454545454  
186 3.749126410646283 2.4545454545454546 2.590909090909091 1.9772727272727273 2.0795454545454546 2.8636363636363638 3.0 2.6931818181818183  
88 6.9894776892851205 2.4545454545454546 2.590909090909091 1.9772727272727273 2.0795454545454546 2.8636363636363638 3.0 2.6931818181818183  
184 97.0 1.6363636363636365 1.7272727272727273 1.3181818181818181 1.3863636363636365 1.9090909090909092 2.0 1.7954545454545454  
25 22.65067681832034 2.4545454545454546 2.590909090909091 1.9772727272727273 2.0795454545454546 2.8636363636363638 3.0 2.6931818181818183  
31 15.726267079456298 2.4545454545454546 2.590909090909091 1.9772727272727273 2.0795454545454546 2.8636363636363638 3.0 2.6931818181818183  
80 30.361202502584884 1.6363636363636365 1.7272727272727273 1.3181818181818181 1.3863636363636365 1.9090909090909092 2.0 1.7954545454545454  
176 3.7945229529072857 2.4545454545454546 2.590909090909091 1.9772727272727273 2.0795454545454546 2.8636363636363638 3.0 2.6931818181818183  
151 14.029066876644952 2.4545454545454546 2.590909090909091 1.9772727272727273 2.0795454545454546 2.8636363636363638 3.0 2.6931818181818183  
179 62.31159166414981 2.4545454545454546 2.590909090909091 1.9772727272727273 2.0795454545454546 2.8636363636363638 3.0 2.6931818181818183  
96 21.355101943190036 1.6363636363636365 1.7272727272727273 1.3181818181818181 1.3863636363636365 1.9090909090909092 2.0 1.7954545454545454  
82 2.2567384793442105 2.4545454545454546 2.590909090909091 1.9772727272727273 2.0795454545454546 2.8636363636363638 3.0 2.6931818181818183  
102 4.036949108064924 2.4545454545454546 2.590909090909091 1.9772727272727273 2.0795454545454546 2.8636363636363638 3.0 2.6931818181818183  
106 10.762385178974995 1.6363636363636365 1.7272727272727273 1.3181818181818181 1.3863636363636365 1.9090909090909092 2.0 1.7954545454545454  
84 1.7318455201574694 2.4545454545454546 2.590909090909091 1.9772727272727273 2.0795454545454546 2.8636363636363638 3.0 2.6931818181818183  
37 4.39159680730904 2.4545454545454546 2.590909090909091 1.9772727272727273 2.0795454545454546 2.8636363636363638 3.0 2.6931818181818183  
29 31.0 2.4545454545454546 2.590909090909091 1.9772727272727273 2.0795454545454546 2.8636363636363638 3.0 2.6931818181818183  
73 16.536588471301787 2.4545454545454546 2.590909090909091 1.9772727272727273 2.0795454545454546 2.8636363636363638 3.0 2.6931818181818183  
125 10.502040886968109 1.6363636363636365 1.7272727272727273 1.3181818181818181 1.3863636363636365 1.9090909090909092 2.0 1.7954545454545454  
111 3.5251330465845303 1.6363636363636365 1.7272727272727273 1.3181818181818181 1.3863636363636365 1.9090909090909092 2.0 1.7954545454545454  
127 7.312966054351642 2.4545454545454546 2.590909090909091 1.9772727272727273 2.0795454545454546 2.8636363636363638 3.0 2.6931818181818183  
110 37.06507436767159 1.6363636363636365 1.7272727272727273 1.3181818181818181 1.3863636363636365 1.9090909090909092 2.0 1.7954545454545454  
60 20.494719572674665 1.6363636363636365 1.7272727272727273 1.3181818181818181 1.3863636363636365 1.9090909090909092 2.0 1.7954545454545454  
40 4.7617766459258535 2.4545454545454546 2.590909090909091 1.9772727272727273 2.0795454545454546 2.8636363636363638 3.0 2.6931818181818183  
139 4.316592150338882 1.6363636363636365 1.7272727272727273 1.3181818181818181 1.3863636363636365 1.9090909090909092 2.0 1.7954545454545454  
193 31.153772507685538 1.6363636363636365 1.7272727272727273 1.3181818181818181 1.3863636363636365 1.9090909090909092 2.0 1.7954545454545454  
34 1.9922678366552604 2.4545454545454546 2.590909090909091 1.9772727272727273 2.0795454545454546 2.8636363636363638 3.0 2.6931818181818183  
83 12.485936086179022 1.6363636363636365 1.7272727272727273 1.3181818181818181 1.3863636363636365 1.9090909090909092 2.0 1.7954545454545454  
10 4.299517002923538 2.4545454545454546 2.590909090909091 1.9772727272727273 2.0795454545454546 2.8636363636363638 3.0 2.6931818181818183  
97 14.307956918224995 1.6363636363636365 1.7272727272727273 1.3181818181818181 1.3863636363636365 1.9090909090909092 2.0 1.7954545454545454  
192 14.714844586055763 1.6363636363636365 1.7272727272727273 1.3181818181818181 1.3863636363636365 1.9090909090909092 2.0 1.7954545454545454  
68 18.7472124694464 2.4545454545454546 2.590909090909091 1.9772727272727273 2.0795454545454546 2.8636363636363638 3.0 2.6931818181818183  
190 1.9228787878787879 1.6363636363636365 1.7272727272727273 1.3181818181818181 1.3863636363636365 1.9090909090909092 2.0 1.7954545454545454  
77 1.9446538780405185 1.6363636363636365 1.7272727272727273 1.3181818181818181 1.3863636363636365 1.9090909090909092 2.0 1.7954545454545454  
112 4.729784209375228 1.6363636363636365 1.7272727272727273 1.3181818181818181 1.3863636363636365 1.9090909090909092 2.0 1.7954545454545454  
81 5.060474718250321 1.6363636363636365 1.7272727272727273 1.3181818181818181 1.3863636363636365 1.9090909090909092 2.0 1.7954545454545454  
121 59.0 1.6363636363636365 1.7272727272727273 1.3181818181818181 1.3863636363636365 1.9090909090909092 2.0 1.7954545454545454  
182 12.55786056049214 1.6363636363636365 1.7272727272727273 1.3181818181818181 1.3863636363636365 1.9090909090909092 2.0 1.7954545454545454  
59 4.631168158303637 1.6363636363636365 1.7272727272727273 1.3181818181818181 1.3863636363636365 1.9090909090909092 2.0 1.7954545454545454  
16 3.827328270549449 1.6363636363636365 1.7272727272727273 1.3181818181818181 1.3863636363636365 1.9090909090909092 2.0 1.7954545454545454  
165 6.684633662077273 1.6363636363636365 1.7272727272727273 1.3181818181818181 1.3863636363636365 1.9090909090909092 2.0 1.7954545454545454  
62 8.949229651283522 2.4545454545454546 2.590909090909091 1.9772727272727273 2.0795454545454546 2.8636363636363638 3.0 2.6931818181818183  
42 14.278658068261208 1.6363636363636365 1.7272727272727273 1.3181818181818181 1.3863636363636365 1.9090909090909092 2.0 1.7954545454545454  
95 19.233808988572118 2.4545454545454546 2.590909090909091 1.9772727272727273 2.0795454545454546 2.8636363636363638 3.0 2.6931818181818183  
194 1.7459032352510613 2.4545454545454546 2.590909090909091 1.9772727272727273 2.0795454545454546 2.8636363636363638 3.0 2.6931818181818183  
70 3.6349961821316605 2.4545454545454546 2.590909090909091 1.9772727272727273 2.0795454545454546 2.8636363636363638 3.0 2.6931818181818183  
170 25.701329080276444 2.4545454545454546 2.590909090909091 1.9772727272727273 2.0795454545454546 2.8636363636363638 3.0 2.6931818181818183  
20 3.8261775009248202 1.6363636363636365 1.7272727272727273 1.3181818181818181 1.3863636363636365 1.9090909090909092 2.0 1.7954545454545454  
26 33.66739406192962 2.4545454545454546 2.590909090909091 1.9772727272727273 2.0795454545454546 2.8636363636363638 3.0 2.6931818181818183  
69 19.399092690824915 2.4545454545454546 2.590909090909091 1.9772727272727273 2.0795454545454546 2.8636363636363638 3.0 2.6931818181818183  
51 55.357432070735975 1.6363636363636365 1.7272727272727273 1.3181818181818181 1.3863636363636365 1.9090909090909092 2.0 1.7954545454545454  
50 26.32272998052469 1.6363636363636365 1.7272727272727273 1.3181818181818181 1.3863636363636365 1.9090909090909092 2.0 1.7954545454545454  
67 34.313116880394105 2.4545454545454546 2.590909090909091 1.9772727272727273 2.0795454545454546 2.8636363636363638 3.0 2.6931818181818183  
41 11.433965490579238 1.6363636363636365 1.7272727272727273 1.3181818181818181 1.3863636363636365 1.9090909090909092 2.0 1.7954545454545454  
22 2.5282109473329495 1.6363636363636365 1.7272727272727273 1.3181818181818181 1.3863636363636365 1.9090909090909092 2.0 1.7954545454545454  
153 12.706820502453375 1.6363636363636365 1.7272727272727273 1.3181818181818181 1.3863636363636365 1.9090909090909092 2.0 1.7954545454545454  
105 1.0866571171302526 2.4545454545454546 2.590909090909091 1.9772727272727273 2.0795454545454546 2.8636363636363638 3.0 2.6931818181818183  
64 38.0 2.4545454545454546 2.590909090909091 1.9772727272727273 2.0795454545454546 2.8636363636363638 3.0 2.6931818181818183  
89 52.0 2.4545454545454546 2.590909090909091 1.9772727272727273 2.0795454545454546 2.8636363636363638 3.0 2.6931818181818183  
126 3.0717292850917555 1.6363636363636365 1.7272727272727273 1.3181818181818181 1.3863636363636365 1.9090909090909092 2.0 1.7954545454545454  
172 21.646213007265647 2.4545454545454546 2.590909090909091 1.9772727272727273 2.0795454545454546 2.8636363636363638 3.0 2.6931818181818183  
109 21.81192404628251 1.6363636363636365 1.7272727272727273 1.3181818181818181 1.3863636363636365 1.9090909090909092 2.0 1.7954545454545454  
124 27.13213868183864 1.6363636363636365 1.7272727272727273 1.3181818181818181 1.3863636363636365 1.9090909090909092 2.0 1.7954545454545454  
28 28.98567857288168 2.4545454545454546 2.590909090909091 1.9772727272727273 2.0795454545454546 2.8636363636363638 3.0 2.6931818181818183  
171 37.88395445684919 2.4545454545454546 2.590909090909091 1.9772727272727273 2.0795454545454546 2.8636363636363638 3.0 2.6931818181818183  
43 10.263127015601189 1.6363636363636365 1.7272727272727273 1.3181818181818181 1.3863636363636365 1.9090909090909092 2.0 1.7954545454545454  
56 14.629720094165945 2.4545454545454546 2.590909090909091 1.9772727272727273 2.0795454545454546 2.8636363636363638 3.0 2.6931818181818183  
191 6.521067193675894 2.4545454545454546 2.590909090909091 1.9772727272727273 2.0795454545454546 2.8636363636363638 3.0 2.6931818181818183  
65 14.939390580173159 1.6363636363636365 1.7272727272727273 1.3181818181818181 1.3863636363636365 1.9090909090909092 2.0 1.7954545454545454  
115 13.522808187643793 2.4545454545454546 2.590909090909091 1.9772727272727273 2.0795454545454546 2.8636363636363638 3.0 2.6931818181818183  
129 15.004361822220682 2.4545454545454546 2.590909090909091 1.9772727272727273 2.0795454545454546 2.8636363636363638 3.0 2.6931818181818183  
21 78.0 2.4545454545454546 2.590909090909091 1.9772727272727273 2.0795454545454546 2.8636363636363638 3.0 2.6931818181818183  
133 24.541425967777208 1.6363636363636365 1.7272727272727273 1.3181818181818181 1.3863636363636365 1.9090909090909092 2.0 1.7954545454545454  
76 10.745052653799357 1.6363636363636365 1.7272727272727273 1.3181818181818181 1.3863636363636365 1.9090909090909092 2.0 1.7954545454545454  
147 27.85727547676411 1.6363636363636365 1.7272727272727273 1.3181818181818181 1.3863636363636365 1.9090909090909092 2.0 1.7954545454545454  
90 80.0 1.6363636363636365 1.7272727272727273 1.3181818181818181 1.3863636363636365 1.9090909090909092 2.0 1.7954545454545454  
155 9.373770829401986 2.4545454545454546 2.590909090909091 1.9772727272727273 2.0795454545454546 2.8636363636363638 3.0 2.6931818181818183  
173 3.5087850307587147 2.4545454545454546 2.590909090909091 1.9772727272727273 2.0795454545454546 2.8636363636363638 3.0 2.6931818181818183  
61 17.14701606531658 2.4545454545454546 2.590909090909091 1.9772727272727273 2.0795454545454546 2.8636363636363638 3.0 2.6931818181818183  
49 20.024189305244867 1.6363636363636365 1.7272727272727273 1.3181818181818181 1.3863636363636365 1.9090909090909092 2.0 1.7954545454545454  
144 3.31479769407863 2.4545454545454546 2.590909090909091 1.9772727272727273 2.0795454545454546 2.8636363636363638 3.0 2.6931818181818183  
183 6.964666210982001 2.4545454545454546 2.590909090909091 1.9772727272727273 2.0795454545454546 2.8636363636363638 3.0 2.6931818181818183  
86 14.668303379225062 1.6363636363636365 1.7272727272727273 1.3181818181818181 1.3863636363636365 1.9090909090909092 2.0 1.7954545454545454  
79 20.538583454965842 2.4545454545454546 2.590909090909091 1.9772727272727273 2.0795454545454546 2.8636363636363638 3.0 2.6931818181818183  
57 2.642531794667274 2.4545454545454546 2.590909090909091 1.9772727272727273 2.0795454545454546 2.8636363636363638 3.0 2.6931818181818183  
72 18.52505974440394 1.6363636363636365 1.7272727272727273 1.3181818181818181 1.3863636363636365 1.9090909090909092 2.0 1.7954545454545454  
71 13.66666699336413 2.4545454545454546 2.590909090909091 1.9772727272727273 2.0795454545454546 2.8636363636363638 3.0 2.6931818181818183  
48 9.809101186008004 1.6363636363636365 1.7272727272727273 1.3181818181818181 1.3863636363636365 1.9090909090909092 2.0 1.7954545454545454  
98 45.097395901858434 1.6363636363636365 1.7272727272727273 1.3181818181818181 1.3863636363636365 1.9090909090909092 2.0 1.7954545454545454  
175 32.68043074644323 1.6363636363636365 1.7272727272727273 1.3181818181818181 1.3863636363636365 1.9090909090909092 2.0 1.7954545454545454  
104 2.3102206556998057 2.4545454545454546 2.590909090909091 1.9772727272727273 2.0795454545454546 2.8636363636363638 3.0 2.6931818181818183  
134 7.377381411119525 1.6363636363636365 1.7272727272727273 1.3181818181818181 1.3863636363636365 1.9090909090909092 2.0 1.7954545454545454  
146 3.345425054129208 2.4545454545454546 2.590909090909091 1.9772727272727273 2.0795454545454546 2.8636363636363638 3.0 2.6931818181818183  
161 16.0 2.4545454545454546 2.590909090909091 1.9772727272727273 2.0795454545454546 2.8636363636363638 3.0 2.6931818181818183  
136 6.9039947851127295 1.6363636363636365 1.7272727272727273 1.3181818181818181 1.3863636363636365 1.9090909090909092 2.0 1.7954545454545454  
148 21.52553230334408 2.4545454545454546 2.590909090909091 1.9772727272727273 2.0795454545454546 2.8636363636363638 3.0 2.6931818181818183  
30 41.9356785728817 1.6363636363636365 1.7272727272727273 1.3181818181818181 1.3863636363636365 1.9090909090909092 2.0 1.7954545454545454  
123 19.80925493912663 2.4545454545454546 2.590909090909091 1.9772727272727273 2.0795454545454546 2.8636363636363638 3.0 2.6931818181818183  
177 5.241189619573953 2.4545454545454546 2.590909090909091 1.9772727272727273 2.0795454545454546 2.8636363636363638 3.0 2.6931818181818183  
196 16.2561631351105 1.6363636363636365 1.7272727272727273 1.3181818181818181 1.3863636363636365 1.9090909090909092 2.0 1.7954545454545454  
187 2.8066498831645705 2.4545454545454546 2.590909090909091 1.9772727272727273 2.0795454545454546 2.8636363636363638 3.0 2.6931818181818183  
55 2.2518398296053106 2.4545454545454546 2.590909090909091 1.9772727272727273 2.0795454545454546 2.8636363636363638 3.0 2.6931818181818183  
198 0.8911255411255412 1.6363636363636365 1.7272727272727273 1.3181818181818181 1.3863636363636365 1.9090909090909092 2.0 1.7954545454545454  
36 32.45825850052401 1.6363636363636365 1.7272727272727273 1.3181818181818181 1.3863636363636365 1.9090909090909092 2.0 1.7954545454545454  
163 0.5222488038277515 2.4545454545454546 2.590909090909091 1.9772727272727273 2.0795454545454546 2.8636363636363638 3.0 2.6931818181818183  
197 1.0673872875092387 1.6363636363636365 1.7272727272727273 1.3181818181818181 1.3863636363636365 1.9090909090909092 2.0 1.7954545454545454  
19 14.793743125352805 2.4545454545454546 2.590909090909091 1.9772727272727273 2.0795454545454546 2.8636363636363638 3.0 2.6931818181818183  
91 19.4348693103819 1.6363636363636365 1.7272727272727273 1.3181818181818181 1.3863636363636365 1.9090909090909092 2.0 1.7954545454545454  
180 7.146870413348381 2.4545454545454546 2.590909090909091 1.9772727272727273 2.0795454545454546 2.8636363636363638 3.0 2.6931818181818183  
158 4.266226265507202 2.4545454545454546 2.590909090909091 1.9772727272727273 2.0795454545454546 2.8636363636363638 3.0 2.6931818181818183  
23 13.635190768003643 2.4545454545454546 2.590909090909091 1.9772727272727273 2.0795454545454546 2.8636363636363638 3.0 2.6931818181818183  
168 33.700210608105344 1.6363636363636365 1.7272727272727273 1.3181818181818181 1.3863636363636365 1.9090909090909092 2.0 1.7954545454545454  
53 4.294309134570668 1.6363636363636365 1.7272727272727273 1.3181818181818181 1.3863636363636365 1.9090909090909092 2.0 1.7954545454545454  
113 6.09294210411207 1.6363636363636365 1.7272727272727273 1.3181818181818181 1.3863636363636365 1.9090909090909092 2.0 1.7954545454545454  
3 11.454020254671821 2.4545454545454546 2.590909090909091 1.9772727272727273 2.0795454545454546 2.8636363636363638 3.0 2.6931818181818183  
162 0.882954545454546 1.6363636363636365 1.7272727272727273 1.3181818181818181 1.3863636363636365 1.9090909090909092 2.0 1.7954545454545454  
117 1.8237143985860909 1.6363636363636365 1.7272727272727273 1.3181818181818181 1.3863636363636365 1.9090909090909092 2.0 1.7954545454545454  
24 26.907799955782167 2.4545454545454546 2.590909090909091 1.9772727272727273 2.0795454545454546 2.8636363636363638 3.0 2.6931818181818183  
128 21.094332860782337 1.6363636363636365 1.7272727272727273 1.3181818181818181 1.3863636363636365 1.9090909090909092 2.0 1.7954545454545454  
159 18.361756593072954 2.4545454545454546 2.590909090909091 1.9772727272727273 2.0795454545454546 2.8636363636363638 3.0 2.6931818181818183  
119 3.927153163661585 1.6363636363636365 1.7272727272727273 1.3181818181818181 1.3863636363636365 1.9090909090909092 2.0 1.7954545454545454  
188 3.8262649182930573 2.4545454545454546 2.590909090909091 1.9772727272727273 2.0795454545454546 2.8636363636363638 3.0 2.6931818181818183  
135 2.7340830113484493 1.6363636363636365 1.7272727272727273 1.3181818181818181 1.3863636363636365 1.9090909090909092 2.0 1.7954545454545454  
14 5.039461914993874 2.4545454545454546 2.590909090909091 1.9772727272727273 2.0795454545454546 2.8636363636363638 3.0 2.6931818181818183  
181 17.676038961038962 1.6363636363636365 1.7272727272727273 1.3181818181818181 1.3863636363636365 1.9090909090909092 2.0 1.7954545454545454  
32 4.902934097685379 1.6363636363636365 1.7272727272727273 1.3181818181818181 1.3863636363636365 1.9090909090909092 2.0 1.7954545454545454  
17 37.21932400016243 2.4545454545454546 2.590909090909091 1.9772727272727273 2.0795454545454546 2.8636363636363638 3.0 2.6931818181818183  
167 8.80409688995215 1.6363636363636365 1.7272727272727273 1.3181818181818181 1.3863636363636365 1.9090909090909092 2.0 1.7954545454545454  
74 8.500364065174836 1.6363636363636365 1.7272727272727273 1.3181818181818181 1.3863636363636365 1.9090909090909092 2.0 1.7954545454545454  
150 22.0 2.4545454545454546 2.590909090909091 1.9772727272727273 2.0795454545454546 2.8636363636363638 3.0 2.6931818181818183  
46 45.583547007031065 1.6363636363636365 1.7272727272727273 1.3181818181818181 1.3863636363636365 1.9090909090909092 2.0 1.7954545454545454  
