400 4
TREE NETWORK (nID nID Weight):
1 0 54.0 
2 1 35.0 
127 1 57.0 
3 2 43.0 
265 0 46.0 
4 3 35.0 
341 0 42.0 
266 265 53.0 
35 3 57.0 
5 4 55.0 
287 265 38.0 
128 127 45.0 
342 341 46.0 
36 35 39.0 
6 5 31.0 
238 1 52.0 
347 341 33.0 
129 128 49.0 
7 6 53.0 
42 35 35.0 
239 238 35.0 
306 265 39.0 
377 0 41.0 
43 42 39.0 
379 0 42.0 
240 239 56.0 
262 1 55.0 
243 238 49.0 
192 128 46.0 
44 43 40.0 
267 266 44.0 
378 377 31.0 
193 192 37.0 
213 127 43.0 
101 42 39.0 
308 265 35.0 
130 129 38.0 
253 238 49.0 
207 128 53.0 
160 129 48.0 
45 44 33.0 
161 160 49.0 
195 192 39.0 
131 130 35.0 
183 129 54.0 
288 287 58.0 
196 195 30.0 
380 379 35.0 
215 127 45.0 
254 253 41.0 
216 127 57.0 
88 43 49.0 
162 161 55.0 
102 42 30.0 
348 347 56.0 
244 243 48.0 
397 0 52.0 
334 265 30.0 
46 45 39.0 
309 308 57.0 
381 380 56.0 
136 130 54.0 
63 44 50.0 
218 127 38.0 
189 129 48.0 
89 88 35.0 
137 136 35.0 
8 7 56.0 
335 334 56.0 
64 63 32.0 
289 288 54.0 
194 193 56.0 
65 64 43.0 
361 347 35.0 
268 267 50.0 
62 45 50.0 
258 238 49.0 
170 161 54.0 
245 244 55.0 
307 306 46.0 
66 65 34.0 
269 268 53.0 
184 183 54.0 
314 308 46.0 
321 308 52.0 
290 289 37.0 
67 66 49.0 
291 290 54.0 
114 3 36.0 
383 379 51.0 
282 266 34.0 
20 6 40.0 
221 127 54.0 
163 162 39.0 
272 267 51.0 
294 288 41.0 
90 89 46.0 
384 383 53.0 
182 161 46.0 
132 131 43.0 
30 5 48.0 
10 7 41.0 
138 137 45.0 
295 294 43.0 
150 130 38.0 
21 20 30.0 
115 114 37.0 
386 383 40.0 
152 130 53.0 
37 36 35.0 
139 138 46.0 
164 163 39.0 
222 127 59.0 
246 244 47.0 
382 380 58.0 
167 162 59.0 
47 46 45.0 
362 361 41.0 
273 272 56.0 
11 10 30.0 
22 21 36.0 
144 136 56.0 
208 128 50.0 
223 222 40.0 
116 115 46.0 
153 130 53.0 
125 3 49.0 
283 282 36.0 
202 192 43.0 
39 36 55.0 
117 116 42.0 
12 11 51.0 
82 44 37.0 
73 65 38.0 
55 46 57.0 
118 117 48.0 
209 128 41.0 
255 253 54.0 
74 64 31.0 
226 222 33.0 
338 265 50.0 
349 348 35.0 
154 153 48.0 
171 170 51.0 
219 218 45.0 
119 118 49.0 
27 6 47.0 
337 334 56.0 
70 66 38.0 
133 132 32.0 
350 348 33.0 
368 341 36.0 
322 321 59.0 
122 116 52.0 
352 348 52.0 
279 267 33.0 
140 139 38.0 
75 74 33.0 
210 209 59.0 
56 55 50.0 
199 195 50.0 
40 36 31.0 
323 321 52.0 
336 335 40.0 
103 102 45.0 
83 82 47.0 
156 130 47.0 
59 55 44.0 
48 47 45.0 
281 267 31.0 
369 368 53.0 
120 119 35.0 
343 342 48.0 
284 283 42.0 
324 323 55.0 
399 0 40.0 
315 314 31.0 
93 88 58.0 
57 56 36.0 
13 11 57.0 
190 189 46.0 
241 240 53.0 
285 283 54.0 
68 67 49.0 
58 57 41.0 
320 314 34.0 
248 244 55.0 
327 321 36.0 
91 89 58.0 
49 48 36.0 
370 369 48.0 
331 308 48.0 
28 6 36.0 
94 93 46.0 
339 265 45.0 
256 253 40.0 
328 321 46.0 
297 288 42.0 
211 210 39.0 
106 102 49.0 
316 315 43.0 
31 30 51.0 
155 153 59.0 
252 243 30.0 
200 199 33.0 
242 241 44.0 
107 106 47.0 
317 315 51.0 
298 288 34.0 
263 262 30.0 
121 118 52.0 
393 383 37.0 
50 47 45.0 
86 44 59.0 
365 347 43.0 
232 222 37.0 
60 46 59.0 
224 223 39.0 
302 287 34.0 
247 246 35.0 
353 352 58.0 
225 223 49.0 
146 136 50.0 
85 82 56.0 
357 348 37.0 
330 321 52.0 
359 348 41.0 
233 222 36.0 
344 343 32.0 
124 115 34.0 
15 11 57.0 
141 140 50.0 
173 170 59.0 
69 67 34.0 
158 130 43.0 
16 7 45.0 
142 141 55.0 
304 287 53.0 
175 170 50.0 
123 116 56.0 
395 383 37.0 
367 347 36.0 
14 13 50.0 
310 309 56.0 
87 86 35.0 
396 379 58.0 
387 386 49.0 
71 66 34.0 
108 107 32.0 
61 46 58.0 
235 222 41.0 
249 248 48.0 
270 268 30.0 
174 173 56.0 
264 262 53.0 
201 199 59.0 
24 20 56.0 
214 213 30.0 
354 353 55.0 
181 170 54.0 
358 357 53.0 
9 8 46.0 
355 354 58.0 
220 219 53.0 
371 370 45.0 
185 184 53.0 
157 156 50.0 
165 164 50.0 
135 131 46.0 
110 102 43.0 
319 315 42.0 
259 238 35.0 
227 226 35.0 
228 227 30.0 
111 110 52.0 
296 294 45.0 
390 386 36.0 
104 103 49.0 
277 272 52.0 
19 7 32.0 
230 227 45.0 
237 222 54.0 
100 88 32.0 
274 273 53.0 
278 272 52.0 
112 35 38.0 
271 270 50.0 
257 253 42.0 
366 365 51.0 
159 158 50.0 
260 259 30.0 
84 83 48.0 
286 285 34.0 
325 324 39.0 
392 386 38.0 
234 233 46.0 
388 387 38.0 
394 393 42.0 
197 196 59.0 
95 94 55.0 
299 288 34.0 
212 128 40.0 
364 361 57.0 
293 289 59.0 
372 371 57.0 
29 6 52.0 
186 184 32.0 
168 167 45.0 
329 328 34.0 
275 273 59.0 
333 308 36.0 
375 369 36.0 
79 63 48.0 
373 370 36.0 
92 89 54.0 
176 175 54.0 
301 288 58.0 
363 362 56.0 
346 343 47.0 
126 125 38.0 
250 244 53.0 
332 331 36.0 
178 175 30.0 
51 50 44.0 
179 178 55.0 
147 146 41.0 
345 344 38.0 
96 95 40.0 
52 51 57.0 
261 238 44.0 
134 133 46.0 
187 186 58.0 
251 250 57.0 
203 192 52.0 
204 203 39.0 
311 309 34.0 
389 387 43.0 
300 299 34.0 
25 20 39.0 
172 171 56.0 
180 179 39.0 
33 5 34.0 
356 352 58.0 
391 390 36.0 
17 16 43.0 
80 63 41.0 
326 325 38.0 
23 21 49.0 
351 350 54.0 
105 104 49.0 
76 74 57.0 
18 16 44.0 
305 287 37.0 
72 71 53.0 
38 37 57.0 
81 80 50.0 
78 64 43.0 
303 302 54.0 
312 309 52.0 
217 216 50.0 
340 265 49.0 
276 273 41.0 
26 20 54.0 
318 317 41.0 
166 164 58.0 
54 47 35.0 
149 136 49.0 
177 176 57.0 
236 235 52.0 
148 147 36.0 
292 291 46.0 
151 150 48.0 
280 279 53.0 
97 94 53.0 
205 192 52.0 
206 192 44.0 
99 93 39.0 
98 97 40.0 
113 112 34.0 
109 108 54.0 
41 36 52.0 
191 190 45.0 
34 5 51.0 
145 144 39.0 
198 196 44.0 
53 50 31.0 
376 375 34.0 
229 228 58.0 
360 348 57.0 
398 397 57.0 
169 168 42.0 
77 76 56.0 
385 384 36.0 
374 373 37.0 
32 30 52.0 
188 186 53.0 
231 230 48.0 
143 138 39.0 
313 312 38.0 
PROGRAMS ASSIGNED TO NODES (nID pID1 pID2 ...):
0 1 2 3 4  
13 1 3 4  
299 1 2  
107 3  
134 1  
340 1 2  
185 1 3  
196 2  
243 1  
332 1 3 4  
119 2  
379 1 3  
16 1  
215 1 2 4  
135  
79  
182  
329 1 3  
112 1 2 4  
89 3 4  
36 1 4  
236 4  
51 1 3  
77  
175 1 2 3  
53 1 3 4  
250  
375 1 2 4  
138 1 2  
344 1 3 4  
41 1 3 4  
151 2 3  
39 1 3 4  
162 1 2 4  
255 1 3 4  
336  
314 3  
92  
337 2  
258 4  
380 3  
199  
291 1 2 4  
393  
193 1 3  
144 2 3 4  
223 1 3 4  
110  
76 4  
214 1 3  
397  
319 1  
303 4  
188 2 3 4  
335 2 3  
349  
172 4  
356 2 3  
284 2 4  
165  
99 1  
311 1  
241 2  
168 3 4  
97 2  
21  
360 1  
256  
376 2 4  
184 3  
130 1 2 4  
353 1 2 3  
221 1 2 4  
304  
361  
352  
252 1 4  
100 2  
65 1 3 4  
366 1 2 4  
270 3  
17 1 3 4  
201 2 3  
218  
381 1 3 4  
216  
136 2  
279 1 2 3  
117 1 3 4  
85 1 3 4  
264 2 3 4  
322 1 2 3  
2 2 3 4  
86 2 3 4  
181 1 2 3  
346 1 3 4  
238 2 3 4  
309 1 4  
347 2  
228 1 3  
174 1 2  
209 1  
294 1 3  
94 1 3 4  
213 1 2 3  
19 1 2 3  
139  
367  
101 1  
198  
108 3  
69  
280 1 3 4  
190  
378 3  
55 1 2 4  
219 2  
160 2 3  
296  
391 2 3  
389  
64 2 4  
317 4  
275 2 3 4  
33 1 3 4  
292 2 4  
143 3  
231 2 3 4  
157 4  
29 1 4  
262 2 4  
345 1 4  
320 1 3 4  
50  
341 3  
338 1 3 4  
88 2 3 4  
90 2 3  
194 2 3 4  
313 1  
75 1 3  
386 1 2 4  
189 3  
396  
169 1 2  
140 3  
343 3 4  
145 2  
254 3  
35 1 2 4  
96 2  
4 1 2 3  
388 4  
323 3 4  
191 1 3  
285 1  
133 4  
152  
177 1 3  
230 1 2 3  
116  
217 2  
59 1 2 4  
321  
61  
208  
15  
111 2 3 4  
334 1 2 3  
354 4  
66 2 3 4  
128 1 4  
71 2 4  
12 2  
49 1 2 4  
24 2 3 4  
374  
48 3 4  
31 1  
123 1 4  
240 1 2 4  
37 2  
295 2 4  
54 2  
385 1 2 4  
20 2 4  
331 1 2  
274 3  
82  
211 2  
363 1  
348 1  
137 1 2 3  
266 1  
131 4  
146 1 4  
260 3 4  
3 1 3  
192 4  
210 4  
206  
115 2 4  
373 1  
382 1 2 4  
47  
207 4  
154 1 3  
6 3 4  
300 1 2 4  
271  
70  
27 1  
398 3 4  
197 3  
261 3  
40 2 3  
105  
179 1  
333 1 2 3  
359  
153 1 2 3  
173 1 2 4  
263 1 2  
18  
330  
87 1 3  
26 2 4  
328 2 4  
316 3  
286 2 3  
106  
305 3  
44  
161 2  
237 1 2  
318 1 3 4  
141 3  
371  
308 2 3  
121  
95 1 2 3  
34  
307  
122 1 3 4  
239  
132 2  
383 4  
225 1 2 4  
78  
102  
202 4  
72 2 3 4  
358 2 3  
327  
7 1 2 4  
369 1 2 4  
350  
74 3  
120  
268 1 3  
242 1  
63 2 3  
1 1 2  
127 1  
372 1 4  
56 2  
52 1  
281 1 3  
224 1 2 3  
60 2  
58 3 4  
339 1  
355 1 3  
325  
73 3  
326  
32 1 2 3  
234 2  
98  
289  
114 1 2 3  
118  
166  
259 1 3 4  
249 4  
251 3  
195 2  
45  
272 2 4  
170  
297 2  
362 2  
67 1 3  
62 1  
57 2 3 4  
171 2 4  
148 1 2 3  
282 1 2 4  
312 2  
377  
81 1 4  
10 2 3 4  
91 1 2 4  
392 1 3  
302  
178 4  
43 1 2 3  
288 1 3 4  
324  
277 4  
306 1  
158 1 2  
93 1 3 4  
387  
124 3 4  
203 4  
183 2  
364 1 2 4  
248 3  
395  
399 3  
187  
163 1 2 4  
283  
232 4  
109 1 2 4  
25 1 2 4  
150  
257 1 3 4  
83 3  
176  
390  
269 2 4  
200  
164 1 2  
204 1 3  
167 2 3 4  
205  
147  
278 2 4  
301 1  
227 1 2 3  
384 1 3  
276 2 4  
186 1  
155 1 3 4  
104 1 2 3  
315 1  
30 2 3 4  
351 2 3  
222 2  
42 1 2  
113 4  
247 1 2 3  
84 4  
253 1 2 4  
244  
226  
68 1 4  
126 2 3  
22  
149 4  
287  
103 3 4  
245 2 3  
80 1 2 3  
129 1 3  
229 1 2 3  
368 2 3  
9  
142 4  
233 3  
46 1  
267 1 3  
8 1 2  
125 3 4  
180 3 4  
394  
220  
28 2 3 4  
370 1 2 3  
38 4  
23  
156 2 3 4  
265  
11  
246 1 2 4  
365 3  
298  
14 3 4  
273 1 2  
293  
290 4  
235  
342 4  
310 2  
159 2  
357  
212 1  
5  
SIZE OF PROGRAMS (pID SIZE):
1 82.0 
2 57.0 
3 96.0 
4 77.0 
COST_INSTALL_SERVER_AND_PROGRAMS :
0 1650.0 1.7083333333333333 1.1875 2.0 1.6041666666666667  
13 18.942637210046236 2.5625 1.78125 3.0 2.40625  
299 9.574165084640345 1.7083333333333333 1.1875 2.0 1.6041666666666667  
107 5.324149218147983 1.7083333333333333 1.1875 2.0 1.6041666666666667  
134 1.549731060592805 1.7083333333333333 1.1875 2.0 1.6041666666666667  
340 0.2962640490979 1.7083333333333333 1.1875 2.0 1.6041666666666667  
185 1.8395895089250531 2.5625 1.78125 3.0 2.40625  
196 1.8079207739247787 1.7083333333333333 1.1875 2.0 1.6041666666666667  
243 3.4935374149659877 1.7083333333333333 1.1875 2.0 1.6041666666666667  
332 16.925646997929604 1.7083333333333333 1.1875 2.0 1.6041666666666667  
119 6.535872510838566 1.7083333333333333 1.1875 2.0 1.6041666666666667  
379 0.0928571428571428 1.7083333333333333 1.1875 2.0 1.6041666666666667  
16 34.50599723197793 2.5625 1.78125 3.0 2.40625  
215 4.963552631578947 2.5625 1.78125 3.0 2.40625  
135 86.0 2.5625 1.78125 3.0 2.40625  
79 45.0 1.7083333333333333 1.1875 2.0 1.6041666666666667  
182 79.0 2.5625 1.78125 3.0 2.40625  
329 1.7774882427887542 1.7083333333333333 1.1875 2.0 1.6041666666666667  
112 12.101021157545027 1.7083333333333333 1.1875 2.0 1.6041666666666667  
89 24.933740011712555 2.5625 1.78125 3.0 2.40625  
36 2.5671561656078183 2.5625 1.78125 3.0 2.40625  
236 0.5836539209261463 1.7083333333333333 1.1875 2.0 1.6041666666666667  
51 4.609627694769983 2.5625 1.78125 3.0 2.40625  
77 10.0 1.7083333333333333 1.1875 2.0 1.6041666666666667  
175 35.7185402792696 2.5625 1.78125 3.0 2.40625  
53 60.454892678739874 1.7083333333333333 1.1875 2.0 1.6041666666666667  
250 4.436661631270796 1.7083333333333333 1.1875 2.0 1.6041666666666667  
375 5.063915094339621 2.5625 1.78125 3.0 2.40625  
138 31.24664578111946 2.5625 1.78125 3.0 2.40625  
344 5.924592391304347 2.5625 1.78125 3.0 2.40625  
41 15.53124658134603 2.5625 1.78125 3.0 2.40625  
151 15.404345387277719 1.7083333333333333 1.1875 2.0 1.6041666666666667  
39 2.827417845142753 1.7083333333333333 1.1875 2.0 1.6041666666666667  
162 30.007994824724147 2.5625 1.78125 3.0 2.40625  
255 1.4239872230943664 1.7083333333333333 1.1875 2.0 1.6041666666666667  
336 56.0 2.5625 1.78125 3.0 2.40625  
314 7.83610248447205 1.7083333333333333 1.1875 2.0 1.6041666666666667  
92 30.0 2.5625 1.78125 3.0 2.40625  
337 0.2969487577639751 1.7083333333333333 1.1875 2.0 1.6041666666666667  
258 1.2431242368742366 2.5625 1.78125 3.0 2.40625  
380 0.6592857142857143 2.5625 1.78125 3.0 2.40625  
199 1.4445457739247787 2.5625 1.78125 3.0 2.40625  
291 7.417143464185403 2.5625 1.78125 3.0 2.40625  
393 37.0 2.5625 1.78125 3.0 2.40625  
193 13.449918224861019 1.7083333333333333 1.1875 2.0 1.6041666666666667  
144 9.704345934280145 1.7083333333333333 1.1875 2.0 1.6041666666666667  
223 7.2947987907622185 2.5625 1.78125 3.0 2.40625  
110 27.721938425683074 2.5625 1.78125 3.0 2.40625  
76 10.944964757046211 2.5625 1.78125 3.0 2.40625  
214 1.278363819756109 1.7083333333333333 1.1875 2.0 1.6041666666666667  
397 62.0 1.7083333333333333 1.1875 2.0 1.6041666666666667  
319 5.278370066119014 1.7083333333333333 1.1875 2.0 1.6041666666666667  
303 0.49846106412308117 2.5625 1.78125 3.0 2.40625  
188 28.35031361394277 1.7083333333333333 1.1875 2.0 1.6041666666666667  
335 6.110892857142856 1.7083333333333333 1.1875 2.0 1.6041666666666667  
349 36.0 1.7083333333333333 1.1875 2.0 1.6041666666666667  
172 1.1139417887037855 2.5625 1.78125 3.0 2.40625  
356 10.276478478418131 1.7083333333333333 1.1875 2.0 1.6041666666666667  
284 5.246678774280654 2.5625 1.78125 3.0 2.40625  
165 101.0 1.7083333333333333 1.1875 2.0 1.6041666666666667  
99 1.4279696735978504 2.5625 1.78125 3.0 2.40625  
311 0.6267493702286407 1.7083333333333333 1.1875 2.0 1.6041666666666667  
241 1.1427530601823055 1.7083333333333333 1.1875 2.0 1.6041666666666667  
168 41.00731685862245 2.5625 1.78125 3.0 2.40625  
97 6.823766597576179 1.7083333333333333 1.1875 2.0 1.6041666666666667  
21 63.0 1.7083333333333333 1.1875 2.0 1.6041666666666667  
360 3.3790669856459337 1.7083333333333333 1.1875 2.0 1.6041666666666667  
256 36.0 2.5625 1.78125 3.0 2.40625  
376 10.973094782986568 1.7083333333333333 1.1875 2.0 1.6041666666666667  
184 13.178848907984243 2.5625 1.78125 3.0 2.40625  
130 13.131334288101204 1.7083333333333333 1.1875 2.0 1.6041666666666667  
353 7.225156739811913 2.5625 1.78125 3.0 2.40625  
221 3.0236842105263153 2.5625 1.78125 3.0 2.40625  
304 41.0 2.5625 1.78125 3.0 2.40625  
361 1.335974025974026 1.7083333333333333 1.1875 2.0 1.6041666666666667  
352 15.368181818181814 1.7083333333333333 1.1875 2.0 1.6041666666666667  
252 7.343351612012326 2.5625 1.78125 3.0 2.40625  
100 0.985683357570816 1.7083333333333333 1.1875 2.0 1.6041666666666667  
65 6.563166132385226 2.5625 1.78125 3.0 2.40625  
366 8.51811697194734 2.5625 1.78125 3.0 2.40625  
270 0.8200095458274295 2.5625 1.78125 3.0 2.40625  
17 4.652552341929005 2.5625 1.78125 3.0 2.40625  
201 1.8632428078230838 1.7083333333333333 1.1875 2.0 1.6041666666666667  
218 1.0645833333333332 2.5625 1.78125 3.0 2.40625  
381 10.708482142857141 1.7083333333333333 1.1875 2.0 1.6041666666666667  
216 0.7645833333333332 2.5625 1.78125 3.0 2.40625  
136 2.879044635398019 2.5625 1.78125 3.0 2.40625  
279 2.271485569393691 1.7083333333333333 1.1875 2.0 1.6041666666666667  
117 4.350815666887456 2.5625 1.78125 3.0 2.40625  
85 16.13070984743452 2.5625 1.78125 3.0 2.40625  
264 4.7934200495521235 1.7083333333333333 1.1875 2.0 1.6041666666666667  
322 1.2981512983148027 2.5625 1.78125 3.0 2.40625  
2 0.8192063492063492 1.7083333333333333 1.1875 2.0 1.6041666666666667  
86 15.277194889075268 1.7083333333333333 1.1875 2.0 1.6041666666666667  
181 19.195452918009305 1.7083333333333333 1.1875 2.0 1.6041666666666667  
346 5.964153561517112 1.7083333333333333 1.1875 2.0 1.6041666666666667  
238 2.6388888888888884 1.7083333333333333 1.1875 2.0 1.6041666666666667  
309 8.633071265119321 1.7083333333333333 1.1875 2.0 1.6041666666666667  
347 2.1399350649350657 2.5625 1.78125 3.0 2.40625  
228 16.0696745314107 2.5625 1.78125 3.0 2.40625  
174 9.181110456506257 1.7083333333333333 1.1875 2.0 1.6041666666666667  
209 11.354101412066752 1.7083333333333333 1.1875 2.0 1.6041666666666667  
294 1.8232201453830208 2.5625 1.78125 3.0 2.40625  
94 16.90953400488575 1.7083333333333333 1.1875 2.0 1.6041666666666667  
213 7.687350542862324 1.7083333333333333 1.1875 2.0 1.6041666666666667  
19 3.9532874257661583 2.5625 1.78125 3.0 2.40625  
139 13.136148081700684 1.7083333333333333 1.1875 2.0 1.6041666666666667  
367 41.0 2.5625 1.78125 3.0 2.40625  
101 5.966422085326614 1.7083333333333333 1.1875 2.0 1.6041666666666667  
198 89.0 1.7083333333333333 1.1875 2.0 1.6041666666666667  
108 6.2991492181479805 1.7083333333333333 1.1875 2.0 1.6041666666666667  
69 87.0 2.5625 1.78125 3.0 2.40625  
280 2.33763470430308 1.7083333333333333 1.1875 2.0 1.6041666666666667  
190 1.7876877148011507 1.7083333333333333 1.1875 2.0 1.6041666666666667  
378 1.4629425649095196 2.5625 1.78125 3.0 2.40625  
55 47.99485392480495 1.7083333333333333 1.1875 2.0 1.6041666666666667  
219 0.3634722222222222 1.7083333333333333 1.1875 2.0 1.6041666666666667  
160 14.911499582289059 2.5625 1.78125 3.0 2.40625  
296 51.0 2.5625 1.78125 3.0 2.40625  
391 6.838154761904762 1.7083333333333333 1.1875 2.0 1.6041666666666667  
389 14.0 2.5625 1.78125 3.0 2.40625  
64 40.86309315925471 2.5625 1.78125 3.0 2.40625  
317 2.628597725906632 1.7083333333333333 1.1875 2.0 1.6041666666666667  
275 7.801668197950458 1.7083333333333333 1.1875 2.0 1.6041666666666667  
33 27.240584939930873 1.7083333333333333 1.1875 2.0 1.6041666666666667  
292 1.745566549149955 1.7083333333333333 1.1875 2.0 1.6041666666666667  
143 1.719632781587669 1.7083333333333333 1.1875 2.0 1.6041666666666667  
231 10.79571105043897 1.7083333333333333 1.1875 2.0 1.6041666666666667  
157 5.795873877957304 1.7083333333333333 1.1875 2.0 1.6041666666666667  
29 16.741482884162462 2.5625 1.78125 3.0 2.40625  
262 0.4950505050505049 1.7083333333333333 1.1875 2.0 1.6041666666666667  
345 1.473894655116051 2.5625 1.78125 3.0 2.40625  
320 1.7903920807453417 2.5625 1.78125 3.0 2.40625  
50 6.2897596699845755 1.7083333333333333 1.1875 2.0 1.6041666666666667  
341 4.225 2.5625 1.78125 3.0 2.40625  
338 2.273519021739131 2.5625 1.78125 3.0 2.40625  
88 4.09531943091394 2.5625 1.78125 3.0 2.40625  
90 2.778033196800907 2.5625 1.78125 3.0 2.40625  
194 7.539461007059692 2.5625 1.78125 3.0 2.40625  
313 0.6736380143502569 2.5625 1.78125 3.0 2.40625  
75 4.444004421090257 2.5625 1.78125 3.0 2.40625  
386 1.4846218487394958 1.7083333333333333 1.1875 2.0 1.6041666666666667  
189 5.2663629477131995 2.5625 1.78125 3.0 2.40625  
396 28.0 1.7083333333333333 1.1875 2.0 1.6041666666666667  
169 19.210095627783065 1.7083333333333333 1.1875 2.0 1.6041666666666667  
140 3.486681945979511 1.7083333333333333 1.1875 2.0 1.6041666666666667  
343 5.375194099378882 2.5625 1.78125 3.0 2.40625  
145 0.8332938688295832 1.7083333333333333 1.1875 2.0 1.6041666666666667  
254 0.49245787120351575 2.5625 1.78125 3.0 2.40625  
35 5.301468496823457 2.5625 1.78125 3.0 2.40625  
96 7.299051760526436 2.5625 1.78125 3.0 2.40625  
4 2.1112163159837585 2.5625 1.78125 3.0 2.40625  
388 3.8757789694825298 2.5625 1.78125 3.0 2.40625  
323 1.1753406195254024 1.7083333333333333 1.1875 2.0 1.6041666666666667  
191 2.1832432703567064 1.7083333333333333 1.1875 2.0 1.6041666666666667  
285 13.462931351102105 1.7083333333333333 1.1875 2.0 1.6041666666666667  
133 20.38807515686133 1.7083333333333333 1.1875 2.0 1.6041666666666667  
152 42.0 2.5625 1.78125 3.0 2.40625  
177 3.0915364601981143 1.7083333333333333 1.1875 2.0 1.6041666666666667  
230 28.882585875320043 2.5625 1.78125 3.0 2.40625  
116 19.66479262015157 1.7083333333333333 1.1875 2.0 1.6041666666666667  
217 0.30080555555555555 1.7083333333333333 1.1875 2.0 1.6041666666666667  
59 44.52004952819518 1.7083333333333333 1.1875 2.0 1.6041666666666667  
321 1.519689440993789 1.7083333333333333 1.1875 2.0 1.6041666666666667  
61 70.0 1.7083333333333333 1.1875 2.0 1.6041666666666667  
208 103.0 1.7083333333333333 1.1875 2.0 1.6041666666666667  
15 12.0 1.7083333333333333 1.1875 2.0 1.6041666666666667  
111 12.962992745417012 2.5625 1.78125 3.0 2.40625  
334 4.827717391304348 1.7083333333333333 1.1875 2.0 1.6041666666666667  
354 2.697653424162045 1.7083333333333333 1.1875 2.0 1.6041666666666667  
66 54.64069233846129 1.7083333333333333 1.1875 2.0 1.6041666666666667  
128 5.842397660818714 1.7083333333333333 1.1875 2.0 1.6041666666666667  
71 6.191172620216105 2.5625 1.78125 3.0 2.40625  
12 1.2215465781206003 2.5625 1.78125 3.0 2.40625  
49 5.927796426339877 1.7083333333333333 1.1875 2.0 1.6041666666666667  
24 3.941760282242278 1.7083333333333333 1.1875 2.0 1.6041666666666667  
374 106.0 2.5625 1.78125 3.0 2.40625  
48 66.33635354241842 2.5625 1.78125 3.0 2.40625  
31 1.035579510991618 2.5625 1.78125 3.0 2.40625  
123 16.273264691186203 2.5625 1.78125 3.0 2.40625  
240 4.001346153846154 2.5625 1.78125 3.0 2.40625  
37 12.45834205079717 1.7083333333333333 1.1875 2.0 1.6041666666666667  
295 4.743602867473181 2.5625 1.78125 3.0 2.40625  
54 8.652820532180996 1.7083333333333333 1.1875 2.0 1.6041666666666667  
385 7.622173775170443 2.5625 1.78125 3.0 2.40625  
20 22.32470328079855 2.5625 1.78125 3.0 2.40625  
331 1.5696894409937892 1.7083333333333333 1.1875 2.0 1.6041666666666667  
274 0.8488054868453458 2.5625 1.78125 3.0 2.40625  
82 35.30404534376956 2.5625 1.78125 3.0 2.40625  
211 0.5952606281114962 1.7083333333333333 1.1875 2.0 1.6041666666666667  
363 0.8536038961038961 1.7083333333333333 1.1875 2.0 1.6041666666666667  
348 11.434090909090905 2.5625 1.78125 3.0 2.40625  
137 20.47736603413295 1.7083333333333333 1.1875 2.0 1.6041666666666667  
266 1.4597005742411824 2.5625 1.78125 3.0 2.40625  
131 8.523646616541354 1.7083333333333333 1.1875 2.0 1.6041666666666667  
146 31.527401718582166 2.5625 1.78125 3.0 2.40625  
260 5.128023589065257 2.5625 1.78125 3.0 2.40625  
3 6.098938722775934 2.5625 1.78125 3.0 2.40625  
192 12.927182812102721 1.7083333333333333 1.1875 2.0 1.6041666666666667  
210 4.575111193977932 1.7083333333333333 1.1875 2.0 1.6041666666666667  
206 101.0 2.5625 1.78125 3.0 2.40625  
115 3.254697654465097 1.7083333333333333 1.1875 2.0 1.6041666666666667  
373 0.8055106319257261 1.7083333333333333 1.1875 2.0 1.6041666666666667  
382 3.6884482758620694 1.7083333333333333 1.1875 2.0 1.6041666666666667  
47 21.007117847472806 1.7083333333333333 1.1875 2.0 1.6041666666666667  
207 0.43365777520320714 1.7083333333333333 1.1875 2.0 1.6041666666666667  
154 15.483482206502076 2.5625 1.78125 3.0 2.40625  
6 3.6849406561597116 2.5625 1.78125 3.0 2.40625  
300 12.035929790522697 2.5625 1.78125 3.0 2.40625  
271 73.0 2.5625 1.78125 3.0 2.40625  
70 60.0 2.5625 1.78125 3.0 2.40625  
27 1.1429460780714353 2.5625 1.78125 3.0 2.40625  
398 0.2757844129554656 1.7083333333333333 1.1875 2.0 1.6041666666666667  
197 7.782561158863373 1.7083333333333333 1.1875 2.0 1.6041666666666667  
261 0.2805749805749806 2.5625 1.78125 3.0 2.40625  
40 7.593916529335971 2.5625 1.78125 3.0 2.40625  
105 98.0 2.5625 1.78125 3.0 2.40625  
179 38.737111389811105 2.5625 1.78125 3.0 2.40625  
333 8.07295548654244 1.7083333333333333 1.1875 2.0 1.6041666666666667  
359 55.0 2.5625 1.78125 3.0 2.40625  
153 20.22962272032282 2.5625 1.78125 3.0 2.40625  
173 2.681681716397531 2.5625 1.78125 3.0 2.40625  
263 2.336069725028058 2.5625 1.78125 3.0 2.40625  
18 74.0 2.5625 1.78125 3.0 2.40625  
330 88.0 2.5625 1.78125 3.0 2.40625  
87 3.4138499438015546 1.7083333333333333 1.1875 2.0 1.6041666666666667  
26 9.989920418716995 1.7083333333333333 1.1875 2.0 1.6041666666666667  
328 16.856552795031057 2.5625 1.78125 3.0 2.40625  
316 1.0246102519418676 1.7083333333333333 1.1875 2.0 1.6041666666666667  
286 14.650013102725364 1.7083333333333333 1.1875 2.0 1.6041666666666667  
106 4.33531943091394 2.5625 1.78125 3.0 2.40625  
305 2.524720143484445 2.5625 1.78125 3.0 2.40625  
44 41.0722626333275 1.7083333333333333 1.1875 2.0 1.6041666666666667  
161 15.45974459959422 1.7083333333333333 1.1875 2.0 1.6041666666666667  
237 2.4262016318652884 2.5625 1.78125 3.0 2.40625  
318 27.629666036060023 1.7083333333333333 1.1875 2.0 1.6041666666666667  
141 29.38389491917625 1.7083333333333333 1.1875 2.0 1.6041666666666667  
371 6.38547619047619 1.7083333333333333 1.1875 2.0 1.6041666666666667  
308 2.973447204968945 2.5625 1.78125 3.0 2.40625  
121 77.0 1.7083333333333333 1.1875 2.0 1.6041666666666667  
95 16.354526894833306 1.7083333333333333 1.1875 2.0 1.6041666666666667  
34 89.0 1.7083333333333333 1.1875 2.0 1.6041666666666667  
307 68.0 1.7083333333333333 1.1875 2.0 1.6041666666666667  
122 22.228931223610193 1.7083333333333333 1.1875 2.0 1.6041666666666667  
239 8.351483516483516 1.7083333333333333 1.1875 2.0 1.6041666666666667  
132 17.625919116728696 1.7083333333333333 1.1875 2.0 1.6041666666666667  
383 4.93235294117647 1.7083333333333333 1.1875 2.0 1.6041666666666667  
225 5.078028864534218 2.5625 1.78125 3.0 2.40625  
78 88.0 1.7083333333333333 1.1875 2.0 1.6041666666666667  
102 28.165093159254724 1.7083333333333333 1.1875 2.0 1.6041666666666667  
202 0.554627494791636 2.5625 1.78125 3.0 2.40625  
72 6.62513488436705 2.5625 1.78125 3.0 2.40625  
358 11.381773271985535 1.7083333333333333 1.1875 2.0 1.6041666666666667  
327 96.0 2.5625 1.78125 3.0 2.40625  
7 41.38757911298456 1.7083333333333333 1.1875 2.0 1.6041666666666667  
369 1.5482030548068284 1.7083333333333333 1.1875 2.0 1.6041666666666667  
350 5.399431818181819 1.7083333333333333 1.1875 2.0 1.6041666666666667  
74 20.507579943336875 1.7083333333333333 1.1875 2.0 1.6041666666666667  
120 41.0 1.7083333333333333 1.1875 2.0 1.6041666666666667  
268 8.125155119695727 2.5625 1.78125 3.0 2.40625  
242 4.650534376524942 2.5625 1.78125 3.0 2.40625  
63 14.587754211109168 2.5625 1.78125 3.0 2.40625  
1 0.7944444444444443 1.7083333333333333 1.1875 2.0 1.6041666666666667  
127 1.0510233918128642 2.5625 1.78125 3.0 2.40625  
372 7.594248120300752 1.7083333333333333 1.1875 2.0 1.6041666666666667  
56 44.83596814239637 2.5625 1.78125 3.0 2.40625  
52 14.116876017359491 1.7083333333333333 1.1875 2.0 1.6041666666666667  
281 5.766415407749196 1.7083333333333333 1.1875 2.0 1.6041666666666667  
224 1.9462517409161035 1.7083333333333333 1.1875 2.0 1.6041666666666667  
60 7.1390886919872925 2.5625 1.78125 3.0 2.40625  
58 4.870088610686459 2.5625 1.78125 3.0 2.40625  
339 0.6253985507246375 2.5625 1.78125 3.0 2.40625  
355 2.189964432119605 1.7083333333333333 1.1875 2.0 1.6041666666666667  
325 79.0 2.5625 1.78125 3.0 2.40625  
73 2.372067311988977 1.7083333333333333 1.1875 2.0 1.6041666666666667  
326 66.0 2.5625 1.78125 3.0 2.40625  
32 2.958958093478443 2.5625 1.78125 3.0 2.40625  
234 2.4377226111520507 2.5625 1.78125 3.0 2.40625  
98 36.0 1.7083333333333333 1.1875 2.0 1.6041666666666667  
289 11.563400536573818 1.7083333333333333 1.1875 2.0 1.6041666666666667  
114 10.432272056109268 2.5625 1.78125 3.0 2.40625  
118 0.9136105545275162 2.5625 1.78125 3.0 2.40625  
166 102.0 2.5625 1.78125 3.0 2.40625  
259 9.859390262515266 1.7083333333333333 1.1875 2.0 1.6041666666666667  
249 0.7482290394790394 1.7083333333333333 1.1875 2.0 1.6041666666666667  
251 0.9078646578433784 1.7083333333333333 1.1875 2.0 1.6041666666666667  
195 9.9507259334233 1.7083333333333333 1.1875 2.0 1.6041666666666667  
45 46.6563535424184 2.5625 1.78125 3.0 2.40625  
272 9.68897864910749 1.7083333333333333 1.1875 2.0 1.6041666666666667  
170 23.413086883876357 2.5625 1.78125 3.0 2.40625  
297 2.3349191475690723 1.7083333333333333 1.1875 2.0 1.6041666666666667  
362 5.19457647027769 1.7083333333333333 1.1875 2.0 1.6041666666666667  
67 23.220870152049763 2.5625 1.78125 3.0 2.40625  
62 1.526471862705951 2.5625 1.78125 3.0 2.40625  
57 35.482252022083706 2.5625 1.78125 3.0 2.40625  
171 1.83884566692174 1.7083333333333333 1.1875 2.0 1.6041666666666667  
148 34.92863655885261 1.7083333333333333 1.1875 2.0 1.6041666666666667  
282 1.5345871736717656 1.7083333333333333 1.1875 2.0 1.6041666666666667  
312 3.990570039228507 1.7083333333333333 1.1875 2.0 1.6041666666666667  
377 60.0 2.5625 1.78125 3.0 2.40625  
81 14.514404099166743 1.7083333333333333 1.1875 2.0 1.6041666666666667  
10 35.24216857839178 2.5625 1.78125 3.0 2.40625  
91 3.824777794725187 2.5625 1.78125 3.0 2.40625  
392 10.08486252395695 1.7083333333333333 1.1875 2.0 1.6041666666666667  
302 2.1352108291829315 2.5625 1.78125 3.0 2.40625  
178 34.79620229890201 2.5625 1.78125 3.0 2.40625  
43 11.35075421110917 1.7083333333333333 1.1875 2.0 1.6041666666666667  
288 9.710711749388462 1.7083333333333333 1.1875 2.0 1.6041666666666667  
324 60.0 1.7083333333333333 1.1875 2.0 1.6041666666666667  
277 3.2766398306972184 2.5625 1.78125 3.0 2.40625  
306 0.13226727982162764 2.5625 1.78125 3.0 2.40625  
158 5.843498710593082 2.5625 1.78125 3.0 2.40625  
93 14.874751396190096 1.7083333333333333 1.1875 2.0 1.6041666666666667  
387 2.6599894957983192 2.5625 1.78125 3.0 2.40625  
124 2.313511651919655 1.7083333333333333 1.1875 2.0 1.6041666666666667  
203 10.404688508478554 2.5625 1.78125 3.0 2.40625  
183 2.3829920038190724 1.7083333333333333 1.1875 2.0 1.6041666666666667  
364 14.576831852358167 1.7083333333333333 1.1875 2.0 1.6041666666666667  
248 4.94199776964658 2.5625 1.78125 3.0 2.40625  
395 84.0 2.5625 1.78125 3.0 2.40625  
399 33.0 2.5625 1.78125 3.0 2.40625  
187 27.0 2.5625 1.78125 3.0 2.40625  
163 24.328304308473477 2.5625 1.78125 3.0 2.40625  
283 2.0762538403384325 2.5625 1.78125 3.0 2.40625  
232 2.7352813674513046 1.7083333333333333 1.1875 2.0 1.6041666666666667  
109 16.66332310551242 1.7083333333333333 1.1875 2.0 1.6041666666666667  
25 21.869753494817257 2.5625 1.78125 3.0 2.40625  
150 7.325553914548276 1.7083333333333333 1.1875 2.0 1.6041666666666667  
257 1.5589078580150013 1.7083333333333333 1.1875 2.0 1.6041666666666667  
83 3.185893569807263 2.5625 1.78125 3.0 2.40625  
176 11.239969397700602 2.5625 1.78125 3.0 2.40625  
390 4.996488095238095 1.7083333333333333 1.1875 2.0 1.6041666666666667  
269 4.11996077883014 2.5625 1.78125 3.0 2.40625  
200 33.0 2.5625 1.78125 3.0 2.40625  
164 2.343050669742399 1.7083333333333333 1.1875 2.0 1.6041666666666667  
204 12.779492740040984 2.5625 1.78125 3.0 2.40625  
167 27.041246445595235 2.5625 1.78125 3.0 2.40625  
205 53.0 1.7083333333333333 1.1875 2.0 1.6041666666666667  
147 11.24088670397199 2.5625 1.78125 3.0 2.40625  
278 4.723119830501123 1.7083333333333333 1.1875 2.0 1.6041666666666667  
301 0.4205589639390831 2.5625 1.78125 3.0 2.40625  
227 14.204214375177799 1.7083333333333333 1.1875 2.0 1.6041666666666667  
384 0.9683010940225145 2.5625 1.78125 3.0 2.40625  
276 6.059618088340843 1.7083333333333333 1.1875 2.0 1.6041666666666667  
186 11.80730934479055 1.7083333333333333 1.1875 2.0 1.6041666666666667  
155 2.79417857008798 2.5625 1.78125 3.0 2.40625  
104 13.25662467497879 2.5625 1.78125 3.0 2.40625  
315 1.8629727259066322 2.5625 1.78125 3.0 2.40625  
30 3.653489043256486 1.7083333333333333 1.1875 2.0 1.6041666666666667  
351 1.5293560606060606 1.7083333333333333 1.1875 2.0 1.6041666666666667  
222 6.11063782337199 2.5625 1.78125 3.0 2.40625  
42 8.95075421110917 1.7083333333333333 1.1875 2.0 1.6041666666666667  
113 0.9454355798486948 1.7083333333333333 1.1875 2.0 1.6041666666666667  
247 2.538128670271528 1.7083333333333333 1.1875 2.0 1.6041666666666667  
84 1.5784155387774135 2.5625 1.78125 3.0 2.40625  
253 5.876587301587303 2.5625 1.78125 3.0 2.40625  
244 16.330612244897964 1.7083333333333333 1.1875 2.0 1.6041666666666667  
226 1.9494143036069893 1.7083333333333333 1.1875 2.0 1.6041666666666667  
68 34.20343097357995 2.5625 1.78125 3.0 2.40625  
126 10.066652426678548 2.5625 1.78125 3.0 2.40625  
22 71.0 1.7083333333333333 1.1875 2.0 1.6041666666666667  
149 5.206057852965746 2.5625 1.78125 3.0 2.40625  
287 2.621567505720824 2.5625 1.78125 3.0 2.40625  
103 30.74342649258805 2.5625 1.78125 3.0 2.40625  
245 5.061293547722119 1.7083333333333333 1.1875 2.0 1.6041666666666667  
80 41.6399224275474 1.7083333333333333 1.1875 2.0 1.6041666666666667  
129 10.36149958228906 2.5625 1.78125 3.0 2.40625  
229 3.3282431690282213 1.7083333333333333 1.1875 2.0 1.6041666666666667  
368 4.7976190476190474 1.7083333333333333 1.1875 2.0 1.6041666666666667  
9 103.0 2.5625 1.78125 3.0 2.40625  
142 1.8458757794244063 1.7083333333333333 1.1875 2.0 1.6041666666666667  
233 0.9173264198632172 1.7083333333333333 1.1875 2.0 1.6041666666666667  
46 31.545196412454658 1.7083333333333333 1.1875 2.0 1.6041666666666667  
267 11.93427921545231 1.7083333333333333 1.1875 2.0 1.6041666666666667  
8 17.61001446495526 1.7083333333333333 1.1875 2.0 1.6041666666666667  
125 11.633017202358982 2.5625 1.78125 3.0 2.40625  
180 3.715618270896467 1.7083333333333333 1.1875 2.0 1.6041666666666667  
394 37.0 1.7083333333333333 1.1875 2.0 1.6041666666666667  
220 57.0 1.7083333333333333 1.1875 2.0 1.6041666666666667  
28 28.520488192710157 2.5625 1.78125 3.0 2.40625  
370 19.78382749326145 1.7083333333333333 1.1875 2.0 1.6041666666666667  
38 5.9318921764010515 2.5625 1.78125 3.0 2.40625  
23 105.0 2.5625 1.78125 3.0 2.40625  
156 8.488871150986213 1.7083333333333333 1.1875 2.0 1.6041666666666667  
265 40.0 2.5625 1.78125 3.0 2.40625  
11 30.372977555994126 2.5625 1.78125 3.0 2.40625  
246 19.380080330004347 2.5625 1.78125 3.0 2.40625  
365 12.347251585623676 1.7083333333333333 1.1875 2.0 1.6041666666666667  
298 38.0 2.5625 1.78125 3.0 2.40625  
14 17.410441114993088 2.5625 1.78125 3.0 2.40625  
273 2.169938586964356 2.5625 1.78125 3.0 2.40625  
293 28.0 2.5625 1.78125 3.0 2.40625  
290 1.7191838469101155 2.5625 1.78125 3.0 2.40625  
235 2.132211987095339 2.5625 1.78125 3.0 2.40625  
342 0.36461568322981375 2.5625 1.78125 3.0 2.40625  
310 0.369805900621118 1.7083333333333333 1.1875 2.0 1.6041666666666667  
159 0.6669818923693509 2.5625 1.78125 3.0 2.40625  
357 1.036524877149877 2.5625 1.78125 3.0 2.40625  
212 0.42668372319688114 2.5625 1.78125 3.0 2.40625  
5 27.031401389308368 1.7083333333333333 1.1875 2.0 1.6041666666666667  
