300 8
TREE NETWORK (nID nID Weight):
1 0 47.0 
62 0 32.0 
251 0 39.0 
63 62 36.0 
115 62 31.0 
158 62 42.0 
116 115 52.0 
2 1 55.0 
265 0 37.0 
64 63 50.0 
117 116 38.0 
65 64 47.0 
42 1 30.0 
159 158 30.0 
190 62 57.0 
118 117 58.0 
3 2 52.0 
119 118 59.0 
266 265 50.0 
44 1 32.0 
285 0 33.0 
77 63 32.0 
68 64 34.0 
191 190 58.0 
85 63 48.0 
213 190 38.0 
252 251 31.0 
160 158 35.0 
4 3 53.0 
96 63 36.0 
5 4 41.0 
45 44 42.0 
236 62 54.0 
86 85 36.0 
237 236 30.0 
286 285 45.0 
35 2 43.0 
38 2 59.0 
103 63 46.0 
147 115 39.0 
273 265 57.0 
192 191 53.0 
143 116 35.0 
8 4 38.0 
193 192 47.0 
46 45 38.0 
163 158 32.0 
104 103 41.0 
130 117 45.0 
287 286 52.0 
39 38 59.0 
288 287 47.0 
164 163 46.0 
10 4 58.0 
110 103 31.0 
148 147 46.0 
242 62 35.0 
55 1 51.0 
214 213 40.0 
134 117 47.0 
72 64 56.0 
208 191 37.0 
150 147 34.0 
56 55 39.0 
274 265 54.0 
14 4 40.0 
209 208 32.0 
97 96 53.0 
210 191 59.0 
111 110 37.0 
47 46 38.0 
78 77 38.0 
216 213 46.0 
165 164 37.0 
161 160 49.0 
253 252 56.0 
230 190 50.0 
267 266 42.0 
6 5 42.0 
217 216 33.0 
49 46 49.0 
263 252 57.0 
79 78 32.0 
88 85 36.0 
21 3 31.0 
121 118 41.0 
254 253 44.0 
89 88 44.0 
278 265 34.0 
11 10 37.0 
297 285 38.0 
122 121 40.0 
231 230 40.0 
224 216 31.0 
243 62 43.0 
279 278 56.0 
298 0 35.0 
57 56 56.0 
246 62 38.0 
196 192 51.0 
51 45 38.0 
33 3 33.0 
228 213 40.0 
275 274 40.0 
184 158 32.0 
9 8 39.0 
290 287 53.0 
93 85 59.0 
135 134 58.0 
40 39 41.0 
218 217 32.0 
187 158 30.0 
203 192 55.0 
69 68 40.0 
289 288 36.0 
268 267 53.0 
140 134 59.0 
169 163 52.0 
299 298 51.0 
151 147 36.0 
145 116 33.0 
112 111 48.0 
255 254 37.0 
50 49 30.0 
98 96 37.0 
175 163 58.0 
22 21 54.0 
136 135 58.0 
152 147 51.0 
75 64 30.0 
23 22 35.0 
123 121 34.0 
90 88 38.0 
141 117 48.0 
270 266 35.0 
153 152 44.0 
12 10 48.0 
238 237 45.0 
166 165 41.0 
95 85 32.0 
137 135 57.0 
221 217 33.0 
87 86 45.0 
43 42 53.0 
281 265 31.0 
167 165 34.0 
239 238 51.0 
99 98 39.0 
244 243 49.0 
232 231 32.0 
291 286 47.0 
188 187 33.0 
194 193 30.0 
240 238 42.0 
24 23 36.0 
15 4 38.0 
76 75 43.0 
113 103 30.0 
80 79 57.0 
131 130 45.0 
25 24 56.0 
284 265 59.0 
176 175 43.0 
144 143 36.0 
26 25 34.0 
138 137 41.0 
125 121 54.0 
58 57 36.0 
197 196 45.0 
179 163 56.0 
154 153 32.0 
59 58 36.0 
225 216 42.0 
133 130 56.0 
185 184 45.0 
211 191 40.0 
16 15 42.0 
206 192 56.0 
189 187 59.0 
170 169 35.0 
294 286 40.0 
215 214 41.0 
257 254 44.0 
178 175 37.0 
126 118 56.0 
261 253 47.0 
222 221 57.0 
258 257 56.0 
105 104 38.0 
7 6 45.0 
198 197 35.0 
292 291 44.0 
100 99 54.0 
182 163 52.0 
52 45 50.0 
19 15 32.0 
262 253 56.0 
20 15 48.0 
32 21 56.0 
70 69 33.0 
106 104 57.0 
120 119 33.0 
53 52 33.0 
81 80 51.0 
139 138 49.0 
124 123 48.0 
61 55 32.0 
54 52 47.0 
180 179 50.0 
183 163 48.0 
132 131 36.0 
199 197 35.0 
219 218 57.0 
73 72 50.0 
48 47 32.0 
17 16 54.0 
155 154 55.0 
172 169 50.0 
36 35 38.0 
18 16 37.0 
177 176 53.0 
31 24 39.0 
269 267 55.0 
271 266 38.0 
293 292 37.0 
181 180 44.0 
142 117 31.0 
108 104 51.0 
83 77 55.0 
259 254 35.0 
234 230 47.0 
60 57 46.0 
109 108 45.0 
28 25 59.0 
29 25 54.0 
127 118 31.0 
276 275 37.0 
247 246 46.0 
30 29 41.0 
162 161 40.0 
84 83 33.0 
248 246 37.0 
282 281 39.0 
207 192 55.0 
101 98 59.0 
34 3 40.0 
173 169 35.0 
256 255 54.0 
149 148 46.0 
114 63 41.0 
195 194 32.0 
226 225 58.0 
82 81 53.0 
264 263 39.0 
66 65 34.0 
71 70 57.0 
200 197 43.0 
212 211 39.0 
250 62 43.0 
74 72 48.0 
295 286 43.0 
41 40 32.0 
233 231 35.0 
128 118 43.0 
91 90 39.0 
107 106 36.0 
102 101 41.0 
204 203 46.0 
260 259 59.0 
220 218 39.0 
156 154 31.0 
205 204 51.0 
146 116 37.0 
174 173 49.0 
280 278 43.0 
283 281 43.0 
272 266 39.0 
94 93 36.0 
245 244 53.0 
129 128 36.0 
186 184 32.0 
235 190 40.0 
277 275 39.0 
227 216 37.0 
201 197 31.0 
171 170 58.0 
92 91 30.0 
67 66 51.0 
202 201 42.0 
241 238 46.0 
223 217 30.0 
13 10 56.0 
249 246 55.0 
229 228 59.0 
168 167 30.0 
157 153 33.0 
27 26 56.0 
296 286 48.0 
37 36 56.0 
PROGRAMS ASSIGNED TO NODES (nID pID1 pID2 ...):
0 1 2 3 4 5 6 7 8  
146 1 2 4 5 8  
258 1  
222 1 2 3 4 5 6 7  
65 4 5 7  
279 2 4 7  
128 7  
283 2 4 5 8  
219 4  
151 2 6 7  
198 3 5  
111 1 5 6 7  
71 2 4 5 6 7 8  
184 4 8  
183 2 3 4 5 7  
76 1 2 3 4 5 8  
122  
200 1 2 4 6  
177 1 3 4 5 8  
223 3  
214 2 5 6 7 8  
237  
163 4  
32 7  
286 1 2 3 4 5 7 8  
171  
299 1 2 3 4 5 7 8  
62 1 3 5 7  
137 1 2 8  
278 1 2 4 5 6 7  
236 1  
296 2 4 5 6 7  
227 2 4 6 7  
295 1 3 5 6 8  
99 6 7  
290 1 3 4 5 6 7 8  
132 1 2 4 7 8  
271 1 4 6 7 8  
210 1 2 4 5 6 7 8  
129 4 5 8  
211  
274 6  
248 1 4 5 6 7  
180  
118 3 5 8  
36 1 7 8  
145 1 2 3 4 5 6 7  
80 1 3  
79 1 3 4 5 6 7 8  
144 5 7  
120 2 3 5 6 7 8  
148 1 2 4 5 6  
281 1 5 6 8  
37 3 5  
149 6  
1 2 3 5 6  
164 1 2 3 5 7  
143 2 8  
217 1 3 5 6 7 8  
133 6  
66 1 3 4 6  
87 7  
17 1 4 7  
101 5 8  
293 2  
40 1 3 4 5 6 7 8  
153 1 2 6 7 8  
119 3 7 8  
115 6  
52 2 3 4 5 6 7 8  
46 6 7 8  
73 3 4 5 6 7 8  
152 1 2 4 6 7 8  
192  
178 1 2 3 6  
104 1 2 4 5 6 7 8  
242 1 8  
156 8  
93 1 4 7  
44 3 4 5 8  
94 1 2 3 4  
140 6  
61 1 4 5 6  
141 1 3 4  
117 1 3 4 5 6  
139 1 3 8  
162 3 6  
173 1 4 5  
127 3 5  
135 1 2 3 6 7 8  
251 2 6  
240 4 7  
213 3  
105 3 6 8  
24 3 4 6 7  
166 1 2 4 6 7 8  
203  
138 4  
136 2 3 8  
225 2 4 6 7 8  
260 2 3 4 5 6 7 8  
254 3  
30 1 3 6  
95 1 5 8  
297 1 3 6 7 8  
11 2 5 6  
110 1 3 4 5 6 7  
60 3 4 5 6 7  
78 1 4 6 7  
215  
89  
233 1 2 3 4 5 7 8  
181 3 5  
102 3 4 5 6 8  
235 2 3 4 5 6 7 8  
208 1 2 3 4 6 8  
70 6 7 8  
255 3 5 6 8  
253 1 2 4 5 6 7 8  
267 2 8  
116 3  
194 2 4 5  
91 3  
221 1 2 4 8  
191 1 3 4 5 6 7 8  
12 2 5 7  
47 5 6 8  
228 1 2 4 6 7 8  
49 2 6  
155 1 3 5 7  
51 7  
13 1 3 4 5 6 7 8  
182 1 2 3 4 5 7 8  
186 5  
31 1 2 3 4 5 6 7  
86 3 4  
10 3  
275 1 2 3 4 5 6 8  
176 1 4 5  
85 1  
150 6 7 8  
123 1 2 3 6  
202 1 2 5 7 8  
26 1 2 3 4 5 6 7  
197 2 3 4 5 7 8  
276 1 5 6 8  
100 1  
18 1 2 3 4 5 7 8  
88 1 2 4 5 6 8  
19 6  
179 2 3 4 6 7 8  
75 5  
50 1 2 3 4 6 7 8  
277  
108 2 3 6 8  
247 1  
167  
239 2  
238 3 8  
5 2 3 5 6  
41 2 3 4 5 6  
190  
28 4 7 8  
57 1 2 3 6 7  
125 4  
25  
106 2 3 4 5 6 7 8  
42 1 2 3 4 5 6  
209 1 2 3 4 6 7  
292 4  
157 3 4  
185 7  
207  
226 3 5 8  
45 2 3 4 6 7  
3 3 5 8  
285 2  
231 2 3 4 6 7 8  
97 1 3 4 5 6 7  
55  
252 2  
218 2 3 4 5 6 8  
121 2 3 5  
84 2 3 4 5 6 7 8  
201 1 2 4 5 6  
174 1  
249 1 7  
113 4 5 6 7 8  
20 1 2 3 4 5 6  
298 1 8  
284 1 4 5 6 7  
92 1 2 3 4 5 8  
220  
21 4 5 6 8  
204 3  
59 1 4 5 6 7 8  
229 1 5 6 7  
206 2  
39 1 8  
268 1 4 6  
74  
58 1 2 7 8  
4 4 6  
142  
224 5 6  
22 1 6 8  
34 3 4 5  
243 1 2 3 5 6 7 8  
67 3 4 5 8  
27 4 5 7 8  
287 1 4 6 7 8  
98 2 3 5 8  
83 1 2 3 4 6  
23 1 6 7 8  
109 6  
187 3 4 5 7 8  
8 2  
241 1 2 3 6  
134  
259 1 3 7  
245 5 6 7 8  
82 1 2 3 4 6  
53 7  
257 2 3  
48 4  
266 4 8  
15 2 4 5 6  
38 4 6 7  
244 1 2 3 4 5 7  
230 1 2 3 7  
282 6 7  
72 1 3 4 5 6 7 8  
294 2 4  
250 1 3 4 5 6 7  
262 5 6  
165 5 7 8  
168 1 2 3 4 5 7 8  
232  
205 1 2 3 5 6 7 8  
288 3 4 6 7 8  
9 8  
246 2 3 4 7  
154  
35  
264 3  
112 2 3 4 5 6 7 8  
234 1 8  
158 1 4 5 6 7 8  
289 3 4 6 8  
189 2  
263 2 3 4 6 7 8  
169 1 2 6 7 8  
280 1 4 5 7 8  
265 4 6 7  
33 2  
6 4 5 7  
216 3 4 5 8  
130 2 5 8  
114 2 4 6  
269 1 7 8  
2 1 2 3 5 6  
29 2 3 5 8  
188 7 8  
170 2  
16 3 4 6  
261 3 6 7  
107 1 3 5  
7 1 3 4 5 6 7 8  
90  
14 5 6  
172 1 2 3 4 5 6 8  
96 1 5 6 8  
124 2 8  
291  
256  
270 3 4 5 6 7  
64 1 2 5 7 8  
69  
272  
175 1 2 4  
126 7 8  
54  
273 1 4 5  
131 1 3 4 7 8  
195 2 5  
161  
159 1 3 4 5 6 7 8  
193 1 3 4 5 6 7  
212 1 3 7  
199 3 5 7  
56 1 2 3 4 5 6 7  
63 1 4 6  
77 2 8  
160  
68 1 2 4 5 6 7  
196 6  
43  
103 2 3 4 5 6 7  
81 5 6  
147 1 4 5 7 8  
SIZE OF PROGRAMS (pID SIZE):
1 51.0 
2 53.0 
3 51.0 
4 76.0 
5 73.0 
6 71.0 
7 62.0 
8 90.0 
COST_INSTALL_SERVER_AND_PROGRAMS :
0 2756.666666666667 1.7 1.7666666666666666 1.7 2.533333333333333 2.433333333333333 2.3666666666666667 2.066666666666667 3.0  
146 18.016480813940493 1.1333333333333333 1.1777777777777778 1.1333333333333333 1.6888888888888889 1.6222222222222222 1.5777777777777777 1.3777777777777778 2.0  
258 3.2354783925751667 1.7 1.7666666666666666 1.7 2.533333333333333 2.433333333333333 2.3666666666666667 2.066666666666667 3.0  
222 21.6677178030303 1.7 1.7666666666666666 1.7 2.533333333333333 2.433333333333333 2.3666666666666667 2.066666666666667 3.0  
65 7.142461436170211 1.7 1.7666666666666666 1.7 2.533333333333333 2.433333333333333 2.3666666666666667 2.066666666666667 3.0  
279 5.967647437353321 1.1333333333333333 1.1777777777777778 1.1333333333333333 1.6888888888888889 1.6222222222222222 1.5777777777777777 1.3777777777777778 2.0  
128 3.4981763428475787 1.7 1.7666666666666666 1.7 2.533333333333333 2.433333333333333 2.3666666666666667 2.066666666666667 3.0  
283 1.7613055516131284 1.1333333333333333 1.1777777777777778 1.1333333333333333 1.6888888888888889 1.6222222222222222 1.5777777777777777 1.3777777777777778 2.0  
219 6.503122529644269 1.7 1.7666666666666666 1.7 2.533333333333333 2.433333333333333 2.3666666666666667 2.066666666666667 3.0  
151 5.4419391025641035 1.7 1.7666666666666666 1.7 2.533333333333333 2.433333333333333 2.3666666666666667 2.066666666666667 3.0  
198 1.650222196436017 1.1333333333333333 1.1777777777777778 1.1333333333333333 1.6888888888888889 1.6222222222222222 1.5777777777777777 1.3777777777777778 2.0  
111 11.873044520970247 1.7 1.7666666666666666 1.7 2.533333333333333 2.433333333333333 2.3666666666666667 2.066666666666667 3.0  
71 42.219473636743366 1.7 1.7666666666666666 1.7 2.533333333333333 2.433333333333333 2.3666666666666667 2.066666666666667 3.0  
184 9.64513888888889 1.1333333333333333 1.1777777777777778 1.1333333333333333 1.6888888888888889 1.6222222222222222 1.5777777777777777 1.3777777777777778 2.0  
183 20.508333333333333 1.1333333333333333 1.1777777777777778 1.1333333333333333 1.6888888888888889 1.6222222222222222 1.5777777777777777 1.3777777777777778 2.0  
76 10.850253137689187 1.1333333333333333 1.1777777777777778 1.1333333333333333 1.6888888888888889 1.6222222222222222 1.5777777777777777 1.3777777777777778 2.0  
122 56.0 1.7 1.7666666666666666 1.7 2.533333333333333 2.433333333333333 2.3666666666666667 2.066666666666667 3.0  
200 26.35252476868604 1.7 1.7666666666666666 1.7 2.533333333333333 2.433333333333333 2.3666666666666667 2.066666666666667 3.0  
177 29.36976269161591 1.7 1.7666666666666666 1.7 2.533333333333333 2.433333333333333 2.3666666666666667 2.066666666666667 3.0  
223 0.7051408969558284 1.1333333333333333 1.1777777777777778 1.1333333333333333 1.6888888888888889 1.6222222222222222 1.5777777777777777 1.3777777777777778 2.0  
214 21.751271929824565 1.7 1.7666666666666666 1.7 2.533333333333333 2.433333333333333 2.3666666666666667 2.066666666666667 3.0  
237 16.583611111111107 1.1333333333333333 1.1777777777777778 1.1333333333333333 1.6888888888888889 1.6222222222222222 1.5777777777777777 1.3777777777777778 2.0  
163 22.140738536155208 1.1333333333333333 1.1777777777777778 1.1333333333333333 1.6888888888888889 1.6222222222222222 1.5777777777777777 1.3777777777777778 2.0  
32 2.8075233277360927 1.7 1.7666666666666666 1.7 2.533333333333333 2.433333333333333 2.3666666666666667 2.066666666666667 3.0  
286 1.5969696969696972 1.1333333333333333 1.1777777777777778 1.1333333333333333 1.6888888888888889 1.6222222222222222 1.5777777777777777 1.3777777777777778 2.0  
171 105.0 1.1333333333333333 1.1777777777777778 1.1333333333333333 1.6888888888888889 1.6222222222222222 1.5777777777777777 1.3777777777777778 2.0  
299 6.6005042016806765 1.7 1.7666666666666666 1.7 2.533333333333333 2.433333333333333 2.3666666666666667 2.066666666666667 3.0  
62 1.533016975308642 1.1333333333333333 1.1777777777777778 1.1333333333333333 1.6888888888888889 1.6222222222222222 1.5777777777777777 1.3777777777777778 2.0  
137 11.28063546502364 1.7 1.7666666666666666 1.7 2.533333333333333 2.433333333333333 2.3666666666666667 2.066666666666667 3.0  
278 5.224144144144143 1.7 1.7666666666666666 1.7 2.533333333333333 2.433333333333333 2.3666666666666667 2.066666666666667 3.0  
236 5.9403587962962945 1.1333333333333333 1.1777777777777778 1.1333333333333333 1.6888888888888889 1.6222222222222222 1.5777777777777777 1.3777777777777778 2.0  
296 1.713068181818182 1.1333333333333333 1.1777777777777778 1.1333333333333333 1.6888888888888889 1.6222222222222222 1.5777777777777777 1.3777777777777778 2.0  
227 11.861063995918116 1.7 1.7666666666666666 1.7 2.533333333333333 2.433333333333333 2.3666666666666667 2.066666666666667 3.0  
295 13.311609114399813 1.7 1.7666666666666666 1.7 2.533333333333333 2.433333333333333 2.3666666666666667 2.066666666666667 3.0  
99 18.338116770616768 1.1333333333333333 1.1777777777777778 1.1333333333333333 1.6888888888888889 1.6222222222222222 1.5777777777777777 1.3777777777777778 2.0  
290 11.347846021902624 1.1333333333333333 1.1777777777777778 1.1333333333333333 1.6888888888888889 1.6222222222222222 1.5777777777777777 1.3777777777777778 2.0  
132 31.68368094554003 1.1333333333333333 1.1777777777777778 1.1333333333333333 1.6888888888888889 1.6222222222222222 1.5777777777777777 1.3777777777777778 2.0  
271 8.40199146514936 1.7 1.7666666666666666 1.7 2.533333333333333 2.433333333333333 2.3666666666666667 2.066666666666667 3.0  
210 20.969024618396272 1.1333333333333333 1.1777777777777778 1.1333333333333333 1.6888888888888889 1.6222222222222222 1.5777777777777777 1.3777777777777778 2.0  
129 29.25284040769793 1.7 1.7666666666666666 1.7 2.533333333333333 2.433333333333333 2.3666666666666667 2.066666666666667 3.0  
211 3.3120893829401084 1.7 1.7666666666666666 1.7 2.533333333333333 2.433333333333333 2.3666666666666667 2.066666666666667 3.0  
274 2.4402027027027033 1.1333333333333333 1.1777777777777778 1.1333333333333333 1.6888888888888889 1.6222222222222222 1.5777777777777777 1.3777777777777778 2.0  
248 15.931447368421052 1.7 1.7666666666666666 1.7 2.533333333333333 2.433333333333333 2.3666666666666667 2.066666666666667 3.0  
180 1.1263333333333332 1.7 1.7666666666666666 1.7 2.533333333333333 2.433333333333333 2.3666666666666667 2.066666666666667 3.0  
118 48.14337439547021 1.1333333333333333 1.1777777777777778 1.1333333333333333 1.6888888888888889 1.6222222222222222 1.5777777777777777 1.3777777777777778 2.0  
36 20.389739074118353 1.1333333333333333 1.1777777777777778 1.1333333333333333 1.6888888888888889 1.6222222222222222 1.5777777777777777 1.3777777777777778 2.0  
145 3.483262792315212 1.7 1.7666666666666666 1.7 2.533333333333333 2.433333333333333 2.3666666666666667 2.066666666666667 3.0  
80 4.95202850877193 1.7 1.7666666666666666 1.7 2.533333333333333 2.433333333333333 2.3666666666666667 2.066666666666667 3.0  
79 43.39938312215724 1.1333333333333333 1.1777777777777778 1.1333333333333333 1.6888888888888889 1.6222222222222222 1.5777777777777777 1.3777777777777778 2.0  
144 6.836650345622121 1.1333333333333333 1.1777777777777778 1.1333333333333333 1.6888888888888889 1.6222222222222222 1.5777777777777777 1.3777777777777778 2.0  
120 6.0530385261643325 1.1333333333333333 1.1777777777777778 1.1333333333333333 1.6888888888888889 1.6222222222222222 1.5777777777777777 1.3777777777777778 2.0  
148 19.264633995037222 1.7 1.7666666666666666 1.7 2.533333333333333 2.433333333333333 2.3666666666666667 2.066666666666667 3.0  
281 1.2353036907875616 1.7 1.7666666666666666 1.7 2.533333333333333 2.433333333333333 2.3666666666666667 2.066666666666667 3.0  
37 8.048813438115502 1.1333333333333333 1.1777777777777778 1.1333333333333333 1.6888888888888889 1.6222222222222222 1.5777777777777777 1.3777777777777778 2.0  
149 0.7838764145119335 1.1333333333333333 1.1777777777777778 1.1333333333333333 1.6888888888888889 1.6222222222222222 1.5777777777777777 1.3777777777777778 2.0  
1 3.4759574468085095 1.7 1.7666666666666666 1.7 2.533333333333333 2.433333333333333 2.3666666666666667 2.066666666666667 3.0  
164 34.676739417989424 1.1333333333333333 1.1777777777777778 1.1333333333333333 1.6888888888888889 1.6222222222222222 1.5777777777777777 1.3777777777777778 2.0  
143 7.429942544015125 1.1333333333333333 1.1777777777777778 1.1333333333333333 1.6888888888888889 1.6222222222222222 1.5777777777777777 1.3777777777777778 2.0  
217 48.53926135721568 1.1333333333333333 1.1777777777777778 1.1333333333333333 1.6888888888888889 1.6222222222222222 1.5777777777777777 1.3777777777777778 2.0  
133 0.8221846502629611 1.7 1.7666666666666666 1.7 2.533333333333333 2.433333333333333 2.3666666666666667 2.066666666666667 3.0  
66 9.643788078351909 1.7 1.7666666666666666 1.7 2.533333333333333 2.433333333333333 2.3666666666666667 2.066666666666667 3.0  
87 4.004166666666666 1.1333333333333333 1.1777777777777778 1.1333333333333333 1.6888888888888889 1.6222222222222222 1.5777777777777777 1.3777777777777778 2.0  
17 18.13218092863421 1.7 1.7666666666666666 1.7 2.533333333333333 2.433333333333333 2.3666666666666667 2.066666666666667 3.0  
101 32.83361484365722 1.7 1.7666666666666666 1.7 2.533333333333333 2.433333333333333 2.3666666666666667 2.066666666666667 3.0  
293 0.5370698067506579 1.1333333333333333 1.1777777777777778 1.1333333333333333 1.6888888888888889 1.6222222222222222 1.5777777777777777 1.3777777777777778 2.0  
40 8.402546983817832 1.1333333333333333 1.1777777777777778 1.1333333333333333 1.6888888888888889 1.6222222222222222 1.5777777777777777 1.3777777777777778 2.0  
153 10.91982986920487 1.7 1.7666666666666666 1.7 2.533333333333333 2.433333333333333 2.3666666666666667 2.066666666666667 3.0  
119 18.672109639880595 1.1333333333333333 1.1777777777777778 1.1333333333333333 1.6888888888888889 1.6222222222222222 1.5777777777777777 1.3777777777777778 2.0  
115 8.657800925925926 1.7 1.7666666666666666 1.7 2.533333333333333 2.433333333333333 2.3666666666666667 2.066666666666667 3.0  
52 17.993595744680853 1.7 1.7666666666666666 1.7 2.533333333333333 2.433333333333333 2.3666666666666667 2.066666666666667 3.0  
46 28.007015199790253 1.7 1.7666666666666666 1.7 2.533333333333333 2.433333333333333 2.3666666666666667 2.066666666666667 3.0  
73 21.16522704081633 1.1333333333333333 1.1777777777777778 1.1333333333333333 1.6888888888888889 1.6222222222222222 1.5777777777777777 1.3777777777777778 2.0  
152 3.974823717948718 1.7 1.7666666666666666 1.7 2.533333333333333 2.433333333333333 2.3666666666666667 2.066666666666667 3.0  
192 3.3032856046943433 1.1333333333333333 1.1777777777777778 1.1333333333333333 1.6888888888888889 1.6222222222222222 1.5777777777777777 1.3777777777777778 2.0  
178 22.039550991878578 1.1333333333333333 1.1777777777777778 1.1333333333333333 1.6888888888888889 1.6222222222222222 1.5777777777777777 1.3777777777777778 2.0  
104 9.226971700181977 1.1333333333333333 1.1777777777777778 1.1333333333333333 1.6888888888888889 1.6222222222222222 1.5777777777777777 1.3777777777777778 2.0  
242 2.297311507936508 1.1333333333333333 1.1777777777777778 1.1333333333333333 1.6888888888888889 1.6222222222222222 1.5777777777777777 1.3777777777777778 2.0  
156 9.329582609041811 1.1333333333333333 1.1777777777777778 1.1333333333333333 1.6888888888888889 1.6222222222222222 1.5777777777777777 1.3777777777777778 2.0  
93 4.959664155681105 1.7 1.7666666666666666 1.7 2.533333333333333 2.433333333333333 2.3666666666666667 2.066666666666667 3.0  
44 10.469487621486731 1.1333333333333333 1.1777777777777778 1.1333333333333333 1.6888888888888889 1.6222222222222222 1.5777777777777777 1.3777777777777778 2.0  
94 18.971853813559324 1.7 1.7666666666666666 1.7 2.533333333333333 2.433333333333333 2.3666666666666667 2.066666666666667 3.0  
140 0.8879128599264394 1.1333333333333333 1.1777777777777778 1.1333333333333333 1.6888888888888889 1.6222222222222222 1.5777777777777777 1.3777777777777778 2.0  
61 4.05786321443471 1.1333333333333333 1.1777777777777778 1.1333333333333333 1.6888888888888889 1.6222222222222222 1.5777777777777777 1.3777777777777778 2.0  
141 1.9164500711041457 1.1333333333333333 1.1777777777777778 1.1333333333333333 1.6888888888888889 1.6222222222222222 1.5777777777777777 1.3777777777777778 2.0  
117 45.252223378067676 1.1333333333333333 1.1777777777777778 1.1333333333333333 1.6888888888888889 1.6222222222222222 1.5777777777777777 1.3777777777777778 2.0  
139 28.818105983092096 1.7 1.7666666666666666 1.7 2.533333333333333 2.433333333333333 2.3666666666666667 2.066666666666667 3.0  
162 5.059645691609978 1.7 1.7666666666666666 1.7 2.533333333333333 2.433333333333333 2.3666666666666667 2.066666666666667 3.0  
173 7.8322649572649565 1.1333333333333333 1.1777777777777778 1.1333333333333333 1.6888888888888889 1.6222222222222222 1.5777777777777777 1.3777777777777778 2.0  
127 7.325564461921085 1.1333333333333333 1.1777777777777778 1.1333333333333333 1.6888888888888889 1.6222222222222222 1.5777777777777777 1.3777777777777778 2.0  
135 44.08493234122386 1.7 1.7666666666666666 1.7 2.533333333333333 2.433333333333333 2.3666666666666667 2.066666666666667 3.0  
251 0.5805508072174747 1.1333333333333333 1.1777777777777778 1.1333333333333333 1.6888888888888889 1.6222222222222222 1.5777777777777777 1.3777777777777778 2.0  
240 1.4753769841269844 1.1333333333333333 1.1777777777777778 1.1333333333333333 1.6888888888888889 1.6222222222222222 1.5777777777777777 1.3777777777777778 2.0  
213 8.98087272579597 1.1333333333333333 1.1777777777777778 1.1333333333333333 1.6888888888888889 1.6222222222222222 1.5777777777777777 1.3777777777777778 2.0  
105 2.0805596950134264 1.7 1.7666666666666666 1.7 2.533333333333333 2.433333333333333 2.3666666666666667 2.066666666666667 3.0  
24 49.60810428517285 1.1333333333333333 1.1777777777777778 1.1333333333333333 1.6888888888888889 1.6222222222222222 1.5777777777777777 1.3777777777777778 2.0  
166 5.530921228947475 1.1333333333333333 1.1777777777777778 1.1333333333333333 1.6888888888888889 1.6222222222222222 1.5777777777777777 1.3777777777777778 2.0  
203 30.671543564659462 1.7 1.7666666666666666 1.7 2.533333333333333 2.433333333333333 2.3666666666666667 2.066666666666667 3.0  
138 31.382568373888205 1.1333333333333333 1.1777777777777778 1.1333333333333333 1.6888888888888889 1.6222222222222222 1.5777777777777777 1.3777777777777778 2.0  
136 9.681980189197319 1.1333333333333333 1.1777777777777778 1.1333333333333333 1.6888888888888889 1.6222222222222222 1.5777777777777777 1.3777777777777778 2.0  
225 33.97029160310196 1.1333333333333333 1.1777777777777778 1.1333333333333333 1.6888888888888889 1.6222222222222222 1.5777777777777777 1.3777777777777778 2.0  
260 34.78090053922749 1.1333333333333333 1.1777777777777778 1.1333333333333333 1.6888888888888889 1.6222222222222222 1.5777777777777777 1.3777777777777778 2.0  
254 17.415535113035112 1.1333333333333333 1.1777777777777778 1.1333333333333333 1.6888888888888889 1.6222222222222222 1.5777777777777777 1.3777777777777778 2.0  
30 12.373916596398367 1.1333333333333333 1.1777777777777778 1.1333333333333333 1.6888888888888889 1.6222222222222222 1.5777777777777777 1.3777777777777778 2.0  
95 6.657777777777778 1.1333333333333333 1.1777777777777778 1.1333333333333333 1.6888888888888889 1.6222222222222222 1.5777777777777777 1.3777777777777778 2.0  
297 4.84418748892433 1.1333333333333333 1.1777777777777778 1.1333333333333333 1.6888888888888889 1.6222222222222222 1.5777777777777777 1.3777777777777778 2.0  
11 6.86764696965963 1.1333333333333333 1.1777777777777778 1.1333333333333333 1.6888888888888889 1.6222222222222222 1.5777777777777777 1.3777777777777778 2.0  
110 32.1980787037037 1.7 1.7666666666666666 1.7 2.533333333333333 2.433333333333333 2.3666666666666667 2.066666666666667 3.0  
60 22.622636112866836 1.7 1.7666666666666666 1.7 2.533333333333333 2.433333333333333 2.3666666666666667 2.066666666666667 3.0  
78 23.88921133853151 1.7 1.7666666666666666 1.7 2.533333333333333 2.433333333333333 2.3666666666666667 2.066666666666667 3.0  
215 16.0 1.7 1.7666666666666666 1.7 2.533333333333333 2.433333333333333 2.3666666666666667 2.066666666666667 3.0  
89 108.0 1.7 1.7666666666666666 1.7 2.533333333333333 2.433333333333333 2.3666666666666667 2.066666666666667 3.0  
233 33.107297619047614 1.1333333333333333 1.1777777777777778 1.1333333333333333 1.6888888888888889 1.6222222222222222 1.5777777777777777 1.3777777777777778 2.0  
181 6.699026936026936 1.1333333333333333 1.1777777777777778 1.1333333333333333 1.6888888888888889 1.6222222222222222 1.5777777777777777 1.3777777777777778 2.0  
102 4.7994862206667195 1.1333333333333333 1.1777777777777778 1.1333333333333333 1.6888888888888889 1.6222222222222222 1.5777777777777777 1.3777777777777778 2.0  
235 13.962927631578948 1.7 1.7666666666666666 1.7 2.533333333333333 2.433333333333333 2.3666666666666667 2.066666666666667 3.0  
208 19.296827921387816 1.1333333333333333 1.1777777777777778 1.1333333333333333 1.6888888888888889 1.6222222222222222 1.5777777777777777 1.3777777777777778 2.0  
70 13.460096500721503 1.7 1.7666666666666666 1.7 2.533333333333333 2.433333333333333 2.3666666666666667 2.066666666666667 3.0  
255 2.627050183905022 1.7 1.7666666666666666 1.7 2.533333333333333 2.433333333333333 2.3666666666666667 2.066666666666667 3.0  
253 18.494811083977744 1.1333333333333333 1.1777777777777778 1.1333333333333333 1.6888888888888889 1.6222222222222222 1.5777777777777777 1.3777777777777778 2.0  
267 13.154342832628544 1.1333333333333333 1.1777777777777778 1.1333333333333333 1.6888888888888889 1.6222222222222222 1.5777777777777777 1.3777777777777778 2.0  
116 27.994312084520416 1.1333333333333333 1.1777777777777778 1.1333333333333333 1.6888888888888889 1.6222222222222222 1.5777777777777777 1.3777777777777778 2.0  
194 8.292464533289797 1.1333333333333333 1.1777777777777778 1.1333333333333333 1.6888888888888889 1.6222222222222222 1.5777777777777777 1.3777777777777778 2.0  
91 51.80550245806825 1.1333333333333333 1.1777777777777778 1.1333333333333333 1.6888888888888889 1.6222222222222222 1.5777777777777777 1.3777777777777778 2.0  
221 22.964001111098266 1.1333333333333333 1.1777777777777778 1.1333333333333333 1.6888888888888889 1.6222222222222222 1.5777777777777777 1.3777777777777778 2.0  
191 11.297781684815487 1.7 1.7666666666666666 1.7 2.533333333333333 2.433333333333333 2.3666666666666667 2.066666666666667 3.0  
12 13.15129822194721 1.7 1.7666666666666666 1.7 2.533333333333333 2.433333333333333 2.3666666666666667 2.066666666666667 3.0  
47 23.163768352619137 1.1333333333333333 1.1777777777777778 1.1333333333333333 1.6888888888888889 1.6222222222222222 1.5777777777777777 1.3777777777777778 2.0  
228 23.04450657894737 1.7 1.7666666666666666 1.7 2.533333333333333 2.433333333333333 2.3666666666666667 2.066666666666667 3.0  
49 4.578038393222164 1.1333333333333333 1.1777777777777778 1.1333333333333333 1.6888888888888889 1.6222222222222222 1.5777777777777777 1.3777777777777778 2.0  
155 3.7610431069562953 1.1333333333333333 1.1777777777777778 1.1333333333333333 1.6888888888888889 1.6222222222222222 1.5777777777777777 1.3777777777777778 2.0  
51 2.9919843491708 1.1333333333333333 1.1777777777777778 1.1333333333333333 1.6888888888888889 1.6222222222222222 1.5777777777777777 1.3777777777777778 2.0  
13 41.79379933659067 1.1333333333333333 1.1777777777777778 1.1333333333333333 1.6888888888888889 1.6222222222222222 1.5777777777777777 1.3777777777777778 2.0  
182 32.10321428571429 1.7 1.7666666666666666 1.7 2.533333333333333 2.433333333333333 2.3666666666666667 2.066666666666667 3.0  
186 4.175773809523809 1.1333333333333333 1.1777777777777778 1.1333333333333333 1.6888888888888889 1.6222222222222222 1.5777777777777777 1.3777777777777778 2.0  
31 35.12870104488156 1.1333333333333333 1.1777777777777778 1.1333333333333333 1.6888888888888889 1.6222222222222222 1.5777777777777777 1.3777777777777778 2.0  
86 1.6143750000000001 1.1333333333333333 1.1777777777777778 1.1333333333333333 1.6888888888888889 1.6222222222222222 1.5777777777777777 1.3777777777777778 2.0  
10 24.83397091813839 1.7 1.7666666666666666 1.7 2.533333333333333 2.433333333333333 2.3666666666666667 2.066666666666667 3.0  
275 2.2470345345345346 1.1333333333333333 1.1777777777777778 1.1333333333333333 1.6888888888888889 1.6222222222222222 1.5777777777777777 1.3777777777777778 2.0  
176 27.341873103915002 1.1333333333333333 1.1777777777777778 1.1333333333333333 1.6888888888888889 1.6222222222222222 1.5777777777777777 1.3777777777777778 2.0  
85 24.24769290123457 1.7 1.7666666666666666 1.7 2.533333333333333 2.433333333333333 2.3666666666666667 2.066666666666667 3.0  
150 2.1483515078901703 1.1333333333333333 1.1777777777777778 1.1333333333333333 1.6888888888888889 1.6222222222222222 1.5777777777777777 1.3777777777777778 2.0  
123 4.637763818666927 1.7 1.7666666666666666 1.7 2.533333333333333 2.433333333333333 2.3666666666666667 2.066666666666667 3.0  
202 5.283035773877283 1.1333333333333333 1.1777777777777778 1.1333333333333333 1.6888888888888889 1.6222222222222222 1.5777777777777777 1.3777777777777778 2.0  
26 62.09981945272135 1.7 1.7666666666666666 1.7 2.533333333333333 2.433333333333333 2.3666666666666667 2.066666666666667 3.0  
197 36.10623032213205 1.1333333333333333 1.1777777777777778 1.1333333333333333 1.6888888888888889 1.6222222222222222 1.5777777777777777 1.3777777777777778 2.0  
276 1.8308183183183186 1.7 1.7666666666666666 1.7 2.533333333333333 2.433333333333333 2.3666666666666667 2.066666666666667 3.0  
100 0.6924265130515131 1.1333333333333333 1.1777777777777778 1.1333333333333333 1.6888888888888889 1.6222222222222222 1.5777777777777777 1.3777777777777778 2.0  
18 26.290066435891415 1.7 1.7666666666666666 1.7 2.533333333333333 2.433333333333333 2.3666666666666667 2.066666666666667 3.0  
88 25.050260416666667 1.7 1.7666666666666666 1.7 2.533333333333333 2.433333333333333 2.3666666666666667 2.066666666666667 3.0  
19 0.7227059031640393 1.7 1.7666666666666666 1.7 2.533333333333333 2.433333333333333 2.3666666666666667 2.066666666666667 3.0  
179 20.23 1.7 1.7666666666666666 1.7 2.533333333333333 2.433333333333333 2.3666666666666667 2.066666666666667 3.0  
75 8.625003968253969 1.1333333333333333 1.1777777777777778 1.1333333333333333 1.6888888888888889 1.6222222222222222 1.5777777777777777 1.3777777777777778 2.0  
50 47.488881897943955 1.7 1.7666666666666666 1.7 2.533333333333333 2.433333333333333 2.3666666666666667 2.066666666666667 3.0  
277 32.0 1.7 1.7666666666666666 1.7 2.533333333333333 2.433333333333333 2.3666666666666667 2.066666666666667 3.0  
108 19.021684397070953 1.1333333333333333 1.1777777777777778 1.1333333333333333 1.6888888888888889 1.6222222222222222 1.5777777777777777 1.3777777777777778 2.0  
247 1.4067305491990845 1.7 1.7666666666666666 1.7 2.533333333333333 2.433333333333333 2.3666666666666667 2.066666666666667 3.0  
167 58.31111848147014 1.7 1.7666666666666666 1.7 2.533333333333333 2.433333333333333 2.3666666666666667 2.066666666666667 3.0  
239 3.266168300653595 1.1333333333333333 1.1777777777777778 1.1333333333333333 1.6888888888888889 1.6222222222222222 1.5777777777777777 1.3777777777777778 2.0  
238 36.78503472222222 1.1333333333333333 1.1777777777777778 1.1333333333333333 1.6888888888888889 1.6222222222222222 1.5777777777777777 1.3777777777777778 2.0  
5 19.68688659322771 1.7 1.7666666666666666 1.7 2.533333333333333 2.433333333333333 2.3666666666666667 2.066666666666667 3.0  
41 13.431173593081205 1.7 1.7666666666666666 1.7 2.533333333333333 2.433333333333333 2.3666666666666667 2.066666666666667 3.0  
190 10.735827241715398 1.1333333333333333 1.1777777777777778 1.1333333333333333 1.6888888888888889 1.6222222222222222 1.5777777777777777 1.3777777777777778 2.0  
28 32.42040172689563 1.7 1.7666666666666666 1.7 2.533333333333333 2.433333333333333 2.3666666666666667 2.066666666666667 3.0  
57 23.614826959880148 1.7 1.7666666666666666 1.7 2.533333333333333 2.433333333333333 2.3666666666666667 2.066666666666667 3.0  
125 1.1170673247454361 1.1333333333333333 1.1777777777777778 1.1333333333333333 1.6888888888888889 1.6222222222222222 1.5777777777777777 1.3777777777777778 2.0  
25 36.86977393830231 1.1333333333333333 1.1777777777777778 1.1333333333333333 1.6888888888888889 1.6222222222222222 1.5777777777777777 1.3777777777777778 2.0  
106 30.874546949427987 1.7 1.7666666666666666 1.7 2.533333333333333 2.433333333333333 2.3666666666666667 2.066666666666667 3.0  
42 6.4197061803444795 1.1333333333333333 1.1777777777777778 1.1333333333333333 1.6888888888888889 1.6222222222222222 1.5777777777777777 1.3777777777777778 2.0  
209 31.697060136361415 1.7 1.7666666666666666 1.7 2.533333333333333 2.433333333333333 2.3666666666666667 2.066666666666667 3.0  
292 3.5326445304104874 1.7 1.7666666666666666 1.7 2.533333333333333 2.433333333333333 2.3666666666666667 2.066666666666667 3.0  
157 7.06924646129224 1.7 1.7666666666666666 1.7 2.533333333333333 2.433333333333333 2.3666666666666667 2.066666666666667 3.0  
185 0.46623015873015883 1.7 1.7666666666666666 1.7 2.533333333333333 2.433333333333333 2.3666666666666667 2.066666666666667 3.0  
207 86.0 1.7 1.7666666666666666 1.7 2.533333333333333 2.433333333333333 2.3666666666666667 2.066666666666667 3.0  
226 2.237719875964274 1.7 1.7666666666666666 1.7 2.533333333333333 2.433333333333333 2.3666666666666667 2.066666666666667 3.0  
45 15.526479675597583 1.1333333333333333 1.1777777777777778 1.1333333333333333 1.6888888888888889 1.6222222222222222 1.5777777777777777 1.3777777777777778 2.0  
3 4.057151998251287 1.1333333333333333 1.1777777777777778 1.1333333333333333 1.6888888888888889 1.6222222222222222 1.5777777777777777 1.3777777777777778 2.0  
285 38.0 1.7 1.7666666666666666 1.7 2.533333333333333 2.433333333333333 2.3666666666666667 2.066666666666667 3.0  
231 16.34457626705653 1.1333333333333333 1.1777777777777778 1.1333333333333333 1.6888888888888889 1.6222222222222222 1.5777777777777777 1.3777777777777778 2.0  
97 22.619730458221017 1.7 1.7666666666666666 1.7 2.533333333333333 2.433333333333333 2.3666666666666667 2.066666666666667 3.0  
55 0.8401024428684002 1.7 1.7666666666666666 1.7 2.533333333333333 2.433333333333333 2.3666666666666667 2.066666666666667 3.0  
252 8.147407407407409 1.1333333333333333 1.1777777777777778 1.1333333333333333 1.6888888888888889 1.6222222222222222 1.5777777777777777 1.3777777777777778 2.0  
218 42.162370129870126 1.7 1.7666666666666666 1.7 2.533333333333333 2.433333333333333 2.3666666666666667 2.066666666666667 3.0  
121 46.38373890278805 1.7 1.7666666666666666 1.7 2.533333333333333 2.433333333333333 2.3666666666666667 2.066666666666667 3.0  
84 19.41563131313131 1.1333333333333333 1.1777777777777778 1.1333333333333333 1.6888888888888889 1.6222222222222222 1.5777777777777777 1.3777777777777778 2.0  
201 5.981318897430018 1.7 1.7666666666666666 1.7 2.533333333333333 2.433333333333333 2.3666666666666667 2.066666666666667 3.0  
174 0.6747180795395082 1.1333333333333333 1.1777777777777778 1.1333333333333333 1.6888888888888889 1.6222222222222222 1.5777777777777777 1.3777777777777778 2.0  
249 4.6370825580365045 1.1333333333333333 1.1777777777777778 1.1333333333333333 1.6888888888888889 1.6222222222222222 1.5777777777777777 1.3777777777777778 2.0  
113 18.027173913043477 1.7 1.7666666666666666 1.7 2.533333333333333 2.433333333333333 2.3666666666666667 2.066666666666667 3.0  
20 23.006390177597968 1.7 1.7666666666666666 1.7 2.533333333333333 2.433333333333333 2.3666666666666667 2.066666666666667 3.0  
298 1.3752380952380945 1.1333333333333333 1.1777777777777778 1.1333333333333333 1.6888888888888889 1.6222222222222222 1.5777777777777777 1.3777777777777778 2.0  
284 0.945084745762712 1.7 1.7666666666666666 1.7 2.533333333333333 2.433333333333333 2.3666666666666667 2.066666666666667 3.0  
92 16.334203537690378 1.1333333333333333 1.1777777777777778 1.1333333333333333 1.6888888888888889 1.6222222222222222 1.5777777777777777 1.3777777777777778 2.0  
220 53.0 1.1333333333333333 1.1777777777777778 1.1333333333333333 1.6888888888888889 1.6222222222222222 1.5777777777777777 1.3777777777777778 2.0  
21 11.670272933003424 1.1333333333333333 1.1777777777777778 1.1333333333333333 1.6888888888888889 1.6222222222222222 1.5777777777777777 1.3777777777777778 2.0  
204 29.91519738865982 1.7 1.7666666666666666 1.7 2.533333333333333 2.433333333333333 2.3666666666666667 2.066666666666667 3.0  
59 19.20619655554529 1.1333333333333333 1.1777777777777778 1.1333333333333333 1.6888888888888889 1.6222222222222222 1.5777777777777777 1.3777777777777778 2.0  
229 21.935700825156108 1.1333333333333333 1.1777777777777778 1.1333333333333333 1.6888888888888889 1.6222222222222222 1.5777777777777777 1.3777777777777778 2.0  
206 2.561111075101547 1.1333333333333333 1.1777777777777778 1.1333333333333333 1.6888888888888889 1.6222222222222222 1.5777777777777777 1.3777777777777778 2.0  
39 9.140007175979049 1.7 1.7666666666666666 1.7 2.533333333333333 2.433333333333333 2.3666666666666667 2.066666666666667 3.0  
268 9.487263203904714 1.7 1.7666666666666666 1.7 2.533333333333333 2.433333333333333 2.3666666666666667 2.066666666666667 3.0  
74 78.0 1.1333333333333333 1.1777777777777778 1.1333333333333333 1.6888888888888889 1.6222222222222222 1.5777777777777777 1.3777777777777778 2.0  
58 27.203215584651755 1.7 1.7666666666666666 1.7 2.533333333333333 2.433333333333333 2.3666666666666667 2.066666666666667 3.0  
4 25.597303183284048 1.1333333333333333 1.1777777777777778 1.1333333333333333 1.6888888888888889 1.6222222222222222 1.5777777777777777 1.3777777777777778 2.0  
142 38.0 1.7 1.7666666666666666 1.7 2.533333333333333 2.433333333333333 2.3666666666666667 2.066666666666667 3.0  
224 5.976267070200045 1.7 1.7666666666666666 1.7 2.533333333333333 2.433333333333333 2.3666666666666667 2.066666666666667 3.0  
22 19.923517324545692 1.1333333333333333 1.1777777777777778 1.1333333333333333 1.6888888888888889 1.6222222222222222 1.5777777777777777 1.3777777777777778 2.0  
34 3.5249094876754454 1.7 1.7666666666666666 1.7 2.533333333333333 2.433333333333333 2.3666666666666667 2.066666666666667 3.0  
243 16.824414477461957 1.1333333333333333 1.1777777777777778 1.1333333333333333 1.6888888888888889 1.6222222222222222 1.5777777777777777 1.3777777777777778 2.0  
67 10.091186378806844 1.7 1.7666666666666666 1.7 2.533333333333333 2.433333333333333 2.3666666666666667 2.066666666666667 3.0  
27 5.947991457801503 1.7 1.7666666666666666 1.7 2.533333333333333 2.433333333333333 2.3666666666666667 2.066666666666667 3.0  
287 19.957167832167833 1.1333333333333333 1.1777777777777778 1.1333333333333333 1.6888888888888889 1.6222222222222222 1.5777777777777777 1.3777777777777778 2.0  
98 37.01363926426426 1.1333333333333333 1.1777777777777778 1.1333333333333333 1.6888888888888889 1.6222222222222222 1.5777777777777777 1.3777777777777778 2.0  
83 29.793096240179576 1.1333333333333333 1.1777777777777778 1.1333333333333333 1.6888888888888889 1.6222222222222222 1.5777777777777777 1.3777777777777778 2.0  
23 36.172857371592606 1.7 1.7666666666666666 1.7 2.533333333333333 2.433333333333333 2.3666666666666667 2.066666666666667 3.0  
109 0.8858314662910056 1.1333333333333333 1.1777777777777778 1.1333333333333333 1.6888888888888889 1.6222222222222222 1.5777777777777777 1.3777777777777778 2.0  
187 2.679910714285714 1.1333333333333333 1.1777777777777778 1.1333333333333333 1.6888888888888889 1.6222222222222222 1.5777777777777777 1.3777777777777778 2.0  
8 1.1676046515995595 1.1333333333333333 1.1777777777777778 1.1333333333333333 1.6888888888888889 1.6222222222222222 1.5777777777777777 1.3777777777777778 2.0  
241 10.591475442834138 1.7 1.7666666666666666 1.7 2.533333333333333 2.433333333333333 2.3666666666666667 2.066666666666667 3.0  
134 11.04333401730165 1.1333333333333333 1.1777777777777778 1.1333333333333333 1.6888888888888889 1.6222222222222222 1.5777777777777777 1.3777777777777778 2.0  
259 48.49444780528113 1.1333333333333333 1.1777777777777778 1.1333333333333333 1.6888888888888889 1.6222222222222222 1.5777777777777777 1.3777777777777778 2.0  
245 1.7892776250473863 1.7 1.7666666666666666 1.7 2.533333333333333 2.433333333333333 2.3666666666666667 2.066666666666667 3.0  
82 32.91334418871819 1.1333333333333333 1.1777777777777778 1.1333333333333333 1.6888888888888889 1.6222222222222222 1.5777777777777777 1.3777777777777778 2.0  
53 3.8843097080224744 1.1333333333333333 1.1777777777777778 1.1333333333333333 1.6888888888888889 1.6222222222222222 1.5777777777777777 1.3777777777777778 2.0  
257 8.172602397602395 1.7 1.7666666666666666 1.7 2.533333333333333 2.433333333333333 2.3666666666666667 2.066666666666667 3.0  
48 0.9643211752786223 1.7 1.7666666666666666 1.7 2.533333333333333 2.433333333333333 2.3666666666666667 2.066666666666667 3.0  
266 1.3072132132132135 1.1333333333333333 1.1777777777777778 1.1333333333333333 1.6888888888888889 1.6222222222222222 1.5777777777777777 1.3777777777777778 2.0  
15 18.646292466453573 1.1333333333333333 1.1777777777777778 1.1333333333333333 1.6888888888888889 1.6222222222222222 1.5777777777777777 1.3777777777777778 2.0  
38 3.9182611667826213 1.7 1.7666666666666666 1.7 2.533333333333333 2.433333333333333 2.3666666666666667 2.066666666666667 3.0  
244 27.46001538449144 1.1333333333333333 1.1777777777777778 1.1333333333333333 1.6888888888888889 1.6222222222222222 1.5777777777777777 1.3777777777777778 2.0  
230 1.8687697368421052 1.7 1.7666666666666666 1.7 2.533333333333333 2.433333333333333 2.3666666666666667 2.066666666666667 3.0  
282 2.9734641092705605 1.7 1.7666666666666666 1.7 2.533333333333333 2.433333333333333 2.3666666666666667 2.066666666666667 3.0  
72 30.081601190476192 1.1333333333333333 1.1777777777777778 1.1333333333333333 1.6888888888888889 1.6222222222222222 1.5777777777777777 1.3777777777777778 2.0  
294 4.370580808080807 1.7 1.7666666666666666 1.7 2.533333333333333 2.433333333333333 2.3666666666666667 2.066666666666667 3.0  
250 10.094617940199337 1.1333333333333333 1.1777777777777778 1.1333333333333333 1.6888888888888889 1.6222222222222222 1.5777777777777777 1.3777777777777778 2.0  
262 0.8680326125487419 1.7 1.7666666666666666 1.7 2.533333333333333 2.433333333333333 2.3666666666666667 2.066666666666667 3.0  
165 32.38016525583555 1.1333333333333333 1.1777777777777778 1.1333333333333333 1.6888888888888889 1.6222222222222222 1.5777777777777777 1.3777777777777778 2.0  
168 38.03464746533161 1.1333333333333333 1.1777777777777778 1.1333333333333333 1.6888888888888889 1.6222222222222222 1.5777777777777777 1.3777777777777778 2.0  
232 73.0 1.1333333333333333 1.1777777777777778 1.1333333333333333 1.6888888888888889 1.6222222222222222 1.5777777777777777 1.3777777777777778 2.0  
205 30.063287088383788 1.7 1.7666666666666666 1.7 2.533333333333333 2.433333333333333 2.3666666666666667 2.066666666666667 3.0  
288 16.019307918244095 1.7 1.7666666666666666 1.7 2.533333333333333 2.433333333333333 2.3666666666666667 2.066666666666667 3.0  
9 5.793751831215119 1.1333333333333333 1.1777777777777778 1.1333333333333333 1.6888888888888889 1.6222222222222222 1.5777777777777777 1.3777777777777778 2.0  
246 5.0300520833333335 1.7 1.7666666666666666 1.7 2.533333333333333 2.433333333333333 2.3666666666666667 2.066666666666667 3.0  
154 12.252644987312921 1.1333333333333333 1.1777777777777778 1.1333333333333333 1.6888888888888889 1.6222222222222222 1.5777777777777777 1.3777777777777778 2.0  
35 2.562014004468235 1.7 1.7666666666666666 1.7 2.533333333333333 2.433333333333333 2.3666666666666667 2.066666666666667 3.0  
264 2.4131696486874756 1.1333333333333333 1.1777777777777778 1.1333333333333333 1.6888888888888889 1.6222222222222222 1.5777777777777777 1.3777777777777778 2.0  
112 64.35354975329466 1.1333333333333333 1.1777777777777778 1.1333333333333333 1.6888888888888889 1.6222222222222222 1.5777777777777777 1.3777777777777778 2.0  
234 4.145527046783626 1.1333333333333333 1.1777777777777778 1.1333333333333333 1.6888888888888889 1.6222222222222222 1.5777777777777777 1.3777777777777778 2.0  
158 7.4989451058201055 1.1333333333333333 1.1777777777777778 1.1333333333333333 1.6888888888888889 1.6222222222222222 1.5777777777777777 1.3777777777777778 2.0  
289 22.67405445618212 1.7 1.7666666666666666 1.7 2.533333333333333 2.433333333333333 2.3666666666666667 2.066666666666667 3.0  
189 2.643209241323648 1.1333333333333333 1.1777777777777778 1.1333333333333333 1.6888888888888889 1.6222222222222222 1.5777777777777777 1.3777777777777778 2.0  
263 14.400768588137007 1.1333333333333333 1.1777777777777778 1.1333333333333333 1.6888888888888889 1.6222222222222222 1.5777777777777777 1.3777777777777778 2.0  
169 33.66327787952788 1.1333333333333333 1.1777777777777778 1.1333333333333333 1.6888888888888889 1.6222222222222222 1.5777777777777777 1.3777777777777778 2.0  
280 5.394741061170609 1.1333333333333333 1.1777777777777778 1.1333333333333333 1.6888888888888889 1.6222222222222222 1.5777777777777777 1.3777777777777778 2.0  
265 2.5039973306639967 1.1333333333333333 1.1777777777777778 1.1333333333333333 1.6888888888888889 1.6222222222222222 1.5777777777777777 1.3777777777777778 2.0  
33 2.123285721370827 1.1333333333333333 1.1777777777777778 1.1333333333333333 1.6888888888888889 1.6222222222222222 1.5777777777777777 1.3777777777777778 2.0  
6 20.809160495754547 1.7 1.7666666666666666 1.7 2.533333333333333 2.433333333333333 2.3666666666666667 2.066666666666667 3.0  
216 34.52141623937057 1.1333333333333333 1.1777777777777778 1.1333333333333333 1.6888888888888889 1.6222222222222222 1.5777777777777777 1.3777777777777778 2.0  
130 31.290194838056685 1.1333333333333333 1.1777777777777778 1.1333333333333333 1.6888888888888889 1.6222222222222222 1.5777777777777777 1.3777777777777778 2.0  
114 7.343495934959348 1.1333333333333333 1.1777777777777778 1.1333333333333333 1.6888888888888889 1.6222222222222222 1.5777777777777777 1.3777777777777778 2.0  
269 1.3559617799617802 1.1333333333333333 1.1777777777777778 1.1333333333333333 1.6888888888888889 1.6222222222222222 1.5777777777777777 1.3777777777777778 2.0  
2 0.6814492442152018 1.7 1.7666666666666666 1.7 2.533333333333333 2.433333333333333 2.3666666666666667 2.066666666666667 3.0  
29 17.001872950516205 1.1333333333333333 1.1777777777777778 1.1333333333333333 1.6888888888888889 1.6222222222222222 1.5777777777777777 1.3777777777777778 2.0  
188 11.242397787397787 1.1333333333333333 1.1777777777777778 1.1333333333333333 1.6888888888888889 1.6222222222222222 1.5777777777777777 1.3777777777777778 2.0  
170 0.5341254578754578 1.7 1.7666666666666666 1.7 2.533333333333333 2.433333333333333 2.3666666666666667 2.066666666666667 3.0  
16 43.64483961696084 1.7 1.7666666666666666 1.7 2.533333333333333 2.433333333333333 2.3666666666666667 2.066666666666667 3.0  
261 8.259090961657881 1.1333333333333333 1.1777777777777778 1.1333333333333333 1.6888888888888889 1.6222222222222222 1.5777777777777777 1.3777777777777778 2.0  
107 13.466939568566167 1.1333333333333333 1.1777777777777778 1.1333333333333333 1.6888888888888889 1.6222222222222222 1.5777777777777777 1.3777777777777778 2.0  
7 58.11853996496987 1.1333333333333333 1.1777777777777778 1.1333333333333333 1.6888888888888889 1.6222222222222222 1.5777777777777777 1.3777777777777778 2.0  
90 10.691199874686719 1.1333333333333333 1.1777777777777778 1.1333333333333333 1.6888888888888889 1.6222222222222222 1.5777777777777777 1.3777777777777778 2.0  
14 8.868971355153608 1.1333333333333333 1.1777777777777778 1.1333333333333333 1.6888888888888889 1.6222222222222222 1.5777777777777777 1.3777777777777778 2.0  
172 36.44480082417583 1.7 1.7666666666666666 1.7 2.533333333333333 2.433333333333333 2.3666666666666667 2.066666666666667 3.0  
96 22.312106481481482 1.1333333333333333 1.1777777777777778 1.1333333333333333 1.6888888888888889 1.6222222222222222 1.5777777777777777 1.3777777777777778 2.0  
124 2.3966515592912563 1.7 1.7666666666666666 1.7 2.533333333333333 2.433333333333333 2.3666666666666667 2.066666666666667 3.0  
291 5.101225016118632 1.1333333333333333 1.1777777777777778 1.1333333333333333 1.6888888888888889 1.6222222222222222 1.5777777777777777 1.3777777777777778 2.0  
256 92.0 1.1333333333333333 1.1777777777777778 1.1333333333333333 1.6888888888888889 1.6222222222222222 1.5777777777777777 1.3777777777777778 2.0  
270 7.7021904761904745 1.1333333333333333 1.1777777777777778 1.1333333333333333 1.6888888888888889 1.6222222222222222 1.5777777777777777 1.3777777777777778 2.0  
64 9.646214506172841 1.1333333333333333 1.1777777777777778 1.1333333333333333 1.6888888888888889 1.6222222222222222 1.5777777777777777 1.3777777777777778 2.0  
69 4.25451388888889 1.7 1.7666666666666666 1.7 2.533333333333333 2.433333333333333 2.3666666666666667 2.066666666666667 3.0  
272 90.0 1.7 1.7666666666666666 1.7 2.533333333333333 2.433333333333333 2.3666666666666667 2.066666666666667 3.0  
175 31.834890701970444 1.7 1.7666666666666666 1.7 2.533333333333333 2.433333333333333 2.3666666666666667 2.066666666666667 3.0  
126 12.914202098111996 1.7 1.7666666666666666 1.7 2.533333333333333 2.433333333333333 2.3666666666666667 2.066666666666667 3.0  
54 28.0 1.7 1.7666666666666666 1.7 2.533333333333333 2.433333333333333 2.3666666666666667 2.066666666666667 3.0  
273 1.3485064011379804 1.7 1.7666666666666666 1.7 2.533333333333333 2.433333333333333 2.3666666666666667 2.066666666666667 3.0  
131 48.12421615582588 1.1333333333333333 1.1777777777777778 1.1333333333333333 1.6888888888888889 1.6222222222222222 1.5777777777777777 1.3777777777777778 2.0  
195 13.275714741854706 1.7 1.7666666666666666 1.7 2.533333333333333 2.433333333333333 2.3666666666666667 2.066666666666667 3.0  
161 0.9981660997732427 1.1333333333333333 1.1777777777777778 1.1333333333333333 1.6888888888888889 1.6222222222222222 1.5777777777777777 1.3777777777777778 2.0  
159 25.44575892857143 1.7 1.7666666666666666 1.7 2.533333333333333 2.433333333333333 2.3666666666666667 2.066666666666667 3.0  
193 19.100332870748492 1.7 1.7666666666666666 1.7 2.533333333333333 2.433333333333333 2.3666666666666667 2.066666666666667 3.0  
212 4.78388425473498 1.7 1.7666666666666666 1.7 2.533333333333333 2.433333333333333 2.3666666666666667 2.066666666666667 3.0  
199 21.04033300455922 1.1333333333333333 1.1777777777777778 1.1333333333333333 1.6888888888888889 1.6222222222222222 1.5777777777777777 1.3777777777777778 2.0  
56 20.494187630074155 1.1333333333333333 1.1777777777777778 1.1333333333333333 1.6888888888888889 1.6222222222222222 1.5777777777777777 1.3777777777777778 2.0  
63 5.86775462962963 1.7 1.7666666666666666 1.7 2.533333333333333 2.433333333333333 2.3666666666666667 2.066666666666667 3.0  
77 7.571558641975309 1.1333333333333333 1.1777777777777778 1.1333333333333333 1.6888888888888889 1.6222222222222222 1.5777777777777777 1.3777777777777778 2.0  
160 5.743763227513227 1.1333333333333333 1.1777777777777778 1.1333333333333333 1.6888888888888889 1.6222222222222222 1.5777777777777777 1.3777777777777778 2.0  
68 3.575055555555555 1.7 1.7666666666666666 1.7 2.533333333333333 2.433333333333333 2.3666666666666667 2.066666666666667 3.0  
196 28.428946371514773 1.1333333333333333 1.1777777777777778 1.1333333333333333 1.6888888888888889 1.6222222222222222 1.5777777777777777 1.3777777777777778 2.0  
43 20.0 1.1333333333333333 1.1777777777777778 1.1333333333333333 1.6888888888888889 1.6222222222222222 1.5777777777777777 1.3777777777777778 2.0  
103 30.510237855609233 1.1333333333333333 1.1777777777777778 1.1333333333333333 1.6888888888888889 1.6222222222222222 1.5777777777777777 1.3777777777777778 2.0  
81 46.311055672268914 1.7 1.7666666666666666 1.7 2.533333333333333 2.433333333333333 2.3666666666666667 2.066666666666667 3.0  
147 2.941490384615385 1.7 1.7666666666666666 1.7 2.533333333333333 2.433333333333333 2.3666666666666667 2.066666666666667 3.0  
