300 7
TREE NETWORK (nID nID Weight):
1 0 52.0 
35 0 51.0 
36 35 46.0 
2 1 40.0 
37 36 39.0 
3 2 47.0 
207 36 30.0 
38 37 58.0 
39 38 36.0 
4 3 30.0 
55 38 31.0 
40 39 46.0 
63 38 44.0 
56 55 46.0 
64 63 54.0 
60 55 32.0 
208 207 30.0 
70 63 37.0 
71 70 52.0 
169 63 46.0 
51 39 46.0 
41 40 37.0 
72 71 37.0 
73 72 47.0 
74 72 54.0 
215 36 38.0 
288 35 42.0 
57 56 39.0 
178 63 30.0 
75 74 40.0 
131 71 30.0 
257 36 30.0 
265 36 46.0 
96 72 56.0 
132 131 50.0 
258 257 42.0 
76 74 55.0 
136 131 37.0 
216 215 42.0 
5 4 46.0 
217 216 40.0 
210 207 50.0 
202 37 30.0 
143 71 31.0 
266 265 54.0 
18 2 53.0 
170 169 46.0 
19 18 44.0 
137 131 44.0 
112 72 59.0 
138 131 38.0 
179 178 33.0 
218 217 45.0 
113 112 30.0 
114 113 36.0 
198 38 41.0 
219 218 43.0 
83 74 40.0 
209 208 42.0 
149 71 38.0 
84 83 46.0 
259 258 52.0 
228 217 57.0 
65 64 53.0 
97 96 47.0 
14 3 30.0 
223 218 51.0 
267 265 33.0 
180 179 50.0 
231 216 37.0 
290 35 40.0 
224 218 33.0 
282 265 31.0 
151 71 33.0 
268 267 43.0 
152 151 42.0 
261 257 40.0 
52 51 40.0 
15 14 54.0 
100 96 39.0 
203 202 52.0 
171 170 39.0 
220 219 32.0 
250 215 41.0 
271 267 41.0 
26 18 42.0 
239 216 37.0 
20 19 41.0 
16 14 36.0 
77 76 55.0 
33 1 30.0 
85 84 58.0 
232 231 43.0 
260 258 55.0 
42 41 31.0 
115 114 40.0 
144 143 39.0 
192 63 33.0 
140 131 49.0 
283 282 50.0 
269 268 51.0 
173 170 42.0 
102 96 48.0 
81 76 31.0 
184 178 59.0 
103 102 58.0 
254 215 54.0 
101 100 42.0 
200 38 49.0 
23 19 43.0 
241 216 59.0 
235 231 57.0 
255 254 54.0 
272 271 52.0 
43 42 56.0 
153 152 59.0 
242 216 59.0 
150 149 43.0 
157 152 56.0 
168 70 52.0 
193 192 51.0 
89 84 32.0 
110 96 48.0 
161 151 34.0 
58 57 30.0 
91 84 56.0 
291 290 59.0 
44 42 39.0 
295 290 46.0 
273 271 36.0 
94 74 41.0 
6 5 53.0 
199 198 47.0 
263 257 30.0 
133 132 46.0 
274 271 46.0 
176 169 40.0 
118 114 56.0 
204 202 53.0 
298 0 30.0 
275 274 47.0 
194 193 50.0 
30 2 53.0 
225 218 45.0 
47 41 50.0 
195 193 53.0 
130 72 39.0 
34 33 39.0 
28 18 59.0 
221 219 49.0 
7 6 44.0 
61 55 38.0 
236 235 43.0 
172 171 56.0 
78 77 48.0 
119 114 35.0 
67 64 42.0 
82 76 40.0 
86 85 56.0 
98 97 53.0 
31 30 52.0 
68 67 48.0 
8 7 53.0 
9 7 30.0 
69 68 36.0 
88 85 49.0 
264 257 34.0 
128 112 37.0 
243 242 48.0 
123 114 42.0 
79 78 59.0 
49 41 51.0 
59 57 54.0 
175 170 38.0 
237 235 30.0 
162 161 49.0 
105 102 34.0 
233 232 36.0 
251 250 34.0 
276 274 38.0 
196 193 44.0 
120 119 55.0 
124 123 42.0 
158 157 42.0 
188 178 30.0 
125 123 44.0 
296 35 59.0 
278 271 51.0 
87 86 44.0 
174 173 59.0 
211 210 57.0 
145 143 43.0 
146 143 57.0 
292 291 52.0 
21 20 43.0 
24 19 35.0 
244 243 42.0 
226 225 56.0 
238 231 40.0 
246 216 33.0 
177 169 50.0 
182 179 30.0 
279 278 58.0 
234 233 56.0 
229 217 31.0 
167 71 47.0 
230 217 34.0 
27 26 51.0 
22 20 42.0 
46 42 40.0 
185 184 49.0 
205 37 35.0 
29 28 31.0 
186 184 53.0 
166 151 45.0 
147 146 30.0 
286 36 58.0 
53 51 57.0 
297 296 53.0 
104 103 33.0 
129 112 31.0 
66 65 41.0 
247 246 58.0 
116 115 51.0 
139 138 35.0 
213 207 52.0 
293 291 48.0 
10 9 57.0 
154 153 48.0 
45 44 49.0 
163 161 30.0 
106 105 40.0 
197 192 58.0 
270 268 34.0 
148 147 58.0 
284 283 54.0 
156 153 49.0 
252 251 51.0 
135 132 53.0 
99 98 33.0 
12 6 50.0 
212 210 46.0 
126 113 32.0 
11 7 49.0 
127 126 39.0 
183 182 51.0 
48 47 41.0 
189 178 42.0 
13 4 45.0 
287 36 41.0 
80 77 53.0 
25 19 44.0 
54 39 31.0 
111 110 32.0 
280 279 45.0 
155 154 41.0 
32 31 54.0 
107 106 35.0 
121 119 45.0 
159 152 56.0 
134 133 43.0 
50 41 56.0 
164 163 32.0 
253 251 42.0 
240 239 43.0 
289 288 56.0 
222 219 52.0 
248 246 35.0 
262 261 57.0 
122 121 55.0 
206 37 43.0 
181 180 47.0 
62 55 56.0 
277 276 32.0 
201 38 55.0 
294 293 33.0 
92 83 53.0 
90 89 51.0 
249 248 48.0 
299 0 40.0 
214 207 59.0 
165 163 59.0 
191 178 55.0 
245 243 37.0 
190 189 49.0 
117 116 51.0 
93 83 30.0 
187 186 52.0 
285 283 37.0 
142 131 56.0 
256 255 58.0 
227 226 35.0 
95 94 30.0 
141 140 48.0 
160 152 44.0 
17 14 35.0 
108 102 41.0 
281 278 35.0 
109 108 38.0 
PROGRAMS ASSIGNED TO NODES (nID pID1 pID2 ...):
0 1 2 3 4 5 6 7  
171 1 3 4 5 6 7  
200  
165 1 2 3 5 6  
75 1 2 3 4 5 6  
87 4 5 6  
195  
249 1 2 4 5 6 7  
85 1 2 3 7  
225 1 2 5 6  
224 3 4 5  
297 3 7  
14  
129 1 3 5 6 7  
191 6  
278  
22 4 5  
220  
237 2 6  
154 7  
12 1 2 4 5 7  
17 1 2 3 4  
184 2 3 4 6 7  
118 1 2 3 4 5 7  
108 2  
269 3 5 6  
159 3  
215 3  
150 2  
289 2 3 4 5 6 7  
209 1 2 4 5 6  
207 3 7  
121 2 3 5 6 7  
287 1 3 4 5 7  
30 1 2 3 4 7  
35 1 2 4 5 6 7  
270 2 6 7  
144  
53 4 5 6  
299  
199 1 2 3 4 6 7  
280 1 4  
71  
172  
158 3 4 5 6 7  
92 1 3 4  
226 1 2 3 5 6 7  
267 2 6 7  
99 2  
126 2 3 4 5 6 7  
170 5 7  
105 3  
295 5  
37 3  
73 2 3 4 7  
286 3 6 7  
54 5  
250  
296  
186 1 3 4 5 6 7  
72  
116 3 4 5 7  
192  
123 1 4 5  
264 1  
86 6  
93 2 3 5 6  
16 3 6  
175 2 5 7  
257 1 2 3 4 6 7  
163 2 3 5 6  
61 3 6 7  
268 6  
168  
185 2 6 7  
132 1 7  
266 1 3 4 6 7  
253  
26 3 4 5 7  
248 1 2 3 5 6 7  
246 1 3 4 7  
294 5 7  
131 2 4 5 7  
187 1 3 4 5 6  
197  
204  
81 1 2 3 4 5 6  
277 1 4 6 7  
231  
6 5 6  
10 1 2 3 4 5 6  
107 1 2 6 7  
146 1 2 3 4 5 6  
149  
152 5  
89 3 6  
127 1 3 7  
67 1 3 4 6 7  
238 1 2  
5 4 7  
84 3 4 5 7  
263 5  
265 3  
229 1 4  
276  
205 2 3 4 5 6 7  
70 4  
211 2 3 5 6 7  
79 1  
112 1 2  
66 2 3 4 5 6  
259 2 3 4 5 6 7  
134 6 7  
196  
109 1 5  
124 2 3 4 7  
104  
173 1 2 3 7  
110 2 3  
260 1 3 6  
97 4 7  
103 2 3 4 5 6 7  
47 1 2 3 4 6 7  
80 7  
143 1 3 4  
78 1 4 5 6  
262 1 3 4 7  
58 1 6  
113 1 2 3 6  
100 1 2 3 4 6 7  
256 2 3 4 5 6  
190  
213 1 2 3 4 6  
18 2 3  
271 2 3 4 5 6 7  
208 3 4 7  
21 3 5 7  
137 2 4 6  
206 2 3 4 5 6 7  
157  
33 1 2 3 5 7  
201 1 2 3 6 7  
273 4 5 6  
285 3 5 6 7  
155  
20  
11 3 4 5 7  
62 5  
234 2 3 4  
4  
193 1 6  
111 1 5  
239 1 2 4 6  
83 4 5 6 7  
96  
44 1 3 4 5 7  
45 3 4 6  
219 2 4 6  
101  
292 2 6 7  
106 1 3 5 7  
242 4 5 6 7  
139 1 2 3 4 5 7  
147 3 5  
64 2 3 4 5 6  
241 1 3 4 5 6 7  
128  
3 2 3 6 7  
43 3 4 5  
142 1 2 3 5  
254 1 2 7  
59 4 5  
63 2 3  
114 3 4 5  
272 1 4 7  
247 1 2 4 6  
240 3 4 6 7  
31 6  
178 1 2 3 4 7  
162  
160 2  
176  
23 3 4 5 6  
177 3 5  
41 2 3 4 5 7  
217 1 3 5 6 7  
145 3 4 5 7  
140 1 3 5 6  
82 3 4  
133 1 2 3 4 5 6  
68 4  
194 1 4 5 6  
252  
130 7  
9 4 7  
245 3 7  
117 2 4  
279 4  
39 4  
55 1 3 4 5 6 7  
153 1 2 4  
136 1 2 5 7  
2 1 3 4 5 6 7  
182 1 2 3 4 6 7  
57 2 5 6 7  
222 7  
261 5 6  
46 1 2 7  
77  
65 4  
164  
52 1 2 7  
148 2 3 5 7  
49 1 2 6  
48 3 7  
212 4 5 7  
156 4 5  
181 1 2 3 4 5 7  
91 1 2 3 4 6 7  
236  
119 1 3 4 5 7  
221 4 7  
56 3 7  
19 1 5 6 7  
28 1 2 3 5 6 7  
251 4 7  
27  
34 2 4 5  
298 1 2 3 4 5 6  
233 3 5  
188 2 3 5 6 7  
29 6  
243 1 3 4 6 7  
202 6  
38 1 4 5 7  
223 2  
290 1 2 7  
281 1 3 4 6  
151  
180 5  
42 2 3 7  
189 4 6 7  
1 5 7  
8 2 3 4 7  
60 2 3 6  
90 1 2 5 6 7  
284 1 3 4 5 6 7  
95  
36 6  
88 1 2 3 4 7  
141 1  
69 1 3 4 5 6 7  
283 1 2 3 6  
274 1  
227 1 2  
166  
255  
102  
50  
167 1 2 4 5 6 7  
15 1 2 3 4 5 6  
161 1 3 5 7  
40 5  
125 1 3 4 5 6 7  
138 1 2 3 4 6 7  
198 2  
179  
228 5 7  
275 1 2 3 5 6  
24 1 3 5 6  
218  
291  
214  
135 1 2 3 4 5 6  
25 5 6  
288 2 3  
120 1 2 5 6 7  
115 1 3 4 5 6 7  
282 1 4 5 7  
94 2 3 4  
76 1 2 4 6 7  
244 3  
174 1 2 3 4 5 7  
122 2 7  
7 1 4 5 6 7  
230 3 6  
13 1 2 4 5 6 7  
293 2 6  
51 3 4 5 6 7  
98 1 4 7  
169 1 2 3 6 7  
32 1 5 6 7  
203 2 3 4 5 6 7  
216  
74  
232 1 2 3 5 6 7  
258 2  
183 5  
235 4 5 6 7  
210 1 2 3 4 5 7  
SIZE OF PROGRAMS (pID SIZE):
1 66.0 
2 61.0 
3 88.0 
4 83.0 
5 73.0 
6 57.0 
7 87.0 
COST_INSTALL_SERVER_AND_PROGRAMS :
0 2755.681818181818 2.25 2.0795454545454546 3.0 2.8295454545454546 2.4886363636363638 1.9431818181818181 2.965909090909091  
171 46.745054492792384 1.5 1.3863636363636365 2.0 1.8863636363636365 1.6590909090909092 1.2954545454545454 1.9772727272727273  
200 68.0 1.5 1.3863636363636365 2.0 1.8863636363636365 1.6590909090909092 1.2954545454545454 1.9772727272727273  
165 35.95242612204056 1.5 1.3863636363636365 2.0 1.8863636363636365 1.6590909090909092 1.2954545454545454 1.9772727272727273  
75 8.117836793621256 2.25 2.0795454545454546 3.0 2.8295454545454546 2.4886363636363638 1.9431818181818181 2.965909090909091  
87 34.408106387601485 2.25 2.0795454545454546 3.0 2.8295454545454546 2.4886363636363638 1.9431818181818181 2.965909090909091  
195 69.0 1.5 1.3863636363636365 2.0 1.8863636363636365 1.6590909090909092 1.2954545454545454 1.9772727272727273  
249 60.672661949427166 1.5 1.3863636363636365 2.0 1.8863636363636365 1.6590909090909092 1.2954545454545454 1.9772727272727273  
85 85.37204205081446 2.25 2.0795454545454546 3.0 2.8295454545454546 2.4886363636363638 1.9431818181818181 2.965909090909091  
225 23.026312068409638 1.5 1.3863636363636365 2.0 1.8863636363636365 1.6590909090909092 1.2954545454545454 1.9772727272727273  
224 12.49148077218544 1.5 1.3863636363636365 2.0 1.8863636363636365 1.6590909090909092 1.2954545454545454 1.9772727272727273  
297 0.5722088309114965 1.5 1.3863636363636365 2.0 1.8863636363636365 1.6590909090909092 1.2954545454545454 1.9772727272727273  
14 22.566226539418018 2.25 2.0795454545454546 3.0 2.8295454545454546 2.4886363636363638 1.9431818181818181 2.965909090909091  
129 20.451639039882142 1.5 1.3863636363636365 2.0 1.8863636363636365 1.6590909090909092 1.2954545454545454 1.9772727272727273  
191 0.7089710939470619 2.25 2.0795454545454546 3.0 2.8295454545454546 2.4886363636363638 1.9431818181818181 2.965909090909091  
278 3.3710024894947868 1.5 1.3863636363636365 2.0 1.8863636363636365 1.6590909090909092 1.2954545454545454 1.9772727272727273  
22 1.7362559989481292 1.5 1.3863636363636365 2.0 1.8863636363636365 1.6590909090909092 1.2954545454545454 1.9772727272727273  
220 57.0 1.5 1.3863636363636365 2.0 1.8863636363636365 1.6590909090909092 1.2954545454545454 1.9772727272727273  
237 1.7304609628219803 1.5 1.3863636363636365 2.0 1.8863636363636365 1.6590909090909092 1.2954545454545454 1.9772727272727273  
154 11.015169792784231 2.25 2.0795454545454546 3.0 2.8295454545454546 2.4886363636363638 1.9431818181818181 2.965909090909091  
12 43.28989685715778 2.25 2.0795454545454546 3.0 2.8295454545454546 2.4886363636363638 1.9431818181818181 2.965909090909091  
17 25.02875061109103 2.25 2.0795454545454546 3.0 2.8295454545454546 2.4886363636363638 1.9431818181818181 2.965909090909091  
184 45.980469642746534 2.25 2.0795454545454546 3.0 2.8295454545454546 2.4886363636363638 1.9431818181818181 2.965909090909091  
118 44.7705038353 1.5 1.3863636363636365 2.0 1.8863636363636365 1.6590909090909092 1.2954545454545454 1.9772727272727273  
108 14.646189987625705 2.25 2.0795454545454546 3.0 2.8295454545454546 2.4886363636363638 1.9431818181818181 2.965909090909091  
269 13.362774206106748 2.25 2.0795454545454546 3.0 2.8295454545454546 2.4886363636363638 1.9431818181818181 2.965909090909091  
159 1.681620471407931 2.25 2.0795454545454546 3.0 2.8295454545454546 2.4886363636363638 1.9431818181818181 2.965909090909091  
215 14.696079068719227 2.25 2.0795454545454546 3.0 2.8295454545454546 2.4886363636363638 1.9431818181818181 2.965909090909091  
150 6.59015128242659 1.5 1.3863636363636365 2.0 1.8863636363636365 1.6590909090909092 1.2954545454545454 1.9772727272727273  
289 8.195078940667177 2.25 2.0795454545454546 3.0 2.8295454545454546 2.4886363636363638 1.9431818181818181 2.965909090909091  
209 3.3228966685488417 2.25 2.0795454545454546 3.0 2.8295454545454546 2.4886363636363638 1.9431818181818181 2.965909090909091  
207 26.086917286677508 1.5 1.3863636363636365 2.0 1.8863636363636365 1.6590909090909092 1.2954545454545454 1.9772727272727273  
121 10.065163964037309 2.25 2.0795454545454546 3.0 2.8295454545454546 2.4886363636363638 1.9431818181818181 2.965909090909091  
287 4.553319483903977 1.5 1.3863636363636365 2.0 1.8863636363636365 1.6590909090909092 1.2954545454545454 1.9772727272727273  
30 5.228653186436206 2.25 2.0795454545454546 3.0 2.8295454545454546 2.4886363636363638 1.9431818181818181 2.965909090909091  
35 14.0 2.25 2.0795454545454546 3.0 2.8295454545454546 2.4886363636363638 1.9431818181818181 2.965909090909091  
270 19.51004132579587 2.25 2.0795454545454546 3.0 2.8295454545454546 2.4886363636363638 1.9431818181818181 2.965909090909091  
144 68.0 1.5 1.3863636363636365 2.0 1.8863636363636365 1.6590909090909092 1.2954545454545454 1.9772727272727273  
53 8.737203140281274 2.25 2.0795454545454546 3.0 2.8295454545454546 2.4886363636363638 1.9431818181818181 2.965909090909091  
299 94.0 2.25 2.0795454545454546 3.0 2.8295454545454546 2.4886363636363638 1.9431818181818181 2.965909090909091  
199 45.33858786223652 1.5 1.3863636363636365 2.0 1.8863636363636365 1.6590909090909092 1.2954545454545454 1.9772727272727273  
280 2.296440897307096 1.5 1.3863636363636365 2.0 1.8863636363636365 1.6590909090909092 1.2954545454545454 1.9772727272727273  
71 29.14059558539754 2.25 2.0795454545454546 3.0 2.8295454545454546 2.4886363636363638 1.9431818181818181 2.965909090909091  
172 70.0 1.5 1.3863636363636365 2.0 1.8863636363636365 1.6590909090909092 1.2954545454545454 1.9772727272727273  
158 67.3067104660411 1.5 1.3863636363636365 2.0 1.8863636363636365 1.6590909090909092 1.2954545454545454 1.9772727272727273  
92 4.942327101246542 2.25 2.0795454545454546 3.0 2.8295454545454546 2.4886363636363638 1.9431818181818181 2.965909090909091  
226 33.03732162305322 2.25 2.0795454545454546 3.0 2.8295454545454546 2.4886363636363638 1.9431818181818181 2.965909090909091  
267 18.32315159265287 2.25 2.0795454545454546 3.0 2.8295454545454546 2.4886363636363638 1.9431818181818181 2.965909090909091  
99 8.581062474925679 2.25 2.0795454545454546 3.0 2.8295454545454546 2.4886363636363638 1.9431818181818181 2.965909090909091  
126 12.310904415722785 1.5 1.3863636363636365 2.0 1.8863636363636365 1.6590909090909092 1.2954545454545454 1.9772727272727273  
170 35.95029693606508 2.25 2.0795454545454546 3.0 2.8295454545454546 2.4886363636363638 1.9431818181818181 2.965909090909091  
105 48.92309795076859 2.25 2.0795454545454546 3.0 2.8295454545454546 2.4886363636363638 1.9431818181818181 2.965909090909091  
295 1.4128156242734247 2.25 2.0795454545454546 3.0 2.8295454545454546 2.4886363636363638 1.9431818181818181 2.965909090909091  
37 16.518451377586604 2.25 2.0795454545454546 3.0 2.8295454545454546 2.4886363636363638 1.9431818181818181 2.965909090909091  
73 5.340926441937896 2.25 2.0795454545454546 3.0 2.8295454545454546 2.4886363636363638 1.9431818181818181 2.965909090909091  
286 1.9891924358676265 2.25 2.0795454545454546 3.0 2.8295454545454546 2.4886363636363638 1.9431818181818181 2.965909090909091  
54 4.82563485361657 2.25 2.0795454545454546 3.0 2.8295454545454546 2.4886363636363638 1.9431818181818181 2.965909090909091  
250 0.9853556635732782 2.25 2.0795454545454546 3.0 2.8295454545454546 2.4886363636363638 1.9431818181818181 2.965909090909091  
296 0.2420201516662135 1.5 1.3863636363636365 2.0 1.8863636363636365 1.6590909090909092 1.2954545454545454 1.9772727272727273  
186 61.71210469550074 2.25 2.0795454545454546 3.0 2.8295454545454546 2.4886363636363638 1.9431818181818181 2.965909090909091  
72 38.53191161733858 1.5 1.3863636363636365 2.0 1.8863636363636365 1.6590909090909092 1.2954545454545454 1.9772727272727273  
116 65.89887898247778 1.5 1.3863636363636365 2.0 1.8863636363636365 1.6590909090909092 1.2954545454545454 1.9772727272727273  
192 8.635226255136521 2.25 2.0795454545454546 3.0 2.8295454545454546 2.4886363636363638 1.9431818181818181 2.965909090909091  
123 46.75396406614083 1.5 1.3863636363636365 2.0 1.8863636363636365 1.6590909090909092 1.2954545454545454 1.9772727272727273  
264 3.2220460358056267 1.5 1.3863636363636365 2.0 1.8863636363636365 1.6590909090909092 1.2954545454545454 1.9772727272727273  
86 32.95583366032876 1.5 1.3863636363636365 2.0 1.8863636363636365 1.6590909090909092 1.2954545454545454 1.9772727272727273  
93 45.77169027981424 1.5 1.3863636363636365 2.0 1.8863636363636365 1.6590909090909092 1.2954545454545454 1.9772727272727273  
16 11.549238773440903 1.5 1.3863636363636365 2.0 1.8863636363636365 1.6590909090909092 1.2954545454545454 1.9772727272727273  
175 26.798642021692494 2.25 2.0795454545454546 3.0 2.8295454545454546 2.4886363636363638 1.9431818181818181 2.965909090909091  
257 12.542123924668674 2.25 2.0795454545454546 3.0 2.8295454545454546 2.4886363636363638 1.9431818181818181 2.965909090909091  
163 31.719664180592183 2.25 2.0795454545454546 3.0 2.8295454545454546 2.4886363636363638 1.9431818181818181 2.965909090909091  
61 8.827440661891744 2.25 2.0795454545454546 3.0 2.8295454545454546 2.4886363636363638 1.9431818181818181 2.965909090909091  
268 8.057274223229138 2.25 2.0795454545454546 3.0 2.8295454545454546 2.4886363636363638 1.9431818181818181 2.965909090909091  
168 29.0 2.25 2.0795454545454546 3.0 2.8295454545454546 2.4886363636363638 1.9431818181818181 2.965909090909091  
185 25.0147011841616 2.25 2.0795454545454546 3.0 2.8295454545454546 2.4886363636363638 1.9431818181818181 2.965909090909091  
132 75.492995608957 2.25 2.0795454545454546 3.0 2.8295454545454546 2.4886363636363638 1.9431818181818181 2.965909090909091  
266 13.878755694196872 2.25 2.0795454545454546 3.0 2.8295454545454546 2.4886363636363638 1.9431818181818181 2.965909090909091  
253 70.0 1.5 1.3863636363636365 2.0 1.8863636363636365 1.6590909090909092 1.2954545454545454 1.9772727272727273  
26 12.237770374279807 2.25 2.0795454545454546 3.0 2.8295454545454546 2.4886363636363638 1.9431818181818181 2.965909090909091  
248 31.21891358321985 1.5 1.3863636363636365 2.0 1.8863636363636365 1.6590909090909092 1.2954545454545454 1.9772727272727273  
246 5.10097428819666 1.5 1.3863636363636365 2.0 1.8863636363636365 1.6590909090909092 1.2954545454545454 1.9772727272727273  
294 1.257639203601317 2.25 2.0795454545454546 3.0 2.8295454545454546 2.4886363636363638 1.9431818181818181 2.965909090909091  
131 17.665940014135682 2.25 2.0795454545454546 3.0 2.8295454545454546 2.4886363636363638 1.9431818181818181 2.965909090909091  
187 16.8928199584144 1.5 1.3863636363636365 2.0 1.8863636363636365 1.6590909090909092 1.2954545454545454 1.9772727272727273  
197 60.0 2.25 2.0795454545454546 3.0 2.8295454545454546 2.4886363636363638 1.9431818181818181 2.965909090909091  
204 109.0 2.25 2.0795454545454546 3.0 2.8295454545454546 2.4886363636363638 1.9431818181818181 2.965909090909091  
81 48.66379422920795 2.25 2.0795454545454546 3.0 2.8295454545454546 2.4886363636363638 1.9431818181818181 2.965909090909091  
277 15.325982532087199 1.5 1.3863636363636365 2.0 1.8863636363636365 1.6590909090909092 1.2954545454545454 1.9772727272727273  
231 36.94977919741935 2.25 2.0795454545454546 3.0 2.8295454545454546 2.4886363636363638 1.9431818181818181 2.965909090909091  
6 52.90230538436393 2.25 2.0795454545454546 3.0 2.8295454545454546 2.4886363636363638 1.9431818181818181 2.965909090909091  
10 51.42836728230105 2.25 2.0795454545454546 3.0 2.8295454545454546 2.4886363636363638 1.9431818181818181 2.965909090909091  
107 36.29018383062777 2.25 2.0795454545454546 3.0 2.8295454545454546 2.4886363636363638 1.9431818181818181 2.965909090909091  
146 19.574237976784236 2.25 2.0795454545454546 3.0 2.8295454545454546 2.4886363636363638 1.9431818181818181 2.965909090909091  
149 5.738988491728917 1.5 1.3863636363636365 2.0 1.8863636363636365 1.6590909090909092 1.2954545454545454 1.9772727272727273  
152 53.5299525918077 2.25 2.0795454545454546 3.0 2.8295454545454546 2.4886363636363638 1.9431818181818181 2.965909090909091  
89 26.650521028467065 1.5 1.3863636363636365 2.0 1.8863636363636365 1.6590909090909092 1.2954545454545454 1.9772727272727273  
127 38.27384334678966 1.5 1.3863636363636365 2.0 1.8863636363636365 1.6590909090909092 1.2954545454545454 1.9772727272727273  
67 35.114356762871054 2.25 2.0795454545454546 3.0 2.8295454545454546 2.4886363636363638 1.9431818181818181 2.965909090909091  
238 6.021109210351368 2.25 2.0795454545454546 3.0 2.8295454545454546 2.4886363636363638 1.9431818181818181 2.965909090909091  
5 32.29280037531077 2.25 2.0795454545454546 3.0 2.8295454545454546 2.4886363636363638 1.9431818181818181 2.965909090909091  
84 111.85931556363448 1.5 1.3863636363636365 2.0 1.8863636363636365 1.6590909090909092 1.2954545454545454 1.9772727272727273  
263 0.6225904828334495 1.5 1.3863636363636365 2.0 1.8863636363636365 1.6590909090909092 1.2954545454545454 1.9772727272727273  
265 9.872779101759278 1.5 1.3863636363636365 2.0 1.8863636363636365 1.6590909090909092 1.2954545454545454 1.9772727272727273  
229 1.8774458717971176 1.5 1.3863636363636365 2.0 1.8863636363636365 1.6590909090909092 1.2954545454545454 1.9772727272727273  
276 29.351250908203465 1.5 1.3863636363636365 2.0 1.8863636363636365 1.6590909090909092 1.2954545454545454 1.9772727272727273  
205 18.531002142723906 2.25 2.0795454545454546 3.0 2.8295454545454546 2.4886363636363638 1.9431818181818181 2.965909090909091  
70 20.053967100465915 1.5 1.3863636363636365 2.0 1.8863636363636365 1.6590909090909092 1.2954545454545454 1.9772727272727273  
211 19.65351788445771 1.5 1.3863636363636365 2.0 1.8863636363636365 1.6590909090909092 1.2954545454545454 1.9772727272727273  
79 1.6511803609362095 1.5 1.3863636363636365 2.0 1.8863636363636365 1.6590909090909092 1.2954545454545454 1.9772727272727273  
112 39.89826851256199 2.25 2.0795454545454546 3.0 2.8295454545454546 2.4886363636363638 1.9431818181818181 2.965909090909091  
66 12.997482489991796 2.25 2.0795454545454546 3.0 2.8295454545454546 2.4886363636363638 1.9431818181818181 2.965909090909091  
259 30.576209686367697 2.25 2.0795454545454546 3.0 2.8295454545454546 2.4886363636363638 1.9431818181818181 2.965909090909091  
134 14.278084236175252 1.5 1.3863636363636365 2.0 1.8863636363636365 1.6590909090909092 1.2954545454545454 1.9772727272727273  
196 17.0 2.25 2.0795454545454546 3.0 2.8295454545454546 2.4886363636363638 1.9431818181818181 2.965909090909091  
109 14.872255181810639 1.5 1.3863636363636365 2.0 1.8863636363636365 1.6590909090909092 1.2954545454545454 1.9772727272727273  
124 27.101619201829017 1.5 1.3863636363636365 2.0 1.8863636363636365 1.6590909090909092 1.2954545454545454 1.9772727272727273  
104 28.0 2.25 2.0795454545454546 3.0 2.8295454545454546 2.4886363636363638 1.9431818181818181 2.965909090909091  
173 33.9291666544476 2.25 2.0795454545454546 3.0 2.8295454545454546 2.4886363636363638 1.9431818181818181 2.965909090909091  
110 47.91079799181042 2.25 2.0795454545454546 3.0 2.8295454545454546 2.4886363636363638 1.9431818181818181 2.965909090909091  
260 1.9822263371751867 1.5 1.3863636363636365 2.0 1.8863636363636365 1.6590909090909092 1.2954545454545454 1.9772727272727273  
97 52.563994471607685 1.5 1.3863636363636365 2.0 1.8863636363636365 1.6590909090909092 1.2954545454545454 1.9772727272727273  
103 73.88421998937186 2.25 2.0795454545454546 3.0 2.8295454545454546 2.4886363636363638 1.9431818181818181 2.965909090909091  
47 46.903549378230046 1.5 1.3863636363636365 2.0 1.8863636363636365 1.6590909090909092 1.2954545454545454 1.9772727272727273  
80 12.071995479615513 1.5 1.3863636363636365 2.0 1.8863636363636365 1.6590909090909092 1.2954545454545454 1.9772727272727273  
143 29.334829383344324 1.5 1.3863636363636365 2.0 1.8863636363636365 1.6590909090909092 1.2954545454545454 1.9772727272727273  
78 45.54975846163242 1.5 1.3863636363636365 2.0 1.8863636363636365 1.6590909090909092 1.2954545454545454 1.9772727272727273  
262 24.24165787638125 2.25 2.0795454545454546 3.0 2.8295454545454546 2.4886363636363638 1.9431818181818181 2.965909090909091  
58 9.299446063150931 1.5 1.3863636363636365 2.0 1.8863636363636365 1.6590909090909092 1.2954545454545454 1.9772727272727273  
113 37.45535295502974 1.5 1.3863636363636365 2.0 1.8863636363636365 1.6590909090909092 1.2954545454545454 1.9772727272727273  
100 56.28232569895666 2.25 2.0795454545454546 3.0 2.8295454545454546 2.4886363636363638 1.9431818181818181 2.965909090909091  
256 19.08107870963664 2.25 2.0795454545454546 3.0 2.8295454545454546 2.4886363636363638 1.9431818181818181 2.965909090909091  
190 25.0 2.25 2.0795454545454546 3.0 2.8295454545454546 2.4886363636363638 1.9431818181818181 2.965909090909091  
213 12.7416955806342 2.25 2.0795454545454546 3.0 2.8295454545454546 2.4886363636363638 1.9431818181818181 2.965909090909091  
18 5.228653186436206 2.25 2.0795454545454546 3.0 2.8295454545454546 2.4886363636363638 1.9431818181818181 2.965909090909091  
271 15.084846559128804 2.25 2.0795454545454546 3.0 2.8295454545454546 2.4886363636363638 1.9431818181818181 2.965909090909091  
208 18.083348107029366 2.25 2.0795454545454546 3.0 2.8295454545454546 2.4886363636363638 1.9431818181818181 2.965909090909091  
21 9.612644440181871 1.5 1.3863636363636365 2.0 1.8863636363636365 1.6590909090909092 1.2954545454545454 1.9772727272727273  
137 12.324204564039535 2.25 2.0795454545454546 3.0 2.8295454545454546 2.4886363636363638 1.9431818181818181 2.965909090909091  
206 11.692900282076808 1.5 1.3863636363636365 2.0 1.8863636363636365 1.6590909090909092 1.2954545454545454 1.9772727272727273  
157 69.20123030824152 2.25 2.0795454545454546 3.0 2.8295454545454546 2.4886363636363638 1.9431818181818181 2.965909090909091  
33 0.8460722610722613 2.25 2.0795454545454546 3.0 2.8295454545454546 2.4886363636363638 1.9431818181818181 2.965909090909091  
201 10.628359409867256 2.25 2.0795454545454546 3.0 2.8295454545454546 2.4886363636363638 1.9431818181818181 2.965909090909091  
273 8.309808706332237 2.25 2.0795454545454546 3.0 2.8295454545454546 2.4886363636363638 1.9431818181818181 2.965909090909091  
285 10.947418938277368 1.5 1.3863636363636365 2.0 1.8863636363636365 1.6590909090909092 1.2954545454545454 1.9772727272727273  
155 76.0 1.5 1.3863636363636365 2.0 1.8863636363636365 1.6590909090909092 1.2954545454545454 1.9772727272727273  
20 7.559242418878867 2.25 2.0795454545454546 3.0 2.8295454545454546 2.4886363636363638 1.9431818181818181 2.965909090909091  
11 14.745283421232292 2.25 2.0795454545454546 3.0 2.8295454545454546 2.4886363636363638 1.9431818181818181 2.965909090909091  
62 0.8148063861366723 1.5 1.3863636363636365 2.0 1.8863636363636365 1.6590909090909092 1.2954545454545454 1.9772727272727273  
234 3.8201763972470846 1.5 1.3863636363636365 2.0 1.8863636363636365 1.6590909090909092 1.2954545454545454 1.9772727272727273  
4 15.839417187422502 2.25 2.0795454545454546 3.0 2.8295454545454546 2.4886363636363638 1.9431818181818181 2.965909090909091  
193 33.68261726808335 1.5 1.3863636363636365 2.0 1.8863636363636365 1.6590909090909092 1.2954545454545454 1.9772727272727273  
111 3.003665478727488 2.25 2.0795454545454546 3.0 2.8295454545454546 2.4886363636363638 1.9431818181818181 2.965909090909091  
239 19.720215027970823 2.25 2.0795454545454546 3.0 2.8295454545454546 2.4886363636363638 1.9431818181818181 2.965909090909091  
83 95.23758878497836 2.25 2.0795454545454546 3.0 2.8295454545454546 2.4886363636363638 1.9431818181818181 2.965909090909091  
96 31.610684875933686 1.5 1.3863636363636365 2.0 1.8863636363636365 1.6590909090909092 1.2954545454545454 1.9772727272727273  
44 59.729674419908825 1.5 1.3863636363636365 2.0 1.8863636363636365 1.6590909090909092 1.2954545454545454 1.9772727272727273  
45 39.726995738723225 2.25 2.0795454545454546 3.0 2.8295454545454546 2.4886363636363638 1.9431818181818181 2.965909090909091  
219 25.776457850313477 2.25 2.0795454545454546 3.0 2.8295454545454546 2.4886363636363638 1.9431818181818181 2.965909090909091  
101 27.0 1.5 1.3863636363636365 2.0 1.8863636363636365 1.6590909090909092 1.2954545454545454 1.9772727272727273  
292 5.743713265797014 2.25 2.0795454545454546 3.0 2.8295454545454546 2.4886363636363638 1.9431818181818181 2.965909090909091  
106 103.62631882345214 1.5 1.3863636363636365 2.0 1.8863636363636365 1.6590909090909092 1.2954545454545454 1.9772727272727273  
242 13.016337721423467 2.25 2.0795454545454546 3.0 2.8295454545454546 2.4886363636363638 1.9431818181818181 2.965909090909091  
139 90.89372484972122 2.25 2.0795454545454546 3.0 2.8295454545454546 2.4886363636363638 1.9431818181818181 2.965909090909091  
147 33.00466578722747 1.5 1.3863636363636365 2.0 1.8863636363636365 1.6590909090909092 1.2954545454545454 1.9772727272727273  
64 16.472012987261795 2.25 2.0795454545454546 3.0 2.8295454545454546 2.4886363636363638 1.9431818181818181 2.965909090909091  
241 26.12203040588337 1.5 1.3863636363636365 2.0 1.8863636363636365 1.6590909090909092 1.2954545454545454 1.9772727272727273  
128 57.0 2.25 2.0795454545454546 3.0 2.8295454545454546 2.4886363636363638 1.9431818181818181 2.965909090909091  
3 1.617947478053861 2.25 2.0795454545454546 3.0 2.8295454545454546 2.4886363636363638 1.9431818181818181 2.965909090909091  
43 4.313861733906739 2.25 2.0795454545454546 3.0 2.8295454545454546 2.4886363636363638 1.9431818181818181 2.965909090909091  
142 36.626214435890766 1.5 1.3863636363636365 2.0 1.8863636363636365 1.6590909090909092 1.2954545454545454 1.9772727272727273  
254 22.802560550200702 2.25 2.0795454545454546 3.0 2.8295454545454546 2.4886363636363638 1.9431818181818181 2.965909090909091  
59 10.024756097503735 2.25 2.0795454545454546 3.0 2.8295454545454546 2.4886363636363638 1.9431818181818181 2.965909090909091  
63 26.02687796373306 1.5 1.3863636363636365 2.0 1.8863636363636365 1.6590909090909092 1.2954545454545454 1.9772727272727273  
114 12.132084971278342 1.5 1.3863636363636365 2.0 1.8863636363636365 1.6590909090909092 1.2954545454545454 1.9772727272727273  
272 2.6970758432925486 1.5 1.3863636363636365 2.0 1.8863636363636365 1.6590909090909092 1.2954545454545454 1.9772727272727273  
247 2.8015185229848982 2.25 2.0795454545454546 3.0 2.8295454545454546 2.4886363636363638 1.9431818181818181 2.965909090909091  
240 30.522806014165486 2.25 2.0795454545454546 3.0 2.8295454545454546 2.4886363636363638 1.9431818181818181 2.965909090909091  
31 8.43370992215332 1.5 1.3863636363636365 2.0 1.8863636363636365 1.6590909090909092 1.2954545454545454 1.9772727272727273  
178 32.81551432736943 2.25 2.0795454545454546 3.0 2.8295454545454546 2.4886363636363638 1.9431818181818181 2.965909090909091  
162 92.0 2.25 2.0795454545454546 3.0 2.8295454545454546 2.4886363636363638 1.9431818181818181 2.965909090909091  
160 1.2646947098882895 1.5 1.3863636363636365 2.0 1.8863636363636365 1.6590909090909092 1.2954545454545454 1.9772727272727273  
176 78.0 1.5 1.3863636363636365 2.0 1.8863636363636365 1.6590909090909092 1.2954545454545454 1.9772727272727273  
23 2.5992706821480405 1.5 1.3863636363636365 2.0 1.8863636363636365 1.6590909090909092 1.2954545454545454 1.9772727272727273  
177 1.8451384487723232 2.25 2.0795454545454546 3.0 2.8295454545454546 2.4886363636363638 1.9431818181818181 2.965909090909091  
41 30.98968324290911 2.25 2.0795454545454546 3.0 2.8295454545454546 2.4886363636363638 1.9431818181818181 2.965909090909091  
217 9.545942148442483 2.25 2.0795454545454546 3.0 2.8295454545454546 2.4886363636363638 1.9431818181818181 2.965909090909091  
145 18.46990458780659 1.5 1.3863636363636365 2.0 1.8863636363636365 1.6590909090909092 1.2954545454545454 1.9772727272727273  
140 34.36556896122201 2.25 2.0795454545454546 3.0 2.8295454545454546 2.4886363636363638 1.9431818181818181 2.965909090909091  
82 28.73902599847326 1.5 1.3863636363636365 2.0 1.8863636363636365 1.6590909090909092 1.2954545454545454 1.9772727272727273  
133 10.586321385289992 1.5 1.3863636363636365 2.0 1.8863636363636365 1.6590909090909092 1.2954545454545454 1.9772727272727273  
68 64.0475994398964 1.5 1.3863636363636365 2.0 1.8863636363636365 1.6590909090909092 1.2954545454545454 1.9772727272727273  
194 11.950402725724755 2.25 2.0795454545454546 3.0 2.8295454545454546 2.4886363636363638 1.9431818181818181 2.965909090909091  
252 20.0 1.5 1.3863636363636365 2.0 1.8863636363636365 1.6590909090909092 1.2954545454545454 1.9772727272727273  
130 1.5934504788085353 1.5 1.3863636363636365 2.0 1.8863636363636365 1.6590909090909092 1.2954545454545454 1.9772727272727273  
9 39.48674376534281 2.25 2.0795454545454546 3.0 2.8295454545454546 2.4886363636363638 1.9431818181818181 2.965909090909091  
245 9.266142542252785 2.25 2.0795454545454546 3.0 2.8295454545454546 2.4886363636363638 1.9431818181818181 2.965909090909091  
117 33.09683275167924 1.5 1.3863636363636365 2.0 1.8863636363636365 1.6590909090909092 1.2954545454545454 1.9772727272727273  
279 1.7960116043778038 2.25 2.0795454545454546 3.0 2.8295454545454546 2.4886363636363638 1.9431818181818181 2.965909090909091  
39 10.345306509127171 1.5 1.3863636363636365 2.0 1.8863636363636365 1.6590909090909092 1.2954545454545454 1.9772727272727273  
55 4.243421498354337 2.25 2.0795454545454546 3.0 2.8295454545454546 2.4886363636363638 1.9431818181818181 2.965909090909091  
153 65.67730463170156 2.25 2.0795454545454546 3.0 2.8295454545454546 2.4886363636363638 1.9431818181818181 2.965909090909091  
136 25.755939474632697 2.25 2.0795454545454546 3.0 2.8295454545454546 2.4886363636363638 1.9431818181818181 2.965909090909091  
2 1.1074300699300703 1.5 1.3863636363636365 2.0 1.8863636363636365 1.6590909090909092 1.2954545454545454 1.9772727272727273  
182 20.996442872763538 1.5 1.3863636363636365 2.0 1.8863636363636365 1.6590909090909092 1.2954545454545454 1.9772727272727273  
57 29.29059893851525 2.25 2.0795454545454546 3.0 2.8295454545454546 2.4886363636363638 1.9431818181818181 2.965909090909091  
222 1.2796845935861016 2.25 2.0795454545454546 3.0 2.8295454545454546 2.4886363636363638 1.9431818181818181 2.965909090909091  
261 28.44843740658318 1.5 1.3863636363636365 2.0 1.8863636363636365 1.6590909090909092 1.2954545454545454 1.9772727272727273  
46 23.617956243766844 2.25 2.0795454545454546 3.0 2.8295454545454546 2.4886363636363638 1.9431818181818181 2.965909090909091  
77 20.729884412981693 1.5 1.3863636363636365 2.0 1.8863636363636365 1.6590909090909092 1.2954545454545454 1.9772727272727273  
65 37.25053830846721 2.25 2.0795454545454546 3.0 2.8295454545454546 2.4886363636363638 1.9431818181818181 2.965909090909091  
164 57.0 1.5 1.3863636363636365 2.0 1.8863636363636365 1.6590909090909092 1.2954545454545454 1.9772727272727273  
52 16.00575048962561 2.25 2.0795454545454546 3.0 2.8295454545454546 2.4886363636363638 1.9431818181818181 2.965909090909091  
148 20.347666243496352 2.25 2.0795454545454546 3.0 2.8295454545454546 2.4886363636363638 1.9431818181818181 2.965909090909091  
49 17.404988812696725 1.5 1.3863636363636365 2.0 1.8863636363636365 1.6590909090909092 1.2954545454545454 1.9772727272727273  
48 13.834751607810594 1.5 1.3863636363636365 2.0 1.8863636363636365 1.6590909090909092 1.2954545454545454 1.9772727272727273  
212 7.968518600325504 1.5 1.3863636363636365 2.0 1.8863636363636365 1.6590909090909092 1.2954545454545454 1.9772727272727273  
156 15.004296221817164 1.5 1.3863636363636365 2.0 1.8863636363636365 1.6590909090909092 1.2954545454545454 1.9772727272727273  
181 8.662719076023922 1.5 1.3863636363636365 2.0 1.8863636363636365 1.6590909090909092 1.2954545454545454 1.9772727272727273  
91 101.79981452890644 1.5 1.3863636363636365 2.0 1.8863636363636365 1.6590909090909092 1.2954545454545454 1.9772727272727273  
236 107.0 2.25 2.0795454545454546 3.0 2.8295454545454546 2.4886363636363638 1.9431818181818181 2.965909090909091  
119 126.92829113230147 2.25 2.0795454545454546 3.0 2.8295454545454546 2.4886363636363638 1.9431818181818181 2.965909090909091  
221 2.520548812491005 2.25 2.0795454545454546 3.0 2.8295454545454546 2.4886363636363638 1.9431818181818181 2.965909090909091  
56 35.6892839308375 1.5 1.3863636363636365 2.0 1.8863636363636365 1.6590909090909092 1.2954545454545454 1.9772727272727273  
19 9.059547622189129 2.25 2.0795454545454546 3.0 2.8295454545454546 2.4886363636363638 1.9431818181818181 2.965909090909091  
28 7.657738794623987 2.25 2.0795454545454546 3.0 2.8295454545454546 2.4886363636363638 1.9431818181818181 2.965909090909091  
251 12.868787360122406 1.5 1.3863636363636365 2.0 1.8863636363636365 1.6590909090909092 1.2954545454545454 1.9772727272727273  
27 66.0 1.5 1.3863636363636365 2.0 1.8863636363636365 1.6590909090909092 1.2954545454545454 1.9772727272727273  
34 3.350474941724941 2.25 2.0795454545454546 3.0 2.8295454545454546 2.4886363636363638 1.9431818181818181 2.965909090909091  
298 0.4539393939393939 1.5 1.3863636363636365 2.0 1.8863636363636365 1.6590909090909092 1.2954545454545454 1.9772727272727273  
233 4.130980893940203 2.25 2.0795454545454546 3.0 2.8295454545454546 2.4886363636363638 1.9431818181818181 2.965909090909091  
188 39.15279391669858 2.25 2.0795454545454546 3.0 2.8295454545454546 2.4886363636363638 1.9431818181818181 2.965909090909091  
29 0.5105982371147118 1.5 1.3863636363636365 2.0 1.8863636363636365 1.6590909090909092 1.2954545454545454 1.9772727272727273  
243 33.84026991039917 2.25 2.0795454545454546 3.0 2.8295454545454546 2.4886363636363638 1.9431818181818181 2.965909090909091  
202 24.214788964232692 2.25 2.0795454545454546 3.0 2.8295454545454546 2.4886363636363638 1.9431818181818181 2.965909090909091  
38 15.49278705464215 2.25 2.0795454545454546 3.0 2.8295454545454546 2.4886363636363638 1.9431818181818181 2.965909090909091  
223 0.8270079848734446 1.5 1.3863636363636365 2.0 1.8863636363636365 1.6590909090909092 1.2954545454545454 1.9772727272727273  
290 0.9647534165181222 2.25 2.0795454545454546 3.0 2.8295454545454546 2.4886363636363638 1.9431818181818181 2.965909090909091  
281 12.633007468484356 1.5 1.3863636363636365 2.0 1.8863636363636365 1.6590909090909092 1.2954545454545454 1.9772727272727273  
151 28.982434466433283 1.5 1.3863636363636365 2.0 1.8863636363636365 1.6590909090909092 1.2954545454545454 1.9772727272727273  
180 7.167796445462994 2.25 2.0795454545454546 3.0 2.8295454545454546 2.4886363636363638 1.9431818181818181 2.965909090909091  
42 38.88081227516719 2.25 2.0795454545454546 3.0 2.8295454545454546 2.4886363636363638 1.9431818181818181 2.965909090909091  
189 19.254898497745305 1.5 1.3863636363636365 2.0 1.8863636363636365 1.6590909090909092 1.2954545454545454 1.9772727272727273  
1 43.0 1.5 1.3863636363636365 2.0 1.8863636363636365 1.6590909090909092 1.2954545454545454 1.9772727272727273  
8 15.150810365476254 1.5 1.3863636363636365 2.0 1.8863636363636365 1.6590909090909092 1.2954545454545454 1.9772727272727273  
60 8.193915097696072 2.25 2.0795454545454546 3.0 2.8295454545454546 2.4886363636363638 1.9431818181818181 2.965909090909091  
90 54.131714275255156 2.25 2.0795454545454546 3.0 2.8295454545454546 2.4886363636363638 1.9431818181818181 2.965909090909091  
284 43.35511345285842 2.25 2.0795454545454546 3.0 2.8295454545454546 2.4886363636363638 1.9431818181818181 2.965909090909091  
95 23.0 2.25 2.0795454545454546 3.0 2.8295454545454546 2.4886363636363638 1.9431818181818181 2.965909090909091  
36 2.157557835387119 1.5 1.3863636363636365 2.0 1.8863636363636365 1.6590909090909092 1.2954545454545454 1.9772727272727273  
88 93.57808733916121 1.5 1.3863636363636365 2.0 1.8863636363636365 1.6590909090909092 1.2954545454545454 1.9772727272727273  
141 1.3534092311069683 1.5 1.3863636363636365 2.0 1.8863636363636365 1.6590909090909092 1.2954545454545454 1.9772727272727273  
69 64.7573038589595 1.5 1.3863636363636365 2.0 1.8863636363636365 1.6590909090909092 1.2954545454545454 1.9772727272727273  
283 19.876578588562793 2.25 2.0795454545454546 3.0 2.8295454545454546 2.4886363636363638 1.9431818181818181 2.965909090909091  
274 32.57712826285435 2.25 2.0795454545454546 3.0 2.8295454545454546 2.4886363636363638 1.9431818181818181 2.965909090909091  
227 16.869202793823536 2.25 2.0795454545454546 3.0 2.8295454545454546 2.4886363636363638 1.9431818181818181 2.965909090909091  
166 12.0 1.5 1.3863636363636365 2.0 1.8863636363636365 1.6590909090909092 1.2954545454545454 1.9772727272727273  
255 11.076181366921478 2.25 2.0795454545454546 3.0 2.8295454545454546 2.4886363636363638 1.9431818181818181 2.965909090909091  
102 10.104540916933438 1.5 1.3863636363636365 2.0 1.8863636363636365 1.6590909090909092 1.2954545454545454 1.9772727272727273  
50 50.0 1.5 1.3863636363636365 2.0 1.8863636363636365 1.6590909090909092 1.2954545454545454 1.9772727272727273  
167 15.737903003534287 1.5 1.3863636363636365 2.0 1.8863636363636365 1.6590909090909092 1.2954545454545454 1.9772727272727273  
15 18.837670304478813 2.25 2.0795454545454546 3.0 2.8295454545454546 2.4886363636363638 1.9431818181818181 2.965909090909091  
161 73.94709603851507 2.25 2.0795454545454546 3.0 2.8295454545454546 2.4886363636363638 1.9431818181818181 2.965909090909091  
40 50.0394565000254 2.25 2.0795454545454546 3.0 2.8295454545454546 2.4886363636363638 1.9431818181818181 2.965909090909091  
125 49.40171213682512 1.5 1.3863636363636365 2.0 1.8863636363636365 1.6590909090909092 1.2954545454545454 1.9772727272727273  
138 70.99214011200232 1.5 1.3863636363636365 2.0 1.8863636363636365 1.6590909090909092 1.2954545454545454 1.9772727272727273  
198 3.7964418566769824 1.5 1.3863636363636365 2.0 1.8863636363636365 1.6590909090909092 1.2954545454545454 1.9772727272727273  
179 36.17165717583413 1.5 1.3863636363636365 2.0 1.8863636363636365 1.6590909090909092 1.2954545454545454 1.9772727272727273  
228 6.92814979399984 2.25 2.0795454545454546 3.0 2.8295454545454546 2.4886363636363638 1.9431818181818181 2.965909090909091  
275 28.580041154547395 1.5 1.3863636363636365 2.0 1.8863636363636365 1.6590909090909092 1.2954545454545454 1.9772727272727273  
24 23.43088326767572 1.5 1.3863636363636365 2.0 1.8863636363636365 1.6590909090909092 1.2954545454545454 1.9772727272727273  
218 52.52408264325076 2.25 2.0795454545454546 3.0 2.8295454545454546 2.4886363636363638 1.9431818181818181 2.965909090909091  
291 2.290671621499139 2.25 2.0795454545454546 3.0 2.8295454545454546 2.4886363636363638 1.9431818181818181 2.965909090909091  
214 23.0 1.5 1.3863636363636365 2.0 1.8863636363636365 1.6590909090909092 1.2954545454545454 1.9772727272727273  
135 66.67942471467771 2.25 2.0795454545454546 3.0 2.8295454545454546 2.4886363636363638 1.9431818181818181 2.965909090909091  
25 1.1157375643224698 1.5 1.3863636363636365 2.0 1.8863636363636365 1.6590909090909092 1.2954545454545454 1.9772727272727273  
288 3.5832287460438716 1.5 1.3863636363636365 2.0 1.8863636363636365 1.6590909090909092 1.2954545454545454 1.9772727272727273  
120 9.321164209285604 2.25 2.0795454545454546 3.0 2.8295454545454546 2.4886363636363638 1.9431818181818181 2.965909090909091  
115 80.51750982767 1.5 1.3863636363636365 2.0 1.8863636363636365 1.6590909090909092 1.2954545454545454 1.9772727272727273  
282 36.462758801404014 1.5 1.3863636363636365 2.0 1.8863636363636365 1.6590909090909092 1.2954545454545454 1.9772727272727273  
94 39.52340854599602 1.5 1.3863636363636365 2.0 1.8863636363636365 1.6590909090909092 1.2954545454545454 1.9772727272727273  
76 97.5199751486147 1.5 1.3863636363636365 2.0 1.8863636363636365 1.6590909090909092 1.2954545454545454 1.9772727272727273  
244 1.0469658095561847 2.25 2.0795454545454546 3.0 2.8295454545454546 2.4886363636363638 1.9431818181818181 2.965909090909091  
174 58.59032211323546 2.25 2.0795454545454546 3.0 2.8295454545454546 2.4886363636363638 1.9431818181818181 2.965909090909091  
122 4.507339029670326 1.5 1.3863636363636365 2.0 1.8863636363636365 1.6590909090909092 1.2954545454545454 1.9772727272727273  
7 25.135457527254186 1.5 1.3863636363636365 2.0 1.8863636363636365 1.6590909090909092 1.2954545454545454 1.9772727272727273  
230 7.024335785212083 2.25 2.0795454545454546 3.0 2.8295454545454546 2.4886363636363638 1.9431818181818181 2.965909090909091  
13 10.1974066772471 1.5 1.3863636363636365 2.0 1.8863636363636365 1.6590909090909092 1.2954545454545454 1.9772727272727273  
293 4.02817162149914 2.25 2.0795454545454546 3.0 2.8295454545454546 2.4886363636363638 1.9431818181818181 2.965909090909091  
51 48.59857338230653 1.5 1.3863636363636365 2.0 1.8863636363636365 1.6590909090909092 1.2954545454545454 1.9772727272727273  
98 42.44324832068438 2.25 2.0795454545454546 3.0 2.8295454545454546 2.4886363636363638 1.9431818181818181 2.965909090909091  
169 35.32309430499167 2.25 2.0795454545454546 3.0 2.8295454545454546 2.4886363636363638 1.9431818181818181 2.965909090909091  
32 13.2245760458968 2.25 2.0795454545454546 3.0 2.8295454545454546 2.4886363636363638 1.9431818181818181 2.965909090909091  
203 35.40054071248444 1.5 1.3863636363636365 2.0 1.8863636363636365 1.6590909090909092 1.2954545454545454 1.9772727272727273  
216 14.036919535600799 2.25 2.0795454545454546 3.0 2.8295454545454546 2.4886363636363638 1.9431818181818181 2.965909090909091  
74 9.065685096827616 1.5 1.3863636363636365 2.0 1.8863636363636365 1.6590909090909092 1.2954545454545454 1.9772727272727273  
232 33.268243592159216 2.25 2.0795454545454546 3.0 2.8295454545454546 2.4886363636363638 1.9431818181818181 2.965909090909091  
258 18.533415747722007 1.5 1.3863636363636365 2.0 1.8863636363636365 1.6590909090909092 1.2954545454545454 1.9772727272727273  
183 1.3829359605470815 2.25 2.0795454545454546 3.0 2.8295454545454546 2.4886363636363638 1.9431818181818181 2.965909090909091  
235 9.814604656804143 2.25 2.0795454545454546 3.0 2.8295454545454546 2.4886363636363638 1.9431818181818181 2.965909090909091  
210 10.921238956056726 2.25 2.0795454545454546 3.0 2.8295454545454546 2.4886363636363638 1.9431818181818181 2.965909090909091  
