100 3
TREE NETWORK (nID nID Weight):
1 0 49.0 
2 1 49.0 
30 0 37.0 
41 0 32.0 
53 0 31.0 
3 2 40.0 
42 41 41.0 
4 3 40.0 
31 30 42.0 
54 53 55.0 
80 0 51.0 
89 0 39.0 
43 42 31.0 
81 80 36.0 
32 31 41.0 
44 43 39.0 
5 4 38.0 
14 2 31.0 
33 32 33.0 
34 33 52.0 
65 53 40.0 
66 65 53.0 
67 66 32.0 
15 14 39.0 
55 54 39.0 
19 2 44.0 
16 15 33.0 
57 54 43.0 
48 42 42.0 
10 3 52.0 
50 42 49.0 
93 0 31.0 
22 1 37.0 
12 3 38.0 
71 65 53.0 
58 54 56.0 
49 48 30.0 
82 81 50.0 
20 19 31.0 
6 4 41.0 
72 71 35.0 
90 89 57.0 
94 93 32.0 
69 66 53.0 
76 53 38.0 
85 80 53.0 
96 93 50.0 
87 80 44.0 
21 19 41.0 
97 93 48.0 
27 1 42.0 
59 54 50.0 
18 14 37.0 
45 44 32.0 
86 85 44.0 
83 81 42.0 
36 33 56.0 
11 10 42.0 
60 59 35.0 
17 16 53.0 
99 0 36.0 
7 6 42.0 
37 33 57.0 
28 27 47.0 
35 34 58.0 
91 89 43.0 
47 43 59.0 
77 76 48.0 
73 65 56.0 
70 69 57.0 
62 54 37.0 
23 22 30.0 
95 94 45.0 
29 27 48.0 
92 91 38.0 
63 54 43.0 
24 22 53.0 
75 65 40.0 
56 55 35.0 
78 53 59.0 
74 73 50.0 
79 53 30.0 
61 59 50.0 
25 24 58.0 
39 32 51.0 
13 12 39.0 
38 33 52.0 
88 87 45.0 
26 24 54.0 
51 41 54.0 
68 67 55.0 
98 93 53.0 
46 45 35.0 
84 81 43.0 
52 51 56.0 
8 4 42.0 
9 4 50.0 
40 32 43.0 
64 63 55.0 
PROGRAMS ASSIGNED TO NODES (nID pID1 pID2 ...):
0 1 2 3  
66 2  
76 1 3  
83 2 3  
69 1 2  
10 2  
54 2 3  
40 3  
19 1  
48  
77  
8 2  
49  
55 1 3  
7 1  
92  
6  
12 2  
14 1 2  
59 1 2  
32  
93 3  
94  
47  
38 1 3  
64 1  
89 1  
37 2 3  
36  
88  
90 1 3  
75 2 3  
98 1 3  
13  
4  
33 3  
87 1 2  
21 1 2  
73 1 3  
1 1  
50  
81 2  
31 2 3  
25 1 3  
65  
44 2 3  
28 1  
62 3  
30 2 3  
15 1  
43 1 3  
45 2  
2 2  
60  
68 3  
16 1 3  
57  
78  
5  
52  
85  
17 3  
3 1 3  
70 2 3  
84 2  
39 2  
96 1 3  
82 2 3  
46 1 3  
72 1 3  
67 3  
53 3  
27 1 3  
20 3  
18 2  
99 3  
58 1 2  
11 1 2  
22 2  
29  
63 1 3  
26  
91  
74  
80  
79 3  
35  
9 1 2  
24 3  
86 1 2  
23 1 3  
61 1 2  
95 2 3  
42  
34 1 3  
41  
71  
56 3  
97 1 3  
51  
SIZE OF PROGRAMS (pID SIZE):
1 49.0 
2 45.0 
3 43.0 
COST_INSTALL_SERVER_AND_PROGRAMS :
0 1838.7755102040817 3.0 2.7551020408163267 2.63265306122449  
66 0.4837423764393159 2.0 1.836734693877551 1.7551020408163265  
76 67.0 3.0 2.7551020408163267 2.63265306122449  
83 1.1584456004624073 2.0 1.836734693877551 1.7551020408163265  
69 3.932449398810038 3.0 2.7551020408163267 2.63265306122449  
10 3.1875641025641026 2.0 1.836734693877551 1.7551020408163265  
54 0.13184271949248913 2.0 1.836734693877551 1.7551020408163265  
40 1.4877900797761427 2.0 1.836734693877551 1.7551020408163265  
19 1.0897727272727273 2.0 1.836734693877551 1.7551020408163265  
48 108.0 2.0 1.836734693877551 1.7551020408163265  
77 64.0 2.0 1.836734693877551 1.7551020408163265  
8 1.4418367346938772 3.0 2.7551020408163267 2.63265306122449  
49 36.0 3.0 2.7551020408163267 2.63265306122449  
55 1.40588132809331 2.0 1.836734693877551 1.7551020408163265  
7 0.48117886178861796 2.0 1.836734693877551 1.7551020408163265  
92 13.0 3.0 2.7551020408163267 2.63265306122449  
6 0.2645121951219512 3.0 2.7551020408163267 2.63265306122449  
12 1.3855263157894735 2.0 1.836734693877551 1.7551020408163265  
14 3.756451612903227 2.0 1.836734693877551 1.7551020408163265  
59 0.2784614279729487 2.0 1.836734693877551 1.7551020408163265  
32 0.19183157772007942 3.0 2.7551020408163267 2.63265306122449  
93 77.0 3.0 2.7551020408163267 2.63265306122449  
94 0.8653116085143732 2.0 1.836734693877551 1.7551020408163265  
47 25.0 3.0 2.7551020408163267 2.63265306122449  
38 4.481413235768636 3.0 2.7551020408163267 2.63265306122449  
64 0.2501998226829434 2.0 1.836734693877551 1.7551020408163265  
89 39.0 2.0 1.836734693877551 1.7551020408163265  
37 5.549629763897138 2.0 1.836734693877551 1.7551020408163265  
36 42.0 2.0 1.836734693877551 1.7551020408163265  
88 82.0 2.0 1.836734693877551 1.7551020408163265  
90 1.158372120778136 3.0 2.7551020408163267 2.63265306122449  
75 0.18509545753785375 3.0 2.7551020408163267 2.63265306122449  
98 0.0948488951271318 2.0 1.836734693877551 1.7551020408163265  
13 53.0 2.0 1.836734693877551 1.7551020408163265  
4 3.603333333333334 2.0 1.836734693877551 1.7551020408163265  
33 3.1030122536220093 2.0 1.836734693877551 1.7551020408163265  
87 15.0 3.0 2.7551020408163267 2.63265306122449  
21 1.0879609937101227 3.0 2.7551020408163267 2.63265306122449  
73 0.5537766074171602 3.0 2.7551020408163267 2.63265306122449  
1 106.0 3.0 2.7551020408163267 2.63265306122449  
50 19.0 2.0 1.836734693877551 1.7551020408163265  
81 2.658174380863456 3.0 2.7551020408163267 2.63265306122449  
31 75.0 3.0 2.7551020408163267 2.63265306122449  
25 1.5743043057663377 3.0 2.7551020408163267 2.63265306122449  
65 0.7883813364055299 2.0 1.836734693877551 1.7551020408163265  
44 0.9963052031470458 2.0 1.836734693877551 1.7551020408163265  
28 0.020921985815602853 3.0 2.7551020408163267 2.63265306122449  
62 0.15759750773575662 2.0 1.836734693877551 1.7551020408163265  
30 2.588113623827909 2.0 1.836734693877551 1.7551020408163265  
15 1.4946382854216949 3.0 2.7551020408163267 2.63265306122449  
43 1.2790096029560525 3.0 2.7551020408163267 2.63265306122449  
45 1.1448383664123518 3.0 2.7551020408163267 2.63265306122449  
2 5.329070518200751E-16 2.0 1.836734693877551 1.7551020408163265  
60 12.0 2.0 1.836734693877551 1.7551020408163265  
68 2.1863302019474307 2.0 1.836734693877551 1.7551020408163265  
16 3.5163245356793733 2.0 1.836734693877551 1.7551020408163265  
57 106.0 3.0 2.7551020408163267 2.63265306122449  
78 59.0 2.0 1.836734693877551 1.7551020408163265  
5 104.0 3.0 2.7551020408163267 2.63265306122449  
52 106.0 3.0 2.7551020408163267 2.63265306122449  
85 1.110235289084187 2.0 1.836734693877551 1.7551020408163265  
17 2.2358765484580636 3.0 2.7551020408163267 2.63265306122449  
3 2.0549999999999997 2.0 1.836734693877551 1.7551020408163265  
70 0.4515568941482478 3.0 2.7551020408163267 2.63265306122449  
84 0.2542575169602724 3.0 2.7551020408163267 2.63265306122449  
39 0.9074739981688125 3.0 2.7551020408163267 2.63265306122449  
96 0.8070239192451175 2.0 1.836734693877551 1.7551020408163265  
82 1.792541727802232 2.0 1.836734693877551 1.7551020408163265  
46 7.909345110635994 3.0 2.7551020408163267 2.63265306122449  
72 4.505746291212772 2.0 1.836734693877551 1.7551020408163265  
67 1.717239292856522 2.0 1.836734693877551 1.7551020408163265  
53 3.1972679394338384 2.0 1.836734693877551 1.7551020408163265  
27 0.0312925170068028 2.0 1.836734693877551 1.7551020408163265  
20 0.23643695014662758 2.0 1.836734693877551 1.7551020408163265  
18 0.17494617725032469 3.0 2.7551020408163267 2.63265306122449  
99 77.0 2.0 1.836734693877551 1.7551020408163265  
58 1.9804423763640349 2.0 1.836734693877551 1.7551020408163265  
11 1.940215419501134 3.0 2.7551020408163267 2.63265306122449  
22 109.0 3.0 2.7551020408163267 2.63265306122449  
29 48.0 3.0 2.7551020408163267 2.63265306122449  
63 0.11473510307075846 3.0 2.7551020408163267 2.63265306122449  
26 11.0 3.0 2.7551020408163267 2.63265306122449  
91 109.0 3.0 2.7551020408163267 2.63265306122449  
74 38.0 3.0 2.7551020408163267 2.63265306122449  
80 92.0 2.0 1.836734693877551 1.7551020408163265  
79 0.01877770463023918 3.0 2.7551020408163267 2.63265306122449  
35 82.0 3.0 2.7551020408163267 2.63265306122449  
9 2.020040816326531 3.0 2.7551020408163267 2.63265306122449  
24 1.0160732931622423 2.0 1.836734693877551 1.7551020408163265  
86 109.0 3.0 2.7551020408163267 2.63265306122449  
23 0.1798051112336827 3.0 2.7551020408163267 2.63265306122449  
61 1.190040337542641 3.0 2.7551020408163267 2.63265306122449  
95 0.21565101309340928 3.0 2.7551020408163267 2.63265306122449  
42 0.20308766799402697 2.0 1.836734693877551 1.7551020408163265  
34 0.7722872632280298 2.0 1.836734693877551 1.7551020408163265  
41 0.6596619897959182 3.0 2.7551020408163267 2.63265306122449  
71 0.5940731033740339 3.0 2.7551020408163267 2.63265306122449  
56 0.18673974259227713 3.0 2.7551020408163267 2.63265306122449  
97 0.11293065613342118 2.0 1.836734693877551 1.7551020408163265  
51 45.0 2.0 1.836734693877551 1.7551020408163265  
