400 7
TREE NETWORK (nID nID Weight):
1 0 42.0 
55 0 52.0 
382 0 38.0 
56 55 40.0 
249 55 53.0 
57 56 55.0 
58 57 39.0 
95 57 46.0 
96 95 58.0 
59 58 58.0 
250 249 43.0 
2 1 31.0 
141 95 58.0 
173 56 43.0 
183 56 39.0 
339 55 59.0 
3 2 58.0 
60 59 47.0 
394 0 45.0 
302 249 52.0 
97 96 35.0 
184 183 51.0 
251 250 38.0 
23 1 39.0 
103 96 35.0 
227 56 47.0 
252 251 55.0 
352 55 30.0 
315 249 39.0 
104 103 45.0 
383 382 57.0 
142 141 48.0 
188 183 47.0 
61 59 43.0 
174 173 49.0 
370 55 56.0 
175 174 35.0 
143 142 56.0 
78 59 30.0 
340 339 36.0 
105 104 49.0 
4 3 39.0 
176 174 45.0 
157 57 36.0 
341 340 30.0 
375 55 57.0 
158 157 46.0 
62 61 55.0 
63 62 44.0 
202 183 59.0 
253 251 32.0 
203 202 48.0 
303 302 41.0 
264 251 30.0 
287 251 34.0 
106 104 45.0 
43 1 55.0 
265 264 37.0 
6 3 39.0 
122 96 58.0 
211 183 57.0 
180 173 56.0 
11 2 41.0 
316 315 59.0 
266 265 55.0 
123 122 54.0 
288 287 44.0 
5 4 53.0 
267 266 32.0 
98 97 30.0 
189 188 35.0 
64 63 36.0 
353 352 47.0 
146 142 30.0 
322 315 55.0 
115 104 35.0 
304 303 31.0 
296 251 33.0 
65 63 39.0 
8 3 42.0 
221 183 34.0 
207 202 36.0 
159 157 40.0 
69 62 31.0 
208 207 36.0 
204 203 46.0 
323 315 52.0 
324 315 32.0 
325 324 42.0 
305 302 56.0 
376 375 43.0 
326 325 34.0 
308 302 38.0 
160 159 30.0 
177 174 36.0 
222 183 45.0 
85 58 54.0 
228 227 53.0 
44 43 47.0 
181 180 50.0 
309 308 40.0 
13 2 33.0 
317 316 33.0 
124 123 53.0 
99 98 48.0 
147 142 54.0 
293 287 37.0 
269 266 41.0 
24 23 41.0 
163 157 51.0 
45 44 39.0 
254 253 32.0 
236 227 36.0 
255 253 43.0 
359 352 58.0 
344 339 52.0 
15 2 43.0 
371 370 51.0 
53 1 30.0 
362 352 44.0 
117 104 47.0 
360 359 52.0 
25 24 58.0 
125 124 50.0 
26 25 59.0 
332 249 56.0 
256 255 36.0 
86 85 32.0 
132 123 59.0 
137 96 53.0 
138 137 48.0 
397 0 32.0 
47 44 58.0 
294 293 41.0 
354 353 58.0 
33 23 59.0 
330 325 54.0 
29 25 49.0 
398 0 33.0 
212 211 45.0 
182 180 56.0 
377 376 37.0 
178 174 36.0 
268 267 45.0 
34 33 55.0 
51 43 44.0 
229 228 54.0 
270 269 55.0 
306 305 31.0 
240 56 45.0 
21 2 52.0 
134 122 30.0 
133 123 44.0 
148 147 38.0 
88 85 35.0 
364 352 55.0 
277 265 52.0 
241 240 50.0 
318 317 55.0 
242 241 36.0 
223 222 54.0 
12 11 37.0 
213 212 36.0 
361 360 48.0 
289 288 50.0 
367 352 36.0 
378 376 34.0 
285 264 57.0 
278 277 43.0 
355 354 56.0 
16 15 53.0 
89 58 34.0 
247 56 33.0 
233 228 32.0 
235 228 57.0 
179 174 43.0 
205 203 53.0 
310 309 52.0 
116 115 48.0 
333 332 43.0 
72 62 59.0 
161 159 37.0 
66 63 38.0 
386 382 43.0 
118 117 34.0 
190 189 49.0 
155 141 46.0 
193 189 57.0 
262 253 49.0 
107 106 36.0 
48 47 38.0 
356 355 59.0 
345 339 54.0 
206 205 34.0 
164 163 52.0 
149 148 56.0 
214 212 43.0 
297 296 31.0 
90 89 44.0 
197 188 31.0 
257 256 47.0 
167 57 36.0 
127 124 41.0 
128 127 46.0 
168 167 36.0 
301 251 41.0 
238 227 44.0 
363 362 32.0 
7 6 47.0 
258 257 40.0 
350 339 55.0 
153 142 59.0 
79 78 54.0 
307 306 57.0 
194 193 50.0 
282 277 53.0 
395 394 33.0 
14 13 53.0 
22 21 59.0 
30 25 32.0 
150 148 37.0 
144 143 32.0 
239 227 35.0 
263 253 33.0 
283 282 39.0 
135 122 34.0 
336 332 58.0 
151 148 45.0 
274 266 32.0 
196 189 58.0 
156 95 36.0 
284 277 51.0 
108 107 32.0 
337 249 32.0 
237 236 55.0 
346 345 36.0 
215 214 35.0 
109 108 49.0 
50 44 46.0 
9 8 44.0 
191 190 36.0 
275 266 47.0 
379 376 51.0 
195 193 42.0 
224 223 37.0 
226 222 41.0 
338 249 31.0 
102 97 36.0 
36 23 59.0 
100 98 31.0 
271 270 45.0 
129 127 45.0 
87 86 48.0 
276 275 42.0 
216 215 50.0 
91 90 32.0 
82 59 52.0 
162 161 41.0 
347 346 57.0 
73 62 34.0 
145 143 36.0 
230 229 33.0 
46 45 49.0 
27 26 30.0 
209 202 33.0 
286 285 33.0 
279 278 44.0 
120 103 35.0 
17 15 33.0 
387 386 34.0 
74 62 50.0 
342 340 38.0 
152 151 34.0 
28 26 45.0 
334 333 56.0 
368 352 59.0 
136 122 50.0 
67 63 46.0 
31 30 35.0 
243 242 33.0 
290 289 32.0 
126 125 54.0 
311 310 40.0 
298 297 46.0 
210 209 42.0 
372 371 45.0 
327 326 51.0 
388 387 39.0 
200 188 55.0 
83 82 45.0 
260 257 51.0 
110 109 44.0 
185 184 51.0 
319 318 53.0 
37 23 34.0 
18 17 58.0 
217 215 52.0 
380 55 57.0 
396 395 33.0 
93 58 34.0 
391 386 45.0 
68 67 58.0 
114 106 46.0 
165 157 56.0 
169 57 38.0 
384 383 43.0 
130 124 30.0 
192 190 56.0 
35 34 48.0 
19 18 36.0 
80 78 33.0 
261 257 58.0 
295 293 37.0 
111 110 52.0 
218 215 32.0 
101 98 48.0 
121 103 54.0 
219 211 56.0 
52 51 59.0 
393 386 44.0 
259 258 56.0 
40 23 41.0 
220 211 54.0 
299 297 46.0 
358 355 33.0 
234 233 50.0 
32 24 57.0 
312 310 40.0 
166 157 54.0 
119 104 42.0 
198 197 39.0 
369 352 58.0 
131 124 48.0 
10 3 31.0 
81 80 42.0 
320 317 30.0 
244 243 53.0 
399 398 54.0 
54 53 43.0 
113 108 56.0 
365 364 57.0 
328 327 53.0 
170 169 40.0 
292 289 45.0 
272 271 58.0 
38 37 42.0 
392 391 48.0 
186 184 49.0 
329 327 53.0 
231 230 35.0 
245 243 45.0 
75 74 37.0 
41 23 43.0 
171 57 53.0 
187 184 33.0 
84 83 56.0 
49 48 39.0 
373 372 59.0 
70 69 33.0 
357 356 39.0 
112 109 35.0 
139 137 37.0 
348 345 35.0 
300 296 55.0 
351 339 40.0 
201 200 36.0 
314 310 59.0 
172 57 53.0 
246 245 37.0 
389 387 48.0 
71 69 31.0 
42 23 38.0 
20 15 32.0 
331 315 30.0 
199 198 32.0 
313 312 36.0 
154 153 54.0 
232 229 59.0 
39 38 37.0 
76 61 54.0 
94 58 38.0 
291 290 50.0 
385 384 56.0 
92 91 31.0 
248 247 38.0 
273 272 31.0 
321 320 34.0 
349 345 31.0 
374 370 40.0 
225 224 32.0 
280 279 54.0 
77 61 38.0 
335 334 58.0 
390 387 45.0 
381 380 32.0 
140 139 58.0 
366 364 44.0 
343 340 54.0 
281 278 48.0 
PROGRAMS ASSIGNED TO NODES (nID pID1 pID2 ...):
0 1 2 3 4 5 6 7  
310 1 3 5 6 7  
223 5  
305 1 3 4 5 6  
86  
213 1 2 3 5 6 7  
149 3 5  
282 1 2 4 5 6 7  
123  
290 1 2 3 4 5 7  
72  
90  
132  
14 2 3 4 5 6 7  
195 2 4 6  
9 2 3 5 7  
336 5  
386 1 2 5 6 7  
274 6 7  
353 1 5  
144 2 3 4 6 7  
232 4 6 7  
249  
106 1 2 4 5 6 7  
337 7  
88 2 3 4 5 6 7  
115 3  
43 7  
190 1 2 3 4 5 6  
309  
239 1 2  
395 2 5 6  
383 2 3 4 6 7  
179 1 2 4 5 7  
130 2 3 5  
221 1 3 7  
68  
369 4 6 7  
118 1 2 3 4 5 6  
39 2 7  
28 1 2 3 4  
153 7  
7 1 4 5 6  
255 1 3 4  
247 3 5  
382 1 2 3 4 5  
387 1 4 5 6 7  
338 1 2 3 4 5 6  
374 6  
328 7  
224  
65 1  
365 1 3 4 5 7  
196 4  
396 2 4 5 6  
95 1 2 4 5 6 7  
329 2 3 5 6  
139 3 4 5 6  
136  
128  
18  
323 1 2 3 4 7  
358  
200 1 5 6  
44 1 2 3 4 5  
271 1 4 6 7  
63 2 6  
276 1 2 3 4 5 6  
73 2 4 5 6  
58 1 2 4  
318  
176  
54 1 5 6 7  
342 2 3 6  
158 1 5 6  
197 4  
37 7  
311 1 3 4 5 7  
284 2 3 4 5 7  
324 1 2 3 4 6 7  
33 3  
143 3 6  
53  
11 2 4 5 6 7  
228 6  
22 2 3 6 7  
229  
372  
82 1  
157 1 5  
349 1 2 3  
184 1 2 3 5 6  
77  
194 4 7  
350 2 5 6 7  
242 3  
42 1 3 4 5 6  
209 1 3 4  
24 1 2 3 7  
258  
101  
340 1 4 5 6  
283 1 2 4 5 6 7  
291 1  
345  
23 1 2 4 5 6 7  
87 1 2  
161 1 4 7  
217 1 2 3 5  
256 2 3 4  
227 4 7  
230 1 3 4 5 7  
327 2 3 5 6  
135 6  
51 3  
308 6 7  
145 2  
265 1 2 3 6  
66 4 5 6 7  
148 6  
134  
71 1 2 3 4 5 6  
231 1 2 4 6 7  
193 4 6  
297 1 2 3 4 5 7  
96 2 4  
368 2 3  
45 1 2 3 5 6  
25 2 4 5 6  
180 7  
69 1 2 3 4 5 6  
330 5  
275 2 4 7  
64  
281 1 2 5 6 7  
138 1  
264 2 3 5 6 7  
385 4  
188 1 2 4 5 6  
165 2 3  
254 1 2 3 6 7  
141 1 2 3 6  
76  
181 1 2 3 5 7  
21 1 4 5 6 7  
116 1 7  
363 3 5  
38 7  
163 1 3 5 7  
186  
5 2  
59 3 5  
81 1 2 3 4 5 6  
334 1 4 5 6 7  
160  
371 5  
133 3  
216 3 5 6  
80 1 2 3 6 7  
156 3 4 5  
129 5 6  
219 1  
250 6  
320  
234 1 3 5 6  
26 2 3 4 7  
307 3 4  
169 3 6  
3 1 2 3 4 5 6  
166 2 3 4 5 6  
279 1 3 5  
263 3 4 6  
333 1 2  
36 1 3 4  
377 1 7  
162 4  
370 2 3 5 6 7  
175 1 2 3  
384  
343  
206 1 2 4 5 7  
50  
171 2 3 4 6 7  
201 1 4 7  
362  
220 3 5  
111 2 3 4 5 6 7  
301 2 3 4 5 7  
341 4 6 7  
346  
389 3 4  
325 1 4 5 6 7  
155 2 3  
212 1 2 3 4 6 7  
218 1 2 3 4 5 7  
117 5  
102 1 2 3 5 6 7  
210  
322 2 4 5 6 7  
235 1 2 4 6 7  
52  
277 1 2 3 4 5  
260 2 4 5 6 7  
317 2 4 7  
379 4  
55  
119 2 4 6 7  
359 4 6  
208 1 2 4  
302  
70 2 3 7  
189 4 5 6  
316 5  
244 2  
225 2 5 6  
6 1  
121 3 6  
120 1 3 4 7  
85  
205 1 2 3 5 6 7  
314 3 4 5 7  
41 1 3 4 5 6 7  
60  
355 1 2 3 4 6 7  
105 6  
177 5  
89 1 2 4 5 6 7  
2  
198 1  
270 1 2 3 4 6 7  
335 1 2 3 4 6  
364 1 2 3 4 5 7  
122  
20 1 6  
1 4 5 7  
259  
47 1 2 5 6 7  
251 1 5  
173 1 3 4 5 6  
16 1 3 4 5 6  
125 2 4 5  
172  
381 2 3 5  
19 2 5 7  
269 1 3 4 5 6  
17 1 3 5  
246  
233 2 3 5 6 7  
292 1 4 5 6 7  
74  
167 2 4 6  
393 1 2 3 4 6  
127  
192 1 2 3 4 5 6  
392  
226 2 4 5 6 7  
332 5 7  
146 5 7  
214 2  
110  
293 1 2 3 6  
97  
29  
348 5  
35  
287 1 6 7  
294 2 3 4 7  
352  
306 1  
262 1 5 6 7  
182 4 5  
84 1 3 6 7  
398 1 2 3 4 6 7  
61 2 4 7  
339 1 2 3  
299  
78 1 3 4 5 6 7  
75 2 5  
13  
360 2 7  
154 5  
150 1 6 7  
178 5  
304 3 5 6 7  
79 1 5  
344 1 7  
170 1 2 5 6 7  
278 1 5 6  
253 6  
321 1 7  
236 2 3 4 5 7  
46 2 3 5 6  
373 1 2 3 4 7  
183 7  
240 1 3 5  
351  
367 1 4 5  
298 1 4 5  
376 5  
49 3 4  
238 2  
8 2 4  
107 1 3 4 5 6 7  
268  
56 1 2 4 5 7  
296  
151 1 2 7  
331  
312 3 5 6 7  
34 4 7  
211 1 3  
378 1 3 4 6 7  
361 4 6  
295 2 3 4 5 7  
40  
12 3 4 6  
168  
109 1 2 3 4 5 6  
397 2 3 4 5 6 7  
272 3 6 7  
257 5 6  
147 1 2  
204 1 2 3 5 6  
103 1 2 3 4 5 6  
215 2  
252 2 6  
32 1 2 4 5 7  
15 2 4 5  
191 2 5 6 7  
30 1 2 3 6  
288  
273 2 4  
114 1 2 5 7  
289  
315  
94 1 2 3 4 6  
199 1 4 5  
366 2 3 5 6 7  
243 7  
241  
267 2  
286  
390 1 4 6 7  
113 1 5 6  
104 7  
245  
126 2 3 6 7  
285 1 2 3 4 6 7  
388 1 2 3 6 7  
375 1 2 3 4 5 6  
399  
303 1 4 5 6  
357  
222 1 2 5 6  
131 2 4 5 7  
394 2 3 4 5 6 7  
266 2 5 6  
152 2 4  
319 1 3 4  
100 1 3 6 7  
142  
27 3 4 5  
347 1 2 3 4 7  
91 2 5  
261  
354  
108 1 2 3 4 5 6  
174 1 3 4 5 6 7  
10 1 5 6  
83 2 4 5 6 7  
48 1 4 5  
391 1 2 6 7  
187 3 4  
237 1 3 4 5 6  
57  
67 4 5 6 7  
248 1 2 4  
92 5  
207 1 2 3 4 6  
202 2 3 5 6  
99  
159 1 2 3 5 6 7  
98 1 2 3 4 6 7  
185 2 5 6 7  
4  
300 1 7  
137 1 3 4 5 6 7  
124 2 5  
326 2 3 5  
93 1 2 3 4 5  
280 1 2 3 4 5  
380 2 6  
203 1 4 5 6 7  
140 4  
356 1 2 5 6 7  
62 3 6  
313 1 2 3 4 5 7  
164  
112 3 7  
31 1 2 3 5 6 7  
SIZE OF PROGRAMS (pID SIZE):
1 66.0 
2 67.0 
3 43.0 
4 55.0 
5 65.0 
6 46.0 
7 88.0 
COST_INSTALL_SERVER_AND_PROGRAMS :
0 1977.2727272727275 1.5 1.5227272727272727 0.9772727272727273 1.25 1.4772727272727273 1.0454545454545454 2.0  
310 10.173141462559286 1.5 1.5227272727272727 0.9772727272727273 1.25 1.4772727272727273 1.0454545454545454 2.0  
223 1.5643576793576794 1.5 1.5227272727272727 0.9772727272727273 1.25 1.4772727272727273 1.0454545454545454 2.0  
305 8.664342732738955 2.25 2.284090909090909 1.4659090909090908 1.875 2.215909090909091 1.5681818181818181 3.0  
86 1.530761622636623 1.5 1.5227272727272727 0.9772727272727273 1.25 1.4772727272727273 1.0454545454545454 2.0  
213 4.300814317261687 1.5 1.5227272727272727 0.9772727272727273 1.25 1.4772727272727273 1.0454545454545454 2.0  
149 7.590520483094066 1.5 1.5227272727272727 0.9772727272727273 1.25 1.4772727272727273 1.0454545454545454 2.0  
282 24.39126170093895 1.5 1.5227272727272727 0.9772727272727273 1.25 1.4772727272727273 1.0454545454545454 2.0  
123 16.06537140520649 1.5 1.5227272727272727 0.9772727272727273 1.25 1.4772727272727273 1.0454545454545454 2.0  
290 34.16659907661895 1.5 1.5227272727272727 0.9772727272727273 1.25 1.4772727272727273 1.0454545454545454 2.0  
72 55.0 2.25 2.284090909090909 1.4659090909090908 1.875 2.215909090909091 1.5681818181818181 3.0  
90 6.719019607843138 1.5 1.5227272727272727 0.9772727272727273 1.25 1.4772727272727273 1.0454545454545454 2.0  
132 30.0 1.5 1.5227272727272727 0.9772727272727273 1.25 1.4772727272727273 1.0454545454545454 2.0  
14 9.989127822877064 2.25 2.284090909090909 1.4659090909090908 1.875 2.215909090909091 1.5681818181818181 3.0  
195 13.945269735863238 1.5 1.5227272727272727 0.9772727272727273 1.25 1.4772727272727273 1.0454545454545454 2.0  
9 7.6626489750516456 1.5 1.5227272727272727 0.9772727272727273 1.25 1.4772727272727273 1.0454545454545454 2.0  
336 0.2541909944317231 2.25 2.284090909090909 1.4659090909090908 1.875 2.215909090909091 1.5681818181818181 3.0  
386 4.040071770334926 1.5 1.5227272727272727 0.9772727272727273 1.25 1.4772727272727273 1.0454545454545454 2.0  
274 10.146290787600082 1.5 1.5227272727272727 0.9772727272727273 1.25 1.4772727272727273 1.0454545454545454 2.0  
353 2.19787730000496 1.5 1.5227272727272727 0.9772727272727273 1.25 1.4772727272727273 1.0454545454545454 2.0  
144 41.47106495994427 1.5 1.5227272727272727 0.9772727272727273 1.25 1.4772727272727273 1.0454545454545454 2.0  
232 5.672498204987521 2.25 2.284090909090909 1.4659090909090908 1.875 2.215909090909091 1.5681818181818181 3.0  
249 1.6802637221269308 2.25 2.284090909090909 1.4659090909090908 1.875 2.215909090909091 1.5681818181818181 3.0  
106 58.828347108913086 2.25 2.284090909090909 1.4659090909090908 1.875 2.215909090909091 1.5681818181818181 3.0  
337 0.4102685050798258 1.5 1.5227272727272727 0.9772727272727273 1.25 1.4772727272727273 1.0454545454545454 2.0  
88 15.783246753246754 1.5 1.5227272727272727 0.9772727272727273 1.25 1.4772727272727273 1.0454545454545454 2.0  
115 10.896230816701207 1.5 1.5227272727272727 0.9772727272727273 1.25 1.4772727272727273 1.0454545454545454 2.0  
43 4.970129870129868 1.5 1.5227272727272727 0.9772727272727273 1.25 1.4772727272727273 1.0454545454545454 2.0  
190 21.65807223425005 2.25 2.284090909090909 1.4659090909090908 1.875 2.215909090909091 1.5681818181818181 3.0  
309 23.24231654641287 2.25 2.284090909090909 1.4659090909090908 1.875 2.215909090909091 1.5681818181818181 3.0  
239 6.116764618360362 2.25 2.284090909090909 1.4659090909090908 1.875 2.215909090909091 1.5681818181818181 3.0  
395 3.4714646464646464 1.5 1.5227272727272727 0.9772727272727273 1.25 1.4772727272727273 1.0454545454545454 2.0  
383 0.29208532695374817 2.25 2.284090909090909 1.4659090909090908 1.875 2.215909090909091 1.5681818181818181 3.0  
179 24.525518357611386 2.25 2.284090909090909 1.4659090909090908 1.875 2.215909090909091 1.5681818181818181 3.0  
130 24.785763292989927 1.5 1.5227272727272727 0.9772727272727273 1.25 1.4772727272727273 1.0454545454545454 2.0  
221 10.91650932400933 2.25 2.284090909090909 1.4659090909090908 1.875 2.215909090909091 1.5681818181818181 3.0  
68 42.0 1.5 1.5227272727272727 0.9772727272727273 1.25 1.4772727272727273 1.0454545454545454 2.0  
369 7.56311429949361 1.5 1.5227272727272727 0.9772727272727273 1.25 1.4772727272727273 1.0454545454545454 2.0  
118 30.511360829737775 2.25 2.284090909090909 1.4659090909090908 1.875 2.215909090909091 1.5681818181818181 3.0  
39 7.184925280513515 1.5 1.5227272727272727 0.9772727272727273 1.25 1.4772727272727273 1.0454545454545454 2.0  
28 15.549498619096022 2.25 2.284090909090909 1.4659090909090908 1.875 2.215909090909091 1.5681818181818181 3.0  
153 12.326432253456653 2.25 2.284090909090909 1.4659090909090908 1.875 2.215909090909091 1.5681818181818181 3.0  
7 2.2619841380308094 1.5 1.5227272727272727 0.9772727272727273 1.25 1.4772727272727273 1.0454545454545454 2.0  
255 5.136300051735751 1.5 1.5227272727272727 0.9772727272727273 1.25 1.4772727272727273 1.0454545454545454 2.0  
247 11.173022533022532 2.25 2.284090909090909 1.4659090909090908 1.875 2.215909090909091 1.5681818181818181 3.0  
382 1.1187200956937795 1.5 1.5227272727272727 0.9772727272727273 1.25 1.4772727272727273 1.0454545454545454 2.0  
387 23.585367998874187 1.5 1.5227272727272727 0.9772727272727273 1.25 1.4772727272727273 1.0454545454545454 2.0  
338 8.32767513983278 2.25 2.284090909090909 1.4659090909090908 1.875 2.215909090909091 1.5681818181818181 3.0  
374 0.18105894105894105 1.5 1.5227272727272727 0.9772727272727273 1.25 1.4772727272727273 1.0454545454545454 2.0  
328 1.4428436251133254 1.5 1.5227272727272727 0.9772727272727273 1.25 1.4772727272727273 1.0454545454545454 2.0  
224 15.666911281911283 2.25 2.284090909090909 1.4659090909090908 1.875 2.215909090909091 1.5681818181818181 3.0  
65 1.0626660909259145 2.25 2.284090909090909 1.4659090909090908 1.875 2.215909090909091 1.5681818181818181 3.0  
365 9.006103136629454 1.5 1.5227272727272727 0.9772727272727273 1.25 1.4772727272727273 1.0454545454545454 2.0  
196 3.769719550442221 1.5 1.5227272727272727 0.9772727272727273 1.25 1.4772727272727273 1.0454545454545454 2.0  
396 10.220227272727271 2.25 2.284090909090909 1.4659090909090908 1.875 2.215909090909091 1.5681818181818181 3.0  
95 20.987994071146247 2.25 2.284090909090909 1.4659090909090908 1.875 2.215909090909091 1.5681818181818181 3.0  
329 16.861843247161644 2.25 2.284090909090909 1.4659090909090908 1.875 2.215909090909091 1.5681818181818181 3.0  
139 2.6033202181026147 1.5 1.5227272727272727 0.9772727272727273 1.25 1.4772727272727273 1.0454545454545454 2.0  
136 109.0 1.5 1.5227272727272727 0.9772727272727273 1.25 1.4772727272727273 1.0454545454545454 2.0  
128 36.0 2.25 2.284090909090909 1.4659090909090908 1.875 2.215909090909091 1.5681818181818181 3.0  
18 19.474280823900557 1.5 1.5227272727272727 0.9772727272727273 1.25 1.4772727272727273 1.0454545454545454 2.0  
323 9.35555152394775 2.25 2.284090909090909 1.4659090909090908 1.875 2.215909090909091 1.5681818181818181 3.0  
358 36.0 2.25 2.284090909090909 1.4659090909090908 1.875 2.215909090909091 1.5681818181818181 3.0  
200 10.43318289275736 2.25 2.284090909090909 1.4659090909090908 1.875 2.215909090909091 1.5681818181818181 3.0  
44 10.664203969789076 2.25 2.284090909090909 1.4659090909090908 1.875 2.215909090909091 1.5681818181818181 3.0  
271 18.46248883919768 1.5 1.5227272727272727 0.9772727272727273 1.25 1.4772727272727273 1.0454545454545454 2.0  
63 38.127424385958854 1.5 1.5227272727272727 0.9772727272727273 1.25 1.4772727272727273 1.0454545454545454 2.0  
276 14.718364107409244 2.25 2.284090909090909 1.4659090909090908 1.875 2.215909090909091 1.5681818181818181 3.0  
73 16.54923043330869 2.25 2.284090909090909 1.4659090909090908 1.875 2.215909090909091 1.5681818181818181 3.0  
58 16.822872960372965 2.25 2.284090909090909 1.4659090909090908 1.875 2.215909090909091 1.5681818181818181 3.0  
318 1.7457217422807443 1.5 1.5227272727272727 0.9772727272727273 1.25 1.4772727272727273 1.0454545454545454 2.0  
176 36.0 2.25 2.284090909090909 1.4659090909090908 1.875 2.215909090909091 1.5681818181818181 3.0  
54 1.528292056780429 1.5 1.5227272727272727 0.9772727272727273 1.25 1.4772727272727273 1.0454545454545454 2.0  
342 7.449810099207957 2.25 2.284090909090909 1.4659090909090908 1.875 2.215909090909091 1.5681818181818181 3.0  
158 1.5788793452923884 1.5 1.5227272727272727 0.9772727272727273 1.25 1.4772727272727273 1.0454545454545454 2.0  
197 14.120787829192082 2.25 2.284090909090909 1.4659090909090908 1.875 2.215909090909091 1.5681818181818181 3.0  
37 5.320335301952948 2.25 2.284090909090909 1.4659090909090908 1.875 2.215909090909091 1.5681818181818181 3.0  
311 4.125715342254567 1.5 1.5227272727272727 0.9772727272727273 1.25 1.4772727272727273 1.0454545454545454 2.0  
284 37.24736436882271 2.25 2.284090909090909 1.4659090909090908 1.875 2.215909090909091 1.5681818181818181 3.0  
324 22.258515168008092 2.25 2.284090909090909 1.4659090909090908 1.875 2.215909090909091 1.5681818181818181 3.0  
33 5.108020157808293 2.25 2.284090909090909 1.4659090909090908 1.875 2.215909090909091 1.5681818181818181 3.0  
143 13.733116198935171 2.25 2.284090909090909 1.4659090909090908 1.875 2.215909090909091 1.5681818181818181 3.0  
53 6.384090909090908 1.5 1.5227272727272727 0.9772727272727273 1.25 1.4772727272727273 1.0454545454545454 2.0  
11 17.11133783604279 1.5 1.5227272727272727 0.9772727272727273 1.25 1.4772727272727273 1.0454545454545454 2.0  
228 4.865013804942548 2.25 2.284090909090909 1.4659090909090908 1.875 2.215909090909091 1.5681818181818181 3.0  
22 9.933147452146903 2.25 2.284090909090909 1.4659090909090908 1.875 2.215909090909091 1.5681818181818181 3.0  
229 33.60981992242782 1.5 1.5227272727272727 0.9772727272727273 1.25 1.4772727272727273 1.0454545454545454 2.0  
372 13.742373351049824 1.5 1.5227272727272727 0.9772727272727273 1.25 1.4772727272727273 1.0454545454545454 2.0  
82 13.610445301824614 2.25 2.284090909090909 1.4659090909090908 1.875 2.215909090909091 1.5681818181818181 3.0  
157 17.40547785547786 1.5 1.5227272727272727 0.9772727272727273 1.25 1.4772727272727273 1.0454545454545454 2.0  
349 7.908693119245335 2.25 2.284090909090909 1.4659090909090908 1.875 2.215909090909091 1.5681818181818181 3.0  
184 2.870351707116413 1.5 1.5227272727272727 0.9772727272727273 1.25 1.4772727272727273 1.0454545454545454 2.0  
77 91.0 2.25 2.284090909090909 1.4659090909090908 1.875 2.215909090909091 1.5681818181818181 3.0  
194 14.749674656499403 1.5 1.5227272727272727 0.9772727272727273 1.25 1.4772727272727273 1.0454545454545454 2.0  
350 4.852836908853858 2.25 2.284090909090909 1.4659090909090908 1.875 2.215909090909091 1.5681818181818181 3.0  
242 1.5867692307692314 2.25 2.284090909090909 1.4659090909090908 1.875 2.215909090909091 1.5681818181818181 3.0  
42 11.182403123192595 1.5 1.5227272727272727 0.9772727272727273 1.25 1.4772727272727273 1.0454545454545454 2.0  
209 11.574809766504682 2.25 2.284090909090909 1.4659090909090908 1.875 2.215909090909091 1.5681818181818181 3.0  
24 15.934640055066883 1.5 1.5227272727272727 0.9772727272727273 1.25 1.4772727272727273 1.0454545454545454 2.0  
258 52.0 2.25 2.284090909090909 1.4659090909090908 1.875 2.215909090909091 1.5681818181818181 3.0  
101 101.0 1.5 1.5227272727272727 0.9772727272727273 1.25 1.4772727272727273 1.0454545454545454 2.0  
340 7.705631938682788 2.25 2.284090909090909 1.4659090909090908 1.875 2.215909090909091 1.5681818181818181 3.0  
283 7.315968133291868 1.5 1.5227272727272727 0.9772727272727273 1.25 1.4772727272727273 1.0454545454545454 2.0  
291 7.00794965092819 2.25 2.284090909090909 1.4659090909090908 1.875 2.215909090909091 1.5681818181818181 3.0  
345 8.243080460029613 1.5 1.5227272727272727 0.9772727272727273 1.25 1.4772727272727273 1.0454545454545454 2.0  
23 1.149100899100899 1.5 1.5227272727272727 0.9772727272727273 1.25 1.4772727272727273 1.0454545454545454 2.0  
87 1.807844955969956 1.5 1.5227272727272727 0.9772727272727273 1.25 1.4772727272727273 1.0454545454545454 2.0  
161 19.208669727419725 2.25 2.284090909090909 1.4659090909090908 1.875 2.215909090909091 1.5681818181818181 3.0  
217 34.263392760849925 1.5 1.5227272727272727 0.9772727272727273 1.25 1.4772727272727273 1.0454545454545454 2.0  
256 35.98218499689394 1.5 1.5227272727272727 0.9772727272727273 1.25 1.4772727272727273 1.0454545454545454 2.0  
227 3.039542106829341 2.25 2.284090909090909 1.4659090909090908 1.875 2.215909090909091 1.5681818181818181 3.0  
230 30.896273438821616 2.25 2.284090909090909 1.4659090909090908 1.875 2.215909090909091 1.5681818181818181 3.0  
327 11.019182417656335 2.25 2.284090909090909 1.4659090909090908 1.875 2.215909090909091 1.5681818181818181 3.0  
135 0.576467254854679 1.5 1.5227272727272727 0.9772727272727273 1.25 1.4772727272727273 1.0454545454545454 2.0  
51 0.13169913419913423 2.25 2.284090909090909 1.4659090909090908 1.875 2.215909090909091 1.5681818181818181 3.0  
308 4.794382721300549 2.25 2.284090909090909 1.4659090909090908 1.875 2.215909090909091 1.5681818181818181 3.0  
145 0.8962619616349002 2.25 2.284090909090909 1.4659090909090908 1.875 2.215909090909091 1.5681818181818181 3.0  
265 45.79838715146559 1.5 1.5227272727272727 0.9772727272727273 1.25 1.4772727272727273 1.0454545454545454 2.0  
66 4.395429714912896 1.5 1.5227272727272727 0.9772727272727273 1.25 1.4772727272727273 1.0454545454545454 2.0  
148 44.99595794942619 1.5 1.5227272727272727 0.9772727272727273 1.25 1.4772727272727273 1.0454545454545454 2.0  
134 30.0 2.25 2.284090909090909 1.4659090909090908 1.875 2.215909090909091 1.5681818181818181 3.0  
71 6.05879827986898 2.25 2.284090909090909 1.4659090909090908 1.875 2.215909090909091 1.5681818181818181 3.0  
231 41.78645344772737 1.5 1.5227272727272727 0.9772727272727273 1.25 1.4772727272727273 1.0454545454545454 2.0  
193 8.796395989229138 1.5 1.5227272727272727 0.9772727272727273 1.25 1.4772727272727273 1.0454545454545454 2.0  
297 29.944334794868375 2.25 2.284090909090909 1.4659090909090908 1.875 2.215909090909091 1.5681818181818181 3.0  
96 16.067494639917808 1.5 1.5227272727272727 0.9772727272727273 1.25 1.4772727272727273 1.0454545454545454 2.0  
368 1.6884651600753293 2.25 2.284090909090909 1.4659090909090908 1.875 2.215909090909091 1.5681818181818181 3.0  
45 17.727868868719934 1.5 1.5227272727272727 0.9772727272727273 1.25 1.4772727272727273 1.0454545454545454 2.0  
25 6.613336568813862 1.5 1.5227272727272727 0.9772727272727273 1.25 1.4772727272727273 1.0454545454545454 2.0  
180 18.83760677860346 2.25 2.284090909090909 1.4659090909090908 1.875 2.215909090909091 1.5681818181818181 3.0  
69 29.595780049575943 2.25 2.284090909090909 1.4659090909090908 1.875 2.215909090909091 1.5681818181818181 3.0  
330 4.469029071033788 1.5 1.5227272727272727 0.9772727272727273 1.25 1.4772727272727273 1.0454545454545454 2.0  
275 15.940704028659088 1.5 1.5227272727272727 0.9772727272727273 1.25 1.4772727272727273 1.0454545454545454 2.0  
64 57.0 1.5 1.5227272727272727 0.9772727272727273 1.25 1.4772727272727273 1.0454545454545454 2.0  
281 25.501757134156726 2.25 2.284090909090909 1.4659090909090908 1.875 2.215909090909091 1.5681818181818181 3.0  
138 4.6873364587662625 1.5 1.5227272727272727 0.9772727272727273 1.25 1.4772727272727273 1.0454545454545454 2.0  
264 17.75192335180542 2.25 2.284090909090909 1.4659090909090908 1.875 2.215909090909091 1.5681818181818181 3.0  
385 0.2798493326339104 2.25 2.284090909090909 1.4659090909090908 1.875 2.215909090909091 1.5681818181818181 3.0  
188 11.653990601596984 2.25 2.284090909090909 1.4659090909090908 1.875 2.215909090909091 1.5681818181818181 3.0  
165 0.9385225885225884 1.5 1.5227272727272727 0.9772727272727273 1.25 1.4772727272727273 1.0454545454545454 2.0  
254 27.58820123732452 2.25 2.284090909090909 1.4659090909090908 1.875 2.215909090909091 1.5681818181818181 3.0  
141 7.610918513645277 1.5 1.5227272727272727 0.9772727272727273 1.25 1.4772727272727273 1.0454545454545454 2.0  
76 106.0 2.25 2.284090909090909 1.4659090909090908 1.875 2.215909090909091 1.5681818181818181 3.0  
181 25.368758930991493 1.5 1.5227272727272727 0.9772727272727273 1.25 1.4772727272727273 1.0454545454545454 2.0  
21 10.737644076353755 1.5 1.5227272727272727 0.9772727272727273 1.25 1.4772727272727273 1.0454545454545454 2.0  
116 11.936206757732247 1.5 1.5227272727272727 0.9772727272727273 1.25 1.4772727272727273 1.0454545454545454 2.0  
363 3.390681818181818 2.25 2.284090909090909 1.4659090909090908 1.875 2.215909090909091 1.5681818181818181 3.0  
38 1.0630043975632208 2.25 2.284090909090909 1.4659090909090908 1.875 2.215909090909091 1.5681818181818181 3.0  
163 9.91765620000914 2.25 2.284090909090909 1.4659090909090908 1.875 2.215909090909091 1.5681818181818181 3.0  
186 22.0 1.5 1.5227272727272727 0.9772727272727273 1.25 1.4772727272727273 1.0454545454545454 2.0  
5 3.8226439321377086 1.5 1.5227272727272727 0.9772727272727273 1.25 1.4772727272727273 1.0454545454545454 2.0  
59 6.888995056667472 2.25 2.284090909090909 1.4659090909090908 1.875 2.215909090909091 1.5681818181818181 3.0  
81 47.346360806681 1.5 1.5227272727272727 0.9772727272727273 1.25 1.4772727272727273 1.0454545454545454 2.0  
334 16.24829415867152 2.25 2.284090909090909 1.4659090909090908 1.875 2.215909090909091 1.5681818181818181 3.0  
160 108.0 1.5 1.5227272727272727 0.9772727272727273 1.25 1.4772727272727273 1.0454545454545454 2.0  
371 3.1678036249464823 1.5 1.5227272727272727 0.9772727272727273 1.25 1.4772727272727273 1.0454545454545454 2.0  
133 3.5385472706537175 1.5 1.5227272727272727 0.9772727272727273 1.25 1.4772727272727273 1.0454545454545454 2.0  
216 2.2695628367280754 2.25 2.284090909090909 1.4659090909090908 1.875 2.215909090909091 1.5681818181818181 3.0  
80 20.29348725986657 2.25 2.284090909090909 1.4659090909090908 1.875 2.215909090909091 1.5681818181818181 3.0  
156 5.0889868163237715 1.5 1.5227272727272727 0.9772727272727273 1.25 1.4772727272727273 1.0454545454545454 2.0  
129 8.106893121989208 2.25 2.284090909090909 1.4659090909090908 1.875 2.215909090909091 1.5681818181818181 3.0  
219 0.46980046269519965 2.25 2.284090909090909 1.4659090909090908 1.875 2.215909090909091 1.5681818181818181 3.0  
250 16.194468267581478 1.5 1.5227272727272727 0.9772727272727273 1.25 1.4772727272727273 1.0454545454545454 2.0  
320 1.6976086279140326 2.25 2.284090909090909 1.4659090909090908 1.875 2.215909090909091 1.5681818181818181 3.0  
234 6.70126910724763 2.25 2.284090909090909 1.4659090909090908 1.875 2.215909090909091 1.5681818181818181 3.0  
26 19.063951857712254 2.25 2.284090909090909 1.4659090909090908 1.875 2.215909090909091 1.5681818181818181 3.0  
307 6.829441251888958 2.25 2.284090909090909 1.4659090909090908 1.875 2.215909090909091 1.5681818181818181 3.0  
169 9.54658828014091 1.5 1.5227272727272727 0.9772727272727273 1.25 1.4772727272727273 1.0454545454545454 2.0  
3 10.33131118510707 1.5 1.5227272727272727 0.9772727272727273 1.25 1.4772727272727273 1.0454545454545454 2.0  
166 2.0594560994560993 2.25 2.284090909090909 1.4659090909090908 1.875 2.215909090909091 1.5681818181818181 3.0  
279 31.817680135619206 2.25 2.284090909090909 1.4659090909090908 1.875 2.215909090909091 1.5681818181818181 3.0  
263 14.09220801195986 2.25 2.284090909090909 1.4659090909090908 1.875 2.215909090909091 1.5681818181818181 3.0  
333 16.49163101049894 2.25 2.284090909090909 1.4659090909090908 1.875 2.215909090909091 1.5681818181818181 3.0  
36 4.297367039739921 1.5 1.5227272727272727 0.9772727272727273 1.25 1.4772727272727273 1.0454545454545454 2.0  
377 0.9906850358502743 1.5 1.5227272727272727 0.9772727272727273 1.25 1.4772727272727273 1.0454545454545454 2.0  
162 4.748051991954432 1.5 1.5227272727272727 0.9772727272727273 1.25 1.4772727272727273 1.0454545454545454 2.0  
370 5.248813686313685 1.5 1.5227272727272727 0.9772727272727273 1.25 1.4772727272727273 1.0454545454545454 2.0  
175 8.698828082216787 2.25 2.284090909090909 1.4659090909090908 1.875 2.215909090909091 1.5681818181818181 3.0  
384 1.4648102815177477 1.5 1.5227272727272727 0.9772727272727273 1.25 1.4772727272727273 1.0454545454545454 2.0  
343 84.0 2.25 2.284090909090909 1.4659090909090908 1.875 2.215909090909091 1.5681818181818181 3.0  
206 19.683509630960366 1.5 1.5227272727272727 0.9772727272727273 1.25 1.4772727272727273 1.0454545454545454 2.0  
50 84.0 2.25 2.284090909090909 1.4659090909090908 1.875 2.215909090909091 1.5681818181818181 3.0  
171 13.42235420240137 1.5 1.5227272727272727 0.9772727272727273 1.25 1.4772727272727273 1.0454545454545454 2.0  
201 12.918341516639387 2.25 2.284090909090909 1.4659090909090908 1.875 2.215909090909091 1.5681818181818181 3.0  
362 0.444965034965035 2.25 2.284090909090909 1.4659090909090908 1.875 2.215909090909091 1.5681818181818181 3.0  
220 0.7759072506440928 2.25 2.284090909090909 1.4659090909090908 1.875 2.215909090909091 1.5681818181818181 3.0  
111 9.526318404650494 2.25 2.284090909090909 1.4659090909090908 1.875 2.215909090909091 1.5681818181818181 3.0  
301 7.575461157047569 1.5 1.5227272727272727 0.9772727272727273 1.25 1.4772727272727273 1.0454545454545454 2.0  
341 4.180688188929714 2.25 2.284090909090909 1.4659090909090908 1.875 2.215909090909091 1.5681818181818181 3.0  
346 14.405919326540797 2.25 2.284090909090909 1.4659090909090908 1.875 2.215909090909091 1.5681818181818181 3.0  
389 0.7554764016433324 1.5 1.5227272727272727 0.9772727272727273 1.25 1.4772727272727273 1.0454545454545454 2.0  
325 14.458831557593346 1.5 1.5227272727272727 0.9772727272727273 1.25 1.4772727272727273 1.0454545454545454 2.0  
155 8.467484526967285 1.5 1.5227272727272727 0.9772727272727273 1.25 1.4772727272727273 1.0454545454545454 2.0  
212 3.2485196090459256 2.25 2.284090909090909 1.4659090909090908 1.875 2.215909090909091 1.5681818181818181 3.0  
218 49.59952446224871 2.25 2.284090909090909 1.4659090909090908 1.875 2.215909090909091 1.5681818181818181 3.0  
117 12.519707380177865 1.5 1.5227272727272727 0.9772727272727273 1.25 1.4772727272727273 1.0454545454545454 2.0  
102 11.26110913431539 2.25 2.284090909090909 1.4659090909090908 1.875 2.215909090909091 1.5681818181818181 3.0  
210 86.0 1.5 1.5227272727272727 0.9772727272727273 1.25 1.4772727272727273 1.0454545454545454 2.0  
322 1.535363174561288 2.25 2.284090909090909 1.4659090909090908 1.875 2.215909090909091 1.5681818181818181 3.0  
235 11.04990649058567 1.5 1.5227272727272727 0.9772727272727273 1.25 1.4772727272727273 1.0454545454545454 2.0  
52 21.0 1.5 1.5227272727272727 0.9772727272727273 1.25 1.4772727272727273 1.0454545454545454 2.0  
277 41.5159088887552 2.25 2.284090909090909 1.4659090909090908 1.875 2.215909090909091 1.5681818181818181 3.0  
260 24.585565942357423 2.25 2.284090909090909 1.4659090909090908 1.875 2.215909090909091 1.5681818181818181 3.0  
317 10.630280620402942 2.25 2.284090909090909 1.4659090909090908 1.875 2.215909090909091 1.5681818181818181 3.0  
379 1.5030634370309652 2.25 2.284090909090909 1.4659090909090908 1.875 2.215909090909091 1.5681818181818181 3.0  
55 39.0 2.25 2.284090909090909 1.4659090909090908 1.875 2.215909090909091 1.5681818181818181 3.0  
119 25.429440990460485 2.25 2.284090909090909 1.4659090909090908 1.875 2.215909090909091 1.5681818181818181 3.0  
359 6.026010770838357 1.5 1.5227272727272727 0.9772727272727273 1.25 1.4772727272727273 1.0454545454545454 2.0  
208 7.125192077225974 2.25 2.284090909090909 1.4659090909090908 1.875 2.215909090909091 1.5681818181818181 3.0  
302 5.995546905924264 2.25 2.284090909090909 1.4659090909090908 1.875 2.215909090909091 1.5681818181818181 3.0  
70 20.814093855028748 2.25 2.284090909090909 1.4659090909090908 1.875 2.215909090909091 1.5681818181818181 3.0  
189 9.384028870066107 1.5 1.5227272727272727 0.9772727272727273 1.25 1.4772727272727273 1.0454545454545454 2.0  
316 5.405333138240078 1.5 1.5227272727272727 0.9772727272727273 1.25 1.4772727272727273 1.0454545454545454 2.0  
244 0.8663824603069887 2.25 2.284090909090909 1.4659090909090908 1.875 2.215909090909091 1.5681818181818181 3.0  
225 15.610132562632563 1.5 1.5227272727272727 0.9772727272727273 1.25 1.4772727272727273 1.0454545454545454 2.0  
6 15.915304050787924 1.5 1.5227272727272727 0.9772727272727273 1.25 1.4772727272727273 1.0454545454545454 2.0  
121 7.8053566888624335 2.25 2.284090909090909 1.4659090909090908 1.875 2.215909090909091 1.5681818181818181 3.0  
120 17.11189387823571 1.5 1.5227272727272727 0.9772727272727273 1.25 1.4772727272727273 1.0454545454545454 2.0  
85 3.116692566692567 2.25 2.284090909090909 1.4659090909090908 1.875 2.215909090909091 1.5681818181818181 3.0  
205 38.75182092551677 2.25 2.284090909090909 1.4659090909090908 1.875 2.215909090909091 1.5681818181818181 3.0  
314 3.0646573278857883 1.5 1.5227272727272727 0.9772727272727273 1.25 1.4772727272727273 1.0454545454545454 2.0  
41 3.404228122375962 2.25 2.284090909090909 1.4659090909090908 1.875 2.215909090909091 1.5681818181818181 3.0  
60 107.0 2.25 2.284090909090909 1.4659090909090908 1.875 2.215909090909091 1.5681818181818181 3.0  
355 12.974898136224256 1.5 1.5227272727272727 0.9772727272727273 1.25 1.4772727272727273 1.0454545454545454 2.0  
105 0.6371184097785083 2.25 2.284090909090909 1.4659090909090908 1.875 2.215909090909091 1.5681818181818181 3.0  
177 0.604144134750447 1.5 1.5227272727272727 0.9772727272727273 1.25 1.4772727272727273 1.0454545454545454 2.0  
89 3.226591937474291 2.25 2.284090909090909 1.4659090909090908 1.875 2.215909090909091 1.5681818181818181 3.0  
2 5.66998324256389 2.25 2.284090909090909 1.4659090909090908 1.875 2.215909090909091 1.5681818181818181 3.0  
198 7.483672816545155 2.25 2.284090909090909 1.4659090909090908 1.875 2.215909090909091 1.5681818181818181 3.0  
270 61.030467005584185 2.25 2.284090909090909 1.4659090909090908 1.875 2.215909090909091 1.5681818181818181 3.0  
335 2.222073603001982 2.25 2.284090909090909 1.4659090909090908 1.875 2.215909090909091 1.5681818181818181 3.0  
364 7.486786130536132 2.25 2.284090909090909 1.4659090909090908 1.875 2.215909090909091 1.5681818181818181 3.0  
122 18.45254599972742 1.5 1.5227272727272727 0.9772727272727273 1.25 1.4772727272727273 1.0454545454545454 2.0  
20 7.543054324187108 1.5 1.5227272727272727 0.9772727272727273 1.25 1.4772727272727273 1.0454545454545454 2.0  
1 0.4595508658008658 2.25 2.284090909090909 1.4659090909090908 1.875 2.215909090909091 1.5681818181818181 3.0  
259 106.0 2.25 2.284090909090909 1.4659090909090908 1.875 2.215909090909091 1.5681818181818181 3.0  
47 19.460917535326015 2.25 2.284090909090909 1.4659090909090908 1.875 2.215909090909091 1.5681818181818181 3.0  
251 2.792550051735753 1.5 1.5227272727272727 0.9772727272727273 1.25 1.4772727272727273 1.0454545454545454 2.0  
173 1.9246503496503493 1.5 1.5227272727272727 0.9772727272727273 1.25 1.4772727272727273 1.0454545454545454 2.0  
16 13.514504735235924 2.25 2.284090909090909 1.4659090909090908 1.875 2.215909090909091 1.5681818181818181 3.0  
125 21.522428008980068 1.5 1.5227272727272727 0.9772727272727273 1.25 1.4772727272727273 1.0454545454545454 2.0  
172 100.0 2.25 2.284090909090909 1.4659090909090908 1.875 2.215909090909091 1.5681818181818181 3.0  
381 4.756222396025027 1.5 1.5227272727272727 0.9772727272727273 1.25 1.4772727272727273 1.0454545454545454 2.0  
19 22.543725268345003 2.25 2.284090909090909 1.4659090909090908 1.875 2.215909090909091 1.5681818181818181 3.0  
269 40.38004711930766 2.25 2.284090909090909 1.4659090909090908 1.875 2.215909090909091 1.5681818181818181 3.0  
17 17.153894155357026 1.5 1.5227272727272727 0.9772727272727273 1.25 1.4772727272727273 1.0454545454545454 2.0  
246 12.0 1.5 1.5227272727272727 0.9772727272727273 1.25 1.4772727272727273 1.0454545454545454 2.0  
233 24.897105447493104 2.25 2.284090909090909 1.4659090909090908 1.875 2.215909090909091 1.5681818181818181 3.0  
292 28.404604368136678 2.25 2.284090909090909 1.4659090909090908 1.875 2.215909090909091 1.5681818181818181 3.0  
74 1.9008706433902909 1.5 1.5227272727272727 0.9772727272727273 1.25 1.4772727272727273 1.0454545454545454 2.0  
167 8.01100233100233 2.25 2.284090909090909 1.4659090909090908 1.875 2.215909090909091 1.5681818181818181 3.0  
393 2.822295167093208 2.25 2.284090909090909 1.4659090909090908 1.875 2.215909090909091 1.5681818181818181 3.0  
127 1.7502911866595143 1.5 1.5227272727272727 0.9772727272727273 1.25 1.4772727272727273 1.0454545454545454 2.0  
192 44.27569191555297 1.5 1.5227272727272727 0.9772727272727273 1.25 1.4772727272727273 1.0454545454545454 2.0  
392 32.0 1.5 1.5227272727272727 0.9772727272727273 1.25 1.4772727272727273 1.0454545454545454 2.0  
226 2.644826596168059 2.25 2.284090909090909 1.4659090909090908 1.875 2.215909090909091 1.5681818181818181 3.0  
332 6.816391156013797 2.25 2.284090909090909 1.4659090909090908 1.875 2.215909090909091 1.5681818181818181 3.0  
146 15.58125120569086 1.5 1.5227272727272727 0.9772727272727273 1.25 1.4772727272727273 1.0454545454545454 2.0  
214 46.18727073365232 1.5 1.5227272727272727 0.9772727272727273 1.25 1.4772727272727273 1.0454545454545454 2.0  
110 34.04437098936617 2.25 2.284090909090909 1.4659090909090908 1.875 2.215909090909091 1.5681818181818181 3.0  
293 40.21164472722317 2.25 2.284090909090909 1.4659090909090908 1.875 2.215909090909091 1.5681818181818181 3.0  
97 33.431213623333186 1.5 1.5227272727272727 0.9772727272727273 1.25 1.4772727272727273 1.0454545454545454 2.0  
29 23.0 1.5 1.5227272727272727 0.9772727272727273 1.25 1.4772727272727273 1.0454545454545454 2.0  
348 0.3196632385191707 2.25 2.284090909090909 1.4659090909090908 1.875 2.215909090909091 1.5681818181818181 3.0  
35 99.0 1.5 1.5227272727272727 0.9772727272727273 1.25 1.4772727272727273 1.0454545454545454 2.0  
287 25.872491885779382 2.25 2.284090909090909 1.4659090909090908 1.875 2.215909090909091 1.5681818181818181 3.0  
294 11.064099361158842 1.5 1.5227272727272727 0.9772727272727273 1.25 1.4772727272727273 1.0454545454545454 2.0  
352 5.759018065268066 2.25 2.284090909090909 1.4659090909090908 1.875 2.215909090909091 1.5681818181818181 3.0  
306 8.336191927366608 1.5 1.5227272727272727 0.9772727272727273 1.25 1.4772727272727273 1.0454545454545454 2.0  
262 15.449657373466714 1.5 1.5227272727272727 0.9772727272727273 1.25 1.4772727272727273 1.0454545454545454 2.0  
182 4.184627000906071 1.5 1.5227272727272727 0.9772727272727273 1.25 1.4772727272727273 1.0454545454545454 2.0  
84 24.13342295635399 1.5 1.5227272727272727 0.9772727272727273 1.25 1.4772727272727273 1.0454545454545454 2.0  
398 1.4615800865800868 1.5 1.5227272727272727 0.9772727272727273 1.25 1.4772727272727273 1.0454545454545454 2.0  
61 34.52509243629933 2.25 2.284090909090909 1.4659090909090908 1.875 2.215909090909091 1.5681818181818181 3.0  
339 0.7635341353561708 2.25 2.284090909090909 1.4659090909090908 1.875 2.215909090909091 1.5681818181818181 3.0  
299 80.0 1.5 1.5227272727272727 0.9772727272727273 1.25 1.4772727272727273 1.0454545454545454 2.0  
78 42.36183486054176 1.5 1.5227272727272727 0.9772727272727273 1.25 1.4772727272727273 1.0454545454545454 2.0  
75 2.2576274001470478 1.5 1.5227272727272727 0.9772727272727273 1.25 1.4772727272727273 1.0454545454545454 2.0  
13 5.626071777684682 1.5 1.5227272727272727 0.9772727272727273 1.25 1.4772727272727273 1.0454545454545454 2.0  
360 9.84620528896391 2.25 2.284090909090909 1.4659090909090908 1.875 2.215909090909091 1.5681818181818181 3.0  
154 0.8034207509966983 2.25 2.284090909090909 1.4659090909090908 1.875 2.215909090909091 1.5681818181818181 3.0  
150 11.199779949355818 2.25 2.284090909090909 1.4659090909090908 1.875 2.215909090909091 1.5681818181818181 3.0  
178 0.5302804983868107 2.25 2.284090909090909 1.4659090909090908 1.875 2.215909090909091 1.5681818181818181 3.0  
304 2.2082620680834837 1.5 1.5227272727272727 0.9772727272727273 1.25 1.4772727272727273 1.0454545454545454 2.0  
79 13.500205629832065 1.5 1.5227272727272727 0.9772727272727273 1.25 1.4772727272727273 1.0454545454545454 2.0  
344 3.8588222511951327 1.5 1.5227272727272727 0.9772727272727273 1.25 1.4772727272727273 1.0454545454545454 2.0  
170 24.67699668752301 2.25 2.284090909090909 1.4659090909090908 1.875 2.215909090909091 1.5681818181818181 3.0  
278 52.308522525118846 1.5 1.5227272727272727 0.9772727272727273 1.25 1.4772727272727273 1.0454545454545454 2.0  
253 29.98817537508419 1.5 1.5227272727272727 0.9772727272727273 1.25 1.4772727272727273 1.0454545454545454 2.0  
321 9.319049152333358 2.25 2.284090909090909 1.4659090909090908 1.875 2.215909090909091 1.5681818181818181 3.0  
236 24.817182462927153 2.25 2.284090909090909 1.4659090909090908 1.875 2.215909090909091 1.5681818181818181 3.0  
46 1.9136357715233094 1.5 1.5227272727272727 0.9772727272727273 1.25 1.4772727272727273 1.0454545454545454 2.0  
373 6.221763857795764 1.5 1.5227272727272727 0.9772727272727273 1.25 1.4772727272727273 1.0454545454545454 2.0  
183 13.077913752913753 2.25 2.284090909090909 1.4659090909090908 1.875 2.215909090909091 1.5681818181818181 3.0  
240 1.4385761460761466 1.5 1.5227272727272727 0.9772727272727273 1.25 1.4772727272727273 1.0454545454545454 2.0  
351 48.0 1.5 1.5227272727272727 0.9772727272727273 1.25 1.4772727272727273 1.0454545454545454 2.0  
367 6.429790209790208 1.5 1.5227272727272727 0.9772727272727273 1.25 1.4772727272727273 1.0454545454545454 2.0  
298 21.798766870520616 2.25 2.284090909090909 1.4659090909090908 1.875 2.215909090909091 1.5681818181818181 3.0  
376 11.026284180935342 1.5 1.5227272727272727 0.9772727272727273 1.25 1.4772727272727273 1.0454545454545454 2.0  
49 8.245046305459866 1.5 1.5227272727272727 0.9772727272727273 1.25 1.4772727272727273 1.0454545454545454 2.0  
238 2.633396072013093 1.5 1.5227272727272727 0.9772727272727273 1.25 1.4772727272727273 1.0454545454545454 2.0  
8 2.0042771188766744 2.25 2.284090909090909 1.4659090909090908 1.875 2.215909090909091 1.5681818181818181 3.0  
107 43.3687264259978 2.25 2.284090909090909 1.4659090909090908 1.875 2.215909090909091 1.5681818181818181 3.0  
268 10.0 1.5 1.5227272727272727 0.9772727272727273 1.25 1.4772727272727273 1.0454545454545454 2.0  
56 0.9246503496503498 1.5 1.5227272727272727 0.9772727272727273 1.25 1.4772727272727273 1.0454545454545454 2.0  
296 26.228833912905866 2.25 2.284090909090909 1.4659090909090908 1.875 2.215909090909091 1.5681818181818181 3.0  
151 29.983104371933766 2.25 2.284090909090909 1.4659090909090908 1.875 2.215909090909091 1.5681818181818181 3.0  
331 63.0 1.5 1.5227272727272727 0.9772727272727273 1.25 1.4772727272727273 1.0454545454545454 2.0  
312 24.26185924924132 2.25 2.284090909090909 1.4659090909090908 1.875 2.215909090909091 1.5681818181818181 3.0  
34 5.535453995157384 2.25 2.284090909090909 1.4659090909090908 1.875 2.215909090909091 1.5681818181818181 3.0  
211 23.643603545577232 1.5 1.5227272727272727 0.9772727272727273 1.25 1.4772727272727273 1.0454545454545454 2.0  
378 1.6494686937609395 2.25 2.284090909090909 1.4659090909090908 1.875 2.215909090909091 1.5681818181818181 3.0  
361 6.747719670176568 1.5 1.5227272727272727 0.9772727272727273 1.25 1.4772727272727273 1.0454545454545454 2.0  
295 12.585069904963346 1.5 1.5227272727272727 0.9772727272727273 1.25 1.4772727272727273 1.0454545454545454 2.0  
40 47.0 1.5 1.5227272727272727 0.9772727272727273 1.25 1.4772727272727273 1.0454545454545454 2.0  
12 4.271782361003447 1.5 1.5227272727272727 0.9772727272727273 1.25 1.4772727272727273 1.0454545454545454 2.0  
168 84.0 1.5 1.5227272727272727 0.9772727272727273 1.25 1.4772727272727273 1.0454545454545454 2.0  
109 44.88475493418706 2.25 2.284090909090909 1.4659090909090908 1.875 2.215909090909091 1.5681818181818181 3.0  
397 2.526136363636363 1.5 1.5227272727272727 0.9772727272727273 1.25 1.4772727272727273 1.0454545454545454 2.0  
272 6.743073911877416 1.5 1.5227272727272727 0.9772727272727273 1.25 1.4772727272727273 1.0454545454545454 2.0  
257 41.4686404571833 1.5 1.5227272727272727 0.9772727272727273 1.25 1.4772727272727273 1.0454545454545454 2.0  
147 5.074760080138642 1.5 1.5227272727272727 0.9772727272727273 1.25 1.4772727272727273 1.0454545454545454 2.0  
204 28.57230295414894 1.5 1.5227272727272727 0.9772727272727273 1.25 1.4772727272727273 1.0454545454545454 2.0  
103 21.90320892563209 1.5 1.5227272727272727 0.9772727272727273 1.25 1.4772727272727273 1.0454545454545454 2.0  
215 20.880045904388005 1.5 1.5227272727272727 0.9772727272727273 1.25 1.4772727272727273 1.0454545454545454 2.0  
252 7.201382200780366 1.5 1.5227272727272727 0.9772727272727273 1.25 1.4772727272727273 1.0454545454545454 2.0  
32 2.3412166673719947 1.5 1.5227272727272727 0.9772727272727273 1.25 1.4772727272727273 1.0454545454545454 2.0  
15 18.963722769166324 2.25 2.284090909090909 1.4659090909090908 1.875 2.215909090909091 1.5681818181818181 3.0  
191 32.03527536293495 2.25 2.284090909090909 1.4659090909090908 1.875 2.215909090909091 1.5681818181818181 3.0  
30 3.3090473839659085 2.25 2.284090909090909 1.4659090909090908 1.875 2.215909090909091 1.5681818181818181 3.0  
288 30.207171968168513 1.5 1.5227272727272727 0.9772727272727273 1.25 1.4772727272727273 1.0454545454545454 2.0  
273 3.1449029598360547 1.5 1.5227272727272727 0.9772727272727273 1.25 1.4772727272727273 1.0454545454545454 2.0  
114 41.713521096594555 2.25 2.284090909090909 1.4659090909090908 1.875 2.215909090909091 1.5681818181818181 3.0  
289 20.630850314764967 1.5 1.5227272727272727 0.9772727272727273 1.25 1.4772727272727273 1.0454545454545454 2.0  
315 1.2748988432950703 2.25 2.284090909090909 1.4659090909090908 1.875 2.215909090909091 1.5681818181818181 3.0  
94 19.461733631865204 1.5 1.5227272727272727 0.9772727272727273 1.25 1.4772727272727273 1.0454545454545454 2.0  
199 16.3166533997917 2.25 2.284090909090909 1.4659090909090908 1.875 2.215909090909091 1.5681818181818181 3.0  
366 9.47287878787879 1.5 1.5227272727272727 0.9772727272727273 1.25 1.4772727272727273 1.0454545454545454 2.0  
243 14.474675602175603 1.5 1.5227272727272727 0.9772727272727273 1.25 1.4772727272727273 1.0454545454545454 2.0  
241 7.570615384615383 1.5 1.5227272727272727 0.9772727272727273 1.25 1.4772727272727273 1.0454545454545454 2.0  
267 1.1707258601077015 1.5 1.5227272727272727 0.9772727272727273 1.25 1.4772727272727273 1.0454545454545454 2.0  
286 55.0 1.5 1.5227272727272727 0.9772727272727273 1.25 1.4772727272727273 1.0454545454545454 2.0  
390 8.557121861206927 2.25 2.284090909090909 1.4659090909090908 1.875 2.215909090909091 1.5681818181818181 3.0  
113 24.273774840227233 1.5 1.5227272727272727 0.9772727272727273 1.25 1.4772727272727273 1.0454545454545454 2.0  
104 24.121075087248247 2.25 2.284090909090909 1.4659090909090908 1.875 2.215909090909091 1.5681818181818181 3.0  
245 21.0 2.25 2.284090909090909 1.4659090909090908 1.875 2.215909090909091 1.5681818181818181 3.0  
126 37.72995150122525 1.5 1.5227272727272727 0.9772727272727273 1.25 1.4772727272727273 1.0454545454545454 2.0  
285 20.152658963650907 2.25 2.284090909090909 1.4659090909090908 1.875 2.215909090909091 1.5681818181818181 3.0  
388 13.119228151069894 2.25 2.284090909090909 1.4659090909090908 1.875 2.215909090909091 1.5681818181818181 3.0  
375 1.1251495215310998 2.25 2.284090909090909 1.4659090909090908 1.875 2.215909090909091 1.5681818181818181 3.0  
399 18.0 2.25 2.284090909090909 1.4659090909090908 1.875 2.215909090909091 1.5681818181818181 3.0  
303 6.668712103589002 2.25 2.284090909090909 1.4659090909090908 1.875 2.215909090909091 1.5681818181818181 3.0  
357 82.0 2.25 2.284090909090909 1.4659090909090908 1.875 2.215909090909091 1.5681818181818181 3.0  
222 6.519483016983018 1.5 1.5227272727272727 0.9772727272727273 1.25 1.4772727272727273 1.0454545454545454 2.0  
131 38.14642757993282 1.5 1.5227272727272727 0.9772727272727273 1.25 1.4772727272727273 1.0454545454545454 2.0  
394 46.0 1.5 1.5227272727272727 0.9772727272727273 1.25 1.4772727272727273 1.0454545454545454 2.0  
266 19.88429577894572 2.25 2.284090909090909 1.4659090909090908 1.875 2.215909090909091 1.5681818181818181 3.0  
152 9.7593884228076 2.25 2.284090909090909 1.4659090909090908 1.875 2.215909090909091 1.5681818181818181 3.0  
319 6.540772238634404 2.25 2.284090909090909 1.4659090909090908 1.875 2.215909090909091 1.5681818181818181 3.0  
100 3.923599852051031 2.25 2.284090909090909 1.4659090909090908 1.875 2.215909090909091 1.5681818181818181 3.0  
142 8.527111695463459 2.25 2.284090909090909 1.4659090909090908 1.875 2.215909090909091 1.5681818181818181 3.0  
27 1.933789388731799 1.5 1.5227272727272727 0.9772727272727273 1.25 1.4772727272727273 1.0454545454545454 2.0  
347 2.4656404792221034 1.5 1.5227272727272727 0.9772727272727273 1.25 1.4772727272727273 1.0454545454545454 2.0  
91 15.049996229260937 1.5 1.5227272727272727 0.9772727272727273 1.25 1.4772727272727273 1.0454545454545454 2.0  
261 80.0 1.5 1.5227272727272727 0.9772727272727273 1.25 1.4772727272727273 1.0454545454545454 2.0  
354 28.65775195091043 1.5 1.5227272727272727 0.9772727272727273 1.25 1.4772727272727273 1.0454545454545454 2.0  
108 8.571871070999638 2.25 2.284090909090909 1.4659090909090908 1.875 2.215909090909091 1.5681818181818181 3.0  
174 13.310456507777937 1.5 1.5227272727272727 0.9772727272727273 1.25 1.4772727272727273 1.0454545454545454 2.0  
10 12.46324180546928 1.5 1.5227272727272727 0.9772727272727273 1.25 1.4772727272727273 1.0454545454545454 2.0  
83 51.99568312434692 1.5 1.5227272727272727 0.9772727272727273 1.25 1.4772727272727273 1.0454545454545454 2.0  
48 14.990518090146326 2.25 2.284090909090909 1.4659090909090908 1.875 2.215909090909091 1.5681818181818181 3.0  
391 7.04667510478098 2.25 2.284090909090909 1.4659090909090908 1.875 2.215909090909091 1.5681818181818181 3.0  
187 3.639043374925728 2.25 2.284090909090909 1.4659090909090908 1.875 2.215909090909091 1.5681818181818181 3.0  
237 6.5075771352367076 1.5 1.5227272727272727 0.9772727272727273 1.25 1.4772727272727273 1.0454545454545454 2.0  
57 10.238811188811187 1.5 1.5227272727272727 0.9772727272727273 1.25 1.4772727272727273 1.0454545454545454 2.0  
67 38.51264317792315 1.5 1.5227272727272727 0.9772727272727273 1.25 1.4772727272727273 1.0454545454545454 2.0  
248 1.2550631824316036 2.25 2.284090909090909 1.4659090909090908 1.875 2.215909090909091 1.5681818181818181 3.0  
92 1.176327374791559 1.5 1.5227272727272727 0.9772727272727273 1.25 1.4772727272727273 1.0454545454545454 2.0  
207 17.097176545990102 2.25 2.284090909090909 1.4659090909090908 1.875 2.215909090909091 1.5681818181818181 3.0  
202 5.101631207775276 2.25 2.284090909090909 1.4659090909090908 1.875 2.215909090909091 1.5681818181818181 3.0  
99 41.0 1.5 1.5227272727272727 0.9772727272727273 1.25 1.4772727272727273 1.0454545454545454 2.0  
159 23.85547785547786 1.5 1.5227272727272727 0.9772727272727273 1.25 1.4772727272727273 1.0454545454545454 2.0  
98 12.460578402999158 1.5 1.5227272727272727 0.9772727272727273 1.25 1.4772727272727273 1.0454545454545454 2.0  
185 11.485907719731248 1.5 1.5227272727272727 0.9772727272727273 1.25 1.4772727272727273 1.0454545454545454 2.0  
4 0.4345558640469652 2.25 2.284090909090909 1.4659090909090908 1.875 2.215909090909091 1.5681818181818181 3.0  
300 13.39205086556695 1.5 1.5227272727272727 0.9772727272727273 1.25 1.4772727272727273 1.0454545454545454 2.0  
137 12.065046764923572 2.25 2.284090909090909 1.4659090909090908 1.875 2.215909090909091 1.5681818181818181 3.0  
124 4.438252379432545 2.25 2.284090909090909 1.4659090909090908 1.875 2.215909090909091 1.5681818181818181 3.0  
326 9.40349614314653 2.25 2.284090909090909 1.4659090909090908 1.875 2.215909090909091 1.5681818181818181 3.0  
93 18.920446089857855 2.25 2.284090909090909 1.4659090909090908 1.875 2.215909090909091 1.5681818181818181 3.0  
280 5.851094837418015 2.25 2.284090909090909 1.4659090909090908 1.875 2.215909090909091 1.5681818181818181 3.0  
380 0.31044657097288675 1.5 1.5227272727272727 0.9772727272727273 1.25 1.4772727272727273 1.0454545454545454 2.0  
203 12.781514707044371 1.5 1.5227272727272727 0.9772727272727273 1.25 1.4772727272727273 1.0454545454545454 2.0  
140 0.7174118541286374 2.25 2.284090909090909 1.4659090909090908 1.875 2.215909090909091 1.5681818181818181 3.0  
356 28.444974155740788 2.25 2.284090909090909 1.4659090909090908 1.875 2.215909090909091 1.5681818181818181 3.0  
62 47.22503918495298 2.25 2.284090909090909 1.4659090909090908 1.875 2.215909090909091 1.5681818181818181 3.0  
313 23.391174704143918 1.5 1.5227272727272727 0.9772727272727273 1.25 1.4772727272727273 1.0454545454545454 2.0  
164 57.0 2.25 2.284090909090909 1.4659090909090908 1.875 2.215909090909091 1.5681818181818181 3.0  
112 14.096606949243897 2.25 2.284090909090909 1.4659090909090908 1.875 2.215909090909091 1.5681818181818181 3.0  
31 46.00614648215235 1.5 1.5227272727272727 0.9772727272727273 1.25 1.4772727272727273 1.0454545454545454 2.0  
