400 8
TREE NETWORK (nID nID Weight):
1 0 58.0 
2 1 52.0 
167 0 57.0 
63 1 35.0 
64 63 37.0 
168 167 51.0 
169 168 56.0 
170 169 42.0 
171 170 35.0 
115 1 44.0 
238 169 31.0 
76 63 36.0 
239 238 37.0 
82 63 41.0 
83 82 41.0 
137 1 32.0 
288 0 36.0 
172 171 52.0 
289 288 53.0 
219 170 38.0 
3 2 54.0 
290 289 47.0 
84 83 50.0 
159 1 33.0 
138 137 55.0 
111 63 51.0 
296 288 46.0 
173 172 40.0 
240 239 32.0 
96 82 31.0 
200 171 59.0 
14 2 42.0 
338 0 36.0 
42 2 45.0 
15 14 59.0 
291 290 35.0 
77 76 33.0 
174 173 39.0 
339 338 33.0 
48 2 40.0 
340 339 52.0 
248 239 53.0 
187 172 54.0 
341 340 47.0 
369 339 56.0 
78 77 39.0 
345 340 52.0 
375 339 44.0 
209 171 43.0 
97 96 32.0 
378 339 54.0 
139 138 46.0 
16 14 35.0 
32 14 38.0 
263 238 58.0 
50 2 51.0 
141 138 44.0 
101 82 31.0 
303 288 30.0 
4 3 56.0 
163 1 58.0 
325 288 59.0 
175 174 48.0 
211 171 53.0 
85 84 41.0 
282 167 41.0 
395 0 46.0 
346 345 37.0 
266 238 59.0 
201 200 37.0 
58 2 33.0 
222 170 43.0 
102 101 54.0 
326 288 30.0 
192 172 39.0 
269 169 37.0 
160 159 30.0 
304 303 40.0 
17 16 48.0 
116 115 40.0 
249 248 47.0 
202 200 38.0 
347 346 57.0 
182 174 50.0 
145 138 47.0 
161 160 52.0 
146 145 56.0 
336 288 45.0 
223 170 39.0 
184 174 52.0 
147 146 54.0 
40 14 50.0 
224 170 41.0 
60 2 53.0 
188 187 55.0 
370 369 42.0 
354 345 58.0 
355 354 39.0 
87 84 49.0 
33 32 51.0 
327 326 45.0 
36 32 46.0 
225 224 40.0 
356 355 44.0 
311 303 55.0 
258 239 38.0 
383 339 51.0 
13 3 52.0 
241 240 45.0 
5 4 30.0 
215 171 49.0 
88 87 53.0 
148 147 37.0 
349 346 34.0 
65 64 52.0 
104 82 34.0 
142 141 46.0 
270 269 57.0 
252 248 59.0 
250 249 32.0 
6 4 42.0 
105 104 50.0 
328 326 38.0 
242 240 38.0 
359 355 34.0 
114 63 39.0 
176 175 42.0 
283 282 34.0 
140 139 34.0 
297 296 51.0 
243 240 42.0 
226 225 39.0 
317 303 41.0 
22 16 47.0 
80 77 40.0 
384 383 51.0 
195 172 40.0 
51 50 36.0 
90 87 48.0 
342 341 52.0 
360 359 32.0 
30 16 40.0 
117 115 30.0 
18 17 31.0 
220 219 41.0 
179 175 49.0 
372 369 58.0 
331 326 38.0 
305 304 52.0 
203 202 58.0 
367 345 50.0 
71 64 45.0 
61 60 50.0 
392 338 57.0 
262 239 41.0 
227 226 32.0 
185 173 45.0 
118 117 39.0 
329 328 33.0 
206 200 46.0 
10 4 38.0 
348 347 33.0 
232 226 59.0 
245 240 58.0 
59 58 39.0 
332 331 53.0 
319 303 49.0 
204 203 59.0 
94 87 32.0 
62 60 44.0 
350 349 42.0 
272 169 55.0 
149 148 55.0 
253 252 35.0 
228 227 50.0 
385 384 57.0 
293 290 46.0 
277 169 45.0 
254 252 44.0 
216 171 47.0 
155 138 59.0 
79 78 35.0 
389 383 30.0 
390 383 33.0 
157 137 50.0 
119 118 46.0 
308 304 52.0 
333 332 44.0 
295 289 53.0 
294 290 43.0 
196 195 52.0 
388 384 57.0 
271 270 55.0 
379 378 41.0 
298 297 43.0 
72 71 58.0 
357 356 43.0 
256 252 45.0 
112 111 53.0 
312 311 35.0 
386 385 43.0 
358 356 34.0 
376 375 44.0 
351 350 39.0 
193 192 41.0 
322 303 50.0 
212 211 31.0 
309 308 46.0 
37 32 42.0 
131 117 34.0 
233 232 58.0 
286 167 31.0 
199 195 53.0 
23 22 50.0 
251 250 31.0 
98 96 49.0 
133 117 39.0 
197 196 52.0 
91 90 39.0 
257 256 48.0 
236 170 41.0 
335 326 53.0 
368 345 57.0 
164 1 55.0 
373 372 52.0 
151 148 47.0 
74 71 39.0 
154 145 32.0 
281 168 39.0 
213 211 35.0 
279 169 44.0 
198 196 42.0 
280 169 33.0 
73 72 33.0 
66 65 32.0 
323 303 59.0 
186 185 37.0 
207 200 54.0 
190 187 52.0 
267 266 51.0 
314 311 46.0 
362 354 47.0 
343 341 55.0 
205 202 52.0 
106 105 44.0 
259 258 58.0 
69 65 37.0 
7 6 35.0 
158 157 39.0 
301 297 38.0 
237 236 40.0 
103 102 45.0 
396 395 43.0 
177 176 39.0 
393 392 32.0 
162 161 41.0 
246 240 56.0 
124 118 32.0 
38 32 47.0 
324 303 44.0 
191 190 39.0 
25 22 33.0 
380 378 57.0 
391 383 57.0 
41 14 31.0 
43 42 34.0 
353 349 31.0 
19 18 41.0 
44 43 47.0 
143 142 33.0 
70 65 51.0 
371 370 31.0 
235 232 33.0 
113 112 50.0 
306 305 58.0 
152 147 56.0 
229 227 42.0 
255 254 40.0 
165 1 48.0 
120 119 32.0 
247 246 39.0 
260 258 30.0 
81 77 59.0 
320 319 51.0 
264 263 37.0 
273 272 49.0 
387 385 33.0 
363 362 55.0 
307 305 31.0 
21 17 50.0 
194 192 53.0 
265 263 54.0 
230 227 41.0 
54 50 54.0 
214 213 38.0 
244 243 38.0 
316 311 36.0 
181 175 52.0 
364 363 52.0 
365 354 37.0 
67 66 45.0 
144 143 40.0 
292 291 34.0 
121 119 34.0 
89 88 40.0 
8 7 35.0 
107 106 35.0 
134 133 33.0 
20 19 43.0 
128 118 39.0 
334 333 30.0 
366 365 47.0 
129 128 57.0 
68 67 54.0 
99 98 44.0 
310 308 36.0 
27 22 49.0 
299 298 30.0 
130 128 43.0 
287 167 59.0 
344 341 30.0 
284 283 53.0 
100 98 38.0 
28 27 38.0 
92 91 57.0 
285 284 31.0 
47 43 43.0 
278 277 46.0 
49 48 57.0 
125 124 58.0 
29 22 47.0 
397 395 57.0 
108 105 53.0 
109 105 53.0 
166 1 56.0 
361 360 47.0 
52 51 58.0 
189 188 53.0 
31 16 40.0 
126 125 51.0 
122 121 59.0 
127 126 50.0 
34 33 36.0 
377 376 30.0 
93 92 50.0 
217 216 36.0 
135 133 49.0 
156 138 34.0 
110 105 57.0 
300 299 34.0 
231 230 56.0 
221 219 41.0 
45 44 37.0 
26 25 48.0 
382 378 55.0 
55 50 41.0 
399 0 39.0 
352 351 49.0 
136 117 43.0 
56 55 49.0 
274 273 42.0 
150 149 31.0 
337 288 31.0 
275 274 41.0 
86 85 59.0 
218 216 41.0 
153 152 33.0 
35 34 33.0 
321 319 30.0 
39 32 58.0 
374 373 50.0 
123 119 56.0 
208 200 35.0 
95 83 39.0 
11 10 54.0 
398 395 56.0 
9 8 31.0 
381 380 55.0 
330 328 45.0 
268 238 31.0 
12 4 39.0 
24 23 31.0 
315 314 32.0 
210 209 55.0 
178 176 59.0 
302 296 33.0 
313 312 59.0 
46 44 47.0 
180 179 33.0 
276 274 47.0 
183 182 37.0 
318 317 41.0 
53 52 34.0 
132 131 44.0 
261 258 30.0 
57 50 51.0 
75 74 37.0 
394 393 41.0 
234 233 36.0 
PROGRAMS ASSIGNED TO NODES (nID pID1 pID2 ...):
0 1 2 3 4 5 6 7 8  
42 2 6 7 8  
59 3 7  
227  
217 1 2 3 5 6 8  
108 2 8  
237 2 6 7  
12 4 6 8  
178 1 2 3 4 5 7 8  
66 3 5 7 8  
257 1 2 3 4 5 6 7  
46 1 2 4 5 7 8  
261 2 3  
380  
180 1  
393 1 2 4 5 6 7 8  
267 5  
388 1 2 6 7 8  
72 2 7  
184 2 4 5 6 7 8  
379 1 2 6  
61 1 3 4 5 6 7 8  
247 2  
235 3  
226 1 2 3 6  
363 1 2 4 5 7 8  
349 5 6 7 8  
196 1 2 5 6 7 8  
197 1  
307 5  
296 1 2 3 4 6 7 8  
304  
224 1 2 3 4 6 7 8  
190 6  
20 3 4 5 8  
326 1  
351 3 4 5 7  
273 2 3 7  
135 1 2 3 4 5  
50 2 5  
159 1 2 4 7 8  
298 3 6  
323  
295  
179 2 4 5 6 7 8  
309  
301 6  
89 1  
174 1 2 3 4 7  
281  
51 2 3 6 8  
246 1 2 3 4 6 7  
245 1 6 7 8  
291  
260 1 2 6 8  
398  
320  
215 2 3 4 5 6 7  
279 2 3 4 5 6 7 8  
396 8  
18  
77 3 4 5 6 7 8  
63 2 6  
144 6 8  
136 2 3 5 6 7 8  
83 1  
84 2  
119  
205 3 5 6 7  
106 1 4  
204 1 2 6  
121 2 3 4 5 6 7  
394  
266 1 2 3 4 5 7 8  
54 2 6  
240  
353 1 2 4 5 7 8  
228 2 3 5 7 8  
15 2 3 4 5 6 7 8  
13 1 2 3 4 7 8  
315 1 2 3 6 8  
360 1 3 4 5 6 7 8  
39 1 3 4 6  
202 1 3 4 5 7  
256 7  
75 4 6  
198 1 2 4 6 7 8  
8  
308 3 4 5 8  
168 2 4 5 6 8  
100 1 2 4 5 6 7 8  
183 1 2 3 4 5 6 7  
93 1  
270 5 6 7  
271 1 2 3 4 6  
101  
163 3 4 5 6  
274 1 3 4 5 6 7 8  
86 1  
223 3 5 6  
21 7  
137 2 5 6 7 8  
203  
317 1 2 3 4 5 6 7  
359 1 2 3 4 6 8  
173 2  
148 1 2 3 5 7  
31 1 6 7 8  
310 1 3 5 6  
249 1 8  
206 1 2 8  
185  
386 2 3 4 5 6 7 8  
335  
362 1 2 3 5 6 8  
9  
289 1 2 5 7 8  
102  
377 1 2 3 4 7  
253 2 8  
112 1 2 3 4 5 8  
110 1 2 4 6 7  
36 2 3 4 5 6 7 8  
105 4 5 7 8  
209 1 4 5 6 7 8  
337 4  
124  
378 3  
210  
30 1 3 4 5 6  
48 1 4 5 6 7 8  
356 1 2 3 5 6 7 8  
347 2 3 4 5 6 8  
222 1 3 6 7  
28 2 3 5 7  
225 1 2 4  
11 2 3 5  
395 1 2 3 5 6 7 8  
354 2 3 7  
129 1 2 3 6 7  
132 1 3 4 5 7  
57 1 2 4 5 8  
175 2  
45 1 2 3 4 5 6 7  
219 2 6 8  
164 2 4 7 8  
229  
191  
300 3  
381 5  
195 2 3 5 6 7 8  
302 1 3 4 6 7  
68 3 8  
391 1 2 3 4 5 7  
160  
41 1 2 4 5  
218 5  
17 1 2 3 4 6 7 8  
252 1 2 4 5 7 8  
49 1 7  
236 1  
142 2 4  
208 2 5 7 8  
242 4 5  
318 2 3 4 5 6 8  
127 4 8  
376 1 2 6 7  
277 3 8  
22 2 3 4 5  
182 1 3 4 5 8  
169 1 2 4 7  
104 5 7 8  
52 1 2 4 6 8  
16 1 2 4 5 6 8  
4 6  
79 2 7 8  
239 2 3 4 6 8  
329 1 5  
7 3 4 8  
241 1 2 3 4 5 7  
153 2 5 6 7 8  
280 1 3 5 6 8  
67 1 3 4  
207  
231 2 6  
120 1 2 4 5 7 8  
341 1 3 4 5 6 7 8  
244 2 3 4 7 8  
92 2 3 5 6 7 8  
259 3 6 7  
285 5  
122  
125  
221 1 2 5 8  
113 2 4 5 6  
292 2 5 8  
275  
55 3 5  
80 5  
118 1 3 5 6 7 8  
2 1 4 5 7 8  
355 3  
313 3 5 7 8  
69 4 5 8  
161 1 2 3 5 7  
115  
117 1 2 7  
76 1 2 4 6 8  
71 5  
382 6 7 8  
358  
123 1 3 4 6 7 8  
193  
333 1 2 6 7 8  
14 1 2 5 6 7  
107 4 7  
27 3 6  
243 1 3 4 5 6 7 8  
194 3 6 7 8  
94 1 2 3 4 5 7 8  
255 1 2 3 5 6 7 8  
151 1 5 6  
322 2 3 4 5 7  
38 1 2 3 4 6 7 8  
324  
140 5  
170 2 4 5 6 8  
352 2 4 5 7 8  
392 7  
187 8  
230  
287 1 2 4 5 6 7 8  
138  
251 2  
156 1 2 3 7 8  
303 1 2 5 6 7 8  
369 1 3 4 5 8  
367 5 8  
157 1 4 5 6 7 8  
103 1 2 3 5 6 7 8  
330 1 4 5 7  
258 2 3 4  
53 2 4 5 6 7 8  
188 1 2 3 7  
70 1 8  
139 1  
334 3 6  
189 4 5 8  
130 5 7  
32 6  
78 4 5 6 7  
87 1 2 7 8  
368 1 2 4 5 6 8  
177 1 2 3 4 5 6 7  
56 3 4 7 8  
284 2 5 6 7 8  
25 2 5  
95 6  
294 5  
357 1 2 3 6 7  
306 4  
220 3 4 5  
350  
64 6  
166 2 3 4 5 6 7 8  
314  
385  
96 1 2 3 4 5 8  
133  
6 3 6 7  
213 1 2 3 4 5 6 8  
339 5  
145 6 8  
371 1 2 4 6 7  
40 2 3 5 6 7 8  
276 5 7 8  
211 3  
305 1 3 4 5 6 8  
373 8  
62 1  
167 1 4  
293 4 5 6 7  
282 5  
325 1 2  
43 1 6 7 8  
321 1 2 3 4 5 6 7  
152  
216 2 3 4 5 7 8  
150 2 3 4 5  
250  
365 2  
99 3 4 6 7 8  
90 1 2 3 4 5 6  
23  
248 1 2 6 7  
116 1 3 7 8  
348 1 4 5 6 7  
387 3 7 8  
345  
35  
29 1 4 5 7  
232 1 2 5 6 7  
200 1 3  
336 3 4 5 7  
346 1 2 4 5 6 7  
254  
60 1 2 3 4 5 6 7  
311 2 3 5 7  
233  
154 1 2 3 4 5 7 8  
288 4  
343  
265 1 2 4 5 6 8  
264  
338 5  
10 1 2 4 5 7 8  
361 1 3 4 6 7  
128 8  
134 1 2 3 4 5 7 8  
316  
44 2 3 4 5 6 8  
155 5 8  
364 1 3 4 7  
3  
272 1 5 6  
399 4  
263 3 8  
374 2 5 7  
181  
375 7  
5 2 3 4 5 6 7 8  
269 2 3 4 8  
384 1 2 3 4 5 6  
319  
278 1 5 6 8  
262 1 2 3 4 5 7 8  
290 1 2 3 8  
383 3  
342 1 5 8  
199 5 8  
126 1 3 4 6 7  
283 1 2 7 8  
212 3 7 8  
74 2 3 6 7  
370 1 8  
238 1 2 3 4 6 7 8  
82  
171  
331 1 2 3 4 5 7 8  
98 1 4 5  
340 3 4 6 7 8  
201 1 4 5 6 7 8  
389 3 5 8  
81 1 2 4  
328 1 2 3 4 5 7 8  
149 6  
97 2 4 5 7 8  
397 1 5 6  
146 2 6 7 8  
26 4 5 6  
131 4  
176 1 2 7 8  
327 1 2 3 5 6 7 8  
143 1 2 3 5 6 8  
88  
344 4 6  
286  
214 1 3 4 5 8  
141 7 8  
332  
297 1 2 3 4 7 8  
372 3 7  
58 2 6  
366 1 4 6 7 8  
158 1 2 3 6 7  
85 1 2 3 4 5 7 8  
312 4 6  
19 2 4 5 7 8  
186 2 3  
114  
234 1 2 3 4 5 6 7  
47  
268 1 2 4 5 8  
162 1 2 3  
33 2 3 4 5 6 7  
111 1 2 3 4 5 7 8  
165 1 2 5 6 7 8  
172  
34 1 2 3 4 5 6 7  
390 3 6 7  
299 1 2 3 5 6 7 8  
65 1 2 3 4 5 6 7  
37  
91 1 2 3 6 7  
24 1 2 7 8  
109 1 3 4 8  
147  
192 1 5 6 7 8  
1 1 3 6  
73 3 8  
SIZE OF PROGRAMS (pID SIZE):
1 78.0 
2 99.0 
3 85.0 
4 92.0 
5 95.0 
6 52.0 
7 84.0 
8 87.0 
COST_INSTALL_SERVER_AND_PROGRAMS :
0 3036.363636363636 2.3636363636363638 3.0 2.5757575757575757 2.787878787878788 2.878787878787879 1.5757575757575757 2.5454545454545454 2.6363636363636362  
42 10.387445096410616 2.3636363636363638 3.0 2.5757575757575757 2.787878787878788 2.878787878787879 1.5757575757575757 2.5454545454545454 2.6363636363636362  
59 8.047796934865898 2.3636363636363638 3.0 2.5757575757575757 2.787878787878788 2.878787878787879 1.5757575757575757 2.5454545454545454 2.6363636363636362  
227 79.23095015048337 1.5757575757575757 2.0 1.7171717171717171 1.8585858585858586 1.9191919191919191 1.0505050505050506 1.696969696969697 1.7575757575757576  
217 59.88460579739038 2.3636363636363638 3.0 2.5757575757575757 2.787878787878788 2.878787878787879 1.5757575757575757 2.5454545454545454 2.6363636363636362  
108 16.86683078841528 1.5757575757575757 2.0 1.7171717171717171 1.8585858585858586 1.9191919191919191 1.0505050505050506 1.696969696969697 1.7575757575757576  
237 19.556640214727505 2.3636363636363638 3.0 2.5757575757575757 2.787878787878788 2.878787878787879 1.5757575757575757 2.5454545454545454 2.6363636363636362  
12 10.850552608311231 1.5757575757575757 2.0 1.7171717171717171 1.8585858585858586 1.9191919191919191 1.0505050505050506 1.696969696969697 1.7575757575757576  
178 115.22938391398473 1.5757575757575757 2.0 1.7171717171717171 1.8585858585858586 1.9191919191919191 1.0505050505050506 1.696969696969697 1.7575757575757576  
66 25.61571101209956 2.3636363636363638 3.0 2.5757575757575757 2.787878787878788 2.878787878787879 1.5757575757575757 2.5454545454545454 2.6363636363636362  
257 9.52751706132778 2.3636363636363638 3.0 2.5757575757575757 2.787878787878788 2.878787878787879 1.5757575757575757 2.5454545454545454 2.6363636363636362  
46 51.38959219454557 2.3636363636363638 3.0 2.5757575757575757 2.787878787878788 2.878787878787879 1.5757575757575757 2.5454545454545454 2.6363636363636362  
261 21.687736013278805 1.5757575757575757 2.0 1.7171717171717171 1.8585858585858586 1.9191919191919191 1.0505050505050506 1.696969696969697 1.7575757575757576  
380 4.2146464646464645 1.5757575757575757 2.0 1.7171717171717171 1.8585858585858586 1.9191919191919191 1.0505050505050506 1.696969696969697 1.7575757575757576  
180 1.704324098060277 2.3636363636363638 3.0 2.5757575757575757 2.787878787878788 2.878787878787879 1.5757575757575757 2.5454545454545454 2.6363636363636362  
393 32.26174117822966 1.5757575757575757 2.0 1.7171717171717171 1.8585858585858586 1.9191919191919191 1.0505050505050506 1.696969696969697 1.7575757575757576  
267 0.9844079135539433 1.5757575757575757 2.0 1.7171717171717171 1.8585858585858586 1.9191919191919191 1.0505050505050506 1.696969696969697 1.7575757575757576  
388 31.560600848526537 2.3636363636363638 3.0 2.5757575757575757 2.787878787878788 2.878787878787879 1.5757575757575757 2.5454545454545454 2.6363636363636362  
72 29.426402488471457 1.5757575757575757 2.0 1.7171717171717171 1.8585858585858586 1.9191919191919191 1.0505050505050506 1.696969696969697 1.7575757575757576  
184 73.06730986100732 1.5757575757575757 2.0 1.7171717171717171 1.8585858585858586 1.9191919191919191 1.0505050505050506 1.696969696969697 1.7575757575757576  
379 15.725296665845445 1.5757575757575757 2.0 1.7171717171717171 1.8585858585858586 1.9191919191919191 1.0505050505050506 1.696969696969697 1.7575757575757576  
61 26.854988649065092 1.5757575757575757 2.0 1.7171717171717171 1.8585858585858586 1.9191919191919191 1.0505050505050506 1.696969696969697 1.7575757575757576  
247 1.5715168462799665 2.3636363636363638 3.0 2.5757575757575757 2.787878787878788 2.878787878787879 1.5757575757575757 2.5454545454545454 2.6363636363636362  
235 1.5376483139390822 1.5757575757575757 2.0 1.7171717171717171 1.8585858585858586 1.9191919191919191 1.0505050505050506 1.696969696969697 1.7575757575757576  
226 82.10083969710635 2.3636363636363638 3.0 2.5757575757575757 2.787878787878788 2.878787878787879 1.5757575757575757 2.5454545454545454 2.6363636363636362  
363 39.180315215476625 1.5757575757575757 2.0 1.7171717171717171 1.8585858585858586 1.9191919191919191 1.0505050505050506 1.696969696969697 1.7575757575757576  
349 18.836930883989705 1.5757575757575757 2.0 1.7171717171717171 1.8585858585858586 1.9191919191919191 1.0505050505050506 1.696969696969697 1.7575757575757576  
196 49.50111343764592 2.3636363636363638 3.0 2.5757575757575757 2.787878787878788 2.878787878787879 1.5757575757575757 2.5454545454545454 2.6363636363636362  
197 1.3250646670151314 1.5757575757575757 2.0 1.7171717171717171 1.8585858585858586 1.9191919191919191 1.0505050505050506 1.696969696969697 1.7575757575757576  
307 1.0193206882723012 2.3636363636363638 3.0 2.5757575757575757 2.787878787878788 2.878787878787879 1.5757575757575757 2.5454545454545454 2.6363636363636362  
296 12.91418533157663 1.5757575757575757 2.0 1.7171717171717171 1.8585858585858586 1.9191919191919191 1.0505050505050506 1.696969696969697 1.7575757575757576  
304 30.848279220779222 1.5757575757575757 2.0 1.7171717171717171 1.8585858585858586 1.9191919191919191 1.0505050505050506 1.696969696969697 1.7575757575757576  
224 24.171519926288486 1.5757575757575757 2.0 1.7171717171717171 1.8585858585858586 1.9191919191919191 1.0505050505050506 1.696969696969697 1.7575757575757576  
190 4.182884930686788 2.3636363636363638 3.0 2.5757575757575757 2.787878787878788 2.878787878787879 1.5757575757575757 2.5454545454545454 2.6363636363636362  
20 54.72943611905837 1.5757575757575757 2.0 1.7171717171717171 1.8585858585858586 1.9191919191919191 1.0505050505050506 1.696969696969697 1.7575757575757576  
326 20.47299663299663 2.3636363636363638 3.0 2.5757575757575757 2.787878787878788 2.878787878787879 1.5757575757575757 2.5454545454545454 2.6363636363636362  
351 35.98472532464129 2.3636363636363638 3.0 2.5757575757575757 2.787878787878788 2.878787878787879 1.5757575757575757 2.5454545454545454 2.6363636363636362  
273 4.2534775441276995 2.3636363636363638 3.0 2.5757575757575757 2.787878787878788 2.878787878787879 1.5757575757575757 2.5454545454545454 2.6363636363636362  
135 30.653339427403463 2.3636363636363638 3.0 2.5757575757575757 2.787878787878788 2.878787878787879 1.5757575757575757 2.5454545454545454 2.6363636363636362  
50 9.430930935190572 2.3636363636363638 3.0 2.5757575757575757 2.787878787878788 2.878787878787879 1.5757575757575757 2.5454545454545454 2.6363636363636362  
159 16.528474399164054 1.5757575757575757 2.0 1.7171717171717171 1.8585858585858586 1.9191919191919191 1.0505050505050506 1.696969696969697 1.7575757575757576  
298 30.604224755134766 2.3636363636363638 3.0 2.5757575757575757 2.787878787878788 2.878787878787879 1.5757575757575757 2.5454545454545454 2.6363636363636362  
323 59.0 2.3636363636363638 3.0 2.5757575757575757 2.787878787878788 2.878787878787879 1.5757575757575757 2.5454545454545454 2.6363636363636362  
295 109.0 1.5757575757575757 2.0 1.7171717171717171 1.8585858585858586 1.9191919191919191 1.0505050505050506 1.696969696969697 1.7575757575757576  
179 113.49265948305155 1.5757575757575757 2.0 1.7171717171717171 1.8585858585858586 1.9191919191919191 1.0505050505050506 1.696969696969697 1.7575757575757576  
309 51.0 1.5757575757575757 2.0 1.7171717171717171 1.8585858585858586 1.9191919191919191 1.0505050505050506 1.696969696969697 1.7575757575757576  
301 2.3474418433901536 1.5757575757575757 2.0 1.7171717171717171 1.8585858585858586 1.9191919191919191 1.0505050505050506 1.696969696969697 1.7575757575757576  
89 1.2376054335702662 1.5757575757575757 2.0 1.7171717171717171 1.8585858585858586 1.9191919191919191 1.0505050505050506 1.696969696969697 1.7575757575757576  
174 22.281518046223923 1.5757575757575757 2.0 1.7171717171717171 1.8585858585858586 1.9191919191919191 1.0505050505050506 1.696969696969697 1.7575757575757576  
281 101.0 1.5757575757575757 2.0 1.7171717171717171 1.8585858585858586 1.9191919191919191 1.0505050505050506 1.696969696969697 1.7575757575757576  
51 42.30136723767555 1.5757575757575757 2.0 1.7171717171717171 1.8585858585858586 1.9191919191919191 1.0505050505050506 1.696969696969697 1.7575757575757576  
246 57.136424876877925 1.5757575757575757 2.0 1.7171717171717171 1.8585858585858586 1.9191919191919191 1.0505050505050506 1.696969696969697 1.7575757575757576  
245 11.963150443317407 2.3636363636363638 3.0 2.5757575757575757 2.787878787878788 2.878787878787879 1.5757575757575757 2.5454545454545454 2.6363636363636362  
291 6.509854982989265 2.3636363636363638 3.0 2.5757575757575757 2.787878787878788 2.878787878787879 1.5757575757575757 2.5454545454545454 2.6363636363636362  
260 22.695124691124896 2.3636363636363638 3.0 2.5757575757575757 2.787878787878788 2.878787878787879 1.5757575757575757 2.5454545454545454 2.6363636363636362  
398 107.0 2.3636363636363638 3.0 2.5757575757575757 2.787878787878788 2.878787878787879 1.5757575757575757 2.5454545454545454 2.6363636363636362  
320 101.0 2.3636363636363638 3.0 2.5757575757575757 2.787878787878788 2.878787878787879 1.5757575757575757 2.5454545454545454 2.6363636363636362  
215 36.62719543114581 1.5757575757575757 2.0 1.7171717171717171 1.8585858585858586 1.9191919191919191 1.0505050505050506 1.696969696969697 1.7575757575757576  
279 13.383245798319326 2.3636363636363638 3.0 2.5757575757575757 2.787878787878788 2.878787878787879 1.5757575757575757 2.5454545454545454 2.6363636363636362  
396 0.21569844042038178 1.5757575757575757 2.0 1.7171717171717171 1.8585858585858586 1.9191919191919191 1.0505050505050506 1.696969696969697 1.7575757575757576  
18 6.598442338467368 1.5757575757575757 2.0 1.7171717171717171 1.8585858585858586 1.9191919191919191 1.0505050505050506 1.696969696969697 1.7575757575757576  
77 48.90339719029375 2.3636363636363638 3.0 2.5757575757575757 2.787878787878788 2.878787878787879 1.5757575757575757 2.5454545454545454 2.6363636363636362  
63 7.990637408568446 2.3636363636363638 3.0 2.5757575757575757 2.787878787878788 2.878787878787879 1.5757575757575757 2.5454545454545454 2.6363636363636362  
144 8.808559454489925 1.5757575757575757 2.0 1.7171717171717171 1.8585858585858586 1.9191919191919191 1.0505050505050506 1.696969696969697 1.7575757575757576  
136 12.828816275945382 2.3636363636363638 3.0 2.5757575757575757 2.787878787878788 2.878787878787879 1.5757575757575757 2.5454545454545454 2.6363636363636362  
83 33.12234472564161 2.3636363636363638 3.0 2.5757575757575757 2.787878787878788 2.878787878787879 1.5757575757575757 2.5454545454545454 2.6363636363636362  
84 55.6782670325345 1.5757575757575757 2.0 1.7171717171717171 1.8585858585858586 1.9191919191919191 1.0505050505050506 1.696969696969697 1.7575757575757576  
119 60.059931992045954 2.3636363636363638 3.0 2.5757575757575757 2.787878787878788 2.878787878787879 1.5757575757575757 2.5454545454545454 2.6363636363636362  
205 39.697257018575684 2.3636363636363638 3.0 2.5757575757575757 2.787878787878788 2.878787878787879 1.5757575757575757 2.5454545454545454 2.6363636363636362  
106 10.858252135464372 1.5757575757575757 2.0 1.7171717171717171 1.8585858585858586 1.9191919191919191 1.0505050505050506 1.696969696969697 1.7575757575757576  
204 12.386560663455931 2.3636363636363638 3.0 2.5757575757575757 2.787878787878788 2.878787878787879 1.5757575757575757 2.5454545454545454 2.6363636363636362  
121 6.0733974055752915 2.3636363636363638 3.0 2.5757575757575757 2.787878787878788 2.878787878787879 1.5757575757575757 2.5454545454545454 2.6363636363636362  
394 23.0 1.5757575757575757 2.0 1.7171717171717171 1.8585858585858586 1.9191919191919191 1.0505050505050506 1.696969696969697 1.7575757575757576  
266 10.310868019659406 2.3636363636363638 3.0 2.5757575757575757 2.787878787878788 2.878787878787879 1.5757575757575757 2.5454545454545454 2.6363636363636362  
54 2.8984009010547203 2.3636363636363638 3.0 2.5757575757575757 2.787878787878788 2.878787878787879 1.5757575757575757 2.5454545454545454 2.6363636363636362  
240 55.217292495640635 1.5757575757575757 2.0 1.7171717171717171 1.8585858585858586 1.9191919191919191 1.0505050505050506 1.696969696969697 1.7575757575757576  
353 31.97218587991831 2.3636363636363638 3.0 2.5757575757575757 2.787878787878788 2.878787878787879 1.5757575757575757 2.5454545454545454 2.6363636363636362  
228 7.865847391206542 2.3636363636363638 3.0 2.5757575757575757 2.787878787878788 2.878787878787879 1.5757575757575757 2.5454545454545454 2.6363636363636362  
15 7.621899746950885 1.5757575757575757 2.0 1.7171717171717171 1.8585858585858586 1.9191919191919191 1.0505050505050506 1.696969696969697 1.7575757575757576  
13 12.187357661495597 2.3636363636363638 3.0 2.5757575757575757 2.787878787878788 2.878787878787879 1.5757575757575757 2.5454545454545454 2.6363636363636362  
315 4.089359079929731 2.3636363636363638 3.0 2.5757575757575757 2.787878787878788 2.878787878787879 1.5757575757575757 2.5454545454545454 2.6363636363636362  
360 70.53230462858221 2.3636363636363638 3.0 2.5757575757575757 2.787878787878788 2.878787878787879 1.5757575757575757 2.5454545454545454 2.6363636363636362  
39 2.5676504026322533 1.5757575757575757 2.0 1.7171717171717171 1.8585858585858586 1.9191919191919191 1.0505050505050506 1.696969696969697 1.7575757575757576  
202 68.6456064415264 2.3636363636363638 3.0 2.5757575757575757 2.787878787878788 2.878787878787879 1.5757575757575757 2.5454545454545454 2.6363636363636362  
256 60.2385611946264 2.3636363636363638 3.0 2.5757575757575757 2.787878787878788 2.878787878787879 1.5757575757575757 2.5454545454545454 2.6363636363636362  
75 14.079101091514884 1.5757575757575757 2.0 1.7171717171717171 1.8585858585858586 1.9191919191919191 1.0505050505050506 1.696969696969697 1.7575757575757576  
198 82.15516006918037 1.5757575757575757 2.0 1.7171717171717171 1.8585858585858586 1.9191919191919191 1.0505050505050506 1.696969696969697 1.7575757575757576  
8 98.0 2.3636363636363638 3.0 2.5757575757575757 2.787878787878788 2.878787878787879 1.5757575757575757 2.5454545454545454 2.6363636363636362  
308 35.12139776889776 2.3636363636363638 3.0 2.5757575757575757 2.787878787878788 2.878787878787879 1.5757575757575757 2.5454545454545454 2.6363636363636362  
168 4.039803608843857 2.3636363636363638 3.0 2.5757575757575757 2.787878787878788 2.878787878787879 1.5757575757575757 2.5454545454545454 2.6363636363636362  
100 73.82022342581436 1.5757575757575757 2.0 1.7171717171717171 1.8585858585858586 1.9191919191919191 1.0505050505050506 1.696969696969697 1.7575757575757576  
183 110.64453067965836 2.3636363636363638 3.0 2.5757575757575757 2.787878787878788 2.878787878787879 1.5757575757575757 2.5454545454545454 2.6363636363636362  
93 9.304666365076017 1.5757575757575757 2.0 1.7171717171717171 1.8585858585858586 1.9191919191919191 1.0505050505050506 1.696969696969697 1.7575757575757576  
270 24.31612240784067 2.3636363636363638 3.0 2.5757575757575757 2.787878787878788 2.878787878787879 1.5757575757575757 2.5454545454545454 2.6363636363636362  
271 10.562445147089111 1.5757575757575757 2.0 1.7171717171717171 1.8585858585858586 1.9191919191919191 1.0505050505050506 1.696969696969697 1.7575757575757576  
101 9.41663022264911 2.3636363636363638 3.0 2.5757575757575757 2.787878787878788 2.878787878787879 1.5757575757575757 2.5454545454545454 2.6363636363636362  
163 0.13542319749216283 2.3636363636363638 3.0 2.5757575757575757 2.787878787878788 2.878787878787879 1.5757575757575757 2.5454545454545454 2.6363636363636362  
274 4.991134870216031 2.3636363636363638 3.0 2.5757575757575757 2.787878787878788 2.878787878787879 1.5757575757575757 2.5454545454545454 2.6363636363636362  
86 5.879468173570666 2.3636363636363638 3.0 2.5757575757575757 2.787878787878788 2.878787878787879 1.5757575757575757 2.5454545454545454 2.6363636363636362  
223 1.7204276631521216 2.3636363636363638 3.0 2.5757575757575757 2.787878787878788 2.878787878787879 1.5757575757575757 2.5454545454545454 2.6363636363636362  
21 5.51801446829033 1.5757575757575757 2.0 1.7171717171717171 1.8585858585858586 1.9191919191919191 1.0505050505050506 1.696969696969697 1.7575757575757576  
137 18.799222106118663 1.5757575757575757 2.0 1.7171717171717171 1.8585858585858586 1.9191919191919191 1.0505050505050506 1.696969696969697 1.7575757575757576  
203 20.293169223052622 1.5757575757575757 2.0 1.7171717171717171 1.8585858585858586 1.9191919191919191 1.0505050505050506 1.696969696969697 1.7575757575757576  
317 4.388115299334811 1.5757575757575757 2.0 1.7171717171717171 1.8585858585858586 1.9191919191919191 1.0505050505050506 1.696969696969697 1.7575757575757576  
359 9.98823813103732 1.5757575757575757 2.0 1.7171717171717171 1.8585858585858586 1.9191919191919191 1.0505050505050506 1.696969696969697 1.7575757575757576  
173 77.51942028846051 1.5757575757575757 2.0 1.7171717171717171 1.8585858585858586 1.9191919191919191 1.0505050505050506 1.696969696969697 1.7575757575757576  
148 33.63661629013049 2.3636363636363638 3.0 2.5757575757575757 2.787878787878788 2.878787878787879 1.5757575757575757 2.5454545454545454 2.6363636363636362  
31 12.574285628164942 2.3636363636363638 3.0 2.5757575757575757 2.787878787878788 2.878787878787879 1.5757575757575757 2.5454545454545454 2.6363636363636362  
310 10.501340326340328 1.5757575757575757 2.0 1.7171717171717171 1.8585858585858586 1.9191919191919191 1.0505050505050506 1.696969696969697 1.7575757575757576  
249 19.663051661610037 2.3636363636363638 3.0 2.5757575757575757 2.787878787878788 2.878787878787879 1.5757575757575757 2.5454545454545454 2.6363636363636362  
206 10.697614684550468 2.3636363636363638 3.0 2.5757575757575757 2.787878787878788 2.878787878787879 1.5757575757575757 2.5454545454545454 2.6363636363636362  
185 2.641131568809587 2.3636363636363638 3.0 2.5757575757575757 2.787878787878788 2.878787878787879 1.5757575757575757 2.5454545454545454 2.6363636363636362  
386 24.51019331845345 1.5757575757575757 2.0 1.7171717171717171 1.8585858585858586 1.9191919191919191 1.0505050505050506 1.696969696969697 1.7575757575757576  
335 41.0 1.5757575757575757 2.0 1.7171717171717171 1.8585858585858586 1.9191919191919191 1.0505050505050506 1.696969696969697 1.7575757575757576  
362 16.29456435795394 1.5757575757575757 2.0 1.7171717171717171 1.8585858585858586 1.9191919191919191 1.0505050505050506 1.696969696969697 1.7575757575757576  
9 108.0 1.5757575757575757 2.0 1.7171717171717171 1.8585858585858586 1.9191919191919191 1.0505050505050506 1.696969696969697 1.7575757575757576  
289 1.098227558604917 2.3636363636363638 3.0 2.5757575757575757 2.787878787878788 2.878787878787879 1.5757575757575757 2.5454545454545454 2.6363636363636362  
102 13.151478707497596 1.5757575757575757 2.0 1.7171717171717171 1.8585858585858586 1.9191919191919191 1.0505050505050506 1.696969696969697 1.7575757575757576  
377 5.110000000000003 1.5757575757575757 2.0 1.7171717171717171 1.8585858585858586 1.9191919191919191 1.0505050505050506 1.696969696969697 1.7575757575757576  
253 22.59930826657594 1.5757575757575757 2.0 1.7171717171717171 1.8585858585858586 1.9191919191919191 1.0505050505050506 1.696969696969697 1.7575757575757576  
112 8.478651272184514 1.5757575757575757 2.0 1.7171717171717171 1.8585858585858586 1.9191919191919191 1.0505050505050506 1.696969696969697 1.7575757575757576  
110 11.540409750308223 2.3636363636363638 3.0 2.5757575757575757 2.787878787878788 2.878787878787879 1.5757575757575757 2.5454545454545454 2.6363636363636362  
36 16.223177530667865 2.3636363636363638 3.0 2.5757575757575757 2.787878787878788 2.878787878787879 1.5757575757575757 2.5454545454545454 2.6363636363636362  
105 21.52618415624442 1.5757575757575757 2.0 1.7171717171717171 1.8585858585858586 1.9191919191919191 1.0505050505050506 1.696969696969697 1.7575757575757576  
209 5.389647278665928 1.5757575757575757 2.0 1.7171717171717171 1.8585858585858586 1.9191919191919191 1.0505050505050506 1.696969696969697 1.7575757575757576  
337 2.1988269794721407 1.5757575757575757 2.0 1.7171717171717171 1.8585858585858586 1.9191919191919191 1.0505050505050506 1.696969696969697 1.7575757575757576  
124 38.880034491370694 2.3636363636363638 3.0 2.5757575757575757 2.787878787878788 2.878787878787879 1.5757575757575757 2.5454545454545454 2.6363636363636362  
378 22.824074074074073 2.3636363636363638 3.0 2.5757575757575757 2.787878787878788 2.878787878787879 1.5757575757575757 2.5454545454545454 2.6363636363636362  
210 38.0 2.3636363636363638 3.0 2.5757575757575757 2.787878787878788 2.878787878787879 1.5757575757575757 2.5454545454545454 2.6363636363636362  
30 16.314018261432054 1.5757575757575757 2.0 1.7171717171717171 1.8585858585858586 1.9191919191919191 1.0505050505050506 1.696969696969697 1.7575757575757576  
48 13.522452336935096 1.5757575757575757 2.0 1.7171717171717171 1.8585858585858586 1.9191919191919191 1.0505050505050506 1.696969696969697 1.7575757575757576  
356 36.32439782439783 2.3636363636363638 3.0 2.5757575757575757 2.787878787878788 2.878787878787879 1.5757575757575757 2.5454545454545454 2.6363636363636362  
347 48.81558805769333 2.3636363636363638 3.0 2.5757575757575757 2.787878787878788 2.878787878787879 1.5757575757575757 2.5454545454545454 2.6363636363636362  
222 2.4479776798149255 1.5757575757575757 2.0 1.7171717171717171 1.8585858585858586 1.9191919191919191 1.0505050505050506 1.696969696969697 1.7575757575757576  
28 34.723178980664585 1.5757575757575757 2.0 1.7171717171717171 1.8585858585858586 1.9191919191919191 1.0505050505050506 1.696969696969697 1.7575757575757576  
225 23.387027637496562 1.5757575757575757 2.0 1.7171717171717171 1.8585858585858586 1.9191919191919191 1.0505050505050506 1.696969696969697 1.7575757575757576  
11 9.518931541084443 1.5757575757575757 2.0 1.7171717171717171 1.8585858585858586 1.9191919191919191 1.0505050505050506 1.696969696969697 1.7575757575757576  
395 79.0 2.3636363636363638 3.0 2.5757575757575757 2.787878787878788 2.878787878787879 1.5757575757575757 2.5454545454545454 2.6363636363636362  
354 55.475704882601434 2.3636363636363638 3.0 2.5757575757575757 2.787878787878788 2.878787878787879 1.5757575757575757 2.5454545454545454 2.6363636363636362  
129 19.286061889310524 2.3636363636363638 3.0 2.5757575757575757 2.787878787878788 2.878787878787879 1.5757575757575757 2.5454545454545454 2.6363636363636362  
132 27.404236277583127 1.5757575757575757 2.0 1.7171717171717171 1.8585858585858586 1.9191919191919191 1.0505050505050506 1.696969696969697 1.7575757575757576  
57 15.014461434441152 1.5757575757575757 2.0 1.7171717171717171 1.8585858585858586 1.9191919191919191 1.0505050505050506 1.696969696969697 1.7575757575757576  
175 118.21576581886174 1.5757575757575757 2.0 1.7171717171717171 1.8585858585858586 1.9191919191919191 1.0505050505050506 1.696969696969697 1.7575757575757576  
45 6.207243584366931 2.3636363636363638 3.0 2.5757575757575757 2.787878787878788 2.878787878787879 1.5757575757575757 2.5454545454545454 2.6363636363636362  
219 42.44908293460925 1.5757575757575757 2.0 1.7171717171717171 1.8585858585858586 1.9191919191919191 1.0505050505050506 1.696969696969697 1.7575757575757576  
164 0.5560501567398123 2.3636363636363638 3.0 2.5757575757575757 2.787878787878788 2.878787878787879 1.5757575757575757 2.5454545454545454 2.6363636363636362  
229 88.0 2.3636363636363638 3.0 2.5757575757575757 2.787878787878788 2.878787878787879 1.5757575757575757 2.5454545454545454 2.6363636363636362  
191 63.0 1.5757575757575757 2.0 1.7171717171717171 1.8585858585858586 1.9191919191919191 1.0505050505050506 1.696969696969697 1.7575757575757576  
300 1.1468509666942428 1.5757575757575757 2.0 1.7171717171717171 1.8585858585858586 1.9191919191919191 1.0505050505050506 1.696969696969697 1.7575757575757576  
381 5.251010101010102 1.5757575757575757 2.0 1.7171717171717171 1.8585858585858586 1.9191919191919191 1.0505050505050506 1.696969696969697 1.7575757575757576  
195 35.32766676048409 2.3636363636363638 3.0 2.5757575757575757 2.787878787878788 2.878787878787879 1.5757575757575757 2.5454545454545454 2.6363636363636362  
302 11.616666666666664 2.3636363636363638 3.0 2.5757575757575757 2.787878787878788 2.878787878787879 1.5757575757575757 2.5454545454545454 2.6363636363636362  
68 10.722314999355229 1.5757575757575757 2.0 1.7171717171717171 1.8585858585858586 1.9191919191919191 1.0505050505050506 1.696969696969697 1.7575757575757576  
391 21.138232948681868 1.5757575757575757 2.0 1.7171717171717171 1.8585858585858586 1.9191919191919191 1.0505050505050506 1.696969696969697 1.7575757575757576  
160 11.595130616509932 1.5757575757575757 2.0 1.7171717171717171 1.8585858585858586 1.9191919191919191 1.0505050505050506 1.696969696969697 1.7575757575757576  
41 11.327080594600062 2.3636363636363638 3.0 2.5757575757575757 2.787878787878788 2.878787878787879 1.5757575757575757 2.5454545454545454 2.6363636363636362  
218 6.996955620008063 2.3636363636363638 3.0 2.5757575757575757 2.787878787878788 2.878787878787879 1.5757575757575757 2.5454545454545454 2.6363636363636362  
17 23.11644723093 2.3636363636363638 3.0 2.5757575757575757 2.787878787878788 2.878787878787879 1.5757575757575757 2.5454545454545454 2.6363636363636362  
252 8.051096521730377 2.3636363636363638 3.0 2.5757575757575757 2.787878787878788 2.878787878787879 1.5757575757575757 2.5454545454545454 2.6363636363636362  
49 0.7891502417727464 2.3636363636363638 3.0 2.5757575757575757 2.787878787878788 2.878787878787879 1.5757575757575757 2.5454545454545454 2.6363636363636362  
236 2.281944749541782 2.3636363636363638 3.0 2.5757575757575757 2.787878787878788 2.878787878787879 1.5757575757575757 2.5454545454545454 2.6363636363636362  
142 38.76669054677207 1.5757575757575757 2.0 1.7171717171717171 1.8585858585858586 1.9191919191919191 1.0505050505050506 1.696969696969697 1.7575757575757576  
208 22.375841162432042 2.3636363636363638 3.0 2.5757575757575757 2.787878787878788 2.878787878787879 1.5757575757575757 2.5454545454545454 2.6363636363636362  
242 11.470810961489017 2.3636363636363638 3.0 2.5757575757575757 2.787878787878788 2.878787878787879 1.5757575757575757 2.5454545454545454 2.6363636363636362  
318 38.85059127864005 2.3636363636363638 3.0 2.5757575757575757 2.787878787878788 2.878787878787879 1.5757575757575757 2.5454545454545454 2.6363636363636362  
127 12.157737524842748 2.3636363636363638 3.0 2.5757575757575757 2.787878787878788 2.878787878787879 1.5757575757575757 2.5454545454545454 2.6363636363636362  
376 4.083333333333335 1.5757575757575757 2.0 1.7171717171717171 1.8585858585858586 1.9191919191919191 1.0505050505050506 1.696969696969697 1.7575757575757576  
277 2.2640531922497873 1.5757575757575757 2.0 1.7171717171717171 1.8585858585858586 1.9191919191919191 1.0505050505050506 1.696969696969697 1.7575757575757576  
22 32.901539229228156 1.5757575757575757 2.0 1.7171717171717171 1.8585858585858586 1.9191919191919191 1.0505050505050506 1.696969696969697 1.7575757575757576  
182 51.55974756856489 1.5757575757575757 2.0 1.7171717171717171 1.8585858585858586 1.9191919191919191 1.0505050505050506 1.696969696969697 1.7575757575757576  
169 5.3496325483941565 2.3636363636363638 3.0 2.5757575757575757 2.787878787878788 2.878787878787879 1.5757575757575757 2.5454545454545454 2.6363636363636362  
104 52.772450226635144 1.5757575757575757 2.0 1.7171717171717171 1.8585858585858586 1.9191919191919191 1.0505050505050506 1.696969696969697 1.7575757575757576  
52 19.739727730574582 2.3636363636363638 3.0 2.5757575757575757 2.787878787878788 2.878787878787879 1.5757575757575757 2.5454545454545454 2.6363636363636362  
16 21.421519170484682 2.3636363636363638 3.0 2.5757575757575757 2.787878787878788 2.878787878787879 1.5757575757575757 2.5454545454545454 2.6363636363636362  
4 9.212362945696276 2.3636363636363638 3.0 2.5757575757575757 2.787878787878788 2.878787878787879 1.5757575757575757 2.5454545454545454 2.6363636363636362  
79 22.340456095628507 1.5757575757575757 2.0 1.7171717171717171 1.8585858585858586 1.9191919191919191 1.0505050505050506 1.696969696969697 1.7575757575757576  
239 5.644188942581036 2.3636363636363638 3.0 2.5757575757575757 2.787878787878788 2.878787878787879 1.5757575757575757 2.5454545454545454 2.6363636363636362  
329 1.6872328548644338 1.5757575757575757 2.0 1.7171717171717171 1.8585858585858586 1.9191919191919191 1.0505050505050506 1.696969696969697 1.7575757575757576  
7 21.301334259610115 2.3636363636363638 3.0 2.5757575757575757 2.787878787878788 2.878787878787879 1.5757575757575757 2.5454545454545454 2.6363636363636362  
241 17.79362018326107 2.3636363636363638 3.0 2.5757575757575757 2.787878787878788 2.878787878787879 1.5757575757575757 2.5454545454545454 2.6363636363636362  
153 25.692395362765414 2.3636363636363638 3.0 2.5757575757575757 2.787878787878788 2.878787878787879 1.5757575757575757 2.5454545454545454 2.6363636363636362  
280 13.103107032286596 2.3636363636363638 3.0 2.5757575757575757 2.787878787878788 2.878787878787879 1.5757575757575757 2.5454545454545454 2.6363636363636362  
67 4.286655570664192 1.5757575757575757 2.0 1.7171717171717171 1.8585858585858586 1.9191919191919191 1.0505050505050506 1.696969696969697 1.7575757575757576  
207 10.0 2.3636363636363638 3.0 2.5757575757575757 2.787878787878788 2.878787878787879 1.5757575757575757 2.5454545454545454 2.6363636363636362  
231 12.89324543581193 2.3636363636363638 3.0 2.5757575757575757 2.787878787878788 2.878787878787879 1.5757575757575757 2.5454545454545454 2.6363636363636362  
120 52.98685349040015 2.3636363636363638 3.0 2.5757575757575757 2.787878787878788 2.878787878787879 1.5757575757575757 2.5454545454545454 2.6363636363636362  
341 32.563567549471806 1.5757575757575757 2.0 1.7171717171717171 1.8585858585858586 1.9191919191919191 1.0505050505050506 1.696969696969697 1.7575757575757576  
244 44.35122024875033 2.3636363636363638 3.0 2.5757575757575757 2.787878787878788 2.878787878787879 1.5757575757575757 2.5454545454545454 2.6363636363636362  
92 23.335704287231202 1.5757575757575757 2.0 1.7171717171717171 1.8585858585858586 1.9191919191919191 1.0505050505050506 1.696969696969697 1.7575757575757576  
259 16.912874833533753 2.3636363636363638 3.0 2.5757575757575757 2.787878787878788 2.878787878787879 1.5757575757575757 2.5454545454545454 2.6363636363636362  
285 5.253623138934153 2.3636363636363638 3.0 2.5757575757575757 2.787878787878788 2.878787878787879 1.5757575757575757 2.5454545454545454 2.6363636363636362  
122 49.0 1.5757575757575757 2.0 1.7171717171717171 1.8585858585858586 1.9191919191919191 1.0505050505050506 1.696969696969697 1.7575757575757576  
125 29.594074761445462 2.3636363636363638 3.0 2.5757575757575757 2.787878787878788 2.878787878787879 1.5757575757575757 2.5454545454545454 2.6363636363636362  
221 35.32206182683132 1.5757575757575757 2.0 1.7171717171717171 1.8585858585858586 1.9191919191919191 1.0505050505050506 1.696969696969697 1.7575757575757576  
113 25.579130136043304 1.5757575757575757 2.0 1.7171717171717171 1.8585858585858586 1.9191919191919191 1.0505050505050506 1.696969696969697 1.7575757575757576  
292 25.24727407845733 1.5757575757575757 2.0 1.7171717171717171 1.8585858585858586 1.9191919191919191 1.0505050505050506 1.696969696969697 1.7575757575757576  
275 43.0 2.3636363636363638 3.0 2.5757575757575757 2.787878787878788 2.878787878787879 1.5757575757575757 2.5454545454545454 2.6363636363636362  
55 9.630431173157394 2.3636363636363638 3.0 2.5757575757575757 2.787878787878788 2.878787878787879 1.5757575757575757 2.5454545454545454 2.6363636363636362  
80 1.0325701597253323 1.5757575757575757 2.0 1.7171717171717171 1.8585858585858586 1.9191919191919191 1.0505050505050506 1.696969696969697 1.7575757575757576  
118 9.737725263242503 2.3636363636363638 3.0 2.5757575757575757 2.787878787878788 2.878787878787879 1.5757575757575757 2.5454545454545454 2.6363636363636362  
2 2.717702221150496 2.3636363636363638 3.0 2.5757575757575757 2.787878787878788 2.878787878787879 1.5757575757575757 2.5454545454545454 2.6363636363636362  
355 8.011767542802026 1.5757575757575757 2.0 1.7171717171717171 1.8585858585858586 1.9191919191919191 1.0505050505050506 1.696969696969697 1.7575757575757576  
313 16.58658925819943 2.3636363636363638 3.0 2.5757575757575757 2.787878787878788 2.878787878787879 1.5757575757575757 2.5454545454545454 2.6363636363636362  
69 23.032787793649863 1.5757575757575757 2.0 1.7171717171717171 1.8585858585858586 1.9191919191919191 1.0505050505050506 1.696969696969697 1.7575757575757576  
161 9.3970034563138 1.5757575757575757 2.0 1.7171717171717171 1.8585858585858586 1.9191919191919191 1.0505050505050506 1.696969696969697 1.7575757575757576  
115 11.659677232091022 1.5757575757575757 2.0 1.7171717171717171 1.8585858585858586 1.9191919191919191 1.0505050505050506 1.696969696969697 1.7575757575757576  
117 3.5683176593521413 1.5757575757575757 2.0 1.7171717171717171 1.8585858585858586 1.9191919191919191 1.0505050505050506 1.696969696969697 1.7575757575757576  
76 19.06961105305933 2.3636363636363638 3.0 2.5757575757575757 2.787878787878788 2.878787878787879 1.5757575757575757 2.5454545454545454 2.6363636363636362  
71 37.50519038743177 2.3636363636363638 3.0 2.5757575757575757 2.787878787878788 2.878787878787879 1.5757575757575757 2.5454545454545454 2.6363636363636362  
382 1.663114478114478 1.5757575757575757 2.0 1.7171717171717171 1.8585858585858586 1.9191919191919191 1.0505050505050506 1.696969696969697 1.7575757575757576  
358 12.0 1.5757575757575757 2.0 1.7171717171717171 1.8585858585858586 1.9191919191919191 1.0505050505050506 1.696969696969697 1.7575757575757576  
123 29.898755041512583 1.5757575757575757 2.0 1.7171717171717171 1.8585858585858586 1.9191919191919191 1.0505050505050506 1.696969696969697 1.7575757575757576  
193 48.0 1.5757575757575757 2.0 1.7171717171717171 1.8585858585858586 1.9191919191919191 1.0505050505050506 1.696969696969697 1.7575757575757576  
333 50.515834612259624 1.5757575757575757 2.0 1.7171717171717171 1.8585858585858586 1.9191919191919191 1.0505050505050506 1.696969696969697 1.7575757575757576  
14 19.921806928703482 2.3636363636363638 3.0 2.5757575757575757 2.787878787878788 2.878787878787879 1.5757575757575757 2.5454545454545454 2.6363636363636362  
107 20.33600474104229 1.5757575757575757 2.0 1.7171717171717171 1.8585858585858586 1.9191919191919191 1.0505050505050506 1.696969696969697 1.7575757575757576  
27 38.82429067630828 2.3636363636363638 3.0 2.5757575757575757 2.787878787878788 2.878787878787879 1.5757575757575757 2.5454545454545454 2.6363636363636362  
243 76.84282229716163 1.5757575757575757 2.0 1.7171717171717171 1.8585858585858586 1.9191919191919191 1.0505050505050506 1.696969696969697 1.7575757575757576  
194 21.687279016717063 2.3636363636363638 3.0 2.5757575757575757 2.787878787878788 2.878787878787879 1.5757575757575757 2.5454545454545454 2.6363636363636362  
94 8.428802576233492 2.3636363636363638 3.0 2.5757575757575757 2.787878787878788 2.878787878787879 1.5757575757575757 2.5454545454545454 2.6363636363636362  
255 46.15596321577908 2.3636363636363638 3.0 2.5757575757575757 2.787878787878788 2.878787878787879 1.5757575757575757 2.5454545454545454 2.6363636363636362  
151 12.003630753097692 1.5757575757575757 2.0 1.7171717171717171 1.8585858585858586 1.9191919191919191 1.0505050505050506 1.696969696969697 1.7575757575757576  
322 12.009242424242426 1.5757575757575757 2.0 1.7171717171717171 1.8585858585858586 1.9191919191919191 1.0505050505050506 1.696969696969697 1.7575757575757576  
38 10.070658614804895 2.3636363636363638 3.0 2.5757575757575757 2.787878787878788 2.878787878787879 1.5757575757575757 2.5454545454545454 2.6363636363636362  
324 79.0 1.5757575757575757 2.0 1.7171717171717171 1.8585858585858586 1.9191919191919191 1.0505050505050506 1.696969696969697 1.7575757575757576  
140 0.8314500921330779 2.3636363636363638 3.0 2.5757575757575757 2.787878787878788 2.878787878787879 1.5757575757575757 2.5454545454545454 2.6363636363636362  
170 17.750145417018476 2.3636363636363638 3.0 2.5757575757575757 2.787878787878788 2.878787878787879 1.5757575757575757 2.5454545454545454 2.6363636363636362  
352 67.45848407508072 2.3636363636363638 3.0 2.5757575757575757 2.787878787878788 2.878787878787879 1.5757575757575757 2.5454545454545454 2.6363636363636362  
392 3.085572833599149 2.3636363636363638 3.0 2.5757575757575757 2.787878787878788 2.878787878787879 1.5757575757575757 2.5454545454545454 2.6363636363636362  
187 64.36757618256068 1.5757575757575757 2.0 1.7171717171717171 1.8585858585858586 1.9191919191919191 1.0505050505050506 1.696969696969697 1.7575757575757576  
230 2.705721474198358 2.3636363636363638 3.0 2.5757575757575757 2.787878787878788 2.878787878787879 1.5757575757575757 2.5454545454545454 2.6363636363636362  
287 0.8608317789852138 2.3636363636363638 3.0 2.5757575757575757 2.787878787878788 2.878787878787879 1.5757575757575757 2.5454545454545454 2.6363636363636362  
138 2.444075235109718 2.3636363636363638 3.0 2.5757575757575757 2.787878787878788 2.878787878787879 1.5757575757575757 2.5454545454545454 2.6363636363636362  
251 1.8576705675603051 2.3636363636363638 3.0 2.5757575757575757 2.787878787878788 2.878787878787879 1.5757575757575757 2.5454545454545454 2.6363636363636362  
156 8.761950369141038 1.5757575757575757 2.0 1.7171717171717171 1.8585858585858586 1.9191919191919191 1.0505050505050506 1.696969696969697 1.7575757575757576  
303 8.97131313131313 2.3636363636363638 3.0 2.5757575757575757 2.787878787878788 2.878787878787879 1.5757575757575757 2.5454545454545454 2.6363636363636362  
369 23.511111111111106 2.3636363636363638 3.0 2.5757575757575757 2.787878787878788 2.878787878787879 1.5757575757575757 2.5454545454545454 2.6363636363636362  
367 1.75339393939394 1.5757575757575757 2.0 1.7171717171717171 1.8585858585858586 1.9191919191919191 1.0505050505050506 1.696969696969697 1.7575757575757576  
157 8.269050505050503 2.3636363636363638 3.0 2.5757575757575757 2.787878787878788 2.878787878787879 1.5757575757575757 2.5454545454545454 2.6363636363636362  
103 33.886455049161576 1.5757575757575757 2.0 1.7171717171717171 1.8585858585858586 1.9191919191919191 1.0505050505050506 1.696969696969697 1.7575757575757576  
330 15.608519404572036 1.5757575757575757 2.0 1.7171717171717171 1.8585858585858586 1.9191919191919191 1.0505050505050506 1.696969696969697 1.7575757575757576  
258 30.23230780413537 2.3636363636363638 3.0 2.5757575757575757 2.787878787878788 2.878787878787879 1.5757575757575757 2.5454545454545454 2.6363636363636362  
53 13.63575504954815 1.5757575757575757 2.0 1.7171717171717171 1.8585858585858586 1.9191919191919191 1.0505050505050506 1.696969696969697 1.7575757575757576  
188 64.3319382472246 1.5757575757575757 2.0 1.7171717171717171 1.8585858585858586 1.9191919191919191 1.0505050505050506 1.696969696969697 1.7575757575757576  
70 11.571768024962749 1.5757575757575757 2.0 1.7171717171717171 1.8585858585858586 1.9191919191919191 1.0505050505050506 1.696969696969697 1.7575757575757576  
139 5.1134994024452425 1.5757575757575757 2.0 1.7171717171717171 1.8585858585858586 1.9191919191919191 1.0505050505050506 1.696969696969697 1.7575757575757576  
334 1.8091178919282194 2.3636363636363638 3.0 2.5757575757575757 2.787878787878788 2.878787878787879 1.5757575757575757 2.5454545454545454 2.6363636363636362  
189 24.970025220931813 2.3636363636363638 3.0 2.5757575757575757 2.787878787878788 2.878787878787879 1.5757575757575757 2.5454545454545454 2.6363636363636362  
130 9.1169393615384 2.3636363636363638 3.0 2.5757575757575757 2.787878787878788 2.878787878787879 1.5757575757575757 2.5454545454545454 2.6363636363636362  
32 24.799573566179735 2.3636363636363638 3.0 2.5757575757575757 2.787878787878788 2.878787878787879 1.5757575757575757 2.5454545454545454 2.6363636363636362  
78 13.515073899827593 1.5757575757575757 2.0 1.7171717171717171 1.8585858585858586 1.9191919191919191 1.0505050505050506 1.696969696969697 1.7575757575757576  
87 7.035734405207913 2.3636363636363638 3.0 2.5757575757575757 2.787878787878788 2.878787878787879 1.5757575757575757 2.5454545454545454 2.6363636363636362  
368 34.316391941391934 2.3636363636363638 3.0 2.5757575757575757 2.787878787878788 2.878787878787879 1.5757575757575757 2.5454545454545454 2.6363636363636362  
177 96.42204305466208 1.5757575757575757 2.0 1.7171717171717171 1.8585858585858586 1.9191919191919191 1.0505050505050506 1.696969696969697 1.7575757575757576  
56 8.422613930443408 1.5757575757575757 2.0 1.7171717171717171 1.8585858585858586 1.9191919191919191 1.0505050505050506 1.696969696969697 1.7575757575757576  
284 27.248581889586113 1.5757575757575757 2.0 1.7171717171717171 1.8585858585858586 1.9191919191919191 1.0505050505050506 1.696969696969697 1.7575757575757576  
25 18.611918736680295 2.3636363636363638 3.0 2.5757575757575757 2.787878787878788 2.878787878787879 1.5757575757575757 2.5454545454545454 2.6363636363636362  
95 3.1210077951204953 1.5757575757575757 2.0 1.7171717171717171 1.8585858585858586 1.9191919191919191 1.0505050505050506 1.696969696969697 1.7575757575757576  
294 3.4698796569694594 2.3636363636363638 3.0 2.5757575757575757 2.787878787878788 2.878787878787879 1.5757575757575757 2.5454545454545454 2.6363636363636362  
357 50.40980192399599 1.5757575757575757 2.0 1.7171717171717171 1.8585858585858586 1.9191919191919191 1.0505050505050506 1.696969696969697 1.7575757575757576  
306 0.9419074029418857 1.5757575757575757 2.0 1.7171717171717171 1.8585858585858586 1.9191919191919191 1.0505050505050506 1.696969696969697 1.7575757575757576  
220 2.698821332710935 2.3636363636363638 3.0 2.5757575757575757 2.787878787878788 2.878787878787879 1.5757575757575757 2.5454545454545454 2.6363636363636362  
350 64.6512699466481 2.3636363636363638 3.0 2.5757575757575757 2.787878787878788 2.878787878787879 1.5757575757575757 2.5454545454545454 2.6363636363636362  
64 15.328131642614403 1.5757575757575757 2.0 1.7171717171717171 1.8585858585858586 1.9191919191919191 1.0505050505050506 1.696969696969697 1.7575757575757576  
166 6.415178571428573 1.5757575757575757 2.0 1.7171717171717171 1.8585858585858586 1.9191919191919191 1.0505050505050506 1.696969696969697 1.7575757575757576  
314 12.290347679695504 2.3636363636363638 3.0 2.5757575757575757 2.787878787878788 2.878787878787879 1.5757575757575757 2.5454545454545454 2.6363636363636362  
385 5.621517027863779 1.5757575757575757 2.0 1.7171717171717171 1.8585858585858586 1.9191919191919191 1.0505050505050506 1.696969696969697 1.7575757575757576  
96 30.095861292505802 1.5757575757575757 2.0 1.7171717171717171 1.8585858585858586 1.9191919191919191 1.0505050505050506 1.696969696969697 1.7575757575757576  
133 41.49650215684698 1.5757575757575757 2.0 1.7171717171717171 1.8585858585858586 1.9191919191919191 1.0505050505050506 1.696969696969697 1.7575757575757576  
6 20.34865304980247 2.3636363636363638 3.0 2.5757575757575757 2.787878787878788 2.878787878787879 1.5757575757575757 2.5454545454545454 2.6363636363636362  
213 77.18173415768764 1.5757575757575757 2.0 1.7171717171717171 1.8585858585858586 1.9191919191919191 1.0505050505050506 1.696969696969697 1.7575757575757576  
339 8.088888888888887 2.3636363636363638 3.0 2.5757575757575757 2.787878787878788 2.878787878787879 1.5757575757575757 2.5454545454545454 2.6363636363636362  
145 25.39532063110933 2.3636363636363638 3.0 2.5757575757575757 2.787878787878788 2.878787878787879 1.5757575757575757 2.5454545454545454 2.6363636363636362  
371 19.621517595307918 1.5757575757575757 2.0 1.7171717171717171 1.8585858585858586 1.9191919191919191 1.0505050505050506 1.696969696969697 1.7575757575757576  
40 7.324567877661474 1.5757575757575757 2.0 1.7171717171717171 1.8585858585858586 1.9191919191919191 1.0505050505050506 1.696969696969697 1.7575757575757576  
276 11.030760451827408 1.5757575757575757 2.0 1.7171717171717171 1.8585858585858586 1.9191919191919191 1.0505050505050506 1.696969696969697 1.7575757575757576  
211 62.558723626631796 1.5757575757575757 2.0 1.7171717171717171 1.8585858585858586 1.9191919191919191 1.0505050505050506 1.696969696969697 1.7575757575757576  
305 27.953848651348647 1.5757575757575757 2.0 1.7171717171717171 1.8585858585858586 1.9191919191919191 1.0505050505050506 1.696969696969697 1.7575757575757576  
373 23.55916425528494 1.5757575757575757 2.0 1.7171717171717171 1.8585858585858586 1.9191919191919191 1.0505050505050506 1.696969696969697 1.7575757575757576  
62 0.45134953963841407 1.5757575757575757 2.0 1.7171717171717171 1.8585858585858586 1.9191919191919191 1.0505050505050506 1.696969696969697 1.7575757575757576  
167 39.0 2.3636363636363638 3.0 2.5757575757575757 2.787878787878788 2.878787878787879 1.5757575757575757 2.5454545454545454 2.6363636363636362  
293 5.751828783885492 2.3636363636363638 3.0 2.5757575757575757 2.787878787878788 2.878787878787879 1.5757575757575757 2.5454545454545454 2.6363636363636362  
282 3.0431872363836416 2.3636363636363638 3.0 2.5757575757575757 2.787878787878788 2.878787878787879 1.5757575757575757 2.5454545454545454 2.6363636363636362  
325 0.2553030303030303 2.3636363636363638 3.0 2.5757575757575757 2.787878787878788 2.878787878787879 1.5757575757575757 2.5454545454545454 2.6363636363636362  
43 3.884368667167854 2.3636363636363638 3.0 2.5757575757575757 2.787878787878788 2.878787878787879 1.5757575757575757 2.5454545454545454 2.6363636363636362  
321 17.311525974025972 2.3636363636363638 3.0 2.5757575757575757 2.787878787878788 2.878787878787879 1.5757575757575757 2.5454545454545454 2.6363636363636362  
152 38.99719055246062 1.5757575757575757 2.0 1.7171717171717171 1.8585858585858586 1.9191919191919191 1.0505050505050506 1.696969696969697 1.7575757575757576  
216 6.6100180249235 2.3636363636363638 3.0 2.5757575757575757 2.787878787878788 2.878787878787879 1.5757575757575757 2.5454545454545454 2.6363636363636362  
150 33.68500883712771 1.5757575757575757 2.0 1.7171717171717171 1.8585858585858586 1.9191919191919191 1.0505050505050506 1.696969696969697 1.7575757575757576  
250 1.6383157288506276 1.5757575757575757 2.0 1.7171717171717171 1.8585858585858586 1.9191919191919191 1.0505050505050506 1.696969696969697 1.7575757575757576  
365 14.411020573089536 1.5757575757575757 2.0 1.7171717171717171 1.8585858585858586 1.9191919191919191 1.0505050505050506 1.696969696969697 1.7575757575757576  
99 12.297975678921599 2.3636363636363638 3.0 2.5757575757575757 2.787878787878788 2.878787878787879 1.5757575757575757 2.5454545454545454 2.6363636363636362  
90 55.300925545251886 2.3636363636363638 3.0 2.5757575757575757 2.787878787878788 2.878787878787879 1.5757575757575757 2.5454545454545454 2.6363636363636362  
23 34.42934826875252 1.5757575757575757 2.0 1.7171717171717171 1.8585858585858586 1.9191919191919191 1.0505050505050506 1.696969696969697 1.7575757575757576  
248 41.32824068154102 1.5757575757575757 2.0 1.7171717171717171 1.8585858585858586 1.9191919191919191 1.0505050505050506 1.696969696969697 1.7575757575757576  
116 4.485616509926855 1.5757575757575757 2.0 1.7171717171717171 1.8585858585858586 1.9191919191919191 1.0505050505050506 1.696969696969697 1.7575757575757576  
348 5.658640652061705 2.3636363636363638 3.0 2.5757575757575757 2.787878787878788 2.878787878787879 1.5757575757575757 2.5454545454545454 2.6363636363636362  
387 2.939913062513682 2.3636363636363638 3.0 2.5757575757575757 2.787878787878788 2.878787878787879 1.5757575757575757 2.5454545454545454 2.6363636363636362  
345 27.930380730380723 1.5757575757575757 2.0 1.7171717171717171 1.8585858585858586 1.9191919191919191 1.0505050505050506 1.696969696969697 1.7575757575757576  
35 20.0 2.3636363636363638 3.0 2.5757575757575757 2.787878787878788 2.878787878787879 1.5757575757575757 2.5454545454545454 2.6363636363636362  
29 10.585511542749256 2.3636363636363638 3.0 2.5757575757575757 2.787878787878788 2.878787878787879 1.5757575757575757 2.5454545454545454 2.6363636363636362  
232 49.3140121937839 2.3636363636363638 3.0 2.5757575757575757 2.787878787878788 2.878787878787879 1.5757575757575757 2.5454545454545454 2.6363636363636362  
200 61.426903991198465 1.5757575757575757 2.0 1.7171717171717171 1.8585858585858586 1.9191919191919191 1.0505050505050506 1.696969696969697 1.7575757575757576  
336 9.547272727272729 1.5757575757575757 2.0 1.7171717171717171 1.8585858585858586 1.9191919191919191 1.0505050505050506 1.696969696969697 1.7575757575757576  
346 60.97295617295619 1.5757575757575757 2.0 1.7171717171717171 1.8585858585858586 1.9191919191919191 1.0505050505050506 1.696969696969697 1.7575757575757576  
254 59.93607543461019 2.3636363636363638 3.0 2.5757575757575757 2.787878787878788 2.878787878787879 1.5757575757575757 2.5454545454545454 2.6363636363636362  
60 16.637949486355478 2.3636363636363638 3.0 2.5757575757575757 2.787878787878788 2.878787878787879 1.5757575757575757 2.5454545454545454 2.6363636363636362  
311 3.2921212121212124 2.3636363636363638 3.0 2.5757575757575757 2.787878787878788 2.878787878787879 1.5757575757575757 2.5454545454545454 2.6363636363636362  
233 66.90026473415554 2.3636363636363638 3.0 2.5757575757575757 2.787878787878788 2.878787878787879 1.5757575757575757 2.5454545454545454 2.6363636363636362  
154 12.401098429266993 2.3636363636363638 3.0 2.5757575757575757 2.787878787878788 2.878787878787879 1.5757575757575757 2.5454545454545454 2.6363636363636362  
288 2.2060606060606074 1.5757575757575757 2.0 1.7171717171717171 1.8585858585858586 1.9191919191919191 1.0505050505050506 1.696969696969697 1.7575757575757576  
343 108.0 2.3636363636363638 3.0 2.5757575757575757 2.787878787878788 2.878787878787879 1.5757575757575757 2.5454545454545454 2.6363636363636362  
265 31.3154689751785 2.3636363636363638 3.0 2.5757575757575757 2.787878787878788 2.878787878787879 1.5757575757575757 2.5454545454545454 2.6363636363636362  
264 29.0 1.5757575757575757 2.0 1.7171717171717171 1.8585858585858586 1.9191919191919191 1.0505050505050506 1.696969696969697 1.7575757575757576  
338 84.0 2.3636363636363638 3.0 2.5757575757575757 2.787878787878788 2.878787878787879 1.5757575757575757 2.5454545454545454 2.6363636363636362  
10 41.62621401335103 2.3636363636363638 3.0 2.5757575757575757 2.787878787878788 2.878787878787879 1.5757575757575757 2.5454545454545454 2.6363636363636362  
361 7.865398687122367 1.5757575757575757 2.0 1.7171717171717171 1.8585858585858586 1.9191919191919191 1.0505050505050506 1.696969696969697 1.7575757575757576  
128 28.757245532245527 1.5757575757575757 2.0 1.7171717171717171 1.8585858585858586 1.9191919191919191 1.0505050505050506 1.696969696969697 1.7575757575757576  
134 15.211640945261639 1.5757575757575757 2.0 1.7171717171717171 1.8585858585858586 1.9191919191919191 1.0505050505050506 1.696969696969697 1.7575757575757576  
316 76.0 2.3636363636363638 3.0 2.5757575757575757 2.787878787878788 2.878787878787879 1.5757575757575757 2.5454545454545454 2.6363636363636362  
44 52.55109724530295 2.3636363636363638 3.0 2.5757575757575757 2.787878787878788 2.878787878787879 1.5757575757575757 2.5454545454545454 2.6363636363636362  
155 8.849250022630356 1.5757575757575757 2.0 1.7171717171717171 1.8585858585858586 1.9191919191919191 1.0505050505050506 1.696969696969697 1.7575757575757576  
364 24.097794440824526 2.3636363636363638 3.0 2.5757575757575757 2.787878787878788 2.878787878787879 1.5757575757575757 2.5454545454545454 2.6363636363636362  
3 10.130453964936727 1.5757575757575757 2.0 1.7171717171717171 1.8585858585858586 1.9191919191919191 1.0505050505050506 1.696969696969697 1.7575757575757576  
272 25.297985427025665 2.3636363636363638 3.0 2.5757575757575757 2.787878787878788 2.878787878787879 1.5757575757575757 2.5454545454545454 2.6363636363636362  
399 47.0 2.3636363636363638 3.0 2.5757575757575757 2.787878787878788 2.878787878787879 1.5757575757575757 2.5454545454545454 2.6363636363636362  
263 37.08778853164867 2.3636363636363638 3.0 2.5757575757575757 2.787878787878788 2.878787878787879 1.5757575757575757 2.5454545454545454 2.6363636363636362  
374 26.514769133165686 1.5757575757575757 2.0 1.7171717171717171 1.8585858585858586 1.9191919191919191 1.0505050505050506 1.696969696969697 1.7575757575757576  
181 60.0 2.3636363636363638 3.0 2.5757575757575757 2.787878787878788 2.878787878787879 1.5757575757575757 2.5454545454545454 2.6363636363636362  
375 15.6969696969697 1.5757575757575757 2.0 1.7171717171717171 1.8585858585858586 1.9191919191919191 1.0505050505050506 1.696969696969697 1.7575757575757576  
5 21.409009568018185 2.3636363636363638 3.0 2.5757575757575757 2.787878787878788 2.878787878787879 1.5757575757575757 2.5454545454545454 2.6363636363636362  
269 11.201884800646408 2.3636363636363638 3.0 2.5757575757575757 2.787878787878788 2.878787878787879 1.5757575757575757 2.5454545454545454 2.6363636363636362  
384 24.51067538126362 2.3636363636363638 3.0 2.5757575757575757 2.787878787878788 2.878787878787879 1.5757575757575757 2.5454545454545454 2.6363636363636362  
319 8.070883580705011 1.5757575757575757 2.0 1.7171717171717171 1.8585858585858586 1.9191919191919191 1.0505050505050506 1.696969696969697 1.7575757575757576  
278 10.712078207609235 2.3636363636363638 3.0 2.5757575757575757 2.787878787878788 2.878787878787879 1.5757575757575757 2.5454545454545454 2.6363636363636362  
262 48.717327278345365 2.3636363636363638 3.0 2.5757575757575757 2.787878787878788 2.878787878787879 1.5757575757575757 2.5454545454545454 2.6363636363636362  
290 22.19035206879446 2.3636363636363638 3.0 2.5757575757575757 2.787878787878788 2.878787878787879 1.5757575757575757 2.5454545454545454 2.6363636363636362  
383 24.41307189542483 2.3636363636363638 3.0 2.5757575757575757 2.787878787878788 2.878787878787879 1.5757575757575757 2.5454545454545454 2.6363636363636362  
342 19.341016548463358 2.3636363636363638 3.0 2.5757575757575757 2.787878787878788 2.878787878787879 1.5757575757575757 2.5454545454545454 2.6363636363636362  
199 11.852593058729518 1.5757575757575757 2.0 1.7171717171717171 1.8585858585858586 1.9191919191919191 1.0505050505050506 1.696969696969697 1.7575757575757576  
126 47.12731758634651 1.5757575757575757 2.0 1.7171717171717171 1.8585858585858586 1.9191919191919191 1.0505050505050506 1.696969696969697 1.7575757575757576  
283 4.9339354483770395 2.3636363636363638 3.0 2.5757575757575757 2.787878787878788 2.878787878787879 1.5757575757575757 2.5454545454545454 2.6363636363636362  
212 11.487863006222272 2.3636363636363638 3.0 2.5757575757575757 2.787878787878788 2.878787878787879 1.5757575757575757 2.5454545454545454 2.6363636363636362  
74 38.6460085935948 1.5757575757575757 2.0 1.7171717171717171 1.8585858585858586 1.9191919191919191 1.0505050505050506 1.696969696969697 1.7575757575757576  
370 32.70238095238094 2.3636363636363638 3.0 2.5757575757575757 2.787878787878788 2.878787878787879 1.5757575757575757 2.5454545454545454 2.6363636363636362  
238 16.58788181424754 2.3636363636363638 3.0 2.5757575757575757 2.787878787878788 2.878787878787879 1.5757575757575757 2.5454545454545454 2.6363636363636362  
82 8.639684651391965 2.3636363636363638 3.0 2.5757575757575757 2.787878787878788 2.878787878787879 1.5757575757575757 2.5454545454545454 2.6363636363636362  
171 39.71510273008727 2.3636363636363638 3.0 2.5757575757575757 2.787878787878788 2.878787878787879 1.5757575757575757 2.5454545454545454 2.6363636363636362  
331 29.43021796916533 2.3636363636363638 3.0 2.5757575757575757 2.787878787878788 2.878787878787879 1.5757575757575757 2.5454545454545454 2.6363636363636362  
98 22.230883894204112 1.5757575757575757 2.0 1.7171717171717171 1.8585858585858586 1.9191919191919191 1.0505050505050506 1.696969696969697 1.7575757575757576  
340 25.158663558663555 1.5757575757575757 2.0 1.7171717171717171 1.8585858585858586 1.9191919191919191 1.0505050505050506 1.696969696969697 1.7575757575757576  
201 39.66713941518236 2.3636363636363638 3.0 2.5757575757575757 2.787878787878788 2.878787878787879 1.5757575757575757 2.5454545454545454 2.6363636363636362  
389 2.155196078431373 2.3636363636363638 3.0 2.5757575757575757 2.787878787878788 2.878787878787879 1.5757575757575757 2.5454545454545454 2.6363636363636362  
81 9.475326452721252 1.5757575757575757 2.0 1.7171717171717171 1.8585858585858586 1.9191919191919191 1.0505050505050506 1.696969696969697 1.7575757575757576  
328 21.250079744816585 2.3636363636363638 3.0 2.5757575757575757 2.787878787878788 2.878787878787879 1.5757575757575757 2.5454545454545454 2.6363636363636362  
149 35.33689620374966 2.3636363636363638 3.0 2.5757575757575757 2.787878787878788 2.878787878787879 1.5757575757575757 2.5454545454545454 2.6363636363636362  
97 5.187365691693282 1.5757575757575757 2.0 1.7171717171717171 1.8585858585858586 1.9191919191919191 1.0505050505050506 1.696969696969697 1.7575757575757576  
397 3.649235489910547 1.5757575757575757 2.0 1.7171717171717171 1.8585858585858586 1.9191919191919191 1.0505050505050506 1.696969696969697 1.7575757575757576  
146 31.319985227674152 1.5757575757575757 2.0 1.7171717171717171 1.8585858585858586 1.9191919191919191 1.0505050505050506 1.696969696969697 1.7575757575757576  
26 20.22858335049641 1.5757575757575757 2.0 1.7171717171717171 1.8585858585858586 1.9191919191919191 1.0505050505050506 1.696969696969697 1.7575757575757576  
131 13.618042698793209 2.3636363636363638 3.0 2.5757575757575757 2.787878787878788 2.878787878787879 1.5757575757575757 2.5454545454545454 2.6363636363636362  
176 98.71305144803598 2.3636363636363638 3.0 2.5757575757575757 2.787878787878788 2.878787878787879 1.5757575757575757 2.5454545454545454 2.6363636363636362  
327 29.98863636363636 2.3636363636363638 3.0 2.5757575757575757 2.787878787878788 2.878787878787879 1.5757575757575757 2.5454545454545454 2.6363636363636362  
143 21.262593313732747 2.3636363636363638 3.0 2.5757575757575757 2.787878787878788 2.878787878787879 1.5757575757575757 2.5454545454545454 2.6363636363636362  
88 0.9638175547823874 2.3636363636363638 3.0 2.5757575757575757 2.787878787878788 2.878787878787879 1.5757575757575757 2.5454545454545454 2.6363636363636362  
344 11.218679759956355 2.3636363636363638 3.0 2.5757575757575757 2.787878787878788 2.878787878787879 1.5757575757575757 2.5454545454545454 2.6363636363636362  
286 21.0 1.5757575757575757 2.0 1.7171717171717171 1.8585858585858586 1.9191919191919191 1.0505050505050506 1.696969696969697 1.7575757575757576  
214 65.64325246546113 1.5757575757575757 2.0 1.7171717171717171 1.8585858585858586 1.9191919191919191 1.0505050505050506 1.696969696969697 1.7575757575757576  
141 26.034392197840468 2.3636363636363638 3.0 2.5757575757575757 2.787878787878788 2.878787878787879 1.5757575757575757 2.5454545454545454 2.6363636363636362  
332 24.746185181363924 2.3636363636363638 3.0 2.5757575757575757 2.787878787878788 2.878787878787879 1.5757575757575757 2.5454545454545454 2.6363636363636362  
297 17.10226217847701 2.3636363636363638 3.0 2.5757575757575757 2.787878787878788 2.878787878787879 1.5757575757575757 2.5454545454545454 2.6363636363636362  
372 8.757277205553066 1.5757575757575757 2.0 1.7171717171717171 1.8585858585858586 1.9191919191919191 1.0505050505050506 1.696969696969697 1.7575757575757576  
58 8.169761273209547 2.3636363636363638 3.0 2.5757575757575757 2.787878787878788 2.878787878787879 1.5757575757575757 2.5454545454545454 2.6363636363636362  
366 42.7500494536628 1.5757575757575757 2.0 1.7171717171717171 1.8585858585858586 1.9191919191919191 1.0505050505050506 1.696969696969697 1.7575757575757576  
158 15.242454666023628 2.3636363636363638 3.0 2.5757575757575757 2.787878787878788 2.878787878787879 1.5757575757575757 2.5454545454545454 2.6363636363636362  
85 6.7381915757357325 2.3636363636363638 3.0 2.5757575757575757 2.787878787878788 2.878787878787879 1.5757575757575757 2.5454545454545454 2.6363636363636362  
312 20.293367346938773 2.3636363636363638 3.0 2.5757575757575757 2.787878787878788 2.878787878787879 1.5757575757575757 2.5454545454545454 2.6363636363636362  
19 28.43840112623286 2.3636363636363638 3.0 2.5757575757575757 2.787878787878788 2.878787878787879 1.5757575757575757 2.5454545454545454 2.6363636363636362  
186 14.405245625183703 1.5757575757575757 2.0 1.7171717171717171 1.8585858585858586 1.9191919191919191 1.0505050505050506 1.696969696969697 1.7575757575757576  
114 99.0 2.3636363636363638 3.0 2.5757575757575757 2.787878787878788 2.878787878787879 1.5757575757575757 2.5454545454545454 2.6363636363636362  
234 111.57443517540044 1.5757575757575757 2.0 1.7171717171717171 1.8585858585858586 1.9191919191919191 1.0505050505050506 1.696969696969697 1.7575757575757576  
47 57.0 1.5757575757575757 2.0 1.7171717171717171 1.8585858585858586 1.9191919191919191 1.0505050505050506 1.696969696969697 1.7575757575757576  
268 19.41101606932152 1.5757575757575757 2.0 1.7171717171717171 1.8585858585858586 1.9191919191919191 1.0505050505050506 1.696969696969697 1.7575757575757576  
162 8.637748053740484 2.3636363636363638 3.0 2.5757575757575757 2.787878787878788 2.878787878787879 1.5757575757575757 2.5454545454545454 2.6363636363636362  
33 26.64169840514988 2.3636363636363638 3.0 2.5757575757575757 2.787878787878788 2.878787878787879 1.5757575757575757 2.5454545454545454 2.6363636363636362  
111 10.226251152498616 2.3636363636363638 3.0 2.5757575757575757 2.787878787878788 2.878787878787879 1.5757575757575757 2.5454545454545454 2.6363636363636362  
165 3.682112068965518 2.3636363636363638 3.0 2.5757575757575757 2.787878787878788 2.878787878787879 1.5757575757575757 2.5454545454545454 2.6363636363636362  
172 49.62279503777955 2.3636363636363638 3.0 2.5757575757575757 2.787878787878788 2.878787878787879 1.5757575757575757 2.5454545454545454 2.6363636363636362  
34 21.228490736337438 2.3636363636363638 3.0 2.5757575757575757 2.787878787878788 2.878787878787879 1.5757575757575757 2.5454545454545454 2.6363636363636362  
390 1.7169191919191917 2.3636363636363638 3.0 2.5757575757575757 2.787878787878788 2.878787878787879 1.5757575757575757 2.5454545454545454 2.6363636363636362  
299 12.45111831753567 2.3636363636363638 3.0 2.5757575757575757 2.787878787878788 2.878787878787879 1.5757575757575757 2.5454545454545454 2.6363636363636362  
65 8.762759808277051 2.3636363636363638 3.0 2.5757575757575757 2.787878787878788 2.878787878787879 1.5757575757575757 2.5454545454545454 2.6363636363636362  
37 22.0 1.5757575757575757 2.0 1.7171717171717171 1.8585858585858586 1.9191919191919191 1.0505050505050506 1.696969696969697 1.7575757575757576  
91 41.64810299021536 2.3636363636363638 3.0 2.5757575757575757 2.787878787878788 2.878787878787879 1.5757575757575757 2.5454545454545454 2.6363636363636362  
24 32.175840442330475 2.3636363636363638 3.0 2.5757575757575757 2.787878787878788 2.878787878787879 1.5757575757575757 2.5454545454545454 2.6363636363636362  
109 36.40680586728068 1.5757575757575757 2.0 1.7171717171717171 1.8585858585858586 1.9191919191919191 1.0505050505050506 1.696969696969697 1.7575757575757576  
147 45.86984363896568 1.5757575757575757 2.0 1.7171717171717171 1.8585858585858586 1.9191919191919191 1.0505050505050506 1.696969696969697 1.7575757575757576  
192 6.352065446593311 1.5757575757575757 2.0 1.7171717171717171 1.8585858585858586 1.9191919191919191 1.0505050505050506 1.696969696969697 1.7575757575757576  
1 5.795704168117964 1.5757575757575757 2.0 1.7171717171717171 1.8585858585858586 1.9191919191919191 1.0505050505050506 1.696969696969697 1.7575757575757576  
73 14.80907981873499 2.3636363636363638 3.0 2.5757575757575757 2.787878787878788 2.878787878787879 1.5757575757575757 2.5454545454545454 2.6363636363636362  
