100 8
TREE NETWORK (nID nID Weight):
1 0 38.0 
2 1 35.0 
42 1 38.0 
56 0 42.0 
3 2 30.0 
55 1 45.0 
61 0 48.0 
4 3 46.0 
5 4 43.0 
62 61 54.0 
17 3 36.0 
63 62 31.0 
75 0 43.0 
18 17 44.0 
67 62 54.0 
27 3 37.0 
34 2 48.0 
6 5 56.0 
82 0 53.0 
22 17 35.0 
89 0 34.0 
72 61 52.0 
68 67 53.0 
90 89 34.0 
23 22 51.0 
83 82 55.0 
7 6 39.0 
14 4 33.0 
8 7 43.0 
32 3 45.0 
19 18 34.0 
43 42 40.0 
24 23 43.0 
64 63 39.0 
76 75 45.0 
69 68 30.0 
91 90 50.0 
77 76 52.0 
78 77 43.0 
44 43 38.0 
35 2 44.0 
15 14 35.0 
96 89 31.0 
92 90 30.0 
37 2 48.0 
80 76 31.0 
9 7 46.0 
70 68 44.0 
94 90 55.0 
73 72 59.0 
16 15 47.0 
26 22 58.0 
97 96 37.0 
81 76 36.0 
84 82 42.0 
79 77 48.0 
13 6 31.0 
38 37 36.0 
28 27 39.0 
20 19 53.0 
87 82 35.0 
45 44 38.0 
36 35 56.0 
57 56 49.0 
46 45 58.0 
58 57 30.0 
21 18 44.0 
95 90 32.0 
52 42 43.0 
65 64 56.0 
10 7 43.0 
40 37 38.0 
74 73 31.0 
48 43 36.0 
85 84 55.0 
71 70 39.0 
86 84 35.0 
29 27 44.0 
59 56 47.0 
98 89 49.0 
11 10 52.0 
12 10 38.0 
49 48 49.0 
88 82 35.0 
66 64 40.0 
41 2 48.0 
33 32 52.0 
53 42 59.0 
51 43 30.0 
54 53 43.0 
99 98 42.0 
31 27 38.0 
93 92 43.0 
60 56 58.0 
39 38 57.0 
50 49 40.0 
25 24 53.0 
47 46 44.0 
30 29 35.0 
PROGRAMS ASSIGNED TO NODES (nID pID1 pID2 ...):
0 1 2 3 4 5 6 7 8  
38 5 6  
70 4 5 7 8  
89 1 3 7  
6 3 4 5 6 7 8  
57 2 5 7  
43 1 6  
62 3 4 5 7 8  
94  
21 3 4 5 7 8  
54 1 2 3 5 6 7 8  
31 5  
2 7  
16 2 3 5 6 8  
13 1 2 3 4 5 7 8  
4 1 3 4 7 8  
8 2  
15 1 3 4 5 6 7 8  
46 1 8  
79 1 4  
59  
41  
23 1 4 5 6 8  
63  
98 1 2 3 4 5 6 7  
44 1 4 5 6 7 8  
10 1 4 6 7 8  
61  
37 1 2 4 5 7  
29 3 5 8  
28 1 2 6 7  
88 2 6 7  
60  
82 2  
69  
65 1 2 4 5 7 8  
27 2 5 6  
74 1 5  
32  
18 5 8  
95 3 7 8  
85 1 2 3 5 6 7 8  
17 1 2 3 4 6 7 8  
20 2 3 4  
71 1 2 3  
35  
73 1 3 5 8  
47 3 4 5 8  
5 1 2 4 5 7  
66 1 2 4 5 6 7 8  
9 1 2 3 4 6 8  
77 1 6  
87 4 5 7 8  
45 1 2 3 4 5 7 8  
52 1 3 7  
78 1 5  
48 3 5 6 8  
58 1 2 3 5 6  
81 4 5 6 8  
92 5 6 7  
83 1 2 3 4 6 7 8  
3 2 4 7 8  
93 2 4  
75 1 2 5  
50 2 3 4 5 6 7 8  
84 1 2 3 4 6 8  
90 1 2 3 4 5 7 8  
14 7  
36  
53 1 2 4 5  
11 2 5 6 8  
55  
40 3 6  
51 2 3 4 6 8  
1 1 6 7 8  
25 1 3 4 7  
67 8  
96 2 4 6 7 8  
26 1 3 4 5 6 7 8  
33 5  
7 5 7 8  
76 2 3 4 7 8  
30 1 2 4 5 6 7 8  
24 1 2 4 5 6 7 8  
19 3 4 5 6 7 8  
12 2 6  
80  
56 1 2 4 5 6 7 8  
22 1 2 3 5 6 7 8  
42  
34 2 3 4 5 6 7 8  
39 1 2 5 7 8  
68 5 7 8  
64 6  
72 2 3 4 5 8  
49 1 3 5 8  
99  
91 1 3 4 5 8  
97 4 7 8  
86 1  
SIZE OF PROGRAMS (pID SIZE):
1 66.0 
2 42.0 
3 71.0 
4 88.0 
5 96.0 
6 81.0 
7 60.0 
8 57.0 
COST_INSTALL_SERVER_AND_PROGRAMS :
0 2753.125 2.0625 1.3125 2.21875 2.75 3.0 2.53125 1.875 1.78125  
38 27.05979591836735 1.375 0.875 1.4791666666666667 1.8333333333333333 2.0 1.6875 1.25 1.1875  
70 22.646083476272157 1.375 0.875 1.4791666666666667 1.8333333333333333 2.0 1.6875 1.25 1.1875  
89 28.0 2.0625 1.3125 2.21875 2.75 3.0 2.53125 1.875 1.78125  
6 31.661175116127026 1.375 0.875 1.4791666666666667 1.8333333333333333 2.0 1.6875 1.25 1.1875  
57 4.392711370262387 2.0625 1.3125 2.21875 2.75 3.0 2.53125 1.875 1.78125  
43 6.726805555555557 1.375 0.875 1.4791666666666667 1.8333333333333333 2.0 1.6875 1.25 1.1875  
62 6.810493827160491 1.375 0.875 1.4791666666666667 1.8333333333333333 2.0 1.6875 1.25 1.1875  
94 11.0 2.0625 1.3125 2.21875 2.75 3.0 2.53125 1.875 1.78125  
21 31.386281613123714 1.375 0.875 1.4791666666666667 1.8333333333333333 2.0 1.6875 1.25 1.1875  
54 28.402175094781448 2.0625 1.3125 2.21875 2.75 3.0 2.53125 1.875 1.78125  
31 6.354049989839464 2.0625 1.3125 2.21875 2.75 3.0 2.53125 1.875 1.78125  
2 11.6397540726817 2.0625 1.3125 2.21875 2.75 3.0 2.53125 1.875 1.78125  
16 51.44969717256308 2.0625 1.3125 2.21875 2.75 3.0 2.53125 1.875 1.78125  
13 52.92408469271617 2.0625 1.3125 2.21875 2.75 3.0 2.53125 1.875 1.78125  
4 19.134323648795906 2.0625 1.3125 2.21875 2.75 3.0 2.53125 1.875 1.78125  
8 4.514230851103024 1.375 0.875 1.4791666666666667 1.8333333333333333 2.0 1.6875 1.25 1.1875  
15 7.718470292579275 2.0625 1.3125 2.21875 2.75 3.0 2.53125 1.875 1.78125  
46 20.748743194192382 1.375 0.875 1.4791666666666667 1.8333333333333333 2.0 1.6875 1.25 1.1875  
79 7.6399529583250505 1.375 0.875 1.4791666666666667 1.8333333333333333 2.0 1.6875 1.25 1.1875  
59 17.0 1.375 0.875 1.4791666666666667 1.8333333333333333 2.0 1.6875 1.25 1.1875  
41 27.0 1.375 0.875 1.4791666666666667 1.8333333333333333 2.0 1.6875 1.25 1.1875  
23 40.60052022417155 2.0625 1.3125 2.21875 2.75 3.0 2.53125 1.875 1.78125  
63 1.9776359020310637 2.0625 1.3125 2.21875 2.75 3.0 2.53125 1.875 1.78125  
98 6.939390756302522 1.375 0.875 1.4791666666666667 1.8333333333333333 2.0 1.6875 1.25 1.1875  
44 25.385796783625736 1.375 0.875 1.4791666666666667 1.8333333333333333 2.0 1.6875 1.25 1.1875  
10 41.693937721993215 1.375 0.875 1.4791666666666667 1.8333333333333333 2.0 1.6875 1.25 1.1875  
61 60.0 2.0625 1.3125 2.21875 2.75 3.0 2.53125 1.875 1.78125  
37 2.494797932330828 2.0625 1.3125 2.21875 2.75 3.0 2.53125 1.875 1.78125  
29 5.987264148547045 2.0625 1.3125 2.21875 2.75 3.0 2.53125 1.875 1.78125  
28 14.946881203789097 1.375 0.875 1.4791666666666667 1.8333333333333333 2.0 1.6875 1.25 1.1875  
88 0.4868901617250675 1.375 0.875 1.4791666666666667 1.8333333333333333 2.0 1.6875 1.25 1.1875  
60 97.0 1.375 0.875 1.4791666666666667 1.8333333333333333 2.0 1.6875 1.25 1.1875  
82 0.5757992662473805 1.375 0.875 1.4791666666666667 1.8333333333333333 2.0 1.6875 1.25 1.1875  
69 33.0 1.375 0.875 1.4791666666666667 1.8333333333333333 2.0 1.6875 1.25 1.1875  
65 20.380854499230082 1.375 0.875 1.4791666666666667 1.8333333333333333 2.0 1.6875 1.25 1.1875  
27 36.127358472194 2.0625 1.3125 2.21875 2.75 3.0 2.53125 1.875 1.78125  
74 1.1086953778861925 1.375 0.875 1.4791666666666667 1.8333333333333333 2.0 1.6875 1.25 1.1875  
32 4.561503759398496 2.0625 1.3125 2.21875 2.75 3.0 2.53125 1.875 1.78125  
18 38.57030662593986 2.0625 1.3125 2.21875 2.75 3.0 2.53125 1.875 1.78125  
95 9.399999999999997 2.0625 1.3125 2.21875 2.75 3.0 2.53125 1.875 1.78125  
85 4.259759939353097 1.375 0.875 1.4791666666666667 1.8333333333333333 2.0 1.6875 1.25 1.1875  
17 52.79436751601225 1.375 0.875 1.4791666666666667 1.8333333333333333 2.0 1.6875 1.25 1.1875  
20 11.69019723012885 1.375 0.875 1.4791666666666667 1.8333333333333333 2.0 1.6875 1.25 1.1875  
71 5.88011556817571 2.0625 1.3125 2.21875 2.75 3.0 2.53125 1.875 1.78125  
35 108.0 2.0625 1.3125 2.21875 2.75 3.0 2.53125 1.875 1.78125  
73 3.7356719904389397 2.0625 1.3125 2.21875 2.75 3.0 2.53125 1.875 1.78125  
47 13.008697409668377 2.0625 1.3125 2.21875 2.75 3.0 2.53125 1.875 1.78125  
5 62.34587764596021 1.375 0.875 1.4791666666666667 1.8333333333333333 2.0 1.6875 1.25 1.1875  
66 29.816776950647917 1.375 0.875 1.4791666666666667 1.8333333333333333 2.0 1.6875 1.25 1.1875  
9 48.29980638725978 1.375 0.875 1.4791666666666667 1.8333333333333333 2.0 1.6875 1.25 1.1875  
77 9.967378130590342 2.0625 1.3125 2.21875 2.75 3.0 2.53125 1.875 1.78125  
87 4.004205974842767 1.375 0.875 1.4791666666666667 1.8333333333333333 2.0 1.6875 1.25 1.1875  
45 16.634210526315794 2.0625 1.3125 2.21875 2.75 3.0 2.53125 1.875 1.78125  
52 5.276139840881274 2.0625 1.3125 2.21875 2.75 3.0 2.53125 1.875 1.78125  
78 8.337705724508051 1.375 0.875 1.4791666666666667 1.8333333333333333 2.0 1.6875 1.25 1.1875  
48 41.14113913255362 2.0625 1.3125 2.21875 2.75 3.0 2.53125 1.875 1.78125  
58 2.0191496598639453 1.375 0.875 1.4791666666666667 1.8333333333333333 2.0 1.6875 1.25 1.1875  
81 11.816027131782949 1.375 0.875 1.4791666666666667 1.8333333333333333 2.0 1.6875 1.25 1.1875  
92 2.2352818627450985 2.0625 1.3125 2.21875 2.75 3.0 2.53125 1.875 1.78125  
83 0.7540630360205836 1.375 0.875 1.4791666666666667 1.8333333333333333 2.0 1.6875 1.25 1.1875  
3 12.181362781954888 1.375 0.875 1.4791666666666667 1.8333333333333333 2.0 1.6875 1.25 1.1875  
93 5.32796967624259 1.375 0.875 1.4791666666666667 1.8333333333333333 2.0 1.6875 1.25 1.1875  
75 0.28690245478036214 1.375 0.875 1.4791666666666667 1.8333333333333333 2.0 1.6875 1.25 1.1875  
50 14.476988788936628 1.375 0.875 1.4791666666666667 1.8333333333333333 2.0 1.6875 1.25 1.1875  
84 1.3533907981431568 2.0625 1.3125 2.21875 2.75 3.0 2.53125 1.875 1.78125  
90 8.421875000000004 2.0625 1.3125 2.21875 2.75 3.0 2.53125 1.875 1.78125  
14 36.477713259598275 1.375 0.875 1.4791666666666667 1.8333333333333333 2.0 1.6875 1.25 1.1875  
36 16.0 1.375 0.875 1.4791666666666667 1.8333333333333333 2.0 1.6875 1.25 1.1875  
53 6.928918562295568 2.0625 1.3125 2.21875 2.75 3.0 2.53125 1.875 1.78125  
11 36.31198780717447 2.0625 1.3125 2.21875 2.75 3.0 2.53125 1.875 1.78125  
55 46.0 2.0625 1.3125 2.21875 2.75 3.0 2.53125 1.875 1.78125  
40 9.462857142857144 1.375 0.875 1.4791666666666667 1.8333333333333333 2.0 1.6875 1.25 1.1875  
51 2.7023355263157898 2.0625 1.3125 2.21875 2.75 3.0 2.53125 1.875 1.78125  
1 1.6745248538011697 1.375 0.875 1.4791666666666667 1.8333333333333333 2.0 1.6875 1.25 1.1875  
25 4.988963171380884 2.0625 1.3125 2.21875 2.75 3.0 2.53125 1.875 1.78125  
67 4.472222222222222 2.0625 1.3125 2.21875 2.75 3.0 2.53125 1.875 1.78125  
96 2.6607210626185953 2.0625 1.3125 2.21875 2.75 3.0 2.53125 1.875 1.78125  
26 23.71643054295221 2.0625 1.3125 2.21875 2.75 3.0 2.53125 1.875 1.78125  
33 5.669196067090804 2.0625 1.3125 2.21875 2.75 3.0 2.53125 1.875 1.78125  
7 28.177967821393597 1.375 0.875 1.4791666666666667 1.8333333333333333 2.0 1.6875 1.25 1.1875  
76 12.135873169681311 1.375 0.875 1.4791666666666667 1.8333333333333333 2.0 1.6875 1.25 1.1875  
30 60.68944216345533 1.375 0.875 1.4791666666666667 1.8333333333333333 2.0 1.6875 1.25 1.1875  
24 19.7310029838809 1.375 0.875 1.4791666666666667 1.8333333333333333 2.0 1.6875 1.25 1.1875  
19 32.18564206932773 2.0625 1.3125 2.21875 2.75 3.0 2.53125 1.875 1.78125  
12 18.391825743361082 2.0625 1.3125 2.21875 2.75 3.0 2.53125 1.875 1.78125  
80 48.0 2.0625 1.3125 2.21875 2.75 3.0 2.53125 1.875 1.78125  
56 1.6510912698412703 1.375 0.875 1.4791666666666667 1.8333333333333333 2.0 1.6875 1.25 1.1875  
22 6.941613408521305 1.375 0.875 1.4791666666666667 1.8333333333333333 2.0 1.6875 1.25 1.1875  
42 11.694334795321637 1.375 0.875 1.4791666666666667 1.8333333333333333 2.0 1.6875 1.25 1.1875  
34 4.952907659774436 2.0625 1.3125 2.21875 2.75 3.0 2.53125 1.875 1.78125  
39 17.293975563909783 2.0625 1.3125 2.21875 2.75 3.0 2.53125 1.875 1.78125  
68 19.45492662473795 1.375 0.875 1.4791666666666667 1.8333333333333333 2.0 1.6875 1.25 1.1875  
64 7.276603856492971 2.0625 1.3125 2.21875 2.75 3.0 2.53125 1.875 1.78125  
72 0.8076923076923077 1.375 0.875 1.4791666666666667 1.8333333333333333 2.0 1.6875 1.25 1.1875  
49 32.06567007797271 1.375 0.875 1.4791666666666667 1.8333333333333333 2.0 1.6875 1.25 1.1875  
99 72.0 1.375 0.875 1.4791666666666667 1.8333333333333333 2.0 1.6875 1.25 1.1875  
91 1.798279411764706 2.0625 1.3125 2.21875 2.75 3.0 2.53125 1.875 1.78125  
97 7.065963318631724 2.0625 1.3125 2.21875 2.75 3.0 2.53125 1.875 1.78125  
86 0.2639925876010782 2.0625 1.3125 2.21875 2.75 3.0 2.53125 1.875 1.78125  
