200 3
TREE NETWORK (nID nID Weight):
1 0 47.0 
2 1 33.0 
102 1 40.0 
103 102 45.0 
3 2 36.0 
4 3 39.0 
104 103 55.0 
18 3 32.0 
19 18 38.0 
45 2 52.0 
21 18 44.0 
142 102 59.0 
105 104 50.0 
174 0 43.0 
92 2 53.0 
34 18 53.0 
22 21 50.0 
39 3 46.0 
46 45 53.0 
106 105 30.0 
75 45 45.0 
47 46 58.0 
179 0 59.0 
107 106 41.0 
58 46 41.0 
156 102 52.0 
157 102 32.0 
61 46 54.0 
175 174 35.0 
159 102 54.0 
126 104 34.0 
143 142 57.0 
144 143 36.0 
5 4 40.0 
48 47 47.0 
151 143 40.0 
170 1 55.0 
93 92 55.0 
191 0 39.0 
158 157 34.0 
72 46 34.0 
49 48 46.0 
76 75 38.0 
35 34 51.0 
62 61 58.0 
180 179 32.0 
108 107 58.0 
160 159 40.0 
171 170 47.0 
192 191 30.0 
51 48 31.0 
94 93 33.0 
110 107 52.0 
127 126 30.0 
130 103 41.0 
165 159 52.0 
111 107 35.0 
8 4 32.0 
81 45 40.0 
52 51 47.0 
40 3 40.0 
82 81 31.0 
55 51 32.0 
77 76 48.0 
145 144 59.0 
183 179 44.0 
41 40 48.0 
149 144 31.0 
121 105 38.0 
154 142 39.0 
113 106 33.0 
91 45 41.0 
32 21 51.0 
153 143 32.0 
97 2 53.0 
9 8 36.0 
131 103 30.0 
73 72 42.0 
198 0 43.0 
135 103 45.0 
59 58 50.0 
186 179 50.0 
161 160 38.0 
114 113 51.0 
13 4 49.0 
83 81 55.0 
37 18 41.0 
14 13 47.0 
98 2 37.0 
199 198 55.0 
80 75 47.0 
84 83 44.0 
166 165 57.0 
69 61 38.0 
119 106 40.0 
112 111 52.0 
79 76 44.0 
23 22 51.0 
10 8 45.0 
29 22 46.0 
6 5 58.0 
30 29 47.0 
128 104 31.0 
63 62 56.0 
162 160 33.0 
132 131 34.0 
134 131 34.0 
167 166 49.0 
88 81 34.0 
181 180 53.0 
184 183 53.0 
60 59 42.0 
136 135 47.0 
74 73 52.0 
64 63 46.0 
31 29 41.0 
15 14 34.0 
115 113 53.0 
152 151 39.0 
38 37 52.0 
188 179 51.0 
138 103 50.0 
95 93 31.0 
53 52 40.0 
168 167 58.0 
33 21 52.0 
146 145 45.0 
12 8 41.0 
116 115 32.0 
139 103 54.0 
24 23 33.0 
7 5 32.0 
176 174 42.0 
150 149 35.0 
190 179 34.0 
147 146 46.0 
197 191 45.0 
117 115 39.0 
78 77 45.0 
172 170 45.0 
133 132 34.0 
99 98 49.0 
68 62 36.0 
164 160 31.0 
193 192 50.0 
25 24 37.0 
20 19 49.0 
148 145 54.0 
54 52 41.0 
185 183 40.0 
194 192 35.0 
89 88 43.0 
85 84 34.0 
16 15 35.0 
65 63 50.0 
43 40 49.0 
187 186 30.0 
70 61 49.0 
57 47 50.0 
28 23 43.0 
196 192 48.0 
36 34 40.0 
100 99 51.0 
87 83 55.0 
122 121 53.0 
140 139 44.0 
56 51 39.0 
177 176 33.0 
123 122 57.0 
129 104 34.0 
169 165 46.0 
26 25 33.0 
90 89 43.0 
195 194 32.0 
178 174 47.0 
71 70 50.0 
17 13 58.0 
50 49 59.0 
27 25 59.0 
141 140 45.0 
137 135 45.0 
120 106 56.0 
109 108 30.0 
182 181 39.0 
96 95 52.0 
101 2 39.0 
11 10 31.0 
173 170 59.0 
155 154 44.0 
125 121 54.0 
163 162 41.0 
66 63 54.0 
67 63 50.0 
189 188 55.0 
124 123 43.0 
86 84 30.0 
118 115 59.0 
44 43 36.0 
42 41 41.0 
PROGRAMS ASSIGNED TO NODES (nID pID1 pID2 ...):
0 1 2 3  
150 1 3  
83 1 3  
10 1 2  
128  
4 1 3  
72 1 3  
144 1 2  
121  
116 2  
65  
100 1 2  
147  
98  
86 2  
132 1  
196  
85 1 2  
73 2  
29 2 3  
159 2 3  
125  
51 1 2  
168 3  
162 3  
151 1  
179 1  
14 2 3  
77 1  
176 1 2  
20 2 3  
93  
137 3  
170  
92  
13  
22 1 3  
119  
67 2  
141  
43 2 3  
52  
127 2  
2 1  
110 2 3  
9  
130 1 3  
155 2 3  
107  
7 2  
103 1  
118 3  
17  
122 2  
186 2 3  
111 1 3  
154 3  
40 1  
190  
48 1 2  
53 1  
165  
115 2  
185 1 3  
46 3  
181 1 2  
41  
194  
38 1 3  
169 1 2  
138 1 2  
71  
5 2  
106 3  
143 2  
175  
50 1 2  
174  
84 1  
88 1 3  
89  
152 3  
45  
101 1 3  
189  
66 2  
30 3  
58 1 3  
57  
139  
113 1  
96 3  
81 1 2  
156 1 3  
79 1  
54  
47 2 3  
1  
3  
133 1 3  
36 1 2  
171 1 3  
114 1 2  
42  
28 2  
32 1  
167 1 3  
64  
49 1  
60 2 3  
25 2 3  
166  
76 1 3  
91 1 3  
6  
90 2 3  
55 1 2  
131  
163 2 3  
80 2 3  
19 1 3  
82 3  
104 1 3  
188 1  
34 1 3  
44 1 3  
39  
94 1 2  
112 2 3  
12 2  
33  
157  
75 1 3  
109 3  
183 1  
192 2  
129 1  
95 2 3  
197  
69  
15 1 2  
172 1 2  
145 2 3  
97  
108 2 3  
184 1 2  
123 1 3  
21 1 3  
63 1 3  
195 2 3  
193 2  
140 2  
26  
31 1 2  
199 1 3  
187  
8  
124 1 2  
62 2 3  
198  
158 1 3  
146  
74  
173 2 3  
87 3  
191 1 3  
135 2 3  
120 1 3  
153 2  
182  
161 1  
136 2 3  
27  
68 2  
180  
78  
148 1 2  
164  
105  
102 3  
160 1 2  
24  
70 2 3  
16 2  
23 2  
99 3  
149  
37 1 2  
35  
177 3  
178  
56 1 3  
61  
142 1 2  
117 1  
59  
126 1  
134  
11 1  
18 1 2  
SIZE OF PROGRAMS (pID SIZE):
1 90.0 
2 87.0 
3 58.0 
COST_INSTALL_SERVER_AND_PROGRAMS :
0 1522.2222222222222 2.0 1.9333333333333333 1.288888888888889  
150 15.43640762578933 3.0 2.9 1.9333333333333333  
83 6.63419289044289 3.0 2.9 1.9333333333333333  
10 16.981134100828246 3.0 2.9 1.9333333333333333  
128 30.0 2.0 1.9333333333333333 1.288888888888889  
4 10.104778554778553 3.0 2.9 1.9333333333333333  
72 2.0152836527142854 3.0 2.9 1.9333333333333333  
144 12.171848052334225 2.0 1.9333333333333333 1.288888888888889  
121 14.05249601275917 3.0 2.9 1.9333333333333333  
116 10.346703049158789 2.0 1.9333333333333333 1.288888888888889  
65 76.0 3.0 2.9 1.9333333333333333  
100 7.393913537464404 2.0 1.9333333333333333 1.288888888888889  
147 22.0 2.0 1.9333333333333333 1.288888888888889  
98 6.383538083538083 3.0 2.9 1.9333333333333333  
86 1.2861261964985369 2.0 1.9333333333333333 1.288888888888889  
132 1.4490766235572246 3.0 2.9 1.9333333333333333  
196 74.0 2.0 1.9333333333333333 1.288888888888889  
85 2.350523140814129 3.0 2.9 1.9333333333333333  
73 5.7193595544182365 3.0 2.9 1.9333333333333333  
29 21.552073451910406 2.0 1.9333333333333333 1.288888888888889  
159 0.7393518518518518 3.0 2.9 1.9333333333333333  
125 104.0 2.0 1.9333333333333333 1.288888888888889  
51 3.248455223159297 2.0 1.9333333333333333 1.288888888888889  
168 3.684831143012234 3.0 2.9 1.9333333333333333  
162 9.645354848723642 3.0 2.9 1.9333333333333333  
151 8.21910262493594 3.0 2.9 1.9333333333333333  
179 64.0 2.0 1.9333333333333333 1.288888888888889  
14 2.6637215958644527 3.0 2.9 1.9333333333333333  
77 1.0616356627694814 2.0 1.9333333333333333 1.288888888888889  
176 0.5838132152085641 2.0 1.9333333333333333 1.288888888888889  
20 1.797971336851616 3.0 2.9 1.9333333333333333  
93 13.264827520487898 2.0 1.9333333333333333 1.288888888888889  
137 0.5261820330969268 2.0 1.9333333333333333 1.288888888888889  
170 0.8636363636363636 3.0 2.9 1.9333333333333333  
92 9.633009338669716 2.0 1.9333333333333333 1.288888888888889  
13 20.611078009292296 2.0 1.9333333333333333 1.288888888888889  
22 9.870110479797976 3.0 2.9 1.9333333333333333  
119 38.0 3.0 2.9 1.9333333333333333  
67 1.2273363029539266 2.0 1.9333333333333333 1.288888888888889  
141 56.0 2.0 1.9333333333333333 1.288888888888889  
43 2.1486574933003504 3.0 2.9 1.9333333333333333  
52 8.013471576621365 3.0 2.9 1.9333333333333333  
127 6.060023324610308 3.0 2.9 1.9333333333333333  
2 5.864141414141414 2.0 1.9333333333333333 1.288888888888889  
110 2.1793739145879782 3.0 2.9 1.9333333333333333  
9 24.0 3.0 2.9 1.9333333333333333  
130 3.819507390109361 3.0 2.9 1.9333333333333333  
155 9.935167816149605 2.0 1.9333333333333333 1.288888888888889  
107 18.4809940872136 3.0 2.9 1.9333333333333333  
7 1.2095280030253435 2.0 1.9333333333333333 1.288888888888889  
103 9.24375 2.0 1.9333333333333333 1.288888888888889  
118 6.400132541247102 2.0 1.9333333333333333 1.288888888888889  
17 85.0 3.0 2.9 1.9333333333333333  
122 3.0465900063194007 2.0 1.9333333333333333 1.288888888888889  
186 0.22719397363465174 3.0 2.9 1.9333333333333333  
111 3.751594252630838 3.0 2.9 1.9333333333333333  
154 7.4086526646344515 2.0 1.9333333333333333 1.288888888888889  
40 6.755618686868686 2.0 1.9333333333333333 1.288888888888889  
190 61.0 2.0 1.9333333333333333 1.288888888888889  
48 2.2292795959191536 3.0 2.9 1.9333333333333333  
53 9.963471576621362 2.0 1.9333333333333333 1.288888888888889  
165 10.125836894586895 3.0 2.9 1.9333333333333333  
115 13.732682246998284 2.0 1.9333333333333333 1.288888888888889  
185 0.4638777606574216 3.0 2.9 1.9333333333333333  
46 5.548264026330064 2.0 1.9333333333333333 1.288888888888889  
181 0.5970872641509434 3.0 2.9 1.9333333333333333  
41 76.0 2.0 1.9333333333333333 1.288888888888889  
194 4.104497354497354 2.0 1.9333333333333333 1.288888888888889  
38 7.753404696506669 3.0 2.9 1.9333333333333333  
169 11.336756834575981 2.0 1.9333333333333333 1.288888888888889  
138 4.231192671394799 3.0 2.9 1.9333333333333333  
71 62.0 2.0 1.9333333333333333 1.288888888888889  
5 0.8409863363586768 3.0 2.9 1.9333333333333333  
106 2.506994949494949 3.0 2.9 1.9333333333333333  
143 1.1147524531668151 3.0 2.9 1.9333333333333333  
175 34.0 2.0 1.9333333333333333 1.288888888888889  
50 2.5605236944163194 2.0 1.9333333333333333 1.288888888888889  
174 37.0 3.0 2.9 1.9333333333333333  
84 8.781940146142274 2.0 1.9333333333333333 1.288888888888889  
88 20.574237567987566 2.0 1.9333333333333333 1.288888888888889  
89 7.234921584650532 3.0 2.9 1.9333333333333333  
152 3.799756715153303 2.0 1.9333333333333333 1.288888888888889  
45 0.8807109557109558 3.0 2.9 1.9333333333333333  
101 6.2404884634671856 2.0 1.9333333333333333 1.288888888888889  
189 83.0 2.0 1.9333333333333333 1.288888888888889  
66 1.2144474140650376 2.0 1.9333333333333333 1.288888888888889  
30 0.9454990025135723 3.0 2.9 1.9333333333333333  
58 18.346306712028067 2.0 1.9333333333333333 1.288888888888889  
57 86.0 3.0 2.9 1.9333333333333333  
139 2.8023049645390063 3.0 2.9 1.9333333333333333  
113 19.314696969696968 3.0 2.9 1.9333333333333333  
96 0.6193522411940977 3.0 2.9 1.9333333333333333  
81 12.47979312354312 3.0 2.9 1.9333333333333333  
156 2.7760204885736806 2.0 1.9333333333333333 1.288888888888889  
79 1.0786811173149358 2.0 1.9333333333333333 1.288888888888889  
54 38.0 2.0 1.9333333333333333 1.288888888888889  
47 1.9903907070302644 2.0 1.9333333333333333 1.288888888888889  
1 3.466666666666667 3.0 2.9 1.9333333333333333  
3 1.3426767676767675 2.0 1.9333333333333333 1.288888888888889  
133 8.16560654521856 3.0 2.9 1.9333333333333333  
36 2.3408799785287644 2.0 1.9333333333333333 1.288888888888889  
171 0.5699892542445734 2.0 1.9333333333333333 1.288888888888889  
114 2.771669719725415 3.0 2.9 1.9333333333333333  
42 99.0 2.0 1.9333333333333333 1.288888888888889  
28 9.081553016190957 2.0 1.9333333333333333 1.288888888888889  
32 1.176482677210149 2.0 1.9333333333333333 1.288888888888889  
167 11.318944965658025 2.0 1.9333333333333333 1.288888888888889  
64 30.0 3.0 2.9 1.9333333333333333  
49 17.330681657191782 2.0 1.9333333333333333 1.288888888888889  
60 8.523710202798188 2.0 1.9333333333333333 1.288888888888889  
25 3.016730144568849 2.0 1.9333333333333333 1.288888888888889  
166 9.00329870715462 2.0 1.9333333333333333 1.288888888888889  
76 1.437467534332036 2.0 1.9333333333333333 1.288888888888889  
91 1.0800805709887182 2.0 1.9333333333333333 1.288888888888889  
6 79.0 2.0 1.9333333333333333 1.288888888888889  
90 16.620702383550203 2.0 1.9333333333333333 1.288888888888889  
55 12.147057697621099 3.0 2.9 1.9333333333333333  
131 9.033073286052009 2.0 1.9333333333333333 1.288888888888889  
163 12.356736962544778 3.0 2.9 1.9333333333333333  
80 10.237003835408089 2.0 1.9333333333333333 1.288888888888889  
19 22.911518972620943 2.0 1.9333333333333333 1.288888888888889  
82 0.6139081779198459 2.0 1.9333333333333333 1.288888888888889  
104 5.3017045454545455 2.0 1.9333333333333333 1.288888888888889  
188 0.12901296111665003 2.0 1.9333333333333333 1.288888888888889  
34 2.520447994091862 2.0 1.9333333333333333 1.288888888888889  
44 14.787103382939248 2.0 1.9333333333333333 1.288888888888889  
39 25.0 2.0 1.9333333333333333 1.288888888888889  
94 13.12357099700335 2.0 1.9333333333333333 1.288888888888889  
112 2.7547707399848034 2.0 1.9333333333333333 1.288888888888889  
12 1.2042231249765631 2.0 1.9333333333333333 1.288888888888889  
33 98.0 2.0 1.9333333333333333 1.288888888888889  
157 6.275202915681637 2.0 1.9333333333333333 1.288888888888889  
75 9.984265734265735 2.0 1.9333333333333333 1.288888888888889  
109 6.707933292447044 2.0 1.9333333333333333 1.288888888888889  
183 0.5217193117616851 3.0 2.9 1.9333333333333333  
192 1.6111111111111112 3.0 2.9 1.9333333333333333  
129 5.068989646148594 2.0 1.9333333333333333 1.288888888888889  
95 1.4306455602502017 2.0 1.9333333333333333 1.288888888888889  
197 88.0 2.0 1.9333333333333333 1.288888888888889  
69 106.0 3.0 2.9 1.9333333333333333  
15 10.949816242422177 3.0 2.9 1.9333333333333333  
172 2.1742381259402537 3.0 2.9 1.9333333333333333  
145 2.165835315690356 3.0 2.9 1.9333333333333333  
97 14.0 2.0 1.9333333333333333 1.288888888888889  
108 2.150527760741824 3.0 2.9 1.9333333333333333  
184 3.421134934248142 3.0 2.9 1.9333333333333333  
123 12.106047478258253 2.0 1.9333333333333333 1.288888888888889  
21 2.3500315656565656 3.0 2.9 1.9333333333333333  
63 9.958265622754073 2.0 1.9333333333333333 1.288888888888889  
195 9.500576159951162 3.0 2.9 1.9333333333333333  
193 0.3970769230769231 3.0 2.9 1.9333333333333333  
140 3.9886686009026433 3.0 2.9 1.9333333333333333  
26 93.0 2.0 1.9333333333333333 1.288888888888889  
31 2.940513700752705 3.0 2.9 1.9333333333333333  
199 0.11994362226920369 3.0 2.9 1.9333333333333333  
187 52.0 3.0 2.9 1.9333333333333333  
8 8.745810095637223 2.0 1.9333333333333333 1.288888888888889  
124 2.8201532204337383 3.0 2.9 1.9333333333333333  
62 12.986788686626035 3.0 2.9 1.9333333333333333  
198 48.0 3.0 2.9 1.9333333333333333  
158 4.720535739118342 3.0 2.9 1.9333333333333333  
146 109.0 3.0 2.9 1.9333333333333333  
74 81.0 2.0 1.9333333333333333 1.288888888888889  
173 3.8002707687525574 2.0 1.9333333333333333 1.288888888888889  
87 0.5732760501909437 3.0 2.9 1.9333333333333333  
191 0.6829059829059827 2.0 1.9333333333333333 1.288888888888889  
135 3.605860914105594 3.0 2.9 1.9333333333333333  
120 7.987022893576086 3.0 2.9 1.9333333333333333  
153 4.687423534268414 2.0 1.9333333333333333 1.288888888888889  
182 25.0 3.0 2.9 1.9333333333333333  
161 5.069988801791713 2.0 1.9333333333333333 1.288888888888889  
136 9.980033490937746 2.0 1.9333333333333333 1.288888888888889  
27 41.0 2.0 1.9333333333333333 1.288888888888889  
68 6.837874960580701 2.0 1.9333333333333333 1.288888888888889  
180 1.9924305555555555 2.0 1.9333333333333333 1.288888888888889  
78 27.0 2.0 1.9333333333333333 1.288888888888889  
148 16.52728764879101 2.0 1.9333333333333333 1.288888888888889  
164 93.0 3.0 2.9 1.9333333333333333  
105 6.032815656565656 3.0 2.9 1.9333333333333333  
102 3.3916666666666666 2.0 1.9333333333333333 1.288888888888889  
160 9.527777777777777 2.0 1.9333333333333333 1.288888888888889  
24 2.463727141565846 3.0 2.9 1.9333333333333333  
70 5.986236488832024 3.0 2.9 1.9333333333333333  
16 1.5872641879248353 2.0 1.9333333333333333 1.288888888888889  
23 2.024333202171907 3.0 2.9 1.9333333333333333  
99 13.119876230590515 3.0 2.9 1.9333333333333333  
149 1.755031774516345 2.0 1.9333333333333333 1.288888888888889  
37 14.33466832963784 3.0 2.9 1.9333333333333333  
35 38.0 3.0 2.9 1.9333333333333333  
177 0.255403201449713 3.0 2.9 1.9333333333333333  
178 55.0 3.0 2.9 1.9333333333333333  
56 18.594141538670144 2.0 1.9333333333333333 1.288888888888889  
61 14.953985122145498 3.0 2.9 1.9333333333333333  
142 5.971009887005648 3.0 2.9 1.9333333333333333  
117 10.400601297538273 2.0 1.9333333333333333 1.288888888888889  
59 12.433584961971395 2.0 1.9333333333333333 1.288888888888889  
126 11.230405462636375 3.0 2.9 1.9333333333333333  
134 43.0 2.0 1.9333333333333333 1.288888888888889  
11 1.4165584458437923 3.0 2.9 1.9333333333333333  
18 2.077051767676768 2.0 1.9333333333333333 1.288888888888889  
