400 2
TREE NETWORK (nID nID Weight):
1 0 56.0 
69 0 36.0 
70 69 40.0 
2 1 41.0 
143 69 39.0 
169 69 48.0 
3 2 52.0 
20 2 36.0 
170 169 30.0 
287 0 54.0 
176 169 52.0 
71 70 33.0 
75 70 47.0 
177 176 42.0 
288 287 49.0 
72 71 45.0 
273 169 30.0 
178 177 43.0 
28 2 42.0 
289 288 47.0 
304 288 37.0 
184 177 52.0 
76 75 47.0 
305 304 36.0 
283 69 32.0 
185 184 59.0 
144 143 51.0 
4 3 54.0 
171 170 49.0 
156 143 47.0 
87 75 40.0 
50 1 38.0 
335 304 47.0 
127 70 54.0 
336 335 51.0 
145 144 45.0 
212 184 32.0 
226 176 54.0 
77 76 38.0 
186 185 51.0 
187 186 39.0 
275 169 30.0 
5 4 56.0 
353 335 53.0 
92 75 45.0 
93 92 42.0 
213 212 50.0 
234 176 42.0 
390 0 52.0 
157 156 37.0 
278 169 50.0 
306 305 34.0 
195 185 52.0 
21 20 54.0 
123 75 40.0 
146 145 38.0 
32 2 31.0 
307 306 43.0 
60 1 37.0 
172 171 39.0 
337 336 40.0 
160 143 44.0 
261 176 45.0 
51 50 37.0 
381 287 38.0 
235 234 37.0 
323 306 39.0 
104 92 38.0 
105 104 45.0 
382 381 36.0 
284 283 41.0 
264 176 48.0 
173 172 31.0 
179 178 54.0 
113 92 34.0 
215 184 31.0 
61 1 45.0 
290 289 30.0 
394 0 49.0 
33 2 35.0 
115 92 45.0 
94 93 48.0 
128 127 36.0 
236 235 57.0 
308 307 37.0 
188 187 59.0 
52 51 32.0 
354 353 38.0 
338 337 53.0 
100 93 36.0 
324 323 37.0 
361 353 50.0 
237 236 36.0 
367 353 35.0 
34 33 43.0 
250 236 39.0 
95 94 35.0 
371 335 53.0 
262 261 40.0 
251 250 58.0 
216 215 45.0 
182 178 48.0 
133 70 33.0 
269 176 31.0 
368 367 59.0 
12 3 42.0 
134 133 59.0 
291 290 57.0 
13 12 37.0 
227 226 39.0 
309 308 50.0 
228 227 47.0 
78 76 54.0 
180 179 50.0 
339 338 50.0 
138 70 34.0 
217 184 36.0 
16 12 42.0 
101 100 47.0 
135 133 41.0 
196 195 43.0 
17 16 38.0 
348 336 37.0 
62 61 51.0 
265 264 30.0 
174 172 36.0 
197 196 36.0 
252 251 50.0 
395 394 55.0 
238 237 58.0 
299 289 50.0 
198 197 51.0 
200 196 41.0 
355 354 44.0 
189 187 34.0 
42 2 47.0 
45 2 38.0 
96 95 30.0 
175 174 54.0 
239 238 40.0 
222 177 44.0 
147 146 52.0 
6 5 41.0 
218 217 53.0 
161 160 33.0 
22 21 35.0 
139 138 56.0 
140 139 47.0 
229 228 48.0 
310 309 52.0 
340 337 54.0 
372 371 47.0 
326 305 42.0 
129 128 32.0 
64 1 50.0 
263 261 55.0 
88 87 51.0 
35 33 58.0 
383 381 47.0 
342 337 32.0 
321 307 31.0 
7 6 34.0 
384 381 52.0 
386 287 32.0 
116 115 53.0 
118 92 39.0 
53 52 53.0 
63 62 52.0 
214 212 30.0 
141 140 39.0 
241 238 34.0 
373 371 56.0 
255 250 56.0 
36 35 51.0 
350 336 51.0 
319 308 41.0 
119 118 37.0 
66 1 30.0 
167 143 58.0 
97 96 32.0 
280 169 43.0 
362 361 38.0 
286 69 59.0 
190 187 45.0 
14 13 57.0 
343 342 34.0 
79 78 59.0 
124 123 52.0 
54 52 57.0 
219 217 36.0 
136 133 36.0 
276 275 48.0 
23 22 38.0 
152 144 41.0 
204 185 43.0 
374 371 47.0 
294 290 54.0 
25 20 56.0 
155 144 54.0 
224 177 58.0 
281 280 32.0 
27 20 49.0 
322 307 51.0 
230 229 37.0 
272 176 54.0 
43 42 43.0 
313 309 46.0 
387 287 50.0 
80 79 56.0 
202 196 45.0 
98 95 55.0 
153 152 30.0 
282 280 34.0 
363 362 59.0 
44 42 56.0 
344 342 44.0 
270 269 32.0 
57 52 40.0 
249 237 34.0 
194 186 54.0 
376 371 53.0 
285 284 52.0 
125 123 45.0 
8 7 35.0 
391 390 35.0 
396 394 30.0 
240 239 31.0 
398 394 36.0 
292 291 30.0 
205 204 52.0 
162 161 55.0 
206 205 43.0 
89 88 30.0 
293 292 44.0 
19 16 43.0 
102 101 39.0 
316 309 32.0 
244 238 57.0 
148 146 48.0 
256 250 34.0 
81 80 33.0 
90 88 40.0 
149 146 30.0 
296 290 31.0 
37 36 37.0 
364 363 33.0 
209 185 36.0 
369 353 39.0 
297 290 45.0 
356 354 31.0 
67 66 50.0 
300 299 43.0 
345 344 44.0 
254 251 47.0 
120 119 36.0 
392 391 33.0 
257 250 55.0 
168 167 38.0 
318 309 34.0 
233 228 55.0 
108 104 50.0 
207 204 55.0 
378 288 42.0 
126 123 36.0 
399 0 49.0 
38 36 49.0 
46 45 40.0 
130 129 40.0 
91 88 52.0 
311 310 33.0 
11 5 42.0 
375 374 37.0 
163 162 46.0 
68 1 58.0 
154 153 31.0 
388 387 51.0 
150 146 43.0 
151 146 32.0 
181 179 30.0 
86 76 59.0 
333 305 46.0 
245 244 43.0 
203 202 30.0 
73 72 43.0 
346 345 48.0 
223 222 52.0 
84 78 32.0 
109 104 39.0 
55 54 57.0 
103 101 39.0 
221 217 31.0 
26 25 30.0 
210 209 40.0 
99 95 38.0 
47 45 55.0 
314 313 34.0 
266 264 39.0 
274 273 50.0 
242 241 38.0 
351 350 50.0 
271 269 48.0 
359 354 36.0 
370 353 45.0 
40 33 33.0 
315 313 32.0 
191 187 53.0 
121 119 58.0 
59 51 32.0 
325 324 46.0 
29 28 37.0 
85 78 42.0 
246 244 51.0 
302 299 33.0 
397 396 54.0 
357 356 58.0 
39 36 35.0 
18 17 59.0 
137 136 37.0 
9 6 58.0 
201 200 54.0 
341 340 42.0 
183 182 49.0 
317 316 55.0 
301 300 47.0 
393 392 35.0 
258 257 44.0 
192 191 46.0 
327 326 46.0 
199 198 49.0 
312 310 45.0 
166 160 37.0 
328 327 39.0 
114 113 50.0 
117 116 33.0 
106 105 35.0 
164 161 40.0 
48 47 33.0 
329 328 47.0 
58 57 36.0 
380 288 52.0 
107 106 32.0 
225 224 55.0 
352 350 42.0 
158 156 52.0 
267 264 39.0 
247 246 39.0 
232 229 32.0 
122 92 57.0 
347 337 55.0 
385 384 43.0 
131 130 44.0 
56 55 47.0 
220 219 59.0 
193 191 52.0 
279 278 57.0 
379 378 48.0 
330 328 33.0 
360 359 36.0 
82 81 44.0 
298 297 55.0 
349 348 38.0 
366 363 43.0 
260 234 42.0 
377 335 54.0 
10 6 38.0 
358 356 36.0 
132 128 34.0 
31 28 59.0 
277 275 32.0 
211 185 38.0 
334 333 40.0 
320 319 54.0 
49 45 41.0 
15 14 37.0 
111 104 41.0 
268 267 52.0 
295 294 41.0 
389 387 32.0 
159 156 53.0 
259 235 51.0 
74 72 36.0 
165 161 55.0 
142 140 41.0 
331 330 45.0 
253 252 55.0 
365 364 59.0 
110 109 37.0 
24 22 42.0 
243 241 48.0 
65 64 36.0 
112 104 47.0 
83 79 36.0 
41 33 43.0 
248 246 38.0 
231 230 57.0 
303 302 51.0 
332 330 42.0 
208 207 32.0 
30 29 45.0 
PROGRAMS ASSIGNED TO NODES (nID pID1 pID2 ...):
0 1 2  
379  
261 2  
7 1  
196 2  
223 2  
312  
387  
172 2  
130 2  
3  
328  
193  
214 1  
260  
205  
307 1  
200 2  
16 1  
364  
344  
354  
150 1  
124 2  
391  
226  
100 1  
182 2  
75  
84  
331 2  
136 1  
206  
351  
139  
134 1  
383  
189  
347 1  
156  
198  
159 1  
174  
378 2  
224  
40  
59  
289  
247  
397  
357 1  
305  
78  
213  
215 2  
356  
393  
195  
288 1  
382 1  
168  
337  
166  
363 1  
13 2  
6  
94  
350 1  
22 2  
355 2  
102  
370 1  
39  
55 2  
341 1  
188 2  
72 2  
197 2  
10  
173 2  
175 1  
281 1  
199 1  
271 2  
133 2  
96 1  
65  
57  
282 1  
74  
165  
87 1  
111 2  
149 2  
153 2  
190  
365 2  
396 2  
296 1  
44 2  
345 2  
31  
15  
34 2  
254  
86  
367  
32 1  
90 1  
71 1  
5 2  
237  
107 1  
292 1  
218  
242  
298  
137  
239 2  
45 2  
58 2  
24  
343  
104 2  
146 2  
313 1  
1  
33 2  
235  
327  
269  
283  
106 2  
144  
310  
2 1  
322  
128  
371 2  
262  
12  
184  
373  
178 2  
152 2  
49  
270  
143  
353  
62 1  
362  
160 1  
268  
253  
99  
265  
212  
186  
326  
263 1  
43  
287  
158 2  
23  
53 2  
113 1  
64 1  
9 2  
54 2  
381 2  
145  
336 2  
258 1  
369 2  
390  
251  
192  
110  
73 2  
20  
280  
308  
185  
19 1  
332 1  
36  
155 2  
180 2  
342  
191 2  
140 2  
162 1  
97 2  
375  
274 2  
167 2  
348  
66  
241 1  
273  
11 1  
179 2  
60 2  
121 1  
51  
243 1  
208 2  
63  
372  
120  
221  
103 2  
291  
358 2  
118  
275 2  
47  
259 2  
374  
244 1  
252  
319  
295 1  
50  
384  
76  
68  
115  
177 2  
316  
131 1  
233 1  
82 2  
386  
25  
79 1  
324 2  
154  
304 1  
294 2  
230 1  
368  
157  
392 2  
398 2  
238  
256  
26  
299 1  
380 2  
236  
346  
52  
286 1  
14  
285  
249  
85  
109  
132  
325  
352  
394  
376 1  
315 1  
360  
91 1  
203  
89  
69 1  
171 2  
395  
105 2  
231  
228 1  
170  
141 2  
219  
176 1  
279 2  
255  
187  
321  
27  
264  
35 1  
202 1  
93  
248  
163  
266  
77  
123  
366  
46 1  
37  
183  
317  
42  
83  
377  
28  
329 2  
340 2  
284  
204 1  
267  
389  
297  
211 2  
303 1  
334  
101  
70  
147 2  
306 1  
311  
18  
142 1  
127  
361 1  
222 1  
300  
126  
201 2  
276  
330  
108 1  
17 2  
388  
4  
95 1  
245 2  
92 1  
30  
318 1  
21  
112 1  
116  
114  
8  
246 2  
217  
333  
399  
349 2  
250 1  
125 2  
135  
320  
56 2  
338 1  
293  
29  
161  
122  
210  
257 2  
119  
67  
277 1  
278 1  
81 2  
234 1  
209  
80 2  
38  
323  
227  
194 2  
207  
164  
88  
339  
181  
301 2  
138 1  
385 2  
98 1  
48  
240  
290  
302 2  
169  
309  
117 1  
129 1  
148  
151  
220  
216 1  
232  
335  
314 2  
61  
41 1  
272  
359 2  
225  
229 2  
SIZE OF PROGRAMS (pID SIZE):
1 64.0 
2 62.0 
COST_INSTALL_SERVER_AND_PROGRAMS :
0 1393.75 2.0 1.9375  
379 58.0 3.0 2.90625  
261 2.3581250000000007 3.0 2.90625  
7 4.62358371741442 2.0 1.9375  
196 7.593107837340693 2.0 1.9375  
223 3.2265213952713965 3.0 2.90625  
312 59.0 2.0 1.9375  
387 31.0 2.0 1.9375  
172 1.0220947802197802 3.0 2.90625  
130 10.476180555555555 3.0 2.90625  
3 0.38087476547842414 2.0 1.9375  
328 6.445320689478297 3.0 2.90625  
193 18.0 3.0 2.90625  
214 4.937875457875458 3.0 2.90625  
260 57.0 3.0 2.90625  
205 76.0 2.0 1.9375  
307 1.2540032221248023 3.0 2.90625  
200 5.499393292018235 3.0 2.90625  
16 0.783999765478424 3.0 2.90625  
364 0.9473054486981154 3.0 2.90625  
344 0.861430606604373 3.0 2.90625  
354 1.2746666338247346 2.0 1.9375  
150 3.7611061326894 3.0 2.90625  
124 2.6564573104200764 3.0 2.90625  
391 0.03449175824175832 3.0 2.90625  
226 2.1559027777777775 3.0 2.90625  
100 11.264902482269504 2.0 1.9375  
182 3.887048513502002 2.0 1.9375  
75 1.483993794326241 3.0 2.90625  
84 94.0 3.0 2.90625  
331 6.926506786770761 2.0 1.9375  
136 3.056969696969697 2.0 1.9375  
206 88.0 2.0 1.9375  
351 21.0 2.0 1.9375  
139 3.756299019607843 2.0 1.9375  
134 2.041150487930149 3.0 2.90625  
383 32.0 3.0 2.90625  
189 17.0 2.0 1.9375  
347 0.760127781597476 2.0 1.9375  
156 2.6874505591925804 3.0 2.90625  
198 1.1933025921525537 2.0 1.9375  
159 2.3928316297645877 2.0 1.9375  
174 0.7969370312227455 2.0 1.9375  
378 0.1952144746787604 2.0 1.9375  
224 76.0 2.0 1.9375  
40 63.0 2.0 1.9375  
59 13.0 3.0 2.90625  
289 0.3648112968591692 2.0 1.9375  
247 87.0 2.0 1.9375  
397 52.0 3.0 2.90625  
357 5.185476955545311 3.0 2.90625  
305 3.411489167739168 2.0 1.9375  
78 4.509932033096927 2.0 1.9375  
213 62.0 2.0 1.9375  
215 6.109206989247311 2.0 1.9375  
356 11.379198224914362 3.0 2.90625  
393 11.0 3.0 2.90625  
195 11.187448392003473 2.0 1.9375  
288 79.0 3.0 2.90625  
382 1.5883040935672512 2.0 1.9375  
168 101.0 2.0 1.9375  
337 9.716815067123264 2.0 1.9375  
166 71.0 2.0 1.9375  
363 11.832357328249522 3.0 2.90625  
13 2.434357093960753 3.0 2.90625  
6 1.146525171982489 2.0 1.9375  
94 5.987952127659574 2.0 1.9375  
350 3.655526047873625 2.0 1.9375  
22 3.1941821525358116 2.0 1.9375  
355 4.608756035794237 2.0 1.9375  
102 91.0 3.0 2.90625  
370 3.7275053301525745 2.0 1.9375  
39 60.0 3.0 2.90625  
55 0.5621086076678182 3.0 2.90625  
341 5.487981696799861 2.0 1.9375  
188 0.8875569529202381 3.0 2.90625  
72 0.3622537878787879 3.0 2.90625  
197 9.109774504007358 2.0 1.9375  
10 85.0 2.0 1.9375  
173 0.7029355267748123 3.0 2.90625  
175 0.8154555497412641 3.0 2.90625  
281 0.35994832041343666 3.0 2.90625  
199 7.943489022303078 2.0 1.9375  
271 0.5560363247863249 2.0 1.9375  
133 3.4974810606060607 3.0 2.90625  
96 16.574069148936168 2.0 1.9375  
65 74.0 2.0 1.9375  
57 0.4995647480186953 3.0 2.90625  
282 2.0891016871865022 3.0 2.90625  
74 28.0 3.0 2.90625  
165 78.0 3.0 2.90625  
87 0.4339479905437352 2.0 1.9375  
111 0.7175423005489855 2.0 1.9375  
149 0.7666175478288482 2.0 1.9375  
153 3.1201583250561007 3.0 2.90625  
190 37.0 3.0 2.90625  
365 6.895591166764962 2.0 1.9375  
396 0.13944727891156466 2.0 1.9375  
296 3.630515534513965 2.0 1.9375  
44 0.21393797724071462 3.0 2.90625  
345 6.014038185080784 3.0 2.90625  
31 97.0 3.0 2.90625  
15 99.0 2.0 1.9375  
34 0.29263770156389274 3.0 2.90625  
254 58.0 3.0 2.90625  
86 39.0 2.0 1.9375  
367 17.0 2.0 1.9375  
32 1.061009328987299 3.0 2.90625  
90 3.716629119732999 3.0 2.90625  
71 0.4561931818181819 3.0 2.90625  
5 0.8392080988117574 2.0 1.9375  
237 12.823656627275048 2.0 1.9375  
107 1.0096706304769014 3.0 2.90625  
292 4.3454900676209265 2.0 1.9375  
218 84.0 3.0 2.90625  
242 65.0 2.0 1.9375  
298 108.0 2.0 1.9375  
137 94.0 2.0 1.9375  
239 0.9880719770771947 3.0 2.90625  
45 2.095077824133504 3.0 2.90625  
58 0.7686619702409176 2.0 1.9375  
24 98.0 3.0 2.90625  
343 41.0 2.0 1.9375  
104 4.134169232922732 3.0 2.90625  
146 7.215020987139795 3.0 2.90625  
313 16.25683551376763 3.0 2.90625  
1 70.0 2.0 1.9375  
33 0.4985670731707316 2.0 1.9375  
235 0.9047232328482328 3.0 2.90625  
327 5.898445689478299 2.0 1.9375  
269 0.3299946581196582 3.0 2.90625  
283 58.0 3.0 2.90625  
106 13.730341078760734 2.0 1.9375  
144 1.427879901960784 3.0 2.90625  
310 23.0 3.0 2.90625  
2 92.0 3.0 2.90625  
322 56.0 2.0 1.9375  
128 3.703194444444445 2.0 1.9375  
371 0.9430876864563136 2.0 1.9375  
262 16.0 2.0 1.9375  
12 3.7106648686679167 3.0 2.90625  
184 7.692467948717948 2.0 1.9375  
373 33.0 2.0 1.9375  
178 0.5186747522503338 2.0 1.9375  
152 0.3133597208426835 3.0 2.90625  
49 52.0 2.0 1.9375  
270 24.0 3.0 2.90625  
143 0.08245192307692309 3.0 2.90625  
353 3.233588307977359 3.0 2.90625  
62 0.0819981325863679 3.0 2.90625  
362 6.615555413240516 2.0 1.9375  
160 1.1240093240093239 3.0 2.90625  
268 86.0 3.0 2.90625  
253 28.0 3.0 2.90625  
99 17.0 2.0 1.9375  
265 69.0 2.0 1.9375  
212 0.6096459096459097 3.0 2.90625  
186 4.322237089099004 2.0 1.9375  
326 6.826336604461604 3.0 2.90625  
263 2.9566433566433563 2.0 1.9375  
43 46.0 3.0 2.90625  
287 0.08263888888888848 2.0 1.9375  
158 1.75030346426623 3.0 2.90625  
23 57.0 2.0 1.9375  
53 0.5584208800941671 2.0 1.9375  
113 0.6044055068836045 2.0 1.9375  
64 61.0 3.0 2.90625  
9 0.6710597315885375 2.0 1.9375  
54 0.45333667784325676 3.0 2.90625  
381 1.3122441520467834 2.0 1.9375  
145 3.494338235294117 2.0 1.9375  
336 7.301815067123266 2.0 1.9375  
258 0.9977434072170915 3.0 2.90625  
369 0.6230333792941324 2.0 1.9375  
390 69.0 2.0 1.9375  
251 87.0 2.0 1.9375  
192 17.0 3.0 2.90625  
110 79.0 2.0 1.9375  
73 0.5064398343904157 3.0 2.90625  
20 0.24040602013162993 2.0 1.9375  
280 0.9596899224806199 3.0 2.90625  
308 1.5945437626653434 3.0 2.90625  
185 5.273340395480225 2.0 1.9375  
19 0.6470593124024774 2.0 1.9375  
332 1.2018158117537 2.0 1.9375  
36 25.0 2.0 1.9375  
155 2.2429801407742582 2.0 1.9375  
180 0.6606145670651487 3.0 2.90625  
342 4.904379094171692 2.0 1.9375  
191 0.9963283392329978 2.0 1.9375  
140 1.1349233416770965 2.0 1.9375  
162 2.985827505827506 3.0 2.90625  
97 7.545060790273556 2.0 1.9375  
375 80.0 2.0 1.9375  
274 2.0485833333333336 3.0 2.90625  
167 0.884808797524315 3.0 2.90625  
348 3.2360344995770975 3.0 2.90625  
66 66.0 3.0 2.90625  
241 1.1481805607779774 2.0 1.9375  
273 1.3045833333333334 3.0 2.90625  
11 0.4786453835234323 3.0 2.90625  
179 0.5366145670651484 3.0 2.90625  
60 70.0 3.0 2.90625  
121 0.7635905774277014 3.0 2.90625  
51 0.15081474801869543 3.0 2.90625  
243 1.1815138941113106 3.0 2.90625  
208 0.9525925399710872 3.0 2.90625  
63 40.0 3.0 2.90625  
372 53.0 3.0 2.90625  
120 79.0 2.0 1.9375  
221 40.0 3.0 2.90625  
103 5.5021224962980275 3.0 2.90625  
291 3.0654900676209262 2.0 1.9375  
358 0.9994391372788378 2.0 1.9375  
118 0.48027277686852154 3.0 2.90625  
275 4.897083333333333 2.0 1.9375  
47 13.0 3.0 2.90625  
259 0.5667499007572537 3.0 2.90625  
374 39.0 2.0 1.9375  
244 8.294302793038048 3.0 2.90625  
252 50.0 3.0 2.90625  
319 17.0 3.0 2.90625  
295 3.4395023340593807 3.0 2.90625  
50 0.0801221804511278 2.0 1.9375  
384 0.6394708726945569 3.0 2.90625  
76 0.6105452127659575 3.0 2.90625  
68 15.0 2.0 1.9375  
115 0.4583924349881797 3.0 2.90625  
177 0.7610576923076924 2.0 1.9375  
316 85.0 3.0 2.90625  
131 5.037171717171716 3.0 2.90625  
233 4.616057795632264 2.0 1.9375  
82 5.758972407215735 3.0 2.90625  
386 102.0 3.0 2.90625  
25 90.0 2.0 1.9375  
79 9.616398655687782 2.0 1.9375  
324 0.8962800845678999 2.0 1.9375  
154 61.0 3.0 2.90625  
304 1.8948225010725013 2.0 1.9375  
294 7.805775498142518 2.0 1.9375  
230 5.755713815288282 2.0 1.9375  
368 31.0 3.0 2.90625  
157 43.0 3.0 2.90625  
392 0.2905024142524143 2.0 1.9375  
398 0.008127834467120199 3.0 2.90625  
238 12.979798868654358 3.0 2.90625  
256 49.0 3.0 2.90625  
26 92.0 3.0 2.90625  
299 4.728886609253631 2.0 1.9375  
380 0.41970717774289207 3.0 2.90625  
236 1.32265086442718 2.0 1.9375  
346 64.0 3.0 2.90625  
52 2.0673884881121727 3.0 2.90625  
286 0.5175141242937851 2.0 1.9375  
14 62.0 3.0 2.90625  
285 38.0 2.0 1.9375  
249 36.0 2.0 1.9375  
85 83.0 2.0 1.9375  
109 83.0 2.0 1.9375  
132 57.0 3.0 2.90625  
325 49.0 3.0 2.90625  
352 103.0 3.0 2.90625  
394 0.5654336734693878 2.0 1.9375  
376 3.5987002987060333 2.0 1.9375  
315 1.2770574253427829 3.0 2.90625  
360 54.0 3.0 2.90625  
91 4.095090658194538 2.0 1.9375  
203 11.0 3.0 2.90625  
89 73.0 2.0 1.9375  
69 0.9260416666666665 3.0 2.90625  
171 3.88220238095238 2.0 1.9375  
395 82.0 3.0 2.90625  
105 10.97034107876073 2.0 1.9375  
231 31.0 3.0 2.90625  
228 1.2855530551009275 2.0 1.9375  
170 0.44187499999999996 3.0 2.90625  
141 4.304572210226151 2.0 1.9375  
219 93.0 2.0 1.9375  
176 1.1447916666666669 3.0 2.90625  
279 1.4612149122807019 3.0 2.90625  
255 78.0 3.0 2.90625  
187 0.8793472071575263 2.0 1.9375  
321 101.0 3.0 2.90625  
27 73.0 2.0 1.9375  
264 59.0 2.0 1.9375  
35 0.3635852457046738 2.0 1.9375  
202 6.193541043111402 2.0 1.9375  
93 3.9973271276595748 3.0 2.90625  
248 24.0 2.0 1.9375  
163 86.0 3.0 2.90625  
266 60.0 3.0 2.90625  
77 72.0 2.0 1.9375  
123 1.9410726950354606 3.0 2.90625  
366 38.0 2.0 1.9375  
46 1.792825967357418 3.0 2.90625  
37 30.0 2.0 1.9375  
183 92.0 2.0 1.9375  
317 46.0 2.0 1.9375  
42 0.20009869152642895 2.0 1.9375  
83 80.0 3.0 2.90625  
377 15.0 3.0 2.90625  
28 104.0 2.0 1.9375  
329 5.1828067545334955 3.0 2.90625  
340 5.650098975137304 3.0 2.90625  
284 106.0 2.0 1.9375  
204 1.5099479624632364 2.0 1.9375  
267 16.0 3.0 2.90625  
389 103.0 3.0 2.90625  
297 56.0 3.0 2.90625  
211 3.9905226928141735 3.0 2.90625  
303 0.6327305662002605 2.0 1.9375  
334 46.0 3.0 2.90625  
101 4.548276342451875 3.0 2.90625  
70 0.5702083333333335 3.0 2.90625  
147 0.5823066503929507 3.0 2.90625  
306 8.87688807504984 2.0 1.9375  
311 51.0 2.0 1.9375  
18 81.0 2.0 1.9375  
142 3.795399359536237 3.0 2.90625  
127 3.8684722222222225 2.0 1.9375  
361 9.162338929498404 2.0 1.9375  
222 0.8505463286713287 3.0 2.90625  
300 2.1049282031301715 3.0 2.90625  
126 27.0 2.0 1.9375  
201 6.188282180907124 3.0 2.90625  
276 57.0 3.0 2.90625  
330 15.839907408657407 2.0 1.9375  
108 0.6125912653975366 3.0 2.90625  
17 0.5489355571151144 3.0 2.90625  
388 80.0 3.0 2.90625  
4 1.8084434281842818 3.0 2.90625  
95 11.84469414893617 3.0 2.90625  
245 1.0860299534133842 3.0 2.90625  
92 4.77219414893617 3.0 2.90625  
30 82.0 2.0 1.9375  
318 7.356973708066925 2.0 1.9375  
21 0.35522083494644474 2.0 1.9375  
112 3.7245688689809624 3.0 2.90625  
116 0.5791471519693119 3.0 2.90625  
114 27.0 3.0 2.90625  
8 24.0 2.0 1.9375  
246 1.1602875343527366 2.0 1.9375  
217 68.0 2.0 1.9375  
333 39.0 2.0 1.9375  
399 104.0 2.0 1.9375  
349 4.79623186799815 2.0 1.9375  
250 7.131487079184448 2.0 1.9375  
125 3.348989361702128 2.0 1.9375  
135 102.0 3.0 2.90625  
320 72.0 2.0 1.9375  
56 4.164141007709036 3.0 2.90625  
338 4.587113173289829 2.0 1.9375  
293 16.0 2.0 1.9375  
29 88.0 3.0 2.90625  
161 2.8876456876456875 2.0 1.9375  
122 53.0 3.0 2.90625  
210 53.0 3.0 2.90625  
257 14.373610007228429 2.0 1.9375  
119 3.919474499048967 3.0 2.90625  
67 41.0 3.0 2.90625  
277 0.4244444444444444 3.0 2.90625  
278 1.1867916666666665 3.0 2.90625  
81 4.913517861761191 3.0 2.90625  
234 4.325400641025641 3.0 2.90625  
209 45.0 3.0 2.90625  
80 0.6310408557480772 3.0 2.90625  
38 44.0 2.0 1.9375  
323 0.6318375170003322 3.0 2.90625  
227 1.0174679487179485 2.0 1.9375  
194 0.8351876629979821 2.0 1.9375  
207 0.8557175399710876 2.0 1.9375  
164 20.0 2.0 1.9375  
88 2.7566291197329997 3.0 2.90625  
339 38.0 3.0 2.90625  
181 79.0 3.0 2.90625  
301 3.477667564832299 2.0 1.9375  
138 0.6418382352941177 2.0 1.9375  
385 2.0858371517643244 2.0 1.9375  
98 5.406631666206135 3.0 2.90625  
48 32.0 3.0 2.90625  
240 36.0 2.0 1.9375  
290 6.01688660925363 2.0 1.9375  
302 3.474269407601855 3.0 2.90625  
169 0.9479166666666667 2.0 1.9375  
309 8.001689638216487 3.0 2.90625  
117 0.7730865459087056 3.0 2.90625  
129 8.061180555555556 3.0 2.90625  
148 70.0 3.0 2.90625  
151 83.0 2.0 1.9375  
220 70.0 3.0 2.90625  
216 5.149918468628146 2.0 1.9375  
232 61.0 3.0 2.90625  
335 3.056524628732076 2.0 1.9375  
314 1.2257523219772917 3.0 2.90625  
61 0.3390476190476189 2.0 1.9375  
41 0.4020776274207924 2.0 1.9375  
272 68.0 3.0 2.90625  
359 0.7994391372788379 2.0 1.9375  
225 31.0 2.0 1.9375  
229 11.868406755773776 2.0 1.9375  
