500 5
TREE NETWORK (nID nID Weight):
1 0 52.0 
162 0 56.0 
2 1 42.0 
3 2 45.0 
131 2 43.0 
4 3 31.0 
237 0 30.0 
18 3 57.0 
147 1 54.0 
366 0 48.0 
163 162 54.0 
63 3 48.0 
367 366 39.0 
238 237 43.0 
368 367 46.0 
390 367 49.0 
92 3 47.0 
268 237 53.0 
272 237 35.0 
93 92 42.0 
19 18 44.0 
5 4 56.0 
8 4 58.0 
164 163 50.0 
392 367 46.0 
410 367 41.0 
430 366 46.0 
165 164 53.0 
113 3 49.0 
336 237 47.0 
166 165 56.0 
435 366 58.0 
104 92 38.0 
216 162 46.0 
487 0 51.0 
369 368 55.0 
221 162 58.0 
64 63 34.0 
65 64 57.0 
273 272 35.0 
181 165 40.0 
239 238 48.0 
411 410 33.0 
274 272 31.0 
436 435 45.0 
490 0 32.0 
414 367 40.0 
306 272 48.0 
167 166 59.0 
349 237 56.0 
380 368 55.0 
24 18 37.0 
415 414 31.0 
438 435 39.0 
307 306 41.0 
491 490 31.0 
114 113 51.0 
484 366 56.0 
498 490 48.0 
197 164 33.0 
275 274 40.0 
350 349 35.0 
20 19 35.0 
451 435 32.0 
25 24 40.0 
168 167 32.0 
439 438 43.0 
115 114 36.0 
69 64 42.0 
132 131 42.0 
43 18 50.0 
240 239 45.0 
241 240 40.0 
351 350 37.0 
440 439 57.0 
72 63 46.0 
452 451 56.0 
191 165 50.0 
248 238 32.0 
9 8 39.0 
222 162 33.0 
123 3 38.0 
318 306 32.0 
11 8 41.0 
217 216 46.0 
319 318 36.0 
431 430 30.0 
126 3 36.0 
211 164 49.0 
337 336 47.0 
44 43 43.0 
198 197 50.0 
443 439 56.0 
453 452 44.0 
201 197 39.0 
338 337 40.0 
208 197 34.0 
169 168 42.0 
202 201 40.0 
458 451 42.0 
127 126 36.0 
51 18 59.0 
148 147 48.0 
10 9 56.0 
280 274 47.0 
45 44 36.0 
485 484 40.0 
228 162 44.0 
203 202 49.0 
454 453 54.0 
73 72 33.0 
249 248 31.0 
339 338 43.0 
286 274 35.0 
21 20 36.0 
124 123 34.0 
172 168 44.0 
173 172 41.0 
331 272 53.0 
445 438 42.0 
243 239 41.0 
26 25 35.0 
308 307 49.0 
206 201 58.0 
250 249 54.0 
446 445 55.0 
46 44 44.0 
269 268 37.0 
315 307 49.0 
52 51 54.0 
27 26 59.0 
125 123 56.0 
459 458 49.0 
393 392 59.0 
182 181 48.0 
287 286 31.0 
462 458 47.0 
362 349 48.0 
74 73 36.0 
340 339 43.0 
396 392 57.0 
128 127 50.0 
236 162 40.0 
39 24 32.0 
422 367 41.0 
251 249 50.0 
199 198 58.0 
463 462 33.0 
219 216 47.0 
354 350 56.0 
420 414 43.0 
252 251 32.0 
370 369 33.0 
322 318 47.0 
464 463 37.0 
397 396 57.0 
77 63 42.0 
270 268 49.0 
94 93 53.0 
391 390 53.0 
320 319 50.0 
255 249 46.0 
40 39 36.0 
186 181 35.0 
400 396 46.0 
183 182 31.0 
149 147 42.0 
12 11 40.0 
117 114 37.0 
324 318 48.0 
13 11 55.0 
316 315 44.0 
371 369 53.0 
66 65 44.0 
276 275 43.0 
470 458 47.0 
423 422 32.0 
256 255 32.0 
492 491 55.0 
288 287 53.0 
330 306 50.0 
293 287 50.0 
96 93 47.0 
373 369 44.0 
281 280 33.0 
284 280 56.0 
471 458 39.0 
260 255 39.0 
363 362 45.0 
432 431 36.0 
97 96 47.0 
133 132 43.0 
493 491 45.0 
80 63 39.0 
81 80 31.0 
472 471 35.0 
247 239 50.0 
325 324 47.0 
289 288 57.0 
151 1 51.0 
277 276 49.0 
261 260 46.0 
278 277 59.0 
67 66 59.0 
223 222 50.0 
257 256 57.0 
342 338 41.0 
309 308 58.0 
381 380 35.0 
41 40 39.0 
262 260 43.0 
310 308 31.0 
372 371 36.0 
460 459 57.0 
47 46 59.0 
185 182 48.0 
294 293 56.0 
499 490 39.0 
78 77 56.0 
170 169 51.0 
398 397 46.0 
116 115 58.0 
145 2 56.0 
242 241 42.0 
212 211 58.0 
152 151 36.0 
465 463 33.0 
146 145 55.0 
105 92 32.0 
365 349 41.0 
433 432 44.0 
416 415 36.0 
82 81 38.0 
297 286 51.0 
444 443 56.0 
378 369 59.0 
6 5 41.0 
139 131 41.0 
364 362 48.0 
15 11 57.0 
140 131 52.0 
196 165 48.0 
323 322 38.0 
258 257 52.0 
279 277 34.0 
312 308 43.0 
85 80 56.0 
480 435 49.0 
271 270 56.0 
176 168 32.0 
215 163 32.0 
424 423 49.0 
321 320 56.0 
382 381 45.0 
417 416 30.0 
264 249 31.0 
87 80 31.0 
187 186 44.0 
300 286 37.0 
290 288 40.0 
192 191 43.0 
497 491 43.0 
108 92 49.0 
461 459 59.0 
88 87 56.0 
76 72 56.0 
412 411 42.0 
98 97 41.0 
413 410 47.0 
119 113 36.0 
355 354 39.0 
210 197 50.0 
467 463 38.0 
158 1 32.0 
291 290 48.0 
298 297 51.0 
356 355 30.0 
17 4 39.0 
225 222 30.0 
28 26 44.0 
207 206 44.0 
379 378 30.0 
468 462 49.0 
292 291 30.0 
224 223 57.0 
184 183 31.0 
332 331 58.0 
488 487 49.0 
59 18 35.0 
476 471 53.0 
89 87 53.0 
473 472 47.0 
483 435 49.0 
180 168 46.0 
120 119 30.0 
220 219 57.0 
347 338 56.0 
141 140 59.0 
425 423 43.0 
14 13 59.0 
244 243 57.0 
91 80 57.0 
301 300 46.0 
455 454 38.0 
360 350 50.0 
409 392 40.0 
357 356 58.0 
361 360 47.0 
29 26 30.0 
359 355 31.0 
22 21 37.0 
53 52 33.0 
153 152 49.0 
494 493 30.0 
466 465 44.0 
474 472 59.0 
156 151 59.0 
42 39 43.0 
134 133 41.0 
327 318 38.0 
335 272 30.0 
475 474 38.0 
136 132 31.0 
177 176 41.0 
174 172 35.0 
313 308 50.0 
178 177 34.0 
130 126 50.0 
75 73 38.0 
83 82 45.0 
150 147 39.0 
54 53 42.0 
489 488 43.0 
229 228 58.0 
401 400 51.0 
16 8 59.0 
245 244 40.0 
179 177 47.0 
103 93 43.0 
231 228 52.0 
302 301 35.0 
200 198 31.0 
84 82 55.0 
90 89 55.0 
399 398 31.0 
121 113 34.0 
402 401 56.0 
311 310 51.0 
403 402 57.0 
122 113 47.0 
233 228 55.0 
348 338 55.0 
304 300 51.0 
383 382 30.0 
61 18 50.0 
109 92 51.0 
343 342 35.0 
188 186 41.0 
55 54 56.0 
159 158 34.0 
374 373 44.0 
56 53 56.0 
142 140 37.0 
447 446 47.0 
235 228 56.0 
144 131 41.0 
253 252 38.0 
385 380 39.0 
49 46 31.0 
328 327 49.0 
204 202 41.0 
137 136 33.0 
50 44 54.0 
234 233 34.0 
106 105 36.0 
57 56 57.0 
426 425 42.0 
428 422 41.0 
341 339 35.0 
344 342 45.0 
60 59 54.0 
232 231 37.0 
448 447 53.0 
30 29 32.0 
406 400 32.0 
129 127 47.0 
345 342 38.0 
387 380 36.0 
175 174 42.0 
213 211 54.0 
418 416 40.0 
377 373 35.0 
388 387 42.0 
333 332 47.0 
427 426 33.0 
282 281 37.0 
33 26 50.0 
495 494 49.0 
209 208 44.0 
263 260 36.0 
434 430 59.0 
407 406 34.0 
486 366 52.0 
95 94 41.0 
299 297 38.0 
334 331 38.0 
384 381 38.0 
441 440 35.0 
110 109 44.0 
135 134 38.0 
79 78 33.0 
171 169 47.0 
375 374 44.0 
326 324 34.0 
23 20 52.0 
99 97 55.0 
246 245 46.0 
193 192 44.0 
189 181 30.0 
101 97 44.0 
70 64 48.0 
479 458 31.0 
456 453 42.0 
138 132 44.0 
481 480 58.0 
303 301 37.0 
352 351 37.0 
194 193 39.0 
496 493 57.0 
155 152 42.0 
457 456 38.0 
408 406 50.0 
205 204 34.0 
314 308 47.0 
38 26 51.0 
394 393 46.0 
100 99 54.0 
254 251 33.0 
395 393 36.0 
442 441 52.0 
230 229 52.0 
154 153 47.0 
157 156 41.0 
477 471 38.0 
346 342 47.0 
469 462 48.0 
267 238 42.0 
285 280 30.0 
437 436 33.0 
259 256 34.0 
429 428 50.0 
160 1 36.0 
305 304 54.0 
482 481 53.0 
376 375 53.0 
421 420 49.0 
404 403 42.0 
58 52 34.0 
143 140 54.0 
86 85 49.0 
389 388 34.0 
226 225 36.0 
161 1 35.0 
317 316 44.0 
34 33 50.0 
386 385 47.0 
449 445 59.0 
35 34 33.0 
111 110 30.0 
353 351 44.0 
36 35 35.0 
265 249 46.0 
68 66 35.0 
419 415 39.0 
7 6 37.0 
266 248 53.0 
31 30 42.0 
358 357 47.0 
295 287 59.0 
102 97 58.0 
112 92 39.0 
478 477 52.0 
37 34 52.0 
107 105 45.0 
227 222 56.0 
118 117 36.0 
329 328 58.0 
62 18 53.0 
450 438 52.0 
32 30 56.0 
283 282 43.0 
71 70 46.0 
405 401 55.0 
48 47 37.0 
195 192 50.0 
214 211 39.0 
296 287 34.0 
218 217 57.0 
190 189 58.0 
PROGRAMS ASSIGNED TO NODES (nID pID1 pID2 ...):
0 1 2 3 4 5  
249 4 5  
276 5  
328 2 3 5  
371 3 5  
262 1 2 4  
478 1  
390  
284  
226 3  
248 1 4 5  
354 1 4  
65 1 2 4 5  
2  
33 1 4  
295 4  
59  
496 1 2 4 5  
260 5  
32 1 4 5  
167 2 3 4 5  
356  
273 1 2 3 5  
332 2 3 4 5  
84 1 2 3 5  
187 2 3 4 5  
17 5  
80 1 2 3 4  
14 2 5  
204 1  
360  
89 1 2 4  
449 3 4  
311 2  
236  
287 1  
12 2  
191  
205 5  
463 1 2 5  
142 2 3 4 5  
243 5  
222 4  
347 1 2 5  
453 1 2 3 4  
74 1  
363 1 3 4 5  
299  
494 1 4 5  
372 1 2 3 4  
22 1  
88  
476 1 5  
448 1 2 5  
15 2 4  
381 1 2 4  
445 1  
440  
399 1 3  
26 1 2 3 4  
282 2 3 4  
228  
6 2 3 4 5  
425 4  
431  
461 1 4 5  
200 2 3 4 5  
302 1 2 3 5  
219  
278 2 3 4  
194 1 2 3 4  
259  
261  
341 1 2 3  
166 2  
383 1  
443  
470 1 5  
348 3 5  
30 2 3 4 5  
420 1 3 4 5  
90 1 2  
424 3  
479 2 3  
312 1 2 5  
44 3 4 5  
257  
82  
145  
53 1 3 4  
7 2 3 4 5  
171 1 3 5  
409 1 3 5  
265 1 3 4  
220 1 4 5  
255  
454 2 5  
366 2 3 4 5  
55 1  
217 1 3 5  
43 1 4  
268 2 3 4  
92 1 4  
105 3  
487 3  
415 2 3 4 5  
104 4  
434 1 5  
91 2  
175 2 3 4 5  
334 1 3  
395  
240 1  
4 1 3 4 5  
493 1  
329 1 2 4 5  
382 2 3 5  
81 3 4  
245 1 3 4 5  
437 1 4  
447 1 3 5  
418 1 3  
417 2 4  
160 4  
495  
459 2 5  
19 2 3 4 5  
324 1 2 3 5  
357  
426 1 3 4 5  
343 4 5  
210 1 3  
192 1 3 4 5  
279 2 3 4  
149 4 5  
293 5  
439 1 4 5  
230 1 4  
97 1 3 4 5  
370 1 3 4 5  
384 2  
307 1 2  
351 5  
306  
27  
208 1 3 4 5  
227 1 4 5  
451 1  
231  
35 2 3  
125 2 3 4 5  
398 1 3  
158 2  
466 2 3  
138 1 2 5  
252 2 3 5  
375 4  
410 1 4 5  
209 4  
464  
346 1 2  
467 1 2  
422 3 5  
388  
411 3  
442 2 5  
369 1 3 5  
185 2 4  
254 4  
162 1 3  
482 1 4  
298 5  
345 2 5  
197 2 5  
303 5  
67 3 4 5  
119 1 5  
173 3 4 5  
38  
140  
147  
110  
179 1 3  
317 2 3 5  
337 4  
183 1 3 4 5  
485  
315 2 5  
301 5  
362 1 4 5  
62  
333 2  
320 2 5  
358 1 2 3 4  
202 1 3 4 5  
178 4  
106 1 2 4 5  
406 4  
47 4  
380 2 3 4 5  
468 2  
151  
475 1 4 5  
305 4  
87  
465 3  
146 1 3 5  
201 1 2  
168 3  
253  
79  
75 1 2  
246 2 4  
339 3  
56  
68 3  
155 2 3 5  
297 4  
401 1 2 4  
71 1 3 5  
435 2 3  
25 1 2 4 5  
430 1 3 4 5  
36 1 4 5  
66 2 4 5  
391 2 3 4 5  
134 2 5  
386 1 2 3 5  
184 1 2 3 4  
368 1 2 3 4  
133 1 2 3 5  
211  
212 1 2 3 4  
392 2 5  
310 1  
480 3  
122  
176 1 4  
458 1  
428 1 2 3 4  
280 3 4  
241 2  
397  
34  
186 3 5  
477 1 2 3 5  
309 1 3 5  
141 2 3 4  
258 2 4  
221 1 2 3 5  
238 2 3 4 5  
498 5  
95 3  
244 3  
488 1 4  
400 1 2 3 4  
423  
132 3 5  
274  
321  
389 2 3 5  
188 3 5  
294 3  
338 3  
137 2 4 5  
355 2 3 5  
438 1 2 3 5  
46  
156 5  
153 1 2 3 4  
16  
322 1 2 3  
460 2  
290 1 2 3 4  
42 4  
1 1  
207  
13 4 5  
85  
182 1 2 3 5  
353 1 2 5  
83 1 5  
121 1 2 4 5  
199 1 2 3 5  
50 1  
124  
99 4  
379 1 2 3 5  
111 2 3 4  
492 2  
232 1 3 4 5  
450 1 2 3  
128 1 2  
108 1 2 3 5  
215 3 4  
139  
296 1 3 4  
20 5  
10 1 3 4 5  
93  
436 3 4  
218  
129 1 3 5  
54 3  
491  
120 4  
286 2 3 4 5  
361 1 3 5  
256 5  
374 2 4  
441 2 5  
233 1  
195 2 3 5  
387 1 2 3  
116 4  
45 3 5  
350 1 5  
181 3 5  
270 1 3  
497 1  
161 2 3  
433 3 4  
342 2 5  
403 2  
11 3 5  
39 1 4 5  
393 1 5  
170 1 3 4 5  
196 2  
70 1 2 3 5  
96 4 5  
313 1 3 4 5  
229 5  
223 3 5  
103 2 3 4  
40 1 2  
319 1 2  
455 1 5  
469 1 2 3  
224 2 5  
102  
174  
214 1 4 5  
235 4  
206 3 5  
48 1 3 4 5  
421 1  
486  
143 1 2 4 5  
281  
266 2 3 5  
118  
432 3  
9 1 2 3 4  
275 1 2 3 4  
150 1  
402 1 2  
414 5  
37 1 2  
277 2  
289 1 4  
457  
365 3 4  
288 1 4 5  
364 3 4 5  
269 2 3 4  
164  
114 1 3 4  
72 4  
327 1 2 4 5  
483 3 4 5  
29 4  
336 2 3  
283 2 3 4 5  
123 2 3 4 5  
323 3 5  
471  
446 3 5  
250  
472 5  
237 1 3 4  
24 1  
272 2 5  
291 1 3 4  
394 1 2 3 4  
130 2  
300 1 2 3 4  
148 2 5  
490  
86 1 2 3 4  
157 1 3 5  
41  
462 1 2 4 5  
107 3 5  
378 1 4 5  
427  
340 2 3 4 5  
127  
407 2  
126 3  
484 1 2 3 5  
213 1 2 4 5  
419 1 2 3  
330 1 3 4 5  
251 4  
264 1 4 5  
344 3 4  
60  
131 1 2 3 4  
61 4  
57 2 3 4  
8  
318  
112 1 2 3 4  
444 1 2 3 4  
52 2 3 4 5  
481 1 2 3 5  
308 1 2 3 5  
225 1 3 4 5  
165 1 2 4 5  
172 2  
242 1  
234 1 2  
335 2 3 4 5  
5 1 3 5  
159 1 2 3 4  
169 2 3 4 5  
198 1 5  
152 2 3 4 5  
271  
135 1 2 4 5  
21 1  
163 1 3 4 5  
189 1 2 3 4  
325 1 2 5  
239 4 5  
144 1 3  
136 1 2 3  
404 3 4 5  
429 3 4 5  
396 2 3 4 5  
154 3  
73 1 4  
267 4  
247 1 2 3 5  
304 2 4  
331  
203  
314 1 2 4  
316 1 2 3 4  
376  
292 3  
263 4  
373 1 4  
177 4  
58 1 3 4 5  
76 1 4  
31 1 2 3 5  
113 1 2 3 4  
100 1 2 5  
359 5  
28  
51 5  
326  
349 2 4  
473 3 4 5  
94 3 5  
190  
77 3 4 5  
109 3 4  
64 3  
452  
412 1 2 5  
23  
456 2 3 4  
117 1 2  
285 1 3 5  
98 3 4  
408 2 4  
377 3  
180  
416 2 3  
78 2 3 5  
367 2 3 4  
216 3  
193 4  
385 1 3 4  
3 1 3  
69 1 2  
63  
352  
474 2 4 5  
101  
49 2 3 5  
405 5  
413  
489 1 3 4  
499 2 3 4 5  
115 3 5  
18 2  
SIZE OF PROGRAMS (pID SIZE):
1 43.0 
2 68.0 
3 84.0 
4 87.0 
5 94.0 
COST_INSTALL_SERVER_AND_PROGRAMS :
0 1800.0 0.9148936170212766 1.446808510638298 1.7872340425531914 1.851063829787234 2.0  
249 3.3156551637909466 1.372340425531915 2.1702127659574466 2.6808510638297873 2.776595744680851 3.0  
276 28.2382106031827 0.9148936170212766 1.446808510638298 1.7872340425531914 1.851063829787234 2.0  
328 40.194593030194525 0.9148936170212766 1.446808510638298 1.7872340425531914 1.851063829787234 2.0  
371 7.354393407157968 1.372340425531915 2.1702127659574466 2.6808510638297873 2.776595744680851 3.0  
262 20.1314424272029 0.9148936170212766 1.446808510638298 1.7872340425531914 1.851063829787234 2.0  
478 3.6905668063932042 0.9148936170212766 1.446808510638298 1.7872340425531914 1.851063829787234 2.0  
390 10.479798298206351 1.372340425531915 2.1702127659574466 2.6808510638297873 2.776595744680851 3.0  
284 81.0 0.9148936170212766 1.446808510638298 1.7872340425531914 1.851063829787234 2.0  
226 3.898762088974854 1.372340425531915 2.1702127659574466 2.6808510638297873 2.776595744680851 3.0  
248 2.5027519379844962 0.9148936170212766 1.446808510638298 1.7872340425531914 1.851063829787234 2.0  
354 14.82285714285714 1.372340425531915 2.1702127659574466 2.6808510638297873 2.776595744680851 3.0  
65 4.202735382952102 0.9148936170212766 1.446808510638298 1.7872340425531914 1.851063829787234 2.0  
2 4.909890109890109 0.9148936170212766 1.446808510638298 1.7872340425531914 1.851063829787234 2.0  
33 56.896201853675535 0.9148936170212766 1.446808510638298 1.7872340425531914 1.851063829787234 2.0  
295 1.3107844238634232 0.9148936170212766 1.446808510638298 1.7872340425531914 1.851063829787234 2.0  
59 11.0 1.372340425531915 2.1702127659574466 2.6808510638297873 2.776595744680851 3.0  
496 11.971642393847807 0.9148936170212766 1.446808510638298 1.7872340425531914 1.851063829787234 2.0  
260 27.70896973909918 1.372340425531915 2.1702127659574466 2.6808510638297873 2.776595744680851 3.0  
32 28.75224751842893 1.372340425531915 2.1702127659574466 2.6808510638297873 2.776595744680851 3.0  
167 2.937875537010811 1.372340425531915 2.1702127659574466 2.6808510638297873 2.776595744680851 3.0  
356 24.611538461538448 1.372340425531915 2.1702127659574466 2.6808510638297873 2.776595744680851 3.0  
273 1.9998682877406282 0.9148936170212766 1.446808510638298 1.7872340425531914 1.851063829787234 2.0  
332 15.407717022660886 1.372340425531915 2.1702127659574466 2.6808510638297873 2.776595744680851 3.0  
84 13.575282497021698 1.372340425531915 2.1702127659574466 2.6808510638297873 2.776595744680851 3.0  
187 21.6892376277543 0.9148936170212766 1.446808510638298 1.7872340425531914 1.851063829787234 2.0  
17 0.9577190909448975 0.9148936170212766 1.446808510638298 1.7872340425531914 1.851063829787234 2.0  
80 18.007838827838825 1.372340425531915 2.1702127659574466 2.6808510638297873 2.776595744680851 3.0  
14 19.00341698399054 0.9148936170212766 1.446808510638298 1.7872340425531914 1.851063829787234 2.0  
204 13.63280860079268 1.372340425531915 2.1702127659574466 2.6808510638297873 2.776595744680851 3.0  
360 6.070838652482268 0.9148936170212766 1.446808510638298 1.7872340425531914 1.851063829787234 2.0  
89 15.55661879611692 1.372340425531915 2.1702127659574466 2.6808510638297873 2.776595744680851 3.0  
449 5.3766605075508185 1.372340425531915 2.1702127659574466 2.6808510638297873 2.776595744680851 3.0  
311 1.0752555373388955 0.9148936170212766 1.446808510638298 1.7872340425531914 1.851063829787234 2.0  
236 76.0 0.9148936170212766 1.446808510638298 1.7872340425531914 1.851063829787234 2.0  
287 35.47911930363542 1.372340425531915 2.1702127659574466 2.6808510638297873 2.776595744680851 3.0  
12 5.395282222475801 1.372340425531915 2.1702127659574466 2.6808510638297873 2.776595744680851 3.0  
191 25.957482413230846 0.9148936170212766 1.446808510638298 1.7872340425531914 1.851063829787234 2.0  
205 9.579265342341381 0.9148936170212766 1.446808510638298 1.7872340425531914 1.851063829787234 2.0  
463 16.299451003722375 1.372340425531915 2.1702127659574466 2.6808510638297873 2.776595744680851 3.0  
142 15.197671699898319 0.9148936170212766 1.446808510638298 1.7872340425531914 1.851063829787234 2.0  
243 2.6281584420495365 1.372340425531915 2.1702127659574466 2.6808510638297873 2.776595744680851 3.0  
222 0.6108225108225107 1.372340425531915 2.1702127659574466 2.6808510638297873 2.776595744680851 3.0  
347 1.7799898682877409 1.372340425531915 2.1702127659574466 2.6808510638297873 2.776595744680851 3.0  
453 3.332583221376325 0.9148936170212766 1.446808510638298 1.7872340425531914 1.851063829787234 2.0  
74 0.5762038420259974 1.372340425531915 2.1702127659574466 2.6808510638297873 2.776595744680851 3.0  
363 9.598995271867611 1.372340425531915 2.1702127659574466 2.6808510638297873 2.776595744680851 3.0  
299 56.0 0.9148936170212766 1.446808510638298 1.7872340425531914 1.851063829787234 2.0  
494 2.1904293449248837 0.9148936170212766 1.446808510638298 1.7872340425531914 1.851063829787234 2.0  
372 3.151756479096512 0.9148936170212766 1.446808510638298 1.7872340425531914 1.851063829787234 2.0  
22 0.6750784458119284 1.372340425531915 2.1702127659574466 2.6808510638297873 2.776595744680851 3.0  
88 50.0 0.9148936170212766 1.446808510638298 1.7872340425531914 1.851063829787234 2.0  
476 12.222370928536701 0.9148936170212766 1.446808510638298 1.7872340425531914 1.851063829787234 2.0  
448 19.85347118290226 1.372340425531915 2.1702127659574466 2.6808510638297873 2.776595744680851 3.0  
15 9.09567419317261 0.9148936170212766 1.446808510638298 1.7872340425531914 1.851063829787234 2.0  
381 29.145659943920812 1.372340425531915 2.1702127659574466 2.6808510638297873 2.776595744680851 3.0  
445 23.248865310934274 0.9148936170212766 1.446808510638298 1.7872340425531914 1.851063829787234 2.0  
440 9.016984369170478 1.372340425531915 2.1702127659574466 2.6808510638297873 2.776595744680851 3.0  
399 12.208174427685721 1.372340425531915 2.1702127659574466 2.6808510638297873 2.776595744680851 3.0  
26 23.15742705111126 0.9148936170212766 1.446808510638298 1.7872340425531914 1.851063829787234 2.0  
282 23.4522885487882 1.372340425531915 2.1702127659574466 2.6808510638297873 2.776595744680851 3.0  
228 5.565800865800864 0.9148936170212766 1.446808510638298 1.7872340425531914 1.851063829787234 2.0  
6 17.957536641380617 1.372340425531915 2.1702127659574466 2.6808510638297873 2.776595744680851 3.0  
425 8.635290344905695 1.372340425531915 2.1702127659574466 2.6808510638297873 2.776595744680851 3.0  
431 0.7522444495837187 1.372340425531915 2.1702127659574466 2.6808510638297873 2.776595744680851 3.0  
461 20.7945277206845 0.9148936170212766 1.446808510638298 1.7872340425531914 1.851063829787234 2.0  
200 24.946796166885058 1.372340425531915 2.1702127659574466 2.6808510638297873 2.776595744680851 3.0  
302 43.737622020960316 1.372340425531915 2.1702127659574466 2.6808510638297873 2.776595744680851 3.0  
219 3.1043478260869564 0.9148936170212766 1.446808510638298 1.7872340425531914 1.851063829787234 2.0  
278 13.258471500586623 0.9148936170212766 1.446808510638298 1.7872340425531914 1.851063829787234 2.0  
194 12.317007269898456 0.9148936170212766 1.446808510638298 1.7872340425531914 1.851063829787234 2.0  
259 26.0 0.9148936170212766 1.446808510638298 1.7872340425531914 1.851063829787234 2.0  
261 68.0 1.372340425531915 2.1702127659574466 2.6808510638297873 2.776595744680851 3.0  
341 20.022413320845406 1.372340425531915 2.1702127659574466 2.6808510638297873 2.776595744680851 3.0  
166 2.3005874014175904 1.372340425531915 2.1702127659574466 2.6808510638297873 2.776595744680851 3.0  
383 0.5960118118339673 1.372340425531915 2.1702127659574466 2.6808510638297873 2.776595744680851 3.0  
443 14.393184411819133 1.372340425531915 2.1702127659574466 2.6808510638297873 2.776595744680851 3.0  
470 5.529069170771757 0.9148936170212766 1.446808510638298 1.7872340425531914 1.851063829787234 2.0  
348 1.740693101225016 0.9148936170212766 1.446808510638298 1.7872340425531914 1.851063829787234 2.0  
30 72.5419796314533 0.9148936170212766 1.446808510638298 1.7872340425531914 1.851063829787234 2.0  
420 11.311850886207639 0.9148936170212766 1.446808510638298 1.7872340425531914 1.851063829787234 2.0  
90 13.596264094639453 0.9148936170212766 1.446808510638298 1.7872340425531914 1.851063829787234 2.0  
424 0.761106129210696 1.372340425531915 2.1702127659574466 2.6808510638297873 2.776595744680851 3.0  
479 6.157045230938801 1.372340425531915 2.1702127659574466 2.6808510638297873 2.776595744680851 3.0  
312 20.714390912847076 1.372340425531915 2.1702127659574466 2.6808510638297873 2.776595744680851 3.0  
44 3.9399383013287537 0.9148936170212766 1.446808510638298 1.7872340425531914 1.851063829787234 2.0  
257 18.86066913273204 1.372340425531915 2.1702127659574466 2.6808510638297873 2.776595744680851 3.0  
82 38.76377785856993 0.9148936170212766 1.446808510638298 1.7872340425531914 1.851063829787234 2.0  
145 5.444370567375885 1.372340425531915 2.1702127659574466 2.6808510638297873 2.776595744680851 3.0  
53 25.129114856795493 0.9148936170212766 1.446808510638298 1.7872340425531914 1.851063829787234 2.0  
7 4.845762647425058 0.9148936170212766 1.446808510638298 1.7872340425531914 1.851063829787234 2.0  
171 12.771212485490771 0.9148936170212766 1.446808510638298 1.7872340425531914 1.851063829787234 2.0  
409 8.12819380203515 1.372340425531915 2.1702127659574466 2.6808510638297873 2.776595744680851 3.0  
265 2.352319000483238 1.372340425531915 2.1702127659574466 2.6808510638297873 2.776595744680851 3.0  
220 10.879481311975592 0.9148936170212766 1.446808510638298 1.7872340425531914 1.851063829787234 2.0  
255 31.68310137837419 0.9148936170212766 1.446808510638298 1.7872340425531914 1.851063829787234 2.0  
454 1.9785114391566152 1.372340425531915 2.1702127659574466 2.6808510638297873 2.776595744680851 3.0  
366 96.0 0.9148936170212766 1.446808510638298 1.7872340425531914 1.851063829787234 2.0  
55 0.7265587329494462 0.9148936170212766 1.446808510638298 1.7872340425531914 1.851063829787234 2.0  
217 5.31179793841681 0.9148936170212766 1.446808510638298 1.7872340425531914 1.851063829787234 2.0  
43 20.43565100786153 1.372340425531915 2.1702127659574466 2.6808510638297873 2.776595744680851 3.0  
268 4.360377358490566 0.9148936170212766 1.446808510638298 1.7872340425531914 1.851063829787234 2.0  
92 8.900105820105823 1.372340425531915 2.1702127659574466 2.6808510638297873 2.776595744680851 3.0  
105 24.754674399674396 1.372340425531915 2.1702127659574466 2.6808510638297873 2.776595744680851 3.0  
487 1.1762411347517734 1.372340425531915 2.1702127659574466 2.6808510638297873 2.776595744680851 3.0  
415 25.203165150261924 1.372340425531915 2.1702127659574466 2.6808510638297873 2.776595744680851 3.0  
104 4.225068358293442 1.372340425531915 2.1702127659574466 2.6808510638297873 2.776595744680851 3.0  
434 2.270479387590134 0.9148936170212766 1.446808510638298 1.7872340425531914 1.851063829787234 2.0  
91 0.6620877138290354 1.372340425531915 2.1702127659574466 2.6808510638297873 2.776595744680851 3.0  
175 6.1436239860629405 1.372340425531915 2.1702127659574466 2.6808510638297873 2.776595744680851 3.0  
334 4.137052812011295 1.372340425531915 2.1702127659574466 2.6808510638297873 2.776595744680851 3.0  
395 74.0 0.9148936170212766 1.446808510638298 1.7872340425531914 1.851063829787234 2.0  
240 3.7695059513991978 0.9148936170212766 1.446808510638298 1.7872340425531914 1.851063829787234 2.0  
4 21.97859913085719 0.9148936170212766 1.446808510638298 1.7872340425531914 1.851063829787234 2.0  
493 1.8820477770151758 0.9148936170212766 1.446808510638298 1.7872340425531914 1.851063829787234 2.0  
329 13.72489044314486 0.9148936170212766 1.446808510638298 1.7872340425531914 1.851063829787234 2.0  
382 3.3498672802939695 0.9148936170212766 1.446808510638298 1.7872340425531914 1.851063829787234 2.0  
81 12.304559192301125 0.9148936170212766 1.446808510638298 1.7872340425531914 1.851063829787234 2.0  
245 35.47985799723358 0.9148936170212766 1.446808510638298 1.7872340425531914 1.851063829787234 2.0  
437 0.7629059301748224 1.372340425531915 2.1702127659574466 2.6808510638297873 2.776595744680851 3.0  
447 9.164803859933171 0.9148936170212766 1.446808510638298 1.7872340425531914 1.851063829787234 2.0  
418 1.582360407170805 1.372340425531915 2.1702127659574466 2.6808510638297873 2.776595744680851 3.0  
417 2.0603939352609566 1.372340425531915 2.1702127659574466 2.6808510638297873 2.776595744680851 3.0  
160 0.13131478450627385 1.372340425531915 2.1702127659574466 2.6808510638297873 2.776595744680851 3.0  
495 13.0 1.372340425531915 2.1702127659574466 2.6808510638297873 2.776595744680851 3.0  
459 13.470807380178778 0.9148936170212766 1.446808510638298 1.7872340425531914 1.851063829787234 2.0  
19 8.448173736594788 0.9148936170212766 1.446808510638298 1.7872340425531914 1.851063829787234 2.0  
324 8.92199658054711 1.372340425531915 2.1702127659574466 2.6808510638297873 2.776595744680851 3.0  
357 4.0021409624857895 1.372340425531915 2.1702127659574466 2.6808510638297873 2.776595744680851 3.0  
426 32.50587103471708 1.372340425531915 2.1702127659574466 2.6808510638297873 2.776595744680851 3.0  
343 2.39954598808906 0.9148936170212766 1.446808510638298 1.7872340425531914 1.851063829787234 2.0  
210 4.114501019993928 1.372340425531915 2.1702127659574466 2.6808510638297873 2.776595744680851 3.0  
192 14.107502216774122 1.372340425531915 2.1702127659574466 2.6808510638297873 2.776595744680851 3.0  
279 32.569754521104215 1.372340425531915 2.1702127659574466 2.6808510638297873 2.776595744680851 3.0  
149 0.5365549147464043 1.372340425531915 2.1702127659574466 2.6808510638297873 2.776595744680851 3.0  
293 20.977072436295494 0.9148936170212766 1.446808510638298 1.7872340425531914 1.851063829787234 2.0  
439 19.321216732122902 1.372340425531915 2.1702127659574466 2.6808510638297873 2.776595744680851 3.0  
230 0.5868417166106088 1.372340425531915 2.1702127659574466 2.6808510638297873 2.776595744680851 3.0  
97 42.45834757834758 1.372340425531915 2.1702127659574466 2.6808510638297873 2.776595744680851 3.0  
370 18.279310586114466 1.372340425531915 2.1702127659574466 2.6808510638297873 2.776595744680851 3.0  
384 0.7436998977295485 1.372340425531915 2.1702127659574466 2.6808510638297873 2.776595744680851 3.0  
307 13.988110723964379 0.9148936170212766 1.446808510638298 1.7872340425531914 1.851063829787234 2.0  
351 10.518017333442863 0.9148936170212766 1.446808510638298 1.7872340425531914 1.851063829787234 2.0  
306 17.717301587301584 0.9148936170212766 1.446808510638298 1.7872340425531914 1.851063829787234 2.0  
27 80.0 1.372340425531915 2.1702127659574466 2.6808510638297873 2.776595744680851 3.0  
208 23.33346599916562 1.372340425531915 2.1702127659574466 2.6808510638297873 2.776595744680851 3.0  
227 2.673629916183108 1.372340425531915 2.1702127659574466 2.6808510638297873 2.776595744680851 3.0  
451 1.4066091954022988 1.372340425531915 2.1702127659574466 2.6808510638297873 2.776595744680851 3.0  
231 1.186988543371522 0.9148936170212766 1.446808510638298 1.7872340425531914 1.851063829787234 2.0  
35 32.87880078848499 1.372340425531915 2.1702127659574466 2.6808510638297873 2.776595744680851 3.0  
125 23.232910026703422 1.372340425531915 2.1702127659574466 2.6808510638297873 2.776595744680851 3.0  
398 9.067314212631961 1.372340425531915 2.1702127659574466 2.6808510638297873 2.776595744680851 3.0  
158 4.712019230769231 1.372340425531915 2.1702127659574466 2.6808510638297873 2.776595744680851 3.0  
466 10.922621376748301 1.372340425531915 2.1702127659574466 2.6808510638297873 2.776595744680851 3.0  
138 1.6588192032279114 1.372340425531915 2.1702127659574466 2.6808510638297873 2.776595744680851 3.0  
252 3.430035027373864 1.372340425531915 2.1702127659574466 2.6808510638297873 2.776595744680851 3.0  
375 1.0671614197550832 1.372340425531915 2.1702127659574466 2.6808510638297873 2.776595744680851 3.0  
410 14.294569522618298 0.9148936170212766 1.446808510638298 1.7872340425531914 1.851063829787234 2.0  
209 1.0226078602943434 0.9148936170212766 1.446808510638298 1.7872340425531914 1.851063829787234 2.0  
464 27.0 0.9148936170212766 1.446808510638298 1.7872340425531914 1.851063829787234 2.0  
346 9.755733869572738 1.372340425531915 2.1702127659574466 2.6808510638297873 2.776595744680851 3.0  
467 1.5441738177690945 1.372340425531915 2.1702127659574466 2.6808510638297873 2.776595744680851 3.0  
422 3.905357515113611 1.372340425531915 2.1702127659574466 2.6808510638297873 2.776595744680851 3.0  
388 15.655594816839034 1.372340425531915 2.1702127659574466 2.6808510638297873 2.776595744680851 3.0  
411 10.007020866825615 1.372340425531915 2.1702127659574466 2.6808510638297873 2.776595744680851 3.0  
442 9.1990791789272 0.9148936170212766 1.446808510638298 1.7872340425531914 1.851063829787234 2.0  
369 8.876675450153712 1.372340425531915 2.1702127659574466 2.6808510638297873 2.776595744680851 3.0  
185 13.071115155653825 1.372340425531915 2.1702127659574466 2.6808510638297873 2.776595744680851 3.0  
254 7.78425434005987 0.9148936170212766 1.446808510638298 1.7872340425531914 1.851063829787234 2.0  
162 3.0666666666666664 1.372340425531915 2.1702127659574466 2.6808510638297873 2.776595744680851 3.0  
482 4.130111232166192 0.9148936170212766 1.446808510638298 1.7872340425531914 1.851063829787234 2.0  
298 1.2223294479081954 1.372340425531915 2.1702127659574466 2.6808510638297873 2.776595744680851 3.0  
345 14.863965941059186 1.372340425531915 2.1702127659574466 2.6808510638297873 2.776595744680851 3.0  
197 14.754712842712841 0.9148936170212766 1.446808510638298 1.7872340425531914 1.851063829787234 2.0  
303 1.6661579311228683 0.9148936170212766 1.446808510638298 1.7872340425531914 1.851063829787234 2.0  
67 14.047108304632163 0.9148936170212766 1.446808510638298 1.7872340425531914 1.851063829787234 2.0  
119 1.8263518042241451 1.372340425531915 2.1702127659574466 2.6808510638297873 2.776595744680851 3.0  
173 35.25218909721718 1.372340425531915 2.1702127659574466 2.6808510638297873 2.776595744680851 3.0  
38 60.0 1.372340425531915 2.1702127659574466 2.6808510638297873 2.776595744680851 3.0  
140 5.375494789448279 1.372340425531915 2.1702127659574466 2.6808510638297873 2.776595744680851 3.0  
147 0.8518215433109058 1.372340425531915 2.1702127659574466 2.6808510638297873 2.776595744680851 3.0  
110 13.903968388724337 1.372340425531915 2.1702127659574466 2.6808510638297873 2.776595744680851 3.0  
179 2.501139590115159 0.9148936170212766 1.446808510638298 1.7872340425531914 1.851063829787234 2.0  
317 22.39305313227806 0.9148936170212766 1.446808510638298 1.7872340425531914 1.851063829787234 2.0  
337 12.675555555555553 1.372340425531915 2.1702127659574466 2.6808510638297873 2.776595744680851 3.0  
183 29.792372334772832 0.9148936170212766 1.446808510638298 1.7872340425531914 1.851063829787234 2.0  
485 103.0 0.9148936170212766 1.446808510638298 1.7872340425531914 1.851063829787234 2.0  
315 27.56452242685691 1.372340425531915 2.1702127659574466 2.6808510638297873 2.776595744680851 3.0  
301 28.238150460746915 1.372340425531915 2.1702127659574466 2.6808510638297873 2.776595744680851 3.0  
362 1.235354609929078 1.372340425531915 2.1702127659574466 2.6808510638297873 2.776595744680851 3.0  
62 55.0 1.372340425531915 2.1702127659574466 2.6808510638297873 2.776595744680851 3.0  
333 3.564931329139583 1.372340425531915 2.1702127659574466 2.6808510638297873 2.776595744680851 3.0  
320 2.1035858662613984 1.372340425531915 2.1702127659574466 2.6808510638297873 2.776595744680851 3.0  
358 44.11926866237211 0.9148936170212766 1.446808510638298 1.7872340425531914 1.851063829787234 2.0  
202 9.739405710129118 1.372340425531915 2.1702127659574466 2.6808510638297873 2.776595744680851 3.0  
178 1.78415505925394 0.9148936170212766 1.446808510638298 1.7872340425531914 1.851063829787234 2.0  
106 29.867744330137953 1.372340425531915 2.1702127659574466 2.6808510638297873 2.776595744680851 3.0  
406 1.655889581078399 1.372340425531915 2.1702127659574466 2.6808510638297873 2.776595744680851 3.0  
47 40.044871497733276 0.9148936170212766 1.446808510638298 1.7872340425531914 1.851063829787234 2.0  
380 6.529236174453565 0.9148936170212766 1.446808510638298 1.7872340425531914 1.851063829787234 2.0  
468 0.6997478925539403 1.372340425531915 2.1702127659574466 2.6808510638297873 2.776595744680851 3.0  
151 3.961990950226245 0.9148936170212766 1.446808510638298 1.7872340425531914 1.851063829787234 2.0  
475 32.24139103281097 0.9148936170212766 1.446808510638298 1.7872340425531914 1.851063829787234 2.0  
305 8.141777553032751 1.372340425531915 2.1702127659574466 2.6808510638297873 2.776595744680851 3.0  
87 13.315109362154661 1.372340425531915 2.1702127659574466 2.6808510638297873 2.776595744680851 3.0  
465 17.91586928397273 0.9148936170212766 1.446808510638298 1.7872340425531914 1.851063829787234 2.0  
146 8.859825112830432 1.372340425531915 2.1702127659574466 2.6808510638297873 2.776595744680851 3.0  
201 26.24469717936385 0.9148936170212766 1.446808510638298 1.7872340425531914 1.851063829787234 2.0  
168 38.38683834543425 1.372340425531915 2.1702127659574466 2.6808510638297873 2.776595744680851 3.0  
253 93.0 0.9148936170212766 1.446808510638298 1.7872340425531914 1.851063829787234 2.0  
79 33.0 1.372340425531915 2.1702127659574466 2.6808510638297873 2.776595744680851 3.0  
75 6.88682346731418 0.9148936170212766 1.446808510638298 1.7872340425531914 1.851063829787234 2.0  
246 2.0798027253369114 1.372340425531915 2.1702127659574466 2.6808510638297873 2.776595744680851 3.0  
339 15.02692506459948 1.372340425531915 2.1702127659574466 2.6808510638297873 2.776595744680851 3.0  
56 29.488771191276612 0.9148936170212766 1.446808510638298 1.7872340425531914 1.851063829787234 2.0  
68 1.3698180594409435 0.9148936170212766 1.446808510638298 1.7872340425531914 1.851063829787234 2.0  
155 8.636226601933735 1.372340425531915 2.1702127659574466 2.6808510638297873 2.776595744680851 3.0  
297 1.9987324016772114 1.372340425531915 2.1702127659574466 2.6808510638297873 2.776595744680851 3.0  
401 9.544326749064938 1.372340425531915 2.1702127659574466 2.6808510638297873 2.776595744680851 3.0  
71 23.700129711613283 1.372340425531915 2.1702127659574466 2.6808510638297873 2.776595744680851 3.0  
435 2.1616858237547896 1.372340425531915 2.1702127659574466 2.6808510638297873 2.776595744680851 3.0  
25 23.218415477362843 1.372340425531915 2.1702127659574466 2.6808510638297873 2.776595744680851 3.0  
430 3.2795636756090047 0.9148936170212766 1.446808510638298 1.7872340425531914 1.851063829787234 2.0  
36 18.060568628174448 1.372340425531915 2.1702127659574466 2.6808510638297873 2.776595744680851 3.0  
66 28.872663915443617 1.372340425531915 2.1702127659574466 2.6808510638297873 2.776595744680851 3.0  
391 2.146979239075428 0.9148936170212766 1.446808510638298 1.7872340425531914 1.851063829787234 2.0  
134 27.813909737093145 1.372340425531915 2.1702127659574466 2.6808510638297873 2.776595744680851 3.0  
386 22.66495021283065 0.9148936170212766 1.446808510638298 1.7872340425531914 1.851063829787234 2.0  
184 30.336067728410097 1.372340425531915 2.1702127659574466 2.6808510638297873 2.776595744680851 3.0  
368 12.738387216648084 1.372340425531915 2.1702127659574466 2.6808510638297873 2.776595744680851 3.0  
133 13.270358065706903 1.372340425531915 2.1702127659574466 2.6808510638297873 2.776595744680851 3.0  
211 15.746003527336857 1.372340425531915 2.1702127659574466 2.6808510638297873 2.776595744680851 3.0  
212 8.757553757135037 1.372340425531915 2.1702127659574466 2.6808510638297873 2.776595744680851 3.0  
392 12.738387216648084 1.372340425531915 2.1702127659574466 2.6808510638297873 2.776595744680851 3.0  
310 1.537549480067903 0.9148936170212766 1.446808510638298 1.7872340425531914 1.851063829787234 2.0  
480 5.993736805066855 1.372340425531915 2.1702127659574466 2.6808510638297873 2.776595744680851 3.0  
122 31.0 1.372340425531915 2.1702127659574466 2.6808510638297873 2.776595744680851 3.0  
176 25.58150426016666 1.372340425531915 2.1702127659574466 2.6808510638297873 2.776595744680851 3.0  
458 20.714162561576355 0.9148936170212766 1.446808510638298 1.7872340425531914 1.851063829787234 2.0  
428 2.781582238899312 0.9148936170212766 1.446808510638298 1.7872340425531914 1.851063829787234 2.0  
280 8.374726062467996 1.372340425531915 2.1702127659574466 2.6808510638297873 2.776595744680851 3.0  
241 8.796625914013964 0.9148936170212766 1.446808510638298 1.7872340425531914 1.851063829787234 2.0  
397 7.986463148802173 0.9148936170212766 1.446808510638298 1.7872340425531914 1.851063829787234 2.0  
34 6.848021627179522 0.9148936170212766 1.446808510638298 1.7872340425531914 1.851063829787234 2.0  
186 3.22677402458374 1.372340425531915 2.1702127659574466 2.6808510638297873 2.776595744680851 3.0  
477 25.04766441303963 0.9148936170212766 1.446808510638298 1.7872340425531914 1.851063829787234 2.0  
309 2.4942720369915232 1.372340425531915 2.1702127659574466 2.6808510638297873 2.776595744680851 3.0  
141 1.6864111300826636 1.372340425531915 2.1702127659574466 2.6808510638297873 2.776595744680851 3.0  
258 12.666583879216104 0.9148936170212766 1.446808510638298 1.7872340425531914 1.851063829787234 2.0  
221 1.9972683680955878 0.9148936170212766 1.446808510638298 1.7872340425531914 1.851063829787234 2.0  
238 8.659018087855296 1.372340425531915 2.1702127659574466 2.6808510638297873 2.776595744680851 3.0  
498 1.7374999999999998 0.9148936170212766 1.446808510638298 1.7872340425531914 1.851063829787234 2.0  
95 1.1115737430233519 0.9148936170212766 1.446808510638298 1.7872340425531914 1.851063829787234 2.0  
244 34.4195372719945 0.9148936170212766 1.446808510638298 1.7872340425531914 1.851063829787234 2.0  
488 1.473592415689679 1.372340425531915 2.1702127659574466 2.6808510638297873 2.776595744680851 3.0  
400 30.257431203426627 0.9148936170212766 1.446808510638298 1.7872340425531914 1.851063829787234 2.0  
423 2.489810619669208 0.9148936170212766 1.446808510638298 1.7872340425531914 1.851063829787234 2.0  
132 19.841116506232783 0.9148936170212766 1.446808510638298 1.7872340425531914 1.851063829787234 2.0  
274 6.241392729134664 1.372340425531915 2.1702127659574466 2.6808510638297873 2.776595744680851 3.0  
321 64.0 0.9148936170212766 1.446808510638298 1.7872340425531914 1.851063829787234 2.0  
389 28.328759323855294 1.372340425531915 2.1702127659574466 2.6808510638297873 2.776595744680851 3.0  
188 9.355530135217112 1.372340425531915 2.1702127659574466 2.6808510638297873 2.776595744680851 3.0  
294 1.351850377487989 1.372340425531915 2.1702127659574466 2.6808510638297873 2.776595744680851 3.0  
338 2.5933333333333333 1.372340425531915 2.1702127659574466 2.6808510638297873 2.776595744680851 3.0  
137 27.808720988632917 0.9148936170212766 1.446808510638298 1.7872340425531914 1.851063829787234 2.0  
355 32.05606837606837 1.372340425531915 2.1702127659574466 2.6808510638297873 2.776595744680851 3.0  
438 9.574270557029177 0.9148936170212766 1.446808510638298 1.7872340425531914 1.851063829787234 2.0  
46 36.75770879503559 0.9148936170212766 1.446808510638298 1.7872340425531914 1.851063829787234 2.0  
156 2.669438934968145 0.9148936170212766 1.446808510638298 1.7872340425531914 1.851063829787234 2.0  
153 12.978646843352728 0.9148936170212766 1.446808510638298 1.7872340425531914 1.851063829787234 2.0  
16 84.0 1.372340425531915 2.1702127659574466 2.6808510638297873 2.776595744680851 3.0  
322 16.47127976190476 0.9148936170212766 1.446808510638298 1.7872340425531914 1.851063829787234 2.0  
460 4.480234275816362 0.9148936170212766 1.446808510638298 1.7872340425531914 1.851063829787234 2.0  
290 4.707858881836361 1.372340425531915 2.1702127659574466 2.6808510638297873 2.776595744680851 3.0  
42 6.912549622761901 1.372340425531915 2.1702127659574466 2.6808510638297873 2.776595744680851 3.0  
1 38.0 0.9148936170212766 1.446808510638298 1.7872340425531914 1.851063829787234 2.0  
207 109.0 1.372340425531915 2.1702127659574466 2.6808510638297873 2.776595744680851 3.0  
13 10.930276966525012 1.372340425531915 2.1702127659574466 2.6808510638297873 2.776595744680851 3.0  
85 27.490961538461537 0.9148936170212766 1.446808510638298 1.7872340425531914 1.851063829787234 2.0  
182 28.76910658547137 0.9148936170212766 1.446808510638298 1.7872340425531914 1.851063829787234 2.0  
353 13.313471878897412 0.9148936170212766 1.446808510638298 1.7872340425531914 1.851063829787234 2.0  
83 10.166918924274386 0.9148936170212766 1.446808510638298 1.7872340425531914 1.851063829787234 2.0  
121 7.285477346421385 1.372340425531915 2.1702127659574466 2.6808510638297873 2.776595744680851 3.0  
199 7.976848878153722 1.372340425531915 2.1702127659574466 2.6808510638297873 2.776595744680851 3.0  
50 3.181246080285274 0.9148936170212766 1.446808510638298 1.7872340425531914 1.851063829787234 2.0  
124 71.0 0.9148936170212766 1.446808510638298 1.7872340425531914 1.851063829787234 2.0  
99 13.12309746990598 0.9148936170212766 1.446808510638298 1.7872340425531914 1.851063829787234 2.0  
379 10.005283842496114 0.9148936170212766 1.446808510638298 1.7872340425531914 1.851063829787234 2.0  
111 28.630125430125425 0.9148936170212766 1.446808510638298 1.7872340425531914 1.851063829787234 2.0  
492 0.4108103512822113 0.9148936170212766 1.446808510638298 1.7872340425531914 1.851063829787234 2.0  
232 18.174788782235588 0.9148936170212766 1.446808510638298 1.7872340425531914 1.851063829787234 2.0  
450 3.4829076485693324 1.372340425531915 2.1702127659574466 2.6808510638297873 2.776595744680851 3.0  
128 5.7499449510300575 0.9148936170212766 1.446808510638298 1.7872340425531914 1.851063829787234 2.0  
108 12.379413047270187 0.9148936170212766 1.446808510638298 1.7872340425531914 1.851063829787234 2.0  
215 4.681681653157716 1.372340425531915 2.1702127659574466 2.6808510638297873 2.776595744680851 3.0  
139 13.0 1.372340425531915 2.1702127659574466 2.6808510638297873 2.776595744680851 3.0  
296 3.4909282532505106 0.9148936170212766 1.446808510638298 1.7872340425531914 1.851063829787234 2.0  
20 11.850751398242998 0.9148936170212766 1.446808510638298 1.7872340425531914 1.851063829787234 2.0  
10 4.2190927807482845 0.9148936170212766 1.446808510638298 1.7872340425531914 1.851063829787234 2.0  
93 17.69465201465201 1.372340425531915 2.1702127659574466 2.6808510638297873 2.776595744680851 3.0  
436 7.097799686149833 0.9148936170212766 1.446808510638298 1.7872340425531914 1.851063829787234 2.0  
218 95.0 0.9148936170212766 1.446808510638298 1.7872340425531914 1.851063829787234 2.0  
129 2.6700793650793653 0.9148936170212766 1.446808510638298 1.7872340425531914 1.851063829787234 2.0  
54 14.713077422610542 0.9148936170212766 1.446808510638298 1.7872340425531914 1.851063829787234 2.0  
491 11.09842999313658 0.9148936170212766 1.446808510638298 1.7872340425531914 1.851063829787234 2.0  
120 0.9993419953906276 1.372340425531915 2.1702127659574466 2.6808510638297873 2.776595744680851 3.0  
286 26.180194572452628 1.372340425531915 2.1702127659574466 2.6808510638297873 2.776595744680851 3.0  
361 2.204738095238095 0.9148936170212766 1.446808510638298 1.7872340425531914 1.851063829787234 2.0  
256 29.878937100573708 1.372340425531915 2.1702127659574466 2.6808510638297873 2.776595744680851 3.0  
374 13.139788742581295 0.9148936170212766 1.446808510638298 1.7872340425531914 1.851063829787234 2.0  
441 7.102270668288904 1.372340425531915 2.1702127659574466 2.6808510638297873 2.776595744680851 3.0  
233 3.190368195634153 0.9148936170212766 1.446808510638298 1.7872340425531914 1.851063829787234 2.0  
195 9.176925987301052 1.372340425531915 2.1702127659574466 2.6808510638297873 2.776595744680851 3.0  
387 11.886308708122998 1.372340425531915 2.1702127659574466 2.6808510638297873 2.776595744680851 3.0  
116 6.734900533044642 0.9148936170212766 1.446808510638298 1.7872340425531914 1.851063829787234 2.0  
45 10.225054675282964 0.9148936170212766 1.446808510638298 1.7872340425531914 1.851063829787234 2.0  
350 13.792698412698408 1.372340425531915 2.1702127659574466 2.6808510638297873 2.776595744680851 3.0  
181 17.814952979934116 0.9148936170212766 1.446808510638298 1.7872340425531914 1.851063829787234 2.0  
270 2.8250164902037365 0.9148936170212766 1.446808510638298 1.7872340425531914 1.851063829787234 2.0  
497 1.689571894303363 0.9148936170212766 1.446808510638298 1.7872340425531914 1.851063829787234 2.0  
161 3.0911168264359743 0.9148936170212766 1.446808510638298 1.7872340425531914 1.851063829787234 2.0  
433 13.783100419084462 0.9148936170212766 1.446808510638298 1.7872340425531914 1.851063829787234 2.0  
342 23.46243902439024 0.9148936170212766 1.446808510638298 1.7872340425531914 1.851063829787234 2.0  
403 32.92041682124879 0.9148936170212766 1.446808510638298 1.7872340425531914 1.851063829787234 2.0  
11 27.476804049216796 0.9148936170212766 1.446808510638298 1.7872340425531914 1.851063829787234 2.0  
39 17.4917937043217 0.9148936170212766 1.446808510638298 1.7872340425531914 1.851063829787234 2.0  
393 2.402115337376944 0.9148936170212766 1.446808510638298 1.7872340425531914 1.851063829787234 2.0  
170 35.23780468020238 0.9148936170212766 1.446808510638298 1.7872340425531914 1.851063829787234 2.0  
196 3.0518531984987227 0.9148936170212766 1.446808510638298 1.7872340425531914 1.851063829787234 2.0  
70 9.976079222196248 0.9148936170212766 1.446808510638298 1.7872340425531914 1.851063829787234 2.0  
96 4.14910866910867 0.9148936170212766 1.446808510638298 1.7872340425531914 1.851063829787234 2.0  
313 34.99924612647341 0.9148936170212766 1.446808510638298 1.7872340425531914 1.851063829787234 2.0  
229 4.912212365770693 0.9148936170212766 1.446808510638298 1.7872340425531914 1.851063829787234 2.0  
223 7.578887952473059 1.372340425531915 2.1702127659574466 2.6808510638297873 2.776595744680851 3.0  
103 20.658233129369947 1.372340425531915 2.1702127659574466 2.6808510638297873 2.776595744680851 3.0  
40 1.6381888820865584 0.9148936170212766 1.446808510638298 1.7872340425531914 1.851063829787234 2.0  
319 14.820181104356635 0.9148936170212766 1.446808510638298 1.7872340425531914 1.851063829787234 2.0  
455 1.68275103366487 1.372340425531915 2.1702127659574466 2.6808510638297873 2.776595744680851 3.0  
469 2.0149208023268 1.372340425531915 2.1702127659574466 2.6808510638297873 2.776595744680851 3.0  
224 6.680611087680515 1.372340425531915 2.1702127659574466 2.6808510638297873 2.776595744680851 3.0  
102 52.0 0.9148936170212766 1.446808510638298 1.7872340425531914 1.851063829787234 2.0  
174 17.1150664870642 0.9148936170212766 1.446808510638298 1.7872340425531914 1.851063829787234 2.0  
214 13.425095749010639 1.372340425531915 2.1702127659574466 2.6808510638297873 2.776595744680851 3.0  
235 0.3233351754628351 0.9148936170212766 1.446808510638298 1.7872340425531914 1.851063829787234 2.0  
206 1.9274641157597872 0.9148936170212766 1.446808510638298 1.7872340425531914 1.851063829787234 2.0  
48 4.954203024379155 1.372340425531915 2.1702127659574466 2.6808510638297873 2.776595744680851 3.0  
421 0.4036054839284322 0.9148936170212766 1.446808510638298 1.7872340425531914 1.851063829787234 2.0  
486 105.0 0.9148936170212766 1.446808510638298 1.7872340425531914 1.851063829787234 2.0  
143 18.95589569592539 1.372340425531915 2.1702127659574466 2.6808510638297873 2.776595744680851 3.0  
281 29.012991202346036 0.9148936170212766 1.446808510638298 1.7872340425531914 1.851063829787234 2.0  
266 6.439606542856609 1.372340425531915 2.1702127659574466 2.6808510638297873 2.776595744680851 3.0  
118 47.0 1.372340425531915 2.1702127659574466 2.6808510638297873 2.776595744680851 3.0  
432 6.106357153869872 0.9148936170212766 1.446808510638298 1.7872340425531914 1.851063829787234 2.0  
9 4.479152225848555 0.9148936170212766 1.446808510638298 1.7872340425531914 1.851063829787234 2.0  
275 19.683133640552985 1.372340425531915 2.1702127659574466 2.6808510638297873 2.776595744680851 3.0  
150 0.1810889858762199 0.9148936170212766 1.446808510638298 1.7872340425531914 1.851063829787234 2.0  
402 20.152388110087667 0.9148936170212766 1.446808510638298 1.7872340425531914 1.851063829787234 2.0  
414 1.8874358974358971 0.9148936170212766 1.446808510638298 1.7872340425531914 1.851063829787234 2.0  
37 2.235084944357621 0.9148936170212766 1.446808510638298 1.7872340425531914 1.851063829787234 2.0  
277 20.29829981214365 0.9148936170212766 1.446808510638298 1.7872340425531914 1.851063829787234 2.0  
289 2.073359730895075 1.372340425531915 2.1702127659574466 2.6808510638297873 2.776595744680851 3.0  
457 35.0 0.9148936170212766 1.446808510638298 1.7872340425531914 1.851063829787234 2.0  
365 5.724589850989695 1.372340425531915 2.1702127659574466 2.6808510638297873 2.776595744680851 3.0  
288 23.127629095054534 1.372340425531915 2.1702127659574466 2.6808510638297873 2.776595744680851 3.0  
364 6.6390957446808505 0.9148936170212766 1.446808510638298 1.7872340425531914 1.851063829787234 2.0  
269 11.772885649599818 0.9148936170212766 1.446808510638298 1.7872340425531914 1.851063829787234 2.0  
164 10.117890652557316 0.9148936170212766 1.446808510638298 1.7872340425531914 1.851063829787234 2.0  
114 3.158472414606868 0.9148936170212766 1.446808510638298 1.7872340425531914 1.851063829787234 2.0  
72 1.713855989061817 0.9148936170212766 1.446808510638298 1.7872340425531914 1.851063829787234 2.0  
327 4.075426065162906 1.372340425531915 2.1702127659574466 2.6808510638297873 2.776595744680851 3.0  
483 4.224309184422117 1.372340425531915 2.1702127659574466 2.6808510638297873 2.776595744680851 3.0  
29 57.84197963145332 1.372340425531915 2.1702127659574466 2.6808510638297873 2.776595744680851 3.0  
336 11.697777777777777 0.9148936170212766 1.446808510638298 1.7872340425531914 1.851063829787234 2.0  
283 52.37218470201966 0.9148936170212766 1.446808510638298 1.7872340425531914 1.851063829787234 2.0  
123 7.023140728252712 0.9148936170212766 1.446808510638298 1.7872340425531914 1.851063829787234 2.0  
323 17.695030417355444 1.372340425531915 2.1702127659574466 2.6808510638297873 2.776595744680851 3.0  
471 25.03894888636268 1.372340425531915 2.1702127659574466 2.6808510638297873 2.776595744680851 3.0  
446 2.4400410029564465 0.9148936170212766 1.446808510638298 1.7872340425531914 1.851063829787234 2.0  
250 32.0 0.9148936170212766 1.446808510638298 1.7872340425531914 1.851063829787234 2.0  
472 12.640628184076458 0.9148936170212766 1.446808510638298 1.7872340425531914 1.851063829787234 2.0  
237 0.40888888888888875 1.372340425531915 2.1702127659574466 2.6808510638297873 2.776595744680851 3.0  
24 27.344201853675532 1.372340425531915 2.1702127659574466 2.6808510638297873 2.776595744680851 3.0  
272 14.257777777777777 0.9148936170212766 1.446808510638298 1.7872340425531914 1.851063829787234 2.0  
291 14.861431923742675 0.9148936170212766 1.446808510638298 1.7872340425531914 1.851063829787234 2.0  
394 6.343889943880733 1.372340425531915 2.1702127659574466 2.6808510638297873 2.776595744680851 3.0  
130 0.551652716078248 1.372340425531915 2.1702127659574466 2.6808510638297873 2.776595744680851 3.0  
300 28.98614522356457 0.9148936170212766 1.446808510638298 1.7872340425531914 1.851063829787234 2.0  
148 0.6043576104746318 0.9148936170212766 1.446808510638298 1.7872340425531914 1.851063829787234 2.0  
490 0.375 0.9148936170212766 1.446808510638298 1.7872340425531914 1.851063829787234 2.0  
86 3.630061486132915 0.9148936170212766 1.446808510638298 1.7872340425531914 1.851063829787234 2.0  
157 1.0666148458275064 1.372340425531915 2.1702127659574466 2.6808510638297873 2.776595744680851 3.0  
41 59.0 1.372340425531915 2.1702127659574466 2.6808510638297873 2.776595744680851 3.0  
462 15.174671592775043 0.9148936170212766 1.446808510638298 1.7872340425531914 1.851063829787234 2.0  
107 2.1134783272283273 0.9148936170212766 1.446808510638298 1.7872340425531914 1.851063829787234 2.0  
378 3.0857517010133075 0.9148936170212766 1.446808510638298 1.7872340425531914 1.851063829787234 2.0  
427 57.0 0.9148936170212766 1.446808510638298 1.7872340425531914 1.851063829787234 2.0  
340 34.610332756061354 1.372340425531915 2.1702127659574466 2.6808510638297873 2.776595744680851 3.0  
127 14.383743148104852 0.9148936170212766 1.446808510638298 1.7872340425531914 1.851063829787234 2.0  
407 5.558728703741848 1.372340425531915 2.1702127659574466 2.6808510638297873 2.776595744680851 3.0  
126 14.517795962902342 0.9148936170212766 1.446808510638298 1.7872340425531914 1.851063829787234 2.0  
484 0.19581433637284695 1.372340425531915 2.1702127659574466 2.6808510638297873 2.776595744680851 3.0  
213 1.8509135266399703 1.372340425531915 2.1702127659574466 2.6808510638297873 2.776595744680851 3.0  
419 11.402650995195605 1.372340425531915 2.1702127659574466 2.6808510638297873 2.776595744680851 3.0  
330 6.544063829787236 1.372340425531915 2.1702127659574466 2.6808510638297873 2.776595744680851 3.0  
251 32.42224076032306 1.372340425531915 2.1702127659574466 2.6808510638297873 2.776595744680851 3.0  
264 17.616974669199216 0.9148936170212766 1.446808510638298 1.7872340425531914 1.851063829787234 2.0  
344 8.564781612177823 1.372340425531915 2.1702127659574466 2.6808510638297873 2.776595744680851 3.0  
60 106.0 1.372340425531915 2.1702127659574466 2.6808510638297873 2.776595744680851 3.0  
131 5.601845699520117 1.372340425531915 2.1702127659574466 2.6808510638297873 2.776595744680851 3.0  
61 4.255854472515167 0.9148936170212766 1.446808510638298 1.7872340425531914 1.851063829787234 2.0  
57 23.331392667526526 0.9148936170212766 1.446808510638298 1.7872340425531914 1.851063829787234 2.0  
8 29.07379684296258 1.372340425531915 2.1702127659574466 2.6808510638297873 2.776595744680851 3.0  
318 8.229206349206347 1.372340425531915 2.1702127659574466 2.6808510638297873 2.776595744680851 3.0  
112 23.071318681318687 0.9148936170212766 1.446808510638298 1.7872340425531914 1.851063829787234 2.0  
444 23.03766567233889 1.372340425531915 2.1702127659574466 2.6808510638297873 2.776595744680851 3.0  
52 3.6471041285671078 0.9148936170212766 1.446808510638298 1.7872340425531914 1.851063829787234 2.0  
481 9.883391977480644 1.372340425531915 2.1702127659574466 2.6808510638297873 2.776595744680851 3.0  
308 15.579947458658255 1.372340425531915 2.1702127659574466 2.6808510638297873 2.776595744680851 3.0  
225 9.273404255319146 0.9148936170212766 1.446808510638298 1.7872340425531914 1.851063829787234 2.0  
165 2.029158829989018 0.9148936170212766 1.446808510638298 1.7872340425531914 1.851063829787234 2.0  
172 30.795367902440578 1.372340425531915 2.1702127659574466 2.6808510638297873 2.776595744680851 3.0  
242 0.5011191320499832 1.372340425531915 2.1702127659574466 2.6808510638297873 2.776595744680851 3.0  
234 5.69330937210474 0.9148936170212766 1.446808510638298 1.7872340425531914 1.851063829787234 2.0  
335 22.166261398176296 0.9148936170212766 1.446808510638298 1.7872340425531914 1.851063829787234 2.0  
5 3.5382023711055965 0.9148936170212766 1.446808510638298 1.7872340425531914 1.851063829787234 2.0  
159 8.264847285067873 0.9148936170212766 1.446808510638298 1.7872340425531914 1.851063829787234 2.0  
169 13.354969685997085 1.372340425531915 2.1702127659574466 2.6808510638297873 2.776595744680851 3.0  
198 26.23710886644221 1.372340425531915 2.1702127659574466 2.6808510638297873 2.776595744680851 3.0  
152 7.828657616892908 1.372340425531915 2.1702127659574466 2.6808510638297873 2.776595744680851 3.0  
271 12.0 0.9148936170212766 1.446808510638298 1.7872340425531914 1.851063829787234 2.0  
135 4.16949376573649 0.9148936170212766 1.446808510638298 1.7872340425531914 1.851063829787234 2.0  
21 3.3531733775742736 1.372340425531915 2.1702127659574466 2.6808510638297873 2.776595744680851 3.0  
163 0.16772486772486772 1.372340425531915 2.1702127659574466 2.6808510638297873 2.776595744680851 3.0  
189 20.06808385744235 1.372340425531915 2.1702127659574466 2.6808510638297873 2.776595744680851 3.0  
325 16.58303571428571 0.9148936170212766 1.446808510638298 1.7872340425531914 1.851063829787234 2.0  
239 19.70346253229974 0.9148936170212766 1.446808510638298 1.7872340425531914 1.851063829787234 2.0  
144 6.758196493254903 0.9148936170212766 1.446808510638298 1.7872340425531914 1.851063829787234 2.0  
136 29.14004123741558 0.9148936170212766 1.446808510638298 1.7872340425531914 1.851063829787234 2.0  
404 4.37351370983738 0.9148936170212766 1.446808510638298 1.7872340425531914 1.851063829787234 2.0  
429 2.4904236524157386 0.9148936170212766 1.446808510638298 1.7872340425531914 1.851063829787234 2.0  
396 8.77273073989321 1.372340425531915 2.1702127659574466 2.6808510638297873 2.776595744680851 3.0  
154 0.7310062486533074 0.9148936170212766 1.446808510638298 1.7872340425531914 1.851063829787234 2.0  
73 8.098495961716358 0.9148936170212766 1.446808510638298 1.7872340425531914 1.851063829787234 2.0  
267 0.42180886407012097 1.372340425531915 2.1702127659574466 2.6808510638297873 2.776595744680851 3.0  
247 2.200616072901204 0.9148936170212766 1.446808510638298 1.7872340425531914 1.851063829787234 2.0  
304 9.946881558833999 0.9148936170212766 1.446808510638298 1.7872340425531914 1.851063829787234 2.0  
331 5.9654746930218625 0.9148936170212766 1.446808510638298 1.7872340425531914 1.851063829787234 2.0  
203 63.0 0.9148936170212766 1.446808510638298 1.7872340425531914 1.851063829787234 2.0  
314 19.673967822988043 1.372340425531915 2.1702127659574466 2.6808510638297873 2.776595744680851 3.0  
316 12.933114520013472 0.9148936170212766 1.446808510638298 1.7872340425531914 1.851063829787234 2.0  
376 67.0 1.372340425531915 2.1702127659574466 2.6808510638297873 2.776595744680851 3.0  
292 1.8573409435257249 1.372340425531915 2.1702127659574466 2.6808510638297873 2.776595744680851 3.0  
263 9.08168030539888 0.9148936170212766 1.446808510638298 1.7872340425531914 1.851063829787234 2.0  
373 7.431770294922469 0.9148936170212766 1.446808510638298 1.7872340425531914 1.851063829787234 2.0  
177 21.189239736014347 1.372340425531915 2.1702127659574466 2.6808510638297873 2.776595744680851 3.0  
58 27.253826739712395 0.9148936170212766 1.446808510638298 1.7872340425531914 1.851063829787234 2.0  
76 1.2191039675197863 1.372340425531915 2.1702127659574466 2.6808510638297873 2.776595744680851 3.0  
31 33.31029778074501 0.9148936170212766 1.446808510638298 1.7872340425531914 1.851063829787234 2.0  
113 6.456580033722893 0.9148936170212766 1.446808510638298 1.7872340425531914 1.851063829787234 2.0  
100 3.2325890224826406 1.372340425531915 2.1702127659574466 2.6808510638297873 2.776595744680851 3.0  
359 1.1618704950963015 1.372340425531915 2.1702127659574466 2.6808510638297873 2.776595744680851 3.0  
28 101.0 1.372340425531915 2.1702127659574466 2.6808510638297873 2.776595744680851 3.0  
51 22.622860047409553 0.9148936170212766 1.446808510638298 1.7872340425531914 1.851063829787234 2.0  
326 76.0 1.372340425531915 2.1702127659574466 2.6808510638297873 2.776595744680851 3.0  
349 1.9326984126984124 1.372340425531915 2.1702127659574466 2.6808510638297873 2.776595744680851 3.0  
473 21.736634454137207 1.372340425531915 2.1702127659574466 2.6808510638297873 2.776595744680851 3.0  
94 7.505201816486441 1.372340425531915 2.1702127659574466 2.6808510638297873 2.776595744680851 3.0  
190 98.0 1.372340425531915 2.1702127659574466 2.6808510638297873 2.776595744680851 3.0  
77 26.562044365209257 0.9148936170212766 1.446808510638298 1.7872340425531914 1.851063829787234 2.0  
109 12.170409394527042 0.9148936170212766 1.446808510638298 1.7872340425531914 1.851063829787234 2.0  
64 9.448230027053555 0.9148936170212766 1.446808510638298 1.7872340425531914 1.851063829787234 2.0  
452 15.93162287903667 1.372340425531915 2.1702127659574466 2.6808510638297873 2.776595744680851 3.0  
412 12.755169033094562 0.9148936170212766 1.446808510638298 1.7872340425531914 1.851063829787234 2.0  
23 101.0 1.372340425531915 2.1702127659574466 2.6808510638297873 2.776595744680851 3.0  
456 8.515884391882878 1.372340425531915 2.1702127659574466 2.6808510638297873 2.776595744680851 3.0  
117 1.1143362713334106 1.372340425531915 2.1702127659574466 2.6808510638297873 2.776595744680851 3.0  
285 2.582558747589633 1.372340425531915 2.1702127659574466 2.6808510638297873 2.776595744680851 3.0  
98 2.6678646133316612 0.9148936170212766 1.446808510638298 1.7872340425531914 1.851063829787234 2.0  
408 15.071820121601053 1.372340425531915 2.1702127659574466 2.6808510638297873 2.776595744680851 3.0  
377 5.867437622507003 0.9148936170212766 1.446808510638298 1.7872340425531914 1.851063829787234 2.0  
180 21.0 1.372340425531915 2.1702127659574466 2.6808510638297873 2.776595744680851 3.0  
416 21.760113730355663 0.9148936170212766 1.446808510638298 1.7872340425531914 1.851063829787234 2.0  
78 14.147108954874911 1.372340425531915 2.1702127659574466 2.6808510638297873 2.776595744680851 3.0  
367 8.842735042735043 0.9148936170212766 1.446808510638298 1.7872340425531914 1.851063829787234 2.0  
216 2.129278445883442 1.372340425531915 2.1702127659574466 2.6808510638297873 2.776595744680851 3.0  
193 3.382592166889228 0.9148936170212766 1.446808510638298 1.7872340425531914 1.851063829787234 2.0  
385 28.117283875544747 1.372340425531915 2.1702127659574466 2.6808510638297873 2.776595744680851 3.0  
3 1.6538705738705737 0.9148936170212766 1.446808510638298 1.7872340425531914 1.851063829787234 2.0  
69 1.3102500091689704 0.9148936170212766 1.446808510638298 1.7872340425531914 1.851063829787234 2.0  
63 22.747236467236476 0.9148936170212766 1.446808510638298 1.7872340425531914 1.851063829787234 2.0  
352 75.0 0.9148936170212766 1.446808510638298 1.7872340425531914 1.851063829787234 2.0  
474 37.58545823336791 0.9148936170212766 1.446808510638298 1.7872340425531914 1.851063829787234 2.0  
101 12.0 1.372340425531915 2.1702127659574466 2.6808510638297873 2.776595744680851 3.0  
49 33.40810153908048 0.9148936170212766 1.446808510638298 1.7872340425531914 1.851063829787234 2.0  
405 6.9941383418035725 0.9148936170212766 1.446808510638298 1.7872340425531914 1.851063829787234 2.0  
413 23.0 1.372340425531915 2.1702127659574466 2.6808510638297873 2.776595744680851 3.0  
489 4.026229393291209 1.372340425531915 2.1702127659574466 2.6808510638297873 2.776595744680851 3.0  
499 4.1585259819967275 1.372340425531915 2.1702127659574466 2.6808510638297873 2.776595744680851 3.0  
115 25.178378258013517 0.9148936170212766 1.446808510638298 1.7872340425531914 1.851063829787234 2.0  
18 17.736984341194866 0.9148936170212766 1.446808510638298 1.7872340425531914 1.851063829787234 2.0  
