200 2
TREE NETWORK (nID nID Weight):
1 0 48.0 
2 1 52.0 
100 1 57.0 
3 2 32.0 
4 3 50.0 
52 2 36.0 
59 2 30.0 
25 3 35.0 
157 0 41.0 
5 4 37.0 
158 157 35.0 
26 25 53.0 
27 25 38.0 
46 3 34.0 
67 2 59.0 
122 1 33.0 
28 27 55.0 
129 1 51.0 
29 28 53.0 
138 1 56.0 
31 28 58.0 
6 5 50.0 
7 6 41.0 
130 129 44.0 
179 0 47.0 
30 29 54.0 
75 2 37.0 
144 1 45.0 
180 0 41.0 
12 6 56.0 
23 4 38.0 
17 5 35.0 
83 2 54.0 
187 0 46.0 
93 2 50.0 
151 1 31.0 
145 144 31.0 
101 100 56.0 
131 129 35.0 
159 158 58.0 
133 129 47.0 
60 59 33.0 
160 159 30.0 
163 157 55.0 
146 145 43.0 
102 101 49.0 
170 157 44.0 
149 144 52.0 
111 101 49.0 
152 151 40.0 
112 101 52.0 
114 101 56.0 
171 170 43.0 
97 2 44.0 
103 102 41.0 
41 25 42.0 
164 163 49.0 
147 145 50.0 
8 7 40.0 
177 157 56.0 
139 138 55.0 
32 31 47.0 
84 83 38.0 
148 147 57.0 
168 163 44.0 
42 25 36.0 
85 84 54.0 
53 52 51.0 
136 129 46.0 
195 0 31.0 
13 6 41.0 
174 170 46.0 
188 187 33.0 
33 32 54.0 
189 187 30.0 
86 84 44.0 
14 6 41.0 
169 168 44.0 
62 59 51.0 
115 114 44.0 
47 46 40.0 
64 59 49.0 
190 189 53.0 
106 102 57.0 
153 152 47.0 
197 0 38.0 
91 83 56.0 
94 93 33.0 
48 3 52.0 
172 171 36.0 
165 164 38.0 
68 67 45.0 
98 97 37.0 
141 138 57.0 
198 197 53.0 
73 67 44.0 
76 75 56.0 
34 33 40.0 
51 3 45.0 
162 159 40.0 
54 53 34.0 
15 6 38.0 
96 93 50.0 
143 138 47.0 
95 94 36.0 
123 122 45.0 
192 187 47.0 
175 170 48.0 
69 68 56.0 
71 68 52.0 
134 133 54.0 
155 1 50.0 
99 98 33.0 
65 64 54.0 
79 75 34.0 
140 139 43.0 
20 5 37.0 
199 197 32.0 
63 62 35.0 
16 15 43.0 
18 17 34.0 
57 53 41.0 
87 86 30.0 
43 42 34.0 
191 190 47.0 
181 180 47.0 
127 122 35.0 
132 131 52.0 
77 76 49.0 
44 43 58.0 
21 20 32.0 
61 60 44.0 
185 180 50.0 
35 34 54.0 
107 106 34.0 
10 7 48.0 
128 127 48.0 
74 73 38.0 
124 123 51.0 
81 75 49.0 
104 103 56.0 
66 64 42.0 
109 102 45.0 
72 71 52.0 
24 4 56.0 
110 109 47.0 
173 172 41.0 
45 44 39.0 
161 160 31.0 
49 48 52.0 
193 192 44.0 
39 31 47.0 
80 79 38.0 
176 170 45.0 
36 35 52.0 
196 195 40.0 
118 100 59.0 
125 124 38.0 
182 181 32.0 
137 136 31.0 
154 151 43.0 
37 34 56.0 
90 84 40.0 
166 164 54.0 
183 182 54.0 
142 141 39.0 
120 100 42.0 
55 54 54.0 
121 120 35.0 
135 134 37.0 
38 33 38.0 
113 112 53.0 
70 69 39.0 
126 124 32.0 
9 8 51.0 
178 157 47.0 
194 187 42.0 
22 21 51.0 
88 86 46.0 
78 77 42.0 
89 88 47.0 
117 114 30.0 
184 183 37.0 
108 106 44.0 
19 17 42.0 
119 118 42.0 
82 75 31.0 
116 115 33.0 
186 180 35.0 
40 39 36.0 
92 83 47.0 
11 7 45.0 
150 144 36.0 
105 104 37.0 
50 49 36.0 
167 166 34.0 
58 52 58.0 
56 54 57.0 
156 1 35.0 
PROGRAMS ASSIGNED TO NODES (nID pID1 pID2 ...):
0 1 2  
161  
189  
196  
139  
24 1  
174  
20  
199  
7 1  
138  
165  
180 1  
30  
97 2  
137  
153 2  
44 2  
148 1  
56  
64  
21 2  
197 1  
18  
173 1  
99  
115 2  
54  
158 2  
182 1  
144  
11  
145  
88  
162 2  
84  
190  
118  
114  
123 1  
60  
48 1  
194 1  
131 2  
146 2  
53  
193 2  
185 2  
31  
23 2  
61  
155  
90 1  
50 2  
39 2  
71 1  
19  
177  
183  
33  
28 1  
160 2  
154  
75  
175 2  
86  
77 1  
58  
91 2  
82  
15 1  
79 2  
74 2  
127  
179  
52 2  
94  
40 2  
9 2  
73 2  
45  
65 2  
188 1  
164 1  
108  
166 1  
13 2  
70 1  
34  
17 2  
6 1  
32  
130  
192 2  
198 2  
101 2  
27  
151 1  
2 1  
172 1  
93  
110  
96  
5 1  
111 1  
1  
124 1  
47 1  
195 2  
83  
43 1  
37 2  
122  
176  
186  
67 2  
62 2  
152  
42  
135  
25  
119 2  
26  
76 2  
147 2  
107  
22 2  
100  
159 2  
117  
38 2  
149  
16 2  
184  
80  
142  
104 1  
35  
168  
87  
178 2  
59 1  
191  
55  
181  
29  
69 1  
36  
78  
10  
14  
46  
103 2  
126 2  
136  
171  
187 1  
169  
66  
95  
3 2  
163 2  
102  
49  
150 1  
120  
170 1  
57  
140 1  
125 2  
112  
133 2  
106 1  
8 1  
63 1  
4 2  
68  
116 1  
92  
98  
121  
89 1  
113  
156 1  
129  
167  
12 1  
132 1  
109  
157 1  
105 1  
128  
85  
143 2  
81 1  
134  
51  
72 1  
141  
41 2  
SIZE OF PROGRAMS (pID SIZE):
1 49.0 
2 81.0 
COST_INSTALL_SERVER_AND_PROGRAMS :
0 1481.4814814814815 1.8148148148148149 3.0  
161 31.0 1.8148148148148149 3.0  
189 42.0 1.2098765432098766 2.0  
196 39.0 1.8148148148148149 3.0  
139 0.9461195286195285 1.2098765432098766 2.0  
24 2.483708689458689 1.2098765432098766 2.0  
174 99.0 1.2098765432098766 2.0  
20 5.264892411642411 1.8148148148148149 3.0  
199 62.0 1.2098765432098766 2.0  
7 7.080780953717945 1.8148148148148149 3.0  
138 0.16479276895943515 1.8148148148148149 3.0  
165 94.0 1.2098765432098766 2.0  
180 64.0 1.2098765432098766 2.0  
30 94.0 1.2098765432098766 2.0  
97 0.20861013986013985 1.8148148148148149 3.0  
137 16.0 1.8148148148148149 3.0  
153 3.02928448867536 1.8148148148148149 3.0  
44 1.1119632687292424 1.8148148148148149 3.0  
148 2.2291210149028484 1.8148148148148149 3.0  
56 23.0 1.8148148148148149 3.0  
64 0.5598253532182104 1.2098765432098766 2.0  
21 1.230607068607069 1.2098765432098766 2.0  
197 0.5363872644574399 1.8148148148148149 3.0  
18 12.0 1.8148148148148149 3.0  
173 0.41897114460926144 1.8148148148148149 3.0  
99 100.0 1.2098765432098766 2.0  
115 7.18869687546588 1.2098765432098766 2.0  
54 64.0 1.2098765432098766 2.0  
158 0.22898954703832752 1.2098765432098766 2.0  
182 1.1724661967364356 1.8148148148148149 3.0  
144 1.8302983539094648 1.2098765432098766 2.0  
11 74.0 1.8148148148148149 3.0  
145 3.814899442453205 1.8148148148148149 3.0  
88 3.0773995973938764 1.2098765432098766 2.0  
162 2.826868316712724 1.8148148148148149 3.0  
84 0.23452073024441447 1.8148148148148149 3.0  
190 45.0 1.2098765432098766 2.0  
118 0.8888603925066906 1.8148148148148149 3.0  
114 2.782873464525511 1.2098765432098766 2.0  
123 0.4721801346801348 1.8148148148148149 3.0  
60 26.0 1.2098765432098766 2.0  
48 6.563400205761317 1.2098765432098766 2.0  
194 0.10220075147611381 1.2098765432098766 2.0  
131 3.1868982778296497 1.8148148148148149 3.0  
146 3.5904744936234056 1.2098765432098766 2.0  
53 109.0 1.2098765432098766 2.0  
193 0.3325182911445631 1.2098765432098766 2.0  
185 0.9573658536585365 1.2098765432098766 2.0  
31 6.054951579726988 1.8148148148148149 3.0  
23 4.5168127530364375 1.2098765432098766 2.0  
61 62.0 1.2098765432098766 2.0  
155 46.0 1.2098765432098766 2.0  
90 0.35702073024441444 1.8148148148148149 3.0  
50 4.8850961538461535 1.8148148148148149 3.0  
39 7.0889941329184785 1.8148148148148149 3.0  
71 0.3614969538204001 1.2098765432098766 2.0  
19 31.0 1.2098765432098766 2.0  
177 92.0 1.2098765432098766 2.0  
183 44.0 1.8148148148148149 3.0  
33 1.33149902215308 1.8148148148148149 3.0  
28 6.047163732141802 1.8148148148148149 3.0  
160 3.8318683167127237 1.2098765432098766 2.0  
154 20.0 1.8148148148148149 3.0  
75 0.3907032032032032 1.8148148148148149 3.0  
175 2.102411308203991 1.2098765432098766 2.0  
86 2.4382691626112676 1.2098765432098766 2.0  
77 0.3952588806755474 1.2098765432098766 2.0  
58 56.0 1.8148148148148149 3.0  
91 1.914972527472527 1.8148148148148149 3.0  
82 19.0 1.8148148148148149 3.0  
15 1.6590584663610977 1.8148148148148149 3.0  
79 0.5816734438057968 1.2098765432098766 2.0  
74 0.5590561701902023 1.8148148148148149 3.0  
127 102.0 1.8148148148148149 3.0  
179 96.0 1.8148148148148149 3.0  
52 1.4971153846153844 1.8148148148148149 3.0  
94 55.0 1.2098765432098766 2.0  
40 9.038994132918479 1.2098765432098766 2.0  
9 1.3794476547096708 1.8148148148148149 3.0  
73 0.34589827545336016 1.8148148148148149 3.0  
45 51.0 1.8148148148148149 3.0  
65 4.258952119309261 1.2098765432098766 2.0  
188 0.13401893329429565 1.2098765432098766 2.0  
164 0.1271216227313788 1.8148148148148149 3.0  
108 76.0 1.8148148148148149 3.0  
166 0.2783561906326134 1.2098765432098766 2.0  
13 6.708744751787434 1.2098765432098766 2.0  
70 2.882443261383939 1.2098765432098766 2.0  
34 9.203994132918478 1.8148148148148149 3.0  
17 0.8899917211167212 1.8148148148148149 3.0  
6 1.3169532032032034 1.8148148148148149 3.0  
32 1.2814990221530798 1.2098765432098766 2.0  
130 70.0 1.2098765432098766 2.0  
192 0.890564292321924 1.2098765432098766 2.0  
198 0.1659880834160874 1.2098765432098766 2.0  
101 0.41005871159379925 1.2098765432098766 2.0  
27 10.117159604257557 1.2098765432098766 2.0  
151 1.5998689101287666 1.2098765432098766 2.0  
2 1.5321502057613166 1.2098765432098766 2.0  
172 0.35995277664780406 1.2098765432098766 2.0  
93 85.0 1.8148148148148149 3.0  
110 76.0 1.8148148148148149 3.0  
96 45.0 1.8148148148148149 3.0  
5 1.0569532032032034 1.8148148148148149 3.0  
111 1.5273635477582845 1.2098765432098766 2.0  
1 0.6854423868312751 1.2098765432098766 2.0  
124 3.84616233137475 1.2098765432098766 2.0  
47 2.9704145718116304 1.2098765432098766 2.0  
195 101.0 1.8148148148148149 3.0  
83 2.147376543209876 1.8148148148148149 3.0  
43 7.4576159784901614 1.2098765432098766 2.0  
37 10.07185127577562 1.8148148148148149 3.0  
122 0.3437850729517396 1.2098765432098766 2.0  
176 109.0 1.2098765432098766 2.0  
186 86.0 1.8148148148148149 3.0  
67 1.8208002022738365 1.2098765432098766 2.0  
62 5.578168119099492 1.8148148148148149 3.0  
152 0.33254032258064514 1.8148148148148149 3.0  
42 10.262871105232215 1.2098765432098766 2.0  
135 65.0 1.8148148148148149 3.0  
25 4.235938418577308 1.2098765432098766 2.0  
119 0.341000541608258 1.8148148148148149 3.0  
26 27.0 1.2098765432098766 2.0  
76 0.7833398875065543 1.2098765432098766 2.0  
147 3.282914177618479 1.8148148148148149 3.0  
107 25.0 1.8148148148148149 3.0  
22 1.2894305980188334 1.8148148148148149 3.0  
100 0.07549545159194265 1.8148148148148149 3.0  
159 2.211868316712724 1.2098765432098766 2.0  
117 104.0 1.8148148148148149 3.0  
38 9.86794150133953 1.2098765432098766 2.0  
149 67.0 1.8148148148148149 3.0  
16 1.3220931374482479 1.2098765432098766 2.0  
184 30.0 1.8148148148148149 3.0  
80 19.0 1.8148148148148149 3.0  
142 69.0 1.8148148148148149 3.0  
104 0.4615727864149986 1.2098765432098766 2.0  
35 93.0 1.8148148148148149 3.0  
168 77.0 1.8148148148148149 3.0  
87 80.0 1.2098765432098766 2.0  
178 0.169901401141671 1.2098765432098766 2.0  
59 3.6239197530864202 1.8148148148148149 3.0  
191 41.0 1.2098765432098766 2.0  
55 56.0 1.2098765432098766 2.0  
181 0.6166791596993983 1.2098765432098766 2.0  
29 56.0 1.2098765432098766 2.0  
69 1.7656341445748225 1.8148148148148149 3.0  
36 76.0 1.8148148148148149 3.0  
78 53.0 1.8148148148148149 3.0  
10 65.0 1.8148148148148149 3.0  
14 86.0 1.2098765432098766 2.0  
46 2.2354145718116305 1.2098765432098766 2.0  
103 6.378238695040608 1.8148148148148149 3.0  
126 4.23691844919786 1.8148148148148149 3.0  
136 37.0 1.8148148148148149 3.0  
171 0.9800870302571947 1.8148148148148149 3.0  
187 97.0 1.8148148148148149 3.0  
169 102.0 1.8148148148148149 3.0  
66 82.0 1.8148148148148149 3.0  
95 94.0 1.8148148148148149 3.0  
3 4.646733539094649 1.2098765432098766 2.0  
163 0.3118064109934028 1.8148148148148149 3.0  
102 2.926580947518709 1.2098765432098766 2.0  
49 0.5891826923076924 1.8148148148148149 3.0  
150 1.356574074074074 1.2098765432098766 2.0  
120 16.0 1.8148148148148149 3.0  
170 0.5678670170540088 1.8148148148148149 3.0  
57 92.0 1.8148148148148149 3.0  
140 1.6298404588520865 1.2098765432098766 2.0  
125 0.7661859696031522 1.2098765432098766 2.0  
112 78.0 1.2098765432098766 2.0  
133 1.1994837296620775 1.8148148148148149 3.0  
106 2.0431530214424947 1.2098765432098766 2.0  
8 9.184587538080084 1.2098765432098766 2.0  
63 2.8484292776939832 1.2098765432098766 2.0  
4 0.7056018518518519 1.8148148148148149 3.0  
68 0.2672661845896309 1.2098765432098766 2.0  
116 0.5019090761415324 1.2098765432098766 2.0  
92 84.0 1.2098765432098766 2.0  
98 38.0 1.8148148148148149 3.0  
121 94.0 1.8148148148148149 3.0  
89 3.3399685493245306 1.8148148148148149 3.0  
113 79.0 1.8148148148148149 3.0  
156 0.06060185185185185 1.8148148148148149 3.0  
129 0.8872397724521905 1.2098765432098766 2.0  
167 37.0 1.2098765432098766 2.0  
12 0.6443838806755473 1.2098765432098766 2.0  
132 0.3114048796156639 1.2098765432098766 2.0  
109 31.0 1.2098765432098766 2.0  
157 53.0 1.2098765432098766 2.0  
105 0.5940052188474311 1.2098765432098766 2.0  
128 97.0 1.2098765432098766 2.0  
85 27.0 1.8148148148148149 3.0  
143 1.1143996960486322 1.8148148148148149 3.0  
81 0.24726505351505354 1.8148148148148149 3.0  
134 48.0 1.8148148148148149 3.0  
51 70.0 1.8148148148148149 3.0  
72 2.371403375344053 1.8148148148148149 3.0  
141 35.0 1.8148148148148149 3.0  
41 0.7019299450549451 1.8148148148148149 3.0  
