300 6
TREE NETWORK (nID nID Weight):
1 0 41.0 
2 1 55.0 
105 1 53.0 
170 0 40.0 
128 1 58.0 
247 0 36.0 
3 2 56.0 
106 105 44.0 
253 0 40.0 
254 253 53.0 
25 2 59.0 
260 253 49.0 
34 2 45.0 
4 3 58.0 
171 170 56.0 
156 1 43.0 
117 105 42.0 
173 170 48.0 
191 170 57.0 
35 34 52.0 
213 170 48.0 
236 170 37.0 
261 260 51.0 
26 25 49.0 
49 34 42.0 
64 34 44.0 
274 0 31.0 
255 254 52.0 
264 253 39.0 
192 191 40.0 
82 2 33.0 
275 274 54.0 
118 117 34.0 
174 173 30.0 
107 106 48.0 
113 106 41.0 
193 192 31.0 
129 128 53.0 
36 35 36.0 
279 0 46.0 
130 129 57.0 
214 213 54.0 
31 25 52.0 
5 4 48.0 
265 253 42.0 
83 82 58.0 
175 174 49.0 
41 35 32.0 
215 214 54.0 
18 3 49.0 
84 83 44.0 
142 128 32.0 
143 142 36.0 
159 1 31.0 
233 213 57.0 
280 279 50.0 
6 5 54.0 
7 6 38.0 
97 82 47.0 
291 279 40.0 
256 255 56.0 
88 83 51.0 
151 128 51.0 
108 107 33.0 
50 49 50.0 
93 83 55.0 
163 1 37.0 
20 3 49.0 
262 261 42.0 
144 142 42.0 
281 280 59.0 
169 1 44.0 
27 26 32.0 
183 173 30.0 
132 129 40.0 
292 291 55.0 
157 156 43.0 
294 279 52.0 
65 64 53.0 
187 173 47.0 
201 191 41.0 
135 129 52.0 
282 280 51.0 
8 7 42.0 
164 163 37.0 
109 107 32.0 
37 36 34.0 
24 3 42.0 
238 170 40.0 
51 50 42.0 
267 253 47.0 
239 238 44.0 
145 142 56.0 
14 4 38.0 
206 191 32.0 
70 64 39.0 
259 254 43.0 
13 6 32.0 
257 255 39.0 
287 280 53.0 
133 132 58.0 
202 201 47.0 
66 65 49.0 
276 275 56.0 
74 64 45.0 
216 215 55.0 
188 187 53.0 
277 276 44.0 
45 35 53.0 
178 174 35.0 
237 236 51.0 
283 282 41.0 
71 70 59.0 
57 50 56.0 
77 34 30.0 
58 57 33.0 
284 282 39.0 
194 193 47.0 
227 214 47.0 
85 84 55.0 
179 178 31.0 
146 145 32.0 
207 206 57.0 
248 247 52.0 
67 66 31.0 
242 238 58.0 
110 107 49.0 
94 83 32.0 
296 279 37.0 
249 248 55.0 
15 4 54.0 
228 227 36.0 
288 280 46.0 
69 65 54.0 
99 2 44.0 
114 113 43.0 
72 70 46.0 
297 296 31.0 
68 66 34.0 
9 8 34.0 
39 36 47.0 
136 129 53.0 
268 267 44.0 
62 57 34.0 
29 26 44.0 
165 164 37.0 
111 110 56.0 
38 37 33.0 
76 64 53.0 
102 2 49.0 
210 206 40.0 
244 238 59.0 
223 215 57.0 
230 227 47.0 
166 163 58.0 
197 193 40.0 
269 268 38.0 
229 228 30.0 
19 18 37.0 
167 163 49.0 
251 248 32.0 
131 130 54.0 
30 26 58.0 
148 142 39.0 
96 83 39.0 
78 77 50.0 
137 136 32.0 
100 99 45.0 
199 192 47.0 
217 216 54.0 
32 25 31.0 
141 136 54.0 
278 277 48.0 
184 183 41.0 
10 7 30.0 
293 292 47.0 
155 128 45.0 
101 100 58.0 
168 163 49.0 
208 207 53.0 
172 171 56.0 
240 239 48.0 
203 202 39.0 
149 142 58.0 
40 39 57.0 
211 206 48.0 
89 88 33.0 
47 35 39.0 
225 215 33.0 
245 238 34.0 
160 159 43.0 
189 173 44.0 
11 10 45.0 
161 159 34.0 
138 137 53.0 
209 207 41.0 
147 146 54.0 
122 105 59.0 
104 2 40.0 
46 45 58.0 
123 105 39.0 
92 88 58.0 
42 41 30.0 
59 58 43.0 
241 239 55.0 
60 59 51.0 
52 51 55.0 
61 59 51.0 
185 183 48.0 
28 27 36.0 
86 85 48.0 
198 197 40.0 
119 118 43.0 
79 34 47.0 
200 192 39.0 
87 85 30.0 
246 238 37.0 
266 265 39.0 
63 49 42.0 
120 117 43.0 
124 123 47.0 
103 102 51.0 
134 132 49.0 
16 4 39.0 
224 223 58.0 
116 113 59.0 
273 253 44.0 
115 114 42.0 
270 268 42.0 
299 296 31.0 
295 294 52.0 
258 257 47.0 
186 183 54.0 
298 297 30.0 
285 284 58.0 
21 20 36.0 
12 7 41.0 
43 42 59.0 
289 280 50.0 
176 175 37.0 
121 117 58.0 
231 227 53.0 
232 227 52.0 
126 123 37.0 
152 151 58.0 
190 189 41.0 
75 74 37.0 
139 138 49.0 
153 151 40.0 
263 262 49.0 
162 161 53.0 
180 178 49.0 
80 79 37.0 
218 217 54.0 
33 25 33.0 
53 52 48.0 
44 43 38.0 
250 249 45.0 
158 157 52.0 
56 52 35.0 
195 194 35.0 
95 94 45.0 
204 203 31.0 
286 284 40.0 
98 82 31.0 
234 213 51.0 
220 216 35.0 
177 176 42.0 
271 267 35.0 
90 89 51.0 
235 213 56.0 
54 53 40.0 
226 225 45.0 
55 54 52.0 
112 111 39.0 
154 153 53.0 
140 138 50.0 
73 72 50.0 
205 202 43.0 
17 4 53.0 
48 47 30.0 
243 242 49.0 
150 142 48.0 
272 271 55.0 
127 105 34.0 
91 90 58.0 
22 20 42.0 
252 248 39.0 
221 216 33.0 
125 124 51.0 
212 206 39.0 
181 180 41.0 
182 181 58.0 
290 289 39.0 
81 79 32.0 
196 194 34.0 
219 218 55.0 
23 22 57.0 
222 216 41.0 
PROGRAMS ASSIGNED TO NODES (nID pID1 pID2 ...):
0 1 2 3 4 5 6  
164 1 3 4 5  
51 6  
98 2 4 5  
197 1 2 3 4 5  
220 1 2 6  
25 1  
291  
235 4 6  
216 1 2 3 6  
140  
138 1 2 5  
245 1 3 4 5 6  
187  
111 3 4 6  
35  
133  
99 1 2 4 5 6  
189 2 5 6  
209 1 2 3 5 6  
143 2 5 6  
288 1 3 4 6  
180  
233  
254 1 2 5  
183 2 3 4 6  
298 3  
14 2 3 4 6  
65 2 5  
27 5  
181 1 4 6  
213 1 2 3 5 6  
219 1  
127 5 6  
266 2 3 4 5 6  
97  
120 5  
175 1 2 4 5 6  
263 6  
89 1 2 3 4 6  
225  
256 1 2 3 4 5  
267 2 3 4 5  
275 3  
206 1 2 4 5 6  
123 3 6  
142 2  
139 2 3 4  
255 2 3 4  
109 1 2 3 5 6  
58 4  
136  
61 1 2 3 4  
246 2 3 5  
165 3 4 5  
16 1 2 3 5 6  
38 2 3 6  
101  
208 1 3 4 6  
113 2 3  
169 1 2 5 6  
202 1 5  
290 1 3 4 6  
1 1 4 5 6  
45 1 3 5  
67 1 2 5 6  
269 2 5 6  
81  
3 2 3 4 5 6  
121  
41 3 5 6  
119 3 5  
129 4  
229 1 2  
90 1 2 3  
122  
261 1 4 6  
60 4 5  
174  
130 2  
9 3  
193 1 2 5  
146 2 3 5  
223 1 2 5 6  
293 1 2 3 4  
244 3 6  
108 1  
162 2 3 4 6  
137 1 2 3 4 6  
173 2 3 5 6  
39 1 3 5  
13 1 2 3 4 6  
78 1 2  
214  
76 1 2 3 5 6  
188  
36 2 3 5 6  
210  
94 1 2 4 5 6  
49 5 6  
192 1 2 3 4  
231 1 2 5 6  
161  
273 1 2 3 4 5  
68 2 3 4 5 6  
200 1 3 4 5  
297 6  
282 5  
237 1 3 6  
271  
30  
125 1 3 5 6  
26 3 4  
217 1 2 5 6  
294 3 4  
203 1 2 3 4  
37 1  
201 3  
262 2 4  
170 1 2 3  
167  
182 2 3 4 5  
285 2 5 6  
52 4 5 6  
8  
234 1 2 4 5  
168 1 2  
21 3 5 6  
85 1 2 3  
212 2  
70 1 5 6  
10  
100  
299 2 3  
62 1 2 3 6  
84 4 6  
11 1 2 3 5 6  
128  
83 4 6  
265 3 4  
23 2 3 4 5  
55 1 3 4 5 6  
272 1 5 6  
74 2  
7 4  
91 1 2 3 4 5  
191 6  
114  
279  
75  
40 3 4 5 6  
260 2 4 6  
112 1 3 4 5 6  
19 6  
15 1 4 6  
194  
126 4  
134 1 4 5 6  
157 1 2 3 4 5  
166 1 2 4 5 6  
63 4 5 6  
57 3  
43 1 3 4  
221 1 2 3 5  
56 1 2 4 6  
226 3  
172 3 4 6  
295 1 2 3 4 6  
178 4  
50 2 3 4  
257 1  
240 6  
104 2  
95 1 2 3 5 6  
144  
32  
238  
88 5  
154  
66 3 5 6  
227 3 6  
186 2 3 5 6  
116 1 2 4  
163 3 4  
222 2 5  
258 1 3 5 6  
20  
147  
96 1 3 4 6  
179 1 2 3 4 5  
248 1 2 3 4  
274 2 6  
239 5 6  
224 1 4 6  
242 3 4 5 6  
190 1 3 5  
103 4  
158 3  
177  
268 2 3 4 5 6  
149 1 2 3 4 5  
92 1 3 4 5  
153 2 4 6  
131 2 4  
218 1 3 4 5  
79 1 4  
159 3 4 5  
236  
259  
110 5 6  
12  
29 2 4 5 6  
156 3 4 6  
117 2 3 6  
47 1 3 4 5  
278 5  
107 2 6  
17 1 2 3 4 5  
33  
277 4  
195 2 3 4 5 6  
5 2 5 6  
280 1 3 4 5 6  
247  
289 1 5 6  
18 1 3 4 5 6  
207  
102 3 4  
230 1  
135 3 4 6  
292 5  
59 1 3 5  
228 1 3 6  
80 5  
2 3 5  
46 5  
264 6  
87 1 3 4 6  
106 1 3 4 5 6  
185 1 3 6  
53 5  
72 2 3 5  
251 1 3 4 5 6  
115 1 2 5 6  
249 2 3 4 5 6  
86 1 2 3  
64  
151 1 2 3 4 5  
4 3 4  
286 1 5  
93  
148  
48 3 5  
283 1 2 3 5 6  
171 1 2 6  
215 1 2 4 5 6  
24 1 2 4 5  
243 2 5 6  
6  
141 2 3 6  
155 3 4 5 6  
31  
69 1 2 4 5 6  
196 1 2 4 5 6  
160 1 3 4  
232 1 2 3 4 5  
152 4 6  
270 2 4 5  
42 1 2 5 6  
176 2 3 5  
150 1 2 3 4 5  
199 1 2 5  
276 2 3 5  
184 1 2 4 5 6  
44 2 3 4 5 6  
253 2 4 5 6  
118 1 5 6  
77 1 2 6  
284 2 4 5  
82  
250 1 2 3 4 6  
296 1 4 5 6  
198 1 3 5  
73  
124 1 2 4 5 6  
211 3 5 6  
205 1 2 4 5 6  
145 2 6  
241 1 3 5  
252 2 3 5  
34 1  
71 1 2 4  
281 5  
22 4  
54 1 3 4 5 6  
204 1 2  
287 1 2 4 5 6  
28 1 2 3 5 6  
132 1 3 4 6  
105 3  
SIZE OF PROGRAMS (pID SIZE):
1 76.0 
2 79.0 
3 84.0 
4 95.0 
5 87.0 
6 50.0 
COST_INSTALL_SERVER_AND_PROGRAMS :
0 1991.578947368421 1.6 1.6631578947368422 1.768421052631579 2.0 1.831578947368421 1.0526315789473684  
164 1.9627949901120634 1.6 1.6631578947368422 1.768421052631579 2.0 1.831578947368421 1.0526315789473684  
51 27.724041784854915 1.6 1.6631578947368422 1.768421052631579 2.0 1.831578947368421 1.0526315789473684  
98 18.653264543233487 1.6 1.6631578947368422 1.768421052631579 2.0 1.831578947368421 1.0526315789473684  
197 17.00697840030183 2.4 2.4947368421052634 2.6526315789473682 3.0 2.7473684210526317 1.5789473684210527  
220 2.22570520366573 1.6 1.6631578947368422 1.768421052631579 2.0 1.831578947368421 1.0526315789473684  
25 12.165414613236457 1.6 1.6631578947368422 1.768421052631579 2.0 1.831578947368421 1.0526315789473684  
291 1.7019832189168567 2.4 2.4947368421052634 2.6526315789473682 3.0 2.7473684210526317 1.5789473684210527  
235 3.569731620718462 2.4 2.4947368421052634 2.6526315789473682 3.0 2.7473684210526317 1.5789473684210527  
216 36.064943134351026 1.6 1.6631578947368422 1.768421052631579 2.0 1.831578947368421 1.0526315789473684  
140 42.0 2.4 2.4947368421052634 2.6526315789473682 3.0 2.7473684210526317 1.5789473684210527  
138 10.991630722592541 2.4 2.4947368421052634 2.6526315789473682 3.0 2.7473684210526317 1.5789473684210527  
245 11.250278637770899 2.4 2.4947368421052634 2.6526315789473682 3.0 2.7473684210526317 1.5789473684210527  
187 63.0 2.4 2.4947368421052634 2.6526315789473682 3.0 2.7473684210526317 1.5789473684210527  
111 15.883405300614353 2.4 2.4947368421052634 2.6526315789473682 3.0 2.7473684210526317 1.5789473684210527  
35 7.203145466001694 1.6 1.6631578947368422 1.768421052631579 2.0 1.831578947368421 1.0526315789473684  
133 19.0 1.6 1.6631578947368422 1.768421052631579 2.0 1.831578947368421 1.0526315789473684  
99 5.6549089742093575 2.4 2.4947368421052634 2.6526315789473682 3.0 2.7473684210526317 1.5789473684210527  
189 3.708027644869751 2.4 2.4947368421052634 2.6526315789473682 3.0 2.7473684210526317 1.5789473684210527  
209 18.98401797175866 2.4 2.4947368421052634 2.6526315789473682 3.0 2.7473684210526317 1.5789473684210527  
143 10.317037315745207 1.6 1.6631578947368422 1.768421052631579 2.0 1.831578947368421 1.0526315789473684  
288 2.9187871853546907 2.4 2.4947368421052634 2.6526315789473682 3.0 2.7473684210526317 1.5789473684210527  
180 4.548320354457572 2.4 2.4947368421052634 2.6526315789473682 3.0 2.7473684210526317 1.5789473684210527  
233 40.0 1.6 1.6631578947368422 1.768421052631579 2.0 1.831578947368421 1.0526315789473684  
254 4.144886863384877 1.6 1.6631578947368422 1.768421052631579 2.0 1.831578947368421 1.0526315789473684  
183 14.467904135338344 1.6 1.6631578947368422 1.768421052631579 2.0 1.831578947368421 1.0526315789473684  
298 4.702568156109161 1.6 1.6631578947368422 1.768421052631579 2.0 1.831578947368421 1.0526315789473684  
14 11.150743658979243 2.4 2.4947368421052634 2.6526315789473682 3.0 2.7473684210526317 1.5789473684210527  
65 15.503267446216677 1.6 1.6631578947368422 1.768421052631579 2.0 1.831578947368421 1.0526315789473684  
27 9.03670843031568 1.6 1.6631578947368422 1.768421052631579 2.0 1.831578947368421 1.0526315789473684  
181 54.52939377594058 2.4 2.4947368421052634 2.6526315789473682 3.0 2.7473684210526317 1.5789473684210527  
213 3.5487312030075184 2.4 2.4947368421052634 2.6526315789473682 3.0 2.7473684210526317 1.5789473684210527  
219 1.027659932659933 1.6 1.6631578947368422 1.768421052631579 2.0 1.831578947368421 1.0526315789473684  
127 5.421537240274558 1.6 1.6631578947368422 1.768421052631579 2.0 1.831578947368421 1.0526315789473684  
266 10.160569693464433 2.4 2.4947368421052634 2.6526315789473682 3.0 2.7473684210526317 1.5789473684210527  
97 18.0 1.6 1.6631578947368422 1.768421052631579 2.0 1.831578947368421 1.0526315789473684  
120 0.6026566091488098 1.6 1.6631578947368422 1.768421052631579 2.0 1.831578947368421 1.0526315789473684  
175 7.777757595519411 2.4 2.4947368421052634 2.6526315789473682 3.0 2.7473684210526317 1.5789473684210527  
263 0.38827373054484954 2.4 2.4947368421052634 2.6526315789473682 3.0 2.7473684210526317 1.5789473684210527  
89 41.59305907025246 2.4 2.4947368421052634 2.6526315789473682 3.0 2.7473684210526317 1.5789473684210527  
225 0.7738144603934078 1.6 1.6631578947368422 1.768421052631579 2.0 1.831578947368421 1.0526315789473684  
256 23.537966032643286 1.6 1.6631578947368422 1.768421052631579 2.0 1.831578947368421 1.0526315789473684  
267 2.885261158214686 1.6 1.6631578947368422 1.768421052631579 2.0 1.831578947368421 1.0526315789473684  
275 7.178334276551594 1.6 1.6631578947368422 1.768421052631579 2.0 1.831578947368421 1.0526315789473684  
206 19.03108552631579 2.4 2.4947368421052634 2.6526315789473682 3.0 2.7473684210526317 1.5789473684210527  
123 2.2535730934117835 1.6 1.6631578947368422 1.768421052631579 2.0 1.831578947368421 1.0526315789473684  
142 23.36524984269968 1.6 1.6631578947368422 1.768421052631579 2.0 1.831578947368421 1.0526315789473684  
139 10.683809526320086 2.4 2.4947368421052634 2.6526315789473682 3.0 2.7473684210526317 1.5789473684210527  
255 1.9803695286838288 1.6 1.6631578947368422 1.768421052631579 2.0 1.831578947368421 1.0526315789473684  
109 9.727485262683267 1.6 1.6631578947368422 1.768421052631579 2.0 1.831578947368421 1.0526315789473684  
58 34.28068693352005 1.6 1.6631578947368422 1.768421052631579 2.0 1.831578947368421 1.0526315789473684  
136 8.681809588079886 2.4 2.4947368421052634 2.6526315789473682 3.0 2.7473684210526317 1.5789473684210527  
61 28.06413139674927 2.4 2.4947368421052634 2.6526315789473682 3.0 2.7473684210526317 1.5789473684210527  
246 6.817211948790894 2.4 2.4947368421052634 2.6526315789473682 3.0 2.7473684210526317 1.5789473684210527  
165 16.707066578773897 2.4 2.4947368421052634 2.6526315789473682 3.0 2.7473684210526317 1.5789473684210527  
16 18.55762550759851 1.6 1.6631578947368422 1.768421052631579 2.0 1.831578947368421 1.0526315789473684  
38 10.43242851613387 2.4 2.4947368421052634 2.6526315789473682 3.0 2.7473684210526317 1.5789473684210527  
101 98.0 1.6 1.6631578947368422 1.768421052631579 2.0 1.831578947368421 1.0526315789473684  
208 2.7191668735518038 1.6 1.6631578947368422 1.768421052631579 2.0 1.831578947368421 1.0526315789473684  
113 22.55022881168533 2.4 2.4947368421052634 2.6526315789473682 3.0 2.7473684210526317 1.5789473684210527  
169 3.1760835570078183 2.4 2.4947368421052634 2.6526315789473682 3.0 2.7473684210526317 1.5789473684210527  
202 2.6673555158003985 2.4 2.4947368421052634 2.6526315789473682 3.0 2.7473684210526317 1.5789473684210527  
290 2.0229894971542564 1.6 1.6631578947368422 1.768421052631579 2.0 1.831578947368421 1.0526315789473684  
1 92.0 2.4 2.4947368421052634 2.6526315789473682 3.0 2.7473684210526317 1.5789473684210527  
45 2.0214565582190986 1.6 1.6631578947368422 1.768421052631579 2.0 1.831578947368421 1.0526315789473684  
67 18.61160724835995 2.4 2.4947368421052634 2.6526315789473682 3.0 2.7473684210526317 1.5789473684210527  
269 1.6041677695205134 1.6 1.6631578947368422 1.768421052631579 2.0 1.831578947368421 1.0526315789473684  
81 109.0 1.6 1.6631578947368422 1.768421052631579 2.0 1.831578947368421 1.0526315789473684  
3 1.8546366053715215 1.6 1.6631578947368422 1.768421052631579 2.0 1.831578947368421 1.0526315789473684  
121 28.0 1.6 1.6631578947368422 1.768421052631579 2.0 1.831578947368421 1.0526315789473684  
41 17.117522000624533 1.6 1.6631578947368422 1.768421052631579 2.0 1.831578947368421 1.0526315789473684  
119 6.532383573662988 2.4 2.4947368421052634 2.6526315789473682 3.0 2.7473684210526317 1.5789473684210527  
129 3.308103531198945 2.4 2.4947368421052634 2.6526315789473682 3.0 2.7473684210526317 1.5789473684210527  
229 1.7849894757579527 2.4 2.4947368421052634 2.6526315789473682 3.0 2.7473684210526317 1.5789473684210527  
90 50.317565593626185 2.4 2.4947368421052634 2.6526315789473682 3.0 2.7473684210526317 1.5789473684210527  
122 36.0 1.6 1.6631578947368422 1.768421052631579 2.0 1.831578947368421 1.0526315789473684  
261 3.0093353130725977 2.4 2.4947368421052634 2.6526315789473682 3.0 2.7473684210526317 1.5789473684210527  
60 3.0584861761726754 2.4 2.4947368421052634 2.6526315789473682 3.0 2.7473684210526317 1.5789473684210527  
174 10.557659774436088 1.6 1.6631578947368422 1.768421052631579 2.0 1.831578947368421 1.0526315789473684  
130 4.297104496169093 1.6 1.6631578947368422 1.768421052631579 2.0 1.831578947368421 1.0526315789473684  
9 8.315020562903012 2.4 2.4947368421052634 2.6526315789473682 3.0 2.7473684210526317 1.5789473684210527  
193 3.7090916808149403 1.6 1.6631578947368422 1.768421052631579 2.0 1.831578947368421 1.0526315789473684  
146 15.1404201736469 1.6 1.6631578947368422 1.768421052631579 2.0 1.831578947368421 1.0526315789473684  
223 2.6639254385964906 2.4 2.4947368421052634 2.6526315789473682 3.0 2.7473684210526317 1.5789473684210527  
293 12.769827976930802 2.4 2.4947368421052634 2.6526315789473682 3.0 2.7473684210526317 1.5789473684210527  
244 2.6650579839429085 1.6 1.6631578947368422 1.768421052631579 2.0 1.831578947368421 1.0526315789473684  
108 0.6501257164372674 2.4 2.4947368421052634 2.6526315789473682 3.0 2.7473684210526317 1.5789473684210527  
162 20.33235673881662 2.4 2.4947368421052634 2.6526315789473682 3.0 2.7473684210526317 1.5789473684210527  
137 35.631696147140026 2.4 2.4947368421052634 2.6526315789473682 3.0 2.7473684210526317 1.5789473684210527  
173 2.8345582706766916 1.6 1.6631578947368422 1.768421052631579 2.0 1.831578947368421 1.0526315789473684  
39 11.710534354255435 1.6 1.6631578947368422 1.768421052631579 2.0 1.831578947368421 1.0526315789473684  
13 29.31144296247922 1.6 1.6631578947368422 1.768421052631579 2.0 1.831578947368421 1.0526315789473684  
78 10.284866983917045 2.4 2.4947368421052634 2.6526315789473682 3.0 2.7473684210526317 1.5789473684210527  
214 5.953900375939851 2.4 2.4947368421052634 2.6526315789473682 3.0 2.7473684210526317 1.5789473684210527  
76 3.208665559364812 1.6 1.6631578947368422 1.768421052631579 2.0 1.831578947368421 1.0526315789473684  
188 76.0 1.6 1.6631578947368422 1.768421052631579 2.0 1.831578947368421 1.0526315789473684  
36 19.972308936249892 2.4 2.4947368421052634 2.6526315789473682 3.0 2.7473684210526317 1.5789473684210527  
210 35.0 1.6 1.6631578947368422 1.768421052631579 2.0 1.831578947368421 1.0526315789473684  
94 22.353245521216646 2.4 2.4947368421052634 2.6526315789473682 3.0 2.7473684210526317 1.5789473684210527  
49 21.87066337843342 2.4 2.4947368421052634 2.6526315789473682 3.0 2.7473684210526317 1.5789473684210527  
192 6.533796992481202 2.4 2.4947368421052634 2.6526315789473682 3.0 2.7473684210526317 1.5789473684210527  
231 19.16269922598548 2.4 2.4947368421052634 2.6526315789473682 3.0 2.7473684210526317 1.5789473684210527  
161 18.02006279641344 1.6 1.6631578947368422 1.768421052631579 2.0 1.831578947368421 1.0526315789473684  
273 2.9459928229665078 2.4 2.4947368421052634 2.6526315789473682 3.0 2.7473684210526317 1.5789473684210527  
68 4.922903255510448 2.4 2.4947368421052634 2.6526315789473682 3.0 2.7473684210526317 1.5789473684210527  
200 6.3207692307692325 2.4 2.4947368421052634 2.6526315789473682 3.0 2.7473684210526317 1.5789473684210527  
297 5.079677878217775 2.4 2.4947368421052634 2.6526315789473682 3.0 2.7473684210526317 1.5789473684210527  
282 4.609097090552466 1.6 1.6631578947368422 1.768421052631579 2.0 1.831578947368421 1.0526315789473684  
237 3.71779453602209 1.6 1.6631578947368422 1.768421052631579 2.0 1.831578947368421 1.0526315789473684  
271 0.9216313389857622 2.4 2.4947368421052634 2.6526315789473682 3.0 2.7473684210526317 1.5789473684210527  
30 61.0 1.6 1.6631578947368422 1.768421052631579 2.0 1.831578947368421 1.0526315789473684  
125 23.717796667471994 1.6 1.6631578947368422 1.768421052631579 2.0 1.831578947368421 1.0526315789473684  
26 2.2773052776575655 2.4 2.4947368421052634 2.6526315789473682 3.0 2.7473684210526317 1.5789473684210527  
217 21.906177090453408 2.4 2.4947368421052634 2.6526315789473682 3.0 2.7473684210526317 1.5789473684210527  
294 3.314233409610984 1.6 1.6631578947368422 1.768421052631579 2.0 1.831578947368421 1.0526315789473684  
203 21.69642802717544 1.6 1.6631578947368422 1.768421052631579 2.0 1.831578947368421 1.0526315789473684  
37 28.516232214512055 2.4 2.4947368421052634 2.6526315789473682 3.0 2.7473684210526317 1.5789473684210527  
201 20.684023014854212 1.6 1.6631578947368422 1.768421052631579 2.0 1.831578947368421 1.0526315789473684  
262 4.48813209494324 2.4 2.4947368421052634 2.6526315789473682 3.0 2.7473684210526317 1.5789473684210527  
170 1.5139285714285704 1.6 1.6631578947368422 1.768421052631579 2.0 1.831578947368421 1.0526315789473684  
167 74.0 2.4 2.4947368421052634 2.6526315789473682 3.0 2.7473684210526317 1.5789473684210527  
182 35.91714790814293 1.6 1.6631578947368422 1.768421052631579 2.0 1.831578947368421 1.0526315789473684  
285 5.4923725953170095 2.4 2.4947368421052634 2.6526315789473682 3.0 2.7473684210526317 1.5789473684210527  
52 23.53417440179479 1.6 1.6631578947368422 1.768421052631579 2.0 1.831578947368421 1.0526315789473684  
8 7.363193937516013 1.6 1.6631578947368422 1.768421052631579 2.0 1.831578947368421 1.0526315789473684  
234 5.705785603715171 2.4 2.4947368421052634 2.6526315789473682 3.0 2.7473684210526317 1.5789473684210527  
168 3.4102399090295656 1.6 1.6631578947368422 1.768421052631579 2.0 1.831578947368421 1.0526315789473684  
21 1.9351315683623591 1.6 1.6631578947368422 1.768421052631579 2.0 1.831578947368421 1.0526315789473684  
85 3.818750025150805 2.4 2.4947368421052634 2.6526315789473682 3.0 2.7473684210526317 1.5789473684210527  
212 0.5360619095816465 2.4 2.4947368421052634 2.6526315789473682 3.0 2.7473684210526317 1.5789473684210527  
70 36.77906827661 2.4 2.4947368421052634 2.6526315789473682 3.0 2.7473684210526317 1.5789473684210527  
10 41.82536348722956 2.4 2.4947368421052634 2.6526315789473682 3.0 2.7473684210526317 1.5789473684210527  
100 96.0 1.6 1.6631578947368422 1.768421052631579 2.0 1.831578947368421 1.0526315789473684  
299 7.494449746860611 1.6 1.6631578947368422 1.768421052631579 2.0 1.831578947368421 1.0526315789473684  
62 17.960449520882765 2.4 2.4947368421052634 2.6526315789473682 3.0 2.7473684210526317 1.5789473684210527  
84 29.125303265043872 2.4 2.4947368421052634 2.6526315789473682 3.0 2.7473684210526317 1.5789473684210527  
11 17.831539261936616 1.6 1.6631578947368422 1.768421052631579 2.0 1.831578947368421 1.0526315789473684  
128 0.9692705059536983 1.6 1.6631578947368422 1.768421052631579 2.0 1.831578947368421 1.0526315789473684  
83 10.634595669922573 2.4 2.4947368421052634 2.6526315789473682 3.0 2.7473684210526317 1.5789473684210527  
265 10.233040935672511 1.6 1.6631578947368422 1.768421052631579 2.0 1.831578947368421 1.0526315789473684  
23 10.467795428942965 1.6 1.6631578947368422 1.768421052631579 2.0 1.831578947368421 1.0526315789473684  
55 45.7714772809561 1.6 1.6631578947368422 1.768421052631579 2.0 1.831578947368421 1.0526315789473684  
272 11.125684563197161 2.4 2.4947368421052634 2.6526315789473682 3.0 2.7473684210526317 1.5789473684210527  
74 3.705013031470027 2.4 2.4947368421052634 2.6526315789473682 3.0 2.7473684210526317 1.5789473684210527  
7 38.67194563344444 1.6 1.6631578947368422 1.768421052631579 2.0 1.831578947368421 1.0526315789473684  
91 39.361126235259555 1.6 1.6631578947368422 1.768421052631579 2.0 1.831578947368421 1.0526315789473684  
191 6.796447368421054 1.6 1.6631578947368422 1.768421052631579 2.0 1.831578947368421 1.0526315789473684  
114 2.395934508049183 2.4 2.4947368421052634 2.6526315789473682 3.0 2.7473684210526317 1.5789473684210527  
279 0.12471722785223963 1.6 1.6631578947368422 1.768421052631579 2.0 1.831578947368421 1.0526315789473684  
75 24.0 2.4 2.4947368421052634 2.6526315789473682 3.0 2.7473684210526317 1.5789473684210527  
40 4.094432702104295 1.6 1.6631578947368422 1.768421052631579 2.0 1.831578947368421 1.0526315789473684  
260 6.575993555316862 1.6 1.6631578947368422 1.768421052631579 2.0 1.831578947368421 1.0526315789473684  
112 22.027031031608498 1.6 1.6631578947368422 1.768421052631579 2.0 1.831578947368421 1.0526315789473684  
19 0.4340588182739293 1.6 1.6631578947368422 1.768421052631579 2.0 1.831578947368421 1.0526315789473684  
15 1.427884434380716 2.4 2.4947368421052634 2.6526315789473682 3.0 2.7473684210526317 1.5789473684210527  
194 4.711219340389408 1.6 1.6631578947368422 1.768421052631579 2.0 1.831578947368421 1.0526315789473684  
126 0.611299100438539 2.4 2.4947368421052634 2.6526315789473682 3.0 2.7473684210526317 1.5789473684210527  
134 11.446629600247501 2.4 2.4947368421052634 2.6526315789473682 3.0 2.7473684210526317 1.5789473684210527  
157 15.451287777014851 2.4 2.4947368421052634 2.6526315789473682 3.0 2.7473684210526317 1.5789473684210527  
166 1.4349845011227862 2.4 2.4947368421052634 2.6526315789473682 3.0 2.7473684210526317 1.5789473684210527  
63 6.563752026037006 2.4 2.4947368421052634 2.6526315789473682 3.0 2.7473684210526317 1.5789473684210527  
57 33.33462809184824 1.6 1.6631578947368422 1.768421052631579 2.0 1.831578947368421 1.0526315789473684  
43 24.34008221471909 2.4 2.4947368421052634 2.6526315789473682 3.0 2.7473684210526317 1.5789473684210527  
221 25.171050416445148 1.6 1.6631578947368422 1.768421052631579 2.0 1.831578947368421 1.0526315789473684  
56 42.69076571695313 1.6 1.6631578947368422 1.768421052631579 2.0 1.831578947368421 1.0526315789473684  
226 0.9604811270600744 1.6 1.6631578947368422 1.768421052631579 2.0 1.831578947368421 1.0526315789473684  
172 0.6671992481203008 2.4 2.4947368421052634 2.6526315789473682 3.0 2.7473684210526317 1.5789473684210527  
295 11.525182186234813 1.6 1.6631578947368422 1.768421052631579 2.0 1.831578947368421 1.0526315789473684  
178 4.082885338345865 1.6 1.6631578947368422 1.768421052631579 2.0 1.831578947368421 1.0526315789473684  
50 24.358562033846102 2.4 2.4947368421052634 2.6526315789473682 3.0 2.7473684210526317 1.5789473684210527  
257 1.6976749293407682 2.4 2.4947368421052634 2.6526315789473682 3.0 2.7473684210526317 1.5789473684210527  
240 2.175239234449761 1.6 1.6631578947368422 1.768421052631579 2.0 1.831578947368421 1.0526315789473684  
104 0.2843456062551056 2.4 2.4947368421052634 2.6526315789473682 3.0 2.7473684210526317 1.5789473684210527  
95 39.3079537231164 2.4 2.4947368421052634 2.6526315789473682 3.0 2.7473684210526317 1.5789473684210527  
144 50.0 1.6 1.6631578947368422 1.768421052631579 2.0 1.831578947368421 1.0526315789473684  
32 59.0 1.6 1.6631578947368422 1.768421052631579 2.0 1.831578947368421 1.0526315789473684  
238 9.154398496240601 1.6 1.6631578947368422 1.768421052631579 2.0 1.831578947368421 1.0526315789473684  
88 10.142773826147293 1.6 1.6631578947368422 1.768421052631579 2.0 1.831578947368421 1.0526315789473684  
154 31.0 2.4 2.4947368421052634 2.6526315789473682 3.0 2.7473684210526317 1.5789473684210527  
66 12.095718872572018 1.6 1.6631578947368422 1.768421052631579 2.0 1.831578947368421 1.0526315789473684  
227 2.545731460744059 2.4 2.4947368421052634 2.6526315789473682 3.0 2.7473684210526317 1.5789473684210527  
186 5.949561403508773 2.4 2.4947368421052634 2.6526315789473682 3.0 2.7473684210526317 1.5789473684210527  
116 7.5488180270893395 1.6 1.6631578947368422 1.768421052631579 2.0 1.831578947368421 1.0526315789473684  
163 4.938892352833303 2.4 2.4947368421052634 2.6526315789473682 3.0 2.7473684210526317 1.5789473684210527  
222 1.7328706945362917 1.6 1.6631578947368422 1.768421052631579 2.0 1.831578947368421 1.0526315789473684  
258 18.495549813336105 1.6 1.6631578947368422 1.768421052631579 2.0 1.831578947368421 1.0526315789473684  
20 18.104811075439624 1.6 1.6631578947368422 1.768421052631579 2.0 1.831578947368421 1.0526315789473684  
147 37.0 1.6 1.6631578947368422 1.768421052631579 2.0 1.831578947368421 1.0526315789473684  
96 8.665495217013525 1.6 1.6631578947368422 1.768421052631579 2.0 1.831578947368421 1.0526315789473684  
179 27.386187848653886 2.4 2.4947368421052634 2.6526315789473682 3.0 2.7473684210526317 1.5789473684210527  
248 6.461910545594757 1.6 1.6631578947368422 1.768421052631579 2.0 1.831578947368421 1.0526315789473684  
274 1.1803056027164687 1.6 1.6631578947368422 1.768421052631579 2.0 1.831578947368421 1.0526315789473684  
239 13.812631578947371 1.6 1.6631578947368422 1.768421052631579 2.0 1.831578947368421 1.0526315789473684  
224 2.134925808294683 1.6 1.6631578947368422 1.768421052631579 2.0 1.831578947368421 1.0526315789473684  
242 1.4086660617059894 2.4 2.4947368421052634 2.6526315789473682 3.0 2.7473684210526317 1.5789473684210527  
190 1.5158859940872134 2.4 2.4947368421052634 2.6526315789473682 3.0 2.7473684210526317 1.5789473684210527  
103 2.9075199037486397 2.4 2.4947368421052634 2.6526315789473682 3.0 2.7473684210526317 1.5789473684210527  
158 3.481632476846376 1.6 1.6631578947368422 1.768421052631579 2.0 1.831578947368421 1.0526315789473684  
177 109.0 2.4 2.4947368421052634 2.6526315789473682 3.0 2.7473684210526317 1.5789473684210527  
268 11.36444314364247 1.6 1.6631578947368422 1.768421052631579 2.0 1.831578947368421 1.0526315789473684  
149 2.907862616750034 1.6 1.6631578947368422 1.768421052631579 2.0 1.831578947368421 1.0526315789473684  
92 3.622226739766937 1.6 1.6631578947368422 1.768421052631579 2.0 1.831578947368421 1.0526315789473684  
153 7.346373751129417 2.4 2.4947368421052634 2.6526315789473682 3.0 2.7473684210526317 1.5789473684210527  
131 4.899716581939074 2.4 2.4947368421052634 2.6526315789473682 3.0 2.7473684210526317 1.5789473684210527  
218 4.002651515151515 1.6 1.6631578947368422 1.768421052631579 2.0 1.831578947368421 1.0526315789473684  
79 11.950080837324712 2.4 2.4947368421052634 2.6526315789473682 3.0 2.7473684210526317 1.5789473684210527  
159 2.867576770407529 2.4 2.4947368421052634 2.6526315789473682 3.0 2.7473684210526317 1.5789473684210527  
236 2.276618065433855 1.6 1.6631578947368422 1.768421052631579 2.0 1.831578947368421 1.0526315789473684  
259 38.0 1.6 1.6631578947368422 1.768421052631579 2.0 1.831578947368421 1.0526315789473684  
110 12.850071967281016 2.4 2.4947368421052634 2.6526315789473682 3.0 2.7473684210526317 1.5789473684210527  
12 87.0 2.4 2.4947368421052634 2.6526315789473682 3.0 2.7473684210526317 1.5789473684210527  
29 22.84096492936921 1.6 1.6631578947368422 1.768421052631579 2.0 1.831578947368421 1.0526315789473684  
156 7.243282937917681 2.4 2.4947368421052634 2.6526315789473682 3.0 2.7473684210526317 1.5789473684210527  
117 16.148218621411633 1.6 1.6631578947368422 1.768421052631579 2.0 1.831578947368421 1.0526315789473684  
47 13.35289953948491 2.4 2.4947368421052634 2.6526315789473682 3.0 2.7473684210526317 1.5789473684210527  
278 4.208123075283517 2.4 2.4947368421052634 2.6526315789473682 3.0 2.7473684210526317 1.5789473684210527  
107 21.18605198241703 2.4 2.4947368421052634 2.6526315789473682 3.0 2.7473684210526317 1.5789473684210527  
17 20.966781104959068 2.4 2.4947368421052634 2.6526315789473682 3.0 2.7473684210526317 1.5789473684210527  
33 95.0 1.6 1.6631578947368422 1.768421052631579 2.0 1.831578947368421 1.0526315789473684  
277 1.088033332761686 2.4 2.4947368421052634 2.6526315789473682 3.0 2.7473684210526317 1.5789473684210527  
195 13.545584047054259 1.6 1.6631578947368422 1.768421052631579 2.0 1.831578947368421 1.0526315789473684  
5 24.49341597596741 1.6 1.6631578947368422 1.768421052631579 2.0 1.831578947368421 1.0526315789473684  
280 3.75814579928081 1.6 1.6631578947368422 1.768421052631579 2.0 1.831578947368421 1.0526315789473684  
247 2.126779448621554 1.6 1.6631578947368422 1.768421052631579 2.0 1.831578947368421 1.0526315789473684  
289 5.123209763539281 2.4 2.4947368421052634 2.6526315789473682 3.0 2.7473684210526317 1.5789473684210527  
18 21.873242307542696 1.6 1.6631578947368422 1.768421052631579 2.0 1.831578947368421 1.0526315789473684  
207 3.310427631578948 1.6 1.6631578947368422 1.768421052631579 2.0 1.831578947368421 1.0526315789473684  
102 5.753863451787529 1.6 1.6631578947368422 1.768421052631579 2.0 1.831578947368421 1.0526315789473684  
230 0.5724783293932229 2.4 2.4947368421052634 2.6526315789473682 3.0 2.7473684210526317 1.5789473684210527  
135 9.372664093308414 2.4 2.4947368421052634 2.6526315789473682 3.0 2.7473684210526317 1.5789473684210527  
292 17.237324041328616 1.6 1.6631578947368422 1.768421052631579 2.0 1.831578947368421 1.0526315789473684  
59 29.000909555345878 1.6 1.6631578947368422 1.768421052631579 2.0 1.831578947368421 1.0526315789473684  
228 7.094425003110615 2.4 2.4947368421052634 2.6526315789473682 3.0 2.7473684210526317 1.5789473684210527  
80 0.7092149494749665 2.4 2.4947368421052634 2.6526315789473682 3.0 2.7473684210526317 1.5789473684210527  
2 3.476494006635213 2.4 2.4947368421052634 2.6526315789473682 3.0 2.7473684210526317 1.5789473684210527  
46 0.7704320670650269 2.4 2.4947368421052634 2.6526315789473682 3.0 2.7473684210526317 1.5789473684210527  
264 0.8876518218623481 1.6 1.6631578947368422 1.768421052631579 2.0 1.831578947368421 1.0526315789473684  
87 4.049788431434884 2.4 2.4947368421052634 2.6526315789473682 3.0 2.7473684210526317 1.5789473684210527  
106 5.13967151856548 1.6 1.6631578947368422 1.768421052631579 2.0 1.831578947368421 1.0526315789473684  
185 5.802631578947369 1.6 1.6631578947368422 1.768421052631579 2.0 1.831578947368421 1.0526315789473684  
53 45.1929560128456 1.6 1.6631578947368422 1.768421052631579 2.0 1.831578947368421 1.0526315789473684  
72 24.19292982525527 1.6 1.6631578947368422 1.768421052631579 2.0 1.831578947368421 1.0526315789473684  
251 2.242471884840306 1.6 1.6631578947368422 1.768421052631579 2.0 1.831578947368421 1.0526315789473684  
115 30.5868692190592 1.6 1.6631578947368422 1.768421052631579 2.0 1.831578947368421 1.0526315789473684  
249 15.152507317244158 2.4 2.4947368421052634 2.6526315789473682 3.0 2.7473684210526317 1.5789473684210527  
86 26.573292604959338 1.6 1.6631578947368422 1.768421052631579 2.0 1.831578947368421 1.0526315789473684  
64 21.020322897043055 1.6 1.6631578947368422 1.768421052631579 2.0 1.831578947368421 1.0526315789473684  
151 1.8927999177184045 1.6 1.6631578947368422 1.768421052631579 2.0 1.831578947368421 1.0526315789473684  
4 11.474842228081213 2.4 2.4947368421052634 2.6526315789473682 3.0 2.7473684210526317 1.5789473684210527  
286 6.42306813388971 1.6 1.6631578947368422 1.768421052631579 2.0 1.831578947368421 1.0526315789473684  
93 74.0 2.4 2.4947368421052634 2.6526315789473682 3.0 2.7473684210526317 1.5789473684210527  
148 69.0 2.4 2.4947368421052634 2.6526315789473682 3.0 2.7473684210526317 1.5789473684210527  
48 8.256256467110122 2.4 2.4947368421052634 2.6526315789473682 3.0 2.7473684210526317 1.5789473684210527  
283 10.539275195244882 1.6 1.6631578947368422 1.768421052631579 2.0 1.831578947368421 1.0526315789473684  
171 5.02375939849624 1.6 1.6631578947368422 1.768421052631579 2.0 1.831578947368421 1.0526315789473684  
215 9.318186090225563 2.4 2.4947368421052634 2.6526315789473682 3.0 2.7473684210526317 1.5789473684210527  
24 5.323903897771037 2.4 2.4947368421052634 2.6526315789473682 3.0 2.7473684210526317 1.5789473684210527  
243 4.238936997666579 2.4 2.4947368421052634 2.6526315789473682 3.0 2.7473684210526317 1.5789473684210527  
6 30.349765182316617 1.6 1.6631578947368422 1.768421052631579 2.0 1.831578947368421 1.0526315789473684  
141 1.6365505511508223 1.6 1.6631578947368422 1.768421052631579 2.0 1.831578947368421 1.0526315789473684  
155 7.1392074523286055 2.4 2.4947368421052634 2.6526315789473682 3.0 2.7473684210526317 1.5789473684210527  
31 78.0 2.4 2.4947368421052634 2.6526315789473682 3.0 2.7473684210526317 1.5789473684210527  
69 27.690729939695352 2.4 2.4947368421052634 2.6526315789473682 3.0 2.7473684210526317 1.5789473684210527  
196 5.0092371725267775 1.6 1.6631578947368422 1.768421052631579 2.0 1.831578947368421 1.0526315789473684  
160 7.393751775556211 2.4 2.4947368421052634 2.6526315789473682 3.0 2.7473684210526317 1.5789473684210527  
232 27.049972165327237 1.6 1.6631578947368422 1.768421052631579 2.0 1.831578947368421 1.0526315789473684  
152 5.2139276934565 2.4 2.4947368421052634 2.6526315789473682 3.0 2.7473684210526317 1.5789473684210527  
270 15.920124761856282 1.6 1.6631578947368422 1.768421052631579 2.0 1.831578947368421 1.0526315789473684  
42 31.755916392390237 1.6 1.6631578947368422 1.768421052631579 2.0 1.831578947368421 1.0526315789473684  
176 15.832383807007865 1.6 1.6631578947368422 1.768421052631579 2.0 1.831578947368421 1.0526315789473684  
150 28.55144955709993 1.6 1.6631578947368422 1.768421052631579 2.0 1.831578947368421 1.0526315789473684  
199 9.839888017917135 1.6 1.6631578947368422 1.768421052631579 2.0 1.831578947368421 1.0526315789473684  
276 11.505508731506184 2.4 2.4947368421052634 2.6526315789473682 3.0 2.7473684210526317 1.5789473684210527  
184 8.514441591784337 1.6 1.6631578947368422 1.768421052631579 2.0 1.831578947368421 1.0526315789473684  
44 40.484505261922926 1.6 1.6631578947368422 1.768421052631579 2.0 1.831578947368421 1.0526315789473684  
253 95.0 2.4 2.4947368421052634 2.6526315789473682 3.0 2.7473684210526317 1.5789473684210527  
118 17.347906210126165 2.4 2.4947368421052634 2.6526315789473682 3.0 2.7473684210526317 1.5789473684210527  
77 5.530130249867091 1.6 1.6631578947368422 1.768421052631579 2.0 1.831578947368421 1.0526315789473684  
284 16.43986568230531 2.4 2.4947368421052634 2.6526315789473682 3.0 2.7473684210526317 1.5789473684210527  
82 12.901571778670625 1.6 1.6631578947368422 1.768421052631579 2.0 1.831578947368421 1.0526315789473684  
250 2.1440117776959875 2.4 2.4947368421052634 2.6526315789473682 3.0 2.7473684210526317 1.5789473684210527  
296 0.809517595398602 2.4 2.4947368421052634 2.6526315789473682 3.0 2.7473684210526317 1.5789473684210527  
198 3.18010752688172 1.6 1.6631578947368422 1.768421052631579 2.0 1.831578947368421 1.0526315789473684  
73 14.0 2.4 2.4947368421052634 2.6526315789473682 3.0 2.7473684210526317 1.5789473684210527  
124 26.416293673319533 2.4 2.4947368421052634 2.6526315789473682 3.0 2.7473684210526317 1.5789473684210527  
211 5.690992324561405 1.6 1.6631578947368422 1.768421052631579 2.0 1.831578947368421 1.0526315789473684  
205 3.4990172206593275 1.6 1.6631578947368422 1.768421052631579 2.0 1.831578947368421 1.0526315789473684  
145 15.973151049406528 2.4 2.4947368421052634 2.6526315789473682 3.0 2.7473684210526317 1.5789473684210527  
241 1.7254545454545458 1.6 1.6631578947368422 1.768421052631579 2.0 1.831578947368421 1.0526315789473684  
252 4.514732343679712 1.6 1.6631578947368422 1.768421052631579 2.0 1.831578947368421 1.0526315789473684  
34 5.003420191276416 1.6 1.6631578947368422 1.768421052631579 2.0 1.831578947368421 1.0526315789473684  
71 9.542671568342792 1.6 1.6631578947368422 1.768421052631579 2.0 1.831578947368421 1.0526315789473684  
281 0.23585121979598958 2.4 2.4947368421052634 2.6526315789473682 3.0 2.7473684210526317 1.5789473684210527  
22 7.562532271048228 2.4 2.4947368421052634 2.6526315789473682 3.0 2.7473684210526317 1.5789473684210527  
54 64.16417833447872 1.6 1.6631578947368422 1.768421052631579 2.0 1.831578947368421 1.0526315789473684  
204 14.860958927413805 1.6 1.6631578947368422 1.768421052631579 2.0 1.831578947368421 1.0526315789473684  
287 11.735797418073481 1.6 1.6631578947368422 1.768421052631579 2.0 1.831578947368421 1.0526315789473684  
28 24.224523792771688 2.4 2.4947368421052634 2.6526315789473682 3.0 2.7473684210526317 1.5789473684210527  
132 9.159312649969976 2.4 2.4947368421052634 2.6526315789473682 3.0 2.7473684210526317 1.5789473684210527  
105 3.6934702379510678 2.4 2.4947368421052634 2.6526315789473682 3.0 2.7473684210526317 1.5789473684210527  
