100 30
TREE NETWORK (nID nID Weight):
1 0 35.0 
9 0 53.0 
40 0 57.0 
67 0 48.0 
74 0 36.0 
41 40 40.0 
10 9 33.0 
2 1 33.0 
75 74 40.0 
11 10 42.0 
12 11 41.0 
5 1 44.0 
20 11 50.0 
76 75 35.0 
78 75 59.0 
24 10 54.0 
79 75 54.0 
25 24 34.0 
86 74 56.0 
58 40 59.0 
28 10 39.0 
21 11 56.0 
68 67 57.0 
13 12 59.0 
22 11 31.0 
59 58 32.0 
42 41 40.0 
43 42 55.0 
80 79 45.0 
14 13 58.0 
34 10 35.0 
62 40 42.0 
90 74 34.0 
61 58 39.0 
7 1 37.0 
91 90 31.0 
35 34 30.0 
81 79 53.0 
44 42 59.0 
92 90 54.0 
15 13 40.0 
27 24 32.0 
36 34 45.0 
18 12 43.0 
47 42 43.0 
16 15 41.0 
64 40 32.0 
48 47 50.0 
82 79 43.0 
65 40 33.0 
94 90 32.0 
70 67 50.0 
3 2 37.0 
95 94 39.0 
93 92 56.0 
29 28 33.0 
83 82 31.0 
96 94 46.0 
53 42 34.0 
38 9 51.0 
26 25 51.0 
45 44 52.0 
66 40 46.0 
8 1 47.0 
87 86 50.0 
17 16 56.0 
30 29 44.0 
51 47 52.0 
88 86 49.0 
19 18 49.0 
56 42 33.0 
32 28 53.0 
6 5 52.0 
89 88 54.0 
4 3 36.0 
60 59 37.0 
99 90 47.0 
97 94 42.0 
31 30 42.0 
52 51 47.0 
33 32 41.0 
84 79 30.0 
39 9 33.0 
85 75 50.0 
63 62 53.0 
23 22 32.0 
54 53 57.0 
55 54 54.0 
57 42 38.0 
37 10 54.0 
98 94 33.0 
71 70 40.0 
73 70 52.0 
46 45 50.0 
69 68 59.0 
72 71 40.0 
77 76 55.0 
49 48 39.0 
50 48 32.0 
PROGRAMS ASSIGNED TO NODES (nID pID1 pID2 ...):
0 1 2 3 4 5 6 7 8 9 10 11 12 13 14 15 16 17 18 19 20 21 22 23 24 25 26 27 28 29 30  
38 1 2 3 4 5 6 7 8 9 10 11 13 14 17 18 19 20 22 23 24 25 27 28 30  
11 1 3 5 6 7 8 9 11 12 13 15 17 19 21 22 24 25 26 27 29 30  
78 1 2 3 5 6 7 9 10 11 12 15 16 18 19 22 23 24 25 26 27 28 29  
72 2 12 21 28  
71 1 2 4 5 6 9 10 12 13 16 18 19 20 21 22 23 29  
41 1 2 3 4 6 7 8 9 10 11 12 14 16 17 20 21 23 24 26 29  
55 3 9 10 11 14 16 17 18 20 21 22 25 26 29 30  
42 1 2 3 4 5 6 7 8 9 10 12 13 15 16 17 18 19 20 22 23 24 25 26 29 30  
57 3 5 6 13  
35 4 6  
45 22  
95 2 3 4 5 6 7 8 9 11 12 13 14 15 16 17 18 19 21 22 24 26 28 30  
82 1 3 4 5 6 7 9 10 11 12 13 14 15 16 17 18 19 22 23 24 25 26 27 29 30  
47 1 6 7 8 9 10 12 13 14 16 17 18 19 20 23 24 25 26 27 29 30  
49 2 4 8 9 10 11 12 14 16 17 19 20 21 22 23 24 26  
77 1 2 3 4 5 6 7 8 10 11 12 13 14 15 16 17 19 20 21 22 23 24 25 26 27 28 29 30  
50 2 3 5 6 8 9 10 11 14 15 18 19 20 21 24 26 27 30  
66 1 9 10 11 12 22 23 24  
14 16 21 23  
62 2 5 6 8 9 10 11 12 15 16 17 18 19 22 28 29  
12 2 4 7 8 9 10 14 15 16 17 18 20 22 27 28 29 30  
34 2 3 4 5 6 7 8 9 10 11 12 13 14 15 16 17 18 19 20 21 24 25 26 27 28 30  
70 10 11 17  
46 1 6 7 8 9 10 11 12 13 15 16 19 22 24 26 27 28 29  
61 23  
68 4 11 12 18 19 22 24 26 27  
97  
79 5 7 8 9 10 11 13 14 17 19 21 22 24 25 28 29 30  
51 1 2 3 4 6 7 8 9 10 12 14 15 17 18 19 20 21 22 23 25 26 27 28 29 30  
19 1 6 8 11 12 13 14 16 17 19 20 24 26 29  
81 2 9 12 17 19 20 26  
92 8 18  
27 11  
23 8 19 26  
24 6  
65  
21 1 2 3 4 5 6 7 8 9 10 11 12 13 14 15 16 17 18 19 20 21 22 23 24 25 26 27 28 29  
53 7 15 19 28  
98 3 5 6 8 10 11 13 16 17 18 20 21 22 23 26 28 29  
56 12 18  
3 2 3 4 5 6 7 10 12 13 15 16 17 18 19 20 21 22 23 25 26 27 28 29 30  
64 2 5 7 9 17 18 20 24 27  
7 2 3 5 14 15 18 21 22 28 30  
22 25  
25 27 30  
20 2 3 5 7 8 9 11 12 15 17 23 24 26  
80 3 8 12 18 19 20 21 22 27 28 29  
2 2 5 6 7 11 13 14 15 19 20 21 22 23 27 30  
94 1 2 3 5 6 7 9 10 11 12 15 17 19 21 22 23 26 27 28 30  
90 1 3 4 5 6 7 8 9 11 12 13 14 16 17 18 19 21 22 23 24 25 26 27 28 29 30  
87 3 4 6 9 11 12 13 14 17 18 19 20 21 22 23 25 26 28 29 30  
63 8 10 13 18 27 28 29  
16 1 2 3 4 5 6 7 8 9 10 11 12 13 15 16 18 19 20 21 22 23 24 25 26 27 28 29 30  
96 2 3 12 13 16 17 19 20 23 24 26 27 28 29 30  
91  
1 1 2 3 4 5 6 7 9 11 12 14 15 16 18 20 21 22 23 24 25 26 29  
31 4 6 7 9 14 18 22 23 26 29  
32 2 4 9 11 15 29 30  
36 21  
60 12 19 20 22  
75 1 2 3 4 5 6 7 8 9 11 12 13 14 15 16 18 19 20 21 22 23 24 25 26 27 29  
6 1 4 8 9 10 11 12 13 15 17 18 19 20 24 26  
40 11 17 23 28  
17 1 2 5 6 7 10 11 12 14 16 19 21 23 25 26 27 28  
37 1 2 4 5 6 9 10 11 12 13 14 15 16 17 20 21 22 23 24 25 26 27 29 30  
30 5 13 15 24 26  
59 1 2 4 5 6 10 12 14 16 17 18 20 21 23 25 27  
29  
86 1 2 3 6 7 8 10 12 13 14 16 19 22 26 28  
13 1 2 3 4 5 6 7 9 10 11 12 13 14 15 16 17 18 19 20 21 22 23 24 25 26 27 28 29 30  
4 4 5 6 7 9 10 11 13 15 16 17 18 20 21 22 23 24 26 27 28 29 30  
48 1 3 4 5 6 7 8 9 10 11 12 13 14 15 16 18 20 21 22 23 24 25 26 27 28 30  
99 2 3 4 6 7 8 9 10 11 12 15 16 17 18 19 20 22 23 24 25 27 29 30  
67 1 2 4 5 6 7 8 10 11 12 13 14 15 16 17 18 19 20 21 22 23 24 25 26 27 28 30  
9 6 27  
8 1 2 3 4 5 6 7 8 10 11 12 14 15 16 17 18 19 21 22 23 24 25 26 27 28 29 30  
76 1 2 3 5 6 7 9 13 16 18 19 21 29 30  
93 1 2 7 8 10 11 13 16 17 19 20 22 24 25 27 29 30  
52 2 3 5 6 8 9 10 11 12 13 14 16 17 18 19 21 22 23 25 26 27 28 29 30  
10 3 10 12 21  
73 1 2 3 4 5 6 7 8 9 10 11 12 13 14 16 19 20 21 22 23 24 25 26 27 28 30  
84 2 3 4 5 6 8 9 11 13 15 16 17 19 20 22 23 24 26 28 30  
5 2 6 7 10 11 19 20 25 26  
83 1 3 5 6 7 9 10 11 12 13 14 15 16 17 18 19 20 21 23 24 25 26 27 28 29  
39 12 13 21 22 25  
43 3 8 14 20 21 22 23 27 30  
44 2 3 7 9 11 12 15 17 18 19 20 22 23 26 27 29  
26 1 3 7 8 10 11 12 13 16 18 24 25 28 29  
28 1 2 4 8 9 13 14 16 21 22 25  
85 2 4 5 6 7 8 9 10 11 13 14 15 16 17 18 19 20 21 22 23 25 27 28 29 30  
18 1 2 3 4 5 6 8 9 10 11 12 13 14 15 16 17 18 19 20 21 22 23 24 25 26 27 28  
88 1 3 5 6 7 8 9 10 13 15 16 18 19 21 22 23 24 25 27 28 29 30  
33 2 21 27 28 30  
54 1 2 3 4 7 8 9 10 11 12 13 14 16 17 18 19 20 21 23 24 25 26 28 29 30  
15 1 2 4 6 7 9 14 15 16 18 19 20 21 22 24 26 27  
74 1 4 5 12 13 14 16 20 22 25 27 29 30  
69 12 14 25 27 28  
89 2 5 11 28 29  
58 4 5 7 8 12 13 18 19 20 22 23 24 25 26 27  
SIZE OF PROGRAMS (pID SIZE):
1 97.0 
2 92.0 
3 98.0 
4 90.0 
5 55.0 
6 91.0 
7 49.0 
8 45.0 
9 93.0 
10 52.0 
11 57.0 
12 47.0 
13 63.0 
14 92.0 
15 97.0 
16 93.0 
17 92.0 
18 74.0 
19 97.0 
20 66.0 
21 78.0 
22 71.0 
23 87.0 
24 98.0 
25 88.0 
26 77.0 
27 99.0 
28 99.0 
29 42.0 
30 58.0 
COST_INSTALL_SERVER_AND_PROGRAMS :
0 5721.212121212121 1.9595959595959596 1.8585858585858586 1.97979797979798 1.8181818181818181 1.1111111111111112 1.8383838383838385 0.98989898989899 0.9090909090909091 1.878787878787879 1.0505050505050506 1.1515151515151516 0.9494949494949495 1.2727272727272727 1.8585858585858586 1.9595959595959596 1.878787878787879 1.8585858585858586 1.494949494949495 1.9595959595959596 1.3333333333333333 1.5757575757575757 1.4343434343434343 1.7575757575757576 1.97979797979798 1.7777777777777777 1.5555555555555556 2.0 2.0 0.8484848484848485 1.1717171717171717  
38 22.255962510790486 1.9595959595959596 1.8585858585858586 1.97979797979798 1.8181818181818181 1.1111111111111112 1.8383838383838385 0.98989898989899 0.9090909090909091 1.878787878787879 1.0505050505050506 1.1515151515151516 0.9494949494949495 1.2727272727272727 1.8585858585858586 1.9595959595959596 1.878787878787879 1.8585858585858586 1.494949494949495 1.9595959595959596 1.3333333333333333 1.5757575757575757 1.4343434343434343 1.7575757575757576 1.97979797979798 1.7777777777777777 1.5555555555555556 2.0 2.0 0.8484848484848485 1.1717171717171717  
11 23.16476828101904 2.9393939393939394 2.787878787878788 2.9696969696969697 2.727272727272727 1.6666666666666667 2.757575757575758 1.4848484848484849 1.3636363636363635 2.8181818181818183 1.5757575757575757 1.7272727272727273 1.4242424242424243 1.9090909090909092 2.787878787878788 2.9393939393939394 2.8181818181818183 2.787878787878788 2.242424242424242 2.9393939393939394 2.0 2.3636363636363638 2.1515151515151514 2.6363636363636362 2.9696969696969697 2.6666666666666665 2.3333333333333335 3.0 3.0 1.2727272727272727 1.7575757575757576  
78 66.43400638663715 1.9595959595959596 1.8585858585858586 1.97979797979798 1.8181818181818181 1.1111111111111112 1.8383838383838385 0.98989898989899 0.9090909090909091 1.878787878787879 1.0505050505050506 1.1515151515151516 0.9494949494949495 1.2727272727272727 1.8585858585858586 1.9595959595959596 1.878787878787879 1.8585858585858586 1.494949494949495 1.9595959595959596 1.3333333333333333 1.5757575757575757 1.4343434343434343 1.7575757575757576 1.97979797979798 1.7777777777777777 1.5555555555555556 2.0 2.0 0.8484848484848485 1.1717171717171717  
72 13.391696969696973 1.9595959595959596 1.8585858585858586 1.97979797979798 1.8181818181818181 1.1111111111111112 1.8383838383838385 0.98989898989899 0.9090909090909091 1.878787878787879 1.0505050505050506 1.1515151515151516 0.9494949494949495 1.2727272727272727 1.8585858585858586 1.9595959595959596 1.878787878787879 1.8585858585858586 1.494949494949495 1.9595959595959596 1.3333333333333333 1.5757575757575757 1.4343434343434343 1.7575757575757576 1.97979797979798 1.7777777777777777 1.5555555555555556 2.0 2.0 0.8484848484848485 1.1717171717171717  
71 35.97572727272726 1.9595959595959596 1.8585858585858586 1.97979797979798 1.8181818181818181 1.1111111111111112 1.8383838383838385 0.98989898989899 0.9090909090909091 1.878787878787879 1.0505050505050506 1.1515151515151516 0.9494949494949495 1.2727272727272727 1.8585858585858586 1.9595959595959596 1.878787878787879 1.8585858585858586 1.494949494949495 1.9595959595959596 1.3333333333333333 1.5757575757575757 1.4343434343434343 1.7575757575757576 1.97979797979798 1.7777777777777777 1.5555555555555556 2.0 2.0 0.8484848484848485 1.1717171717171717  
41 23.2545747800587 2.9393939393939394 2.787878787878788 2.9696969696969697 2.727272727272727 1.6666666666666667 2.757575757575758 1.4848484848484849 1.3636363636363635 2.8181818181818183 1.5757575757575757 1.7272727272727273 1.4242424242424243 1.9090909090909092 2.787878787878788 2.9393939393939394 2.8181818181818183 2.787878787878788 2.242424242424242 2.9393939393939394 2.0 2.3636363636363638 2.1515151515151514 2.6363636363636362 2.9696969696969697 2.6666666666666665 2.3333333333333335 3.0 3.0 1.2727272727272727 1.7575757575757576  
55 95.84077270381836 2.9393939393939394 2.787878787878788 2.9696969696969697 2.727272727272727 1.6666666666666667 2.757575757575758 1.4848484848484849 1.3636363636363635 2.8181818181818183 1.5757575757575757 1.7272727272727273 1.4242424242424243 1.9090909090909092 2.787878787878788 2.9393939393939394 2.8181818181818183 2.787878787878788 2.242424242424242 2.9393939393939394 2.0 2.3636363636363638 2.1515151515151514 2.6363636363636362 2.9696969696969697 2.6666666666666665 2.3333333333333335 3.0 3.0 1.2727272727272727 1.7575757575757576  
42 23.021319648093822 2.9393939393939394 2.787878787878788 2.9696969696969697 2.727272727272727 1.6666666666666667 2.757575757575758 1.4848484848484849 1.3636363636363635 2.8181818181818183 1.5757575757575757 1.7272727272727273 1.4242424242424243 1.9090909090909092 2.787878787878788 2.9393939393939394 2.8181818181818183 2.787878787878788 2.242424242424242 2.9393939393939394 2.0 2.3636363636363638 2.1515151515151514 2.6363636363636362 2.9696969696969697 2.6666666666666665 2.3333333333333335 3.0 3.0 1.2727272727272727 1.7575757575757576  
57 19.511881977671443 2.9393939393939394 2.787878787878788 2.9696969696969697 2.727272727272727 1.6666666666666667 2.757575757575758 1.4848484848484849 1.3636363636363635 2.8181818181818183 1.5757575757575757 1.7272727272727273 1.4242424242424243 1.9090909090909092 2.787878787878788 2.9393939393939394 2.8181818181818183 2.787878787878788 2.242424242424242 2.9393939393939394 2.0 2.3636363636363638 2.1515151515151514 2.6363636363636362 2.9696969696969697 2.6666666666666665 2.3333333333333335 3.0 3.0 1.2727272727272727 1.7575757575757576  
35 12.670542078466605 2.9393939393939394 2.787878787878788 2.9696969696969697 2.727272727272727 1.6666666666666667 2.757575757575758 1.4848484848484849 1.3636363636363635 2.8181818181818183 1.5757575757575757 1.7272727272727273 1.4242424242424243 1.9090909090909092 2.787878787878788 2.9393939393939394 2.8181818181818183 2.787878787878788 2.242424242424242 2.9393939393939394 2.0 2.3636363636363638 2.1515151515151514 2.6363636363636362 2.9696969696969697 2.6666666666666665 2.3333333333333335 3.0 3.0 1.2727272727272727 1.7575757575757576  
45 82.92655877449617 1.9595959595959596 1.8585858585858586 1.97979797979798 1.8181818181818181 1.1111111111111112 1.8383838383838385 0.98989898989899 0.9090909090909091 1.878787878787879 1.0505050505050506 1.1515151515151516 0.9494949494949495 1.2727272727272727 1.8585858585858586 1.9595959595959596 1.878787878787879 1.8585858585858586 1.494949494949495 1.9595959595959596 1.3333333333333333 1.5757575757575757 1.4343434343434343 1.7575757575757576 1.97979797979798 1.7777777777777777 1.5555555555555556 2.0 2.0 0.8484848484848485 1.1717171717171717  
95 111.61689955265321 1.9595959595959596 1.8585858585858586 1.97979797979798 1.8181818181818181 1.1111111111111112 1.8383838383838385 0.98989898989899 0.9090909090909091 1.878787878787879 1.0505050505050506 1.1515151515151516 0.9494949494949495 1.2727272727272727 1.8585858585858586 1.9595959595959596 1.878787878787879 1.8585858585858586 1.494949494949495 1.9595959595959596 1.3333333333333333 1.5757575757575757 1.4343434343434343 1.7575757575757576 1.97979797979798 1.7777777777777777 1.5555555555555556 2.0 2.0 0.8484848484848485 1.1717171717171717  
82 117.31931450295527 1.9595959595959596 1.8585858585858586 1.97979797979798 1.8181818181818181 1.1111111111111112 1.8383838383838385 0.98989898989899 0.9090909090909091 1.878787878787879 1.0505050505050506 1.1515151515151516 0.9494949494949495 1.2727272727272727 1.8585858585858586 1.9595959595959596 1.878787878787879 1.8585858585858586 1.494949494949495 1.9595959595959596 1.3333333333333333 1.5757575757575757 1.4343434343434343 1.7575757575757576 1.97979797979798 1.7777777777777777 1.5555555555555556 2.0 2.0 0.8484848484848485 1.1717171717171717  
47 134.11823364932133 1.9595959595959596 1.8585858585858586 1.97979797979798 1.8181818181818181 1.1111111111111112 1.8383838383838385 0.98989898989899 0.9090909090909091 1.878787878787879 1.0505050505050506 1.1515151515151516 0.9494949494949495 1.2727272727272727 1.8585858585858586 1.9595959595959596 1.878787878787879 1.8585858585858586 1.494949494949495 1.9595959595959596 1.3333333333333333 1.5757575757575757 1.4343434343434343 1.7575757575757576 1.97979797979798 1.7777777777777777 1.5555555555555556 2.0 2.0 0.8484848484848485 1.1717171717171717  
49 90.83536150751041 1.9595959595959596 1.8585858585858586 1.97979797979798 1.8181818181818181 1.1111111111111112 1.8383838383838385 0.98989898989899 0.9090909090909091 1.878787878787879 1.0505050505050506 1.1515151515151516 0.9494949494949495 1.2727272727272727 1.8585858585858586 1.9595959595959596 1.878787878787879 1.8585858585858586 1.494949494949495 1.9595959595959596 1.3333333333333333 1.5757575757575757 1.4343434343434343 1.7575757575757576 1.97979797979798 1.7777777777777777 1.5555555555555556 2.0 2.0 0.8484848484848485 1.1717171717171717  
77 40.36478578892372 1.9595959595959596 1.8585858585858586 1.97979797979798 1.8181818181818181 1.1111111111111112 1.8383838383838385 0.98989898989899 0.9090909090909091 1.878787878787879 1.0505050505050506 1.1515151515151516 0.9494949494949495 1.2727272727272727 1.8585858585858586 1.9595959595959596 1.878787878787879 1.8585858585858586 1.494949494949495 1.9595959595959596 1.3333333333333333 1.5757575757575757 1.4343434343434343 1.7575757575757576 1.97979797979798 1.7777777777777777 1.5555555555555556 2.0 2.0 0.8484848484848485 1.1717171717171717  
50 31.713697368421037 2.9393939393939394 2.787878787878788 2.9696969696969697 2.727272727272727 1.6666666666666667 2.757575757575758 1.4848484848484849 1.3636363636363635 2.8181818181818183 1.5757575757575757 1.7272727272727273 1.4242424242424243 1.9090909090909092 2.787878787878788 2.9393939393939394 2.8181818181818183 2.787878787878788 2.242424242424242 2.9393939393939394 2.0 2.3636363636363638 2.1515151515151514 2.6363636363636362 2.9696969696969697 2.6666666666666665 2.3333333333333335 3.0 3.0 1.2727272727272727 1.7575757575757576  
66 2.883165753646305 2.9393939393939394 2.787878787878788 2.9696969696969697 2.727272727272727 1.6666666666666667 2.757575757575758 1.4848484848484849 1.3636363636363635 2.8181818181818183 1.5757575757575757 1.7272727272727273 1.4242424242424243 1.9090909090909092 2.787878787878788 2.9393939393939394 2.8181818181818183 2.787878787878788 2.242424242424242 2.9393939393939394 2.0 2.3636363636363638 2.1515151515151514 2.6363636363636362 2.9696969696969697 2.6666666666666665 2.3333333333333335 3.0 3.0 1.2727272727272727 1.7575757575757576  
14 27.29414830094757 1.9595959595959596 1.8585858585858586 1.97979797979798 1.8181818181818181 1.1111111111111112 1.8383838383838385 0.98989898989899 0.9090909090909091 1.878787878787879 1.0505050505050506 1.1515151515151516 0.9494949494949495 1.2727272727272727 1.8585858585858586 1.9595959595959596 1.878787878787879 1.8585858585858586 1.494949494949495 1.9595959595959596 1.3333333333333333 1.5757575757575757 1.4343434343434343 1.7575757575757576 1.97979797979798 1.7777777777777777 1.5555555555555556 2.0 2.0 0.8484848484848485 1.1717171717171717  
62 20.877731409864378 1.9595959595959596 1.8585858585858586 1.97979797979798 1.8181818181818181 1.1111111111111112 1.8383838383838385 0.98989898989899 0.9090909090909091 1.878787878787879 1.0505050505050506 1.1515151515151516 0.9494949494949495 1.2727272727272727 1.8585858585858586 1.9595959595959596 1.878787878787879 1.8585858585858586 1.494949494949495 1.9595959595959596 1.3333333333333333 1.5757575757575757 1.4343434343434343 1.7575757575757576 1.97979797979798 1.7777777777777777 1.5555555555555556 2.0 2.0 0.8484848484848485 1.1717171717171717  
12 94.24389578771807 1.9595959595959596 1.8585858585858586 1.97979797979798 1.8181818181818181 1.1111111111111112 1.8383838383838385 0.98989898989899 0.9090909090909091 1.878787878787879 1.0505050505050506 1.1515151515151516 0.9494949494949495 1.2727272727272727 1.8585858585858586 1.9595959595959596 1.878787878787879 1.8585858585858586 1.494949494949495 1.9595959595959596 1.3333333333333333 1.5757575757575757 1.4343434343434343 1.7575757575757576 1.97979797979798 1.7777777777777777 1.5555555555555556 2.0 2.0 0.8484848484848485 1.1717171717171717  
34 71.29890337940651 1.9595959595959596 1.8585858585858586 1.97979797979798 1.8181818181818181 1.1111111111111112 1.8383838383838385 0.98989898989899 0.9090909090909091 1.878787878787879 1.0505050505050506 1.1515151515151516 0.9494949494949495 1.2727272727272727 1.8585858585858586 1.9595959595959596 1.878787878787879 1.8585858585858586 1.494949494949495 1.9595959595959596 1.3333333333333333 1.5757575757575757 1.4343434343434343 1.7575757575757576 1.97979797979798 1.7777777777777777 1.5555555555555556 2.0 2.0 0.8484848484848485 1.1717171717171717  
70 7.862626262626275 2.9393939393939394 2.787878787878788 2.9696969696969697 2.727272727272727 1.6666666666666667 2.757575757575758 1.4848484848484849 1.3636363636363635 2.8181818181818183 1.5757575757575757 1.7272727272727273 1.4242424242424243 1.9090909090909092 2.787878787878788 2.9393939393939394 2.8181818181818183 2.787878787878788 2.242424242424242 2.9393939393939394 2.0 2.3636363636363638 2.1515151515151514 2.6363636363636362 2.9696969696969697 2.6666666666666665 2.3333333333333335 3.0 3.0 1.2727272727272727 1.7575757575757576  
46 125.12838734103427 1.9595959595959596 1.8585858585858586 1.97979797979798 1.8181818181818181 1.1111111111111112 1.8383838383838385 0.98989898989899 0.9090909090909091 1.878787878787879 1.0505050505050506 1.1515151515151516 0.9494949494949495 1.2727272727272727 1.8585858585858586 1.9595959595959596 1.878787878787879 1.8585858585858586 1.494949494949495 1.9595959595959596 1.3333333333333333 1.5757575757575757 1.4343434343434343 1.7575757575757576 1.97979797979798 1.7777777777777777 1.5555555555555556 2.0 2.0 0.8484848484848485 1.1717171717171717  
61 2.4318598736975185 1.9595959595959596 1.8585858585858586 1.97979797979798 1.8181818181818181 1.1111111111111112 1.8383838383838385 0.98989898989899 0.9090909090909091 1.878787878787879 1.0505050505050506 1.1515151515151516 0.9494949494949495 1.2727272727272727 1.8585858585858586 1.9595959595959596 1.878787878787879 1.8585858585858586 1.494949494949495 1.9595959595959596 1.3333333333333333 1.5757575757575757 1.4343434343434343 1.7575757575757576 1.97979797979798 1.7777777777777777 1.5555555555555556 2.0 2.0 0.8484848484848485 1.1717171717171717  
68 2.8255842841369163 2.9393939393939394 2.787878787878788 2.9696969696969697 2.727272727272727 1.6666666666666667 2.757575757575758 1.4848484848484849 1.3636363636363635 2.8181818181818183 1.5757575757575757 1.7272727272727273 1.4242424242424243 1.9090909090909092 2.787878787878788 2.9393939393939394 2.8181818181818183 2.787878787878788 2.242424242424242 2.9393939393939394 2.0 2.3636363636363638 2.1515151515151514 2.6363636363636362 2.9696969696969697 2.6666666666666665 2.3333333333333335 3.0 3.0 1.2727272727272727 1.7575757575757576  
97 23.0 2.9393939393939394 2.787878787878788 2.9696969696969697 2.727272727272727 1.6666666666666667 2.757575757575758 1.4848484848484849 1.3636363636363635 2.8181818181818183 1.5757575757575757 1.7272727272727273 1.4242424242424243 1.9090909090909092 2.787878787878788 2.9393939393939394 2.8181818181818183 2.787878787878788 2.242424242424242 2.9393939393939394 2.0 2.3636363636363638 2.1515151515151514 2.6363636363636362 2.9696969696969697 2.6666666666666665 2.3333333333333335 3.0 3.0 1.2727272727272727 1.7575757575757576  
79 93.21474910394265 1.9595959595959596 1.8585858585858586 1.97979797979798 1.8181818181818181 1.1111111111111112 1.8383838383838385 0.98989898989899 0.9090909090909091 1.878787878787879 1.0505050505050506 1.1515151515151516 0.9494949494949495 1.2727272727272727 1.8585858585858586 1.9595959595959596 1.878787878787879 1.8585858585858586 1.494949494949495 1.9595959595959596 1.3333333333333333 1.5757575757575757 1.4343434343434343 1.7575757575757576 1.97979797979798 1.7777777777777777 1.5555555555555556 2.0 2.0 0.8484848484848485 1.1717171717171717  
51 119.00645110363592 2.9393939393939394 2.787878787878788 2.9696969696969697 2.727272727272727 1.6666666666666667 2.757575757575758 1.4848484848484849 1.3636363636363635 2.8181818181818183 1.5757575757575757 1.7272727272727273 1.4242424242424243 1.9090909090909092 2.787878787878788 2.9393939393939394 2.8181818181818183 2.787878787878788 2.242424242424242 2.9393939393939394 2.0 2.3636363636363638 2.1515151515151514 2.6363636363636362 2.9696969696969697 2.6666666666666665 2.3333333333333335 3.0 3.0 1.2727272727272727 1.7575757575757576  
19 117.04337461822553 2.9393939393939394 2.787878787878788 2.9696969696969697 2.727272727272727 1.6666666666666667 2.757575757575758 1.4848484848484849 1.3636363636363635 2.8181818181818183 1.5757575757575757 1.7272727272727273 1.4242424242424243 1.9090909090909092 2.787878787878788 2.9393939393939394 2.8181818181818183 2.787878787878788 2.242424242424242 2.9393939393939394 2.0 2.3636363636363638 2.1515151515151514 2.6363636363636362 2.9696969696969697 2.6666666666666665 2.3333333333333335 3.0 3.0 1.2727272727272727 1.7575757575757576  
81 32.07362588145607 2.9393939393939394 2.787878787878788 2.9696969696969697 2.727272727272727 1.6666666666666667 2.757575757575758 1.4848484848484849 1.3636363636363635 2.8181818181818183 1.5757575757575757 1.7272727272727273 1.4242424242424243 1.9090909090909092 2.787878787878788 2.9393939393939394 2.8181818181818183 2.787878787878788 2.242424242424242 2.9393939393939394 2.0 2.3636363636363638 2.1515151515151514 2.6363636363636362 2.9696969696969697 2.6666666666666665 2.3333333333333335 3.0 3.0 1.2727272727272727 1.7575757575757576  
92 80.99908892850071 1.9595959595959596 1.8585858585858586 1.97979797979798 1.8181818181818181 1.1111111111111112 1.8383838383838385 0.98989898989899 0.9090909090909091 1.878787878787879 1.0505050505050506 1.1515151515151516 0.9494949494949495 1.2727272727272727 1.8585858585858586 1.9595959595959596 1.878787878787879 1.8585858585858586 1.494949494949495 1.9595959595959596 1.3333333333333333 1.5757575757575757 1.4343434343434343 1.7575757575757576 1.97979797979798 1.7777777777777777 1.5555555555555556 2.0 2.0 0.8484848484848485 1.1717171717171717  
27 2.7385940775681337 2.9393939393939394 2.787878787878788 2.9696969696969697 2.727272727272727 1.6666666666666667 2.757575757575758 1.4848484848484849 1.3636363636363635 2.8181818181818183 1.5757575757575757 1.7272727272727273 1.4242424242424243 1.9090909090909092 2.787878787878788 2.9393939393939394 2.8181818181818183 2.787878787878788 2.242424242424242 2.9393939393939394 2.0 2.3636363636363638 2.1515151515151514 2.6363636363636362 2.9696969696969697 2.6666666666666665 2.3333333333333335 3.0 3.0 1.2727272727272727 1.7575757575757576  
23 5.093349705427459 1.9595959595959596 1.8585858585858586 1.97979797979798 1.8181818181818181 1.1111111111111112 1.8383838383838385 0.98989898989899 0.9090909090909091 1.878787878787879 1.0505050505050506 1.1515151515151516 0.9494949494949495 1.2727272727272727 1.8585858585858586 1.9595959595959596 1.878787878787879 1.8585858585858586 1.494949494949495 1.9595959595959596 1.3333333333333333 1.5757575757575757 1.4343434343434343 1.7575757575757576 1.97979797979798 1.7777777777777777 1.5555555555555556 2.0 2.0 0.8484848484848485 1.1717171717171717  
24 64.63570011788039 1.9595959595959596 1.8585858585858586 1.97979797979798 1.8181818181818181 1.1111111111111112 1.8383838383838385 0.98989898989899 0.9090909090909091 1.878787878787879 1.0505050505050506 1.1515151515151516 0.9494949494949495 1.2727272727272727 1.8585858585858586 1.9595959595959596 1.878787878787879 1.8585858585858586 1.494949494949495 1.9595959595959596 1.3333333333333333 1.5757575757575757 1.4343434343434343 1.7575757575757576 1.97979797979798 1.7777777777777777 1.5555555555555556 2.0 2.0 0.8484848484848485 1.1717171717171717  
65 87.0 2.9393939393939394 2.787878787878788 2.9696969696969697 2.727272727272727 1.6666666666666667 2.757575757575758 1.4848484848484849 1.3636363636363635 2.8181818181818183 1.5757575757575757 1.7272727272727273 1.4242424242424243 1.9090909090909092 2.787878787878788 2.9393939393939394 2.8181818181818183 2.787878787878788 2.242424242424242 2.9393939393939394 2.0 2.3636363636363638 2.1515151515151514 2.6363636363636362 2.9696969696969697 2.6666666666666665 2.3333333333333335 3.0 3.0 1.2727272727272727 1.7575757575757576  
21 96.58712121212123 1.9595959595959596 1.8585858585858586 1.97979797979798 1.8181818181818181 1.1111111111111112 1.8383838383838385 0.98989898989899 0.9090909090909091 1.878787878787879 1.0505050505050506 1.1515151515151516 0.9494949494949495 1.2727272727272727 1.8585858585858586 1.9595959595959596 1.878787878787879 1.8585858585858586 1.494949494949495 1.9595959595959596 1.3333333333333333 1.5757575757575757 1.4343434343434343 1.7575757575757576 1.97979797979798 1.7777777777777777 1.5555555555555556 2.0 2.0 0.8484848484848485 1.1717171717171717  
53 152.38496924128495 2.9393939393939394 2.787878787878788 2.9696969696969697 2.727272727272727 1.6666666666666667 2.757575757575758 1.4848484848484849 1.3636363636363635 2.8181818181818183 1.5757575757575757 1.7272727272727273 1.4242424242424243 1.9090909090909092 2.787878787878788 2.9393939393939394 2.8181818181818183 2.787878787878788 2.242424242424242 2.9393939393939394 2.0 2.3636363636363638 2.1515151515151514 2.6363636363636362 2.9696969696969697 2.6666666666666665 2.3333333333333335 3.0 3.0 1.2727272727272727 1.7575757575757576  
98 24.438057040998206 1.9595959595959596 1.8585858585858586 1.97979797979798 1.8181818181818181 1.1111111111111112 1.8383838383838385 0.98989898989899 0.9090909090909091 1.878787878787879 1.0505050505050506 1.1515151515151516 0.9494949494949495 1.2727272727272727 1.8585858585858586 1.9595959595959596 1.878787878787879 1.8585858585858586 1.494949494949495 1.9595959595959596 1.3333333333333333 1.5757575757575757 1.4343434343434343 1.7575757575757576 1.97979797979798 1.7777777777777777 1.5555555555555556 2.0 2.0 0.8484848484848485 1.1717171717171717  
56 7.083099415204679 2.9393939393939394 2.787878787878788 2.9696969696969697 2.727272727272727 1.6666666666666667 2.757575757575758 1.4848484848484849 1.3636363636363635 2.8181818181818183 1.5757575757575757 1.7272727272727273 1.4242424242424243 1.9090909090909092 2.787878787878788 2.9393939393939394 2.8181818181818183 2.787878787878788 2.242424242424242 2.9393939393939394 2.0 2.3636363636363638 2.1515151515151514 2.6363636363636362 2.9696969696969697 2.6666666666666665 2.3333333333333335 3.0 3.0 1.2727272727272727 1.7575757575757576  
3 73.49480419194705 2.9393939393939394 2.787878787878788 2.9696969696969697 2.727272727272727 1.6666666666666667 2.757575757575758 1.4848484848484849 1.3636363636363635 2.8181818181818183 1.5757575757575757 1.7272727272727273 1.4242424242424243 1.9090909090909092 2.787878787878788 2.9393939393939394 2.8181818181818183 2.787878787878788 2.242424242424242 2.9393939393939394 2.0 2.3636363636363638 2.1515151515151514 2.6363636363636362 2.9696969696969697 2.6666666666666665 2.3333333333333335 3.0 3.0 1.2727272727272727 1.7575757575757576  
64 11.948773923444971 2.9393939393939394 2.787878787878788 2.9696969696969697 2.727272727272727 1.6666666666666667 2.757575757575758 1.4848484848484849 1.3636363636363635 2.8181818181818183 1.5757575757575757 1.7272727272727273 1.4242424242424243 1.9090909090909092 2.787878787878788 2.9393939393939394 2.8181818181818183 2.787878787878788 2.242424242424242 2.9393939393939394 2.0 2.3636363636363638 2.1515151515151514 2.6363636363636362 2.9696969696969697 2.6666666666666665 2.3333333333333335 3.0 3.0 1.2727272727272727 1.7575757575757576  
7 7.861818181818187 2.9393939393939394 2.787878787878788 2.9696969696969697 2.727272727272727 1.6666666666666667 2.757575757575758 1.4848484848484849 1.3636363636363635 2.8181818181818183 1.5757575757575757 1.7272727272727273 1.4242424242424243 1.9090909090909092 2.787878787878788 2.9393939393939394 2.8181818181818183 2.787878787878788 2.242424242424242 2.9393939393939394 2.0 2.3636363636363638 2.1515151515151514 2.6363636363636362 2.9696969696969697 2.6666666666666665 2.3333333333333335 3.0 3.0 1.2727272727272727 1.7575757575757576  
22 13.803121467698466 2.9393939393939394 2.787878787878788 2.9696969696969697 2.727272727272727 1.6666666666666667 2.757575757575758 1.4848484848484849 1.3636363636363635 2.8181818181818183 1.5757575757575757 1.7272727272727273 1.4242424242424243 1.9090909090909092 2.787878787878788 2.9393939393939394 2.8181818181818183 2.787878787878788 2.242424242424242 2.9393939393939394 2.0 2.3636363636363638 2.1515151515151514 2.6363636363636362 2.9696969696969697 2.6666666666666665 2.3333333333333335 3.0 3.0 1.2727272727272727 1.7575757575757576  
25 42.80822083427032 2.9393939393939394 2.787878787878788 2.9696969696969697 2.727272727272727 1.6666666666666667 2.757575757575758 1.4848484848484849 1.3636363636363635 2.8181818181818183 1.5757575757575757 1.7272727272727273 1.4242424242424243 1.9090909090909092 2.787878787878788 2.9393939393939394 2.8181818181818183 2.787878787878788 2.242424242424242 2.9393939393939394 2.0 2.3636363636363638 2.1515151515151514 2.6363636363636362 2.9696969696969697 2.6666666666666665 2.3333333333333335 3.0 3.0 1.2727272727272727 1.7575757575757576  
20 60.54439957526751 1.9595959595959596 1.8585858585858586 1.97979797979798 1.8181818181818181 1.1111111111111112 1.8383838383838385 0.98989898989899 0.9090909090909091 1.878787878787879 1.0505050505050506 1.1515151515151516 0.9494949494949495 1.2727272727272727 1.8585858585858586 1.9595959595959596 1.878787878787879 1.8585858585858586 1.494949494949495 1.9595959595959596 1.3333333333333333 1.5757575757575757 1.4343434343434343 1.7575757575757576 1.97979797979798 1.7777777777777777 1.5555555555555556 2.0 2.0 0.8484848484848485 1.1717171717171717  
80 36.10868686868687 2.9393939393939394 2.787878787878788 2.9696969696969697 2.727272727272727 1.6666666666666667 2.757575757575758 1.4848484848484849 1.3636363636363635 2.8181818181818183 1.5757575757575757 1.7272727272727273 1.4242424242424243 1.9090909090909092 2.787878787878788 2.9393939393939394 2.8181818181818183 2.787878787878788 2.242424242424242 2.9393939393939394 2.0 2.3636363636363638 2.1515151515151514 2.6363636363636362 2.9696969696969697 2.6666666666666665 2.3333333333333335 3.0 3.0 1.2727272727272727 1.7575757575757576  
2 66.737960889685 1.9595959595959596 1.8585858585858586 1.97979797979798 1.8181818181818181 1.1111111111111112 1.8383838383838385 0.98989898989899 0.9090909090909091 1.878787878787879 1.0505050505050506 1.1515151515151516 0.9494949494949495 1.2727272727272727 1.8585858585858586 1.9595959595959596 1.878787878787879 1.8585858585858586 1.494949494949495 1.9595959595959596 1.3333333333333333 1.5757575757575757 1.4343434343434343 1.7575757575757576 1.97979797979798 1.7777777777777777 1.5555555555555556 2.0 2.0 0.8484848484848485 1.1717171717171717  
94 104.5992127153892 2.9393939393939394 2.787878787878788 2.9696969696969697 2.727272727272727 1.6666666666666667 2.757575757575758 1.4848484848484849 1.3636363636363635 2.8181818181818183 1.5757575757575757 1.7272727272727273 1.4242424242424243 1.9090909090909092 2.787878787878788 2.9393939393939394 2.8181818181818183 2.787878787878788 2.242424242424242 2.9393939393939394 2.0 2.3636363636363638 2.1515151515151514 2.6363636363636362 2.9696969696969697 2.6666666666666665 2.3333333333333335 3.0 3.0 1.2727272727272727 1.7575757575757576  
90 12.566755793226381 2.9393939393939394 2.787878787878788 2.9696969696969697 2.727272727272727 1.6666666666666667 2.757575757575758 1.4848484848484849 1.3636363636363635 2.8181818181818183 1.5757575757575757 1.7272727272727273 1.4242424242424243 1.9090909090909092 2.787878787878788 2.9393939393939394 2.8181818181818183 2.787878787878788 2.242424242424242 2.9393939393939394 2.0 2.3636363636363638 2.1515151515151514 2.6363636363636362 2.9696969696969697 2.6666666666666665 2.3333333333333335 3.0 3.0 1.2727272727272727 1.7575757575757576  
87 27.675126777983927 1.9595959595959596 1.8585858585858586 1.97979797979798 1.8181818181818181 1.1111111111111112 1.8383838383838385 0.98989898989899 0.9090909090909091 1.878787878787879 1.0505050505050506 1.1515151515151516 0.9494949494949495 1.2727272727272727 1.8585858585858586 1.9595959595959596 1.878787878787879 1.8585858585858586 1.494949494949495 1.9595959595959596 1.3333333333333333 1.5757575757575757 1.4343434343434343 1.7575757575757576 1.97979797979798 1.7777777777777777 1.5555555555555556 2.0 2.0 0.8484848484848485 1.1717171717171717  
63 15.244858393840522 2.9393939393939394 2.787878787878788 2.9696969696969697 2.727272727272727 1.6666666666666667 2.757575757575758 1.4848484848484849 1.3636363636363635 2.8181818181818183 1.5757575757575757 1.7272727272727273 1.4242424242424243 1.9090909090909092 2.787878787878788 2.9393939393939394 2.8181818181818183 2.787878787878788 2.242424242424242 2.9393939393939394 2.0 2.3636363636363638 2.1515151515151514 2.6363636363636362 2.9696969696969697 2.6666666666666665 2.3333333333333335 3.0 3.0 1.2727272727272727 1.7575757575757576  
16 139.6094621023982 1.9595959595959596 1.8585858585858586 1.97979797979798 1.8181818181818181 1.1111111111111112 1.8383838383838385 0.98989898989899 0.9090909090909091 1.878787878787879 1.0505050505050506 1.1515151515151516 0.9494949494949495 1.2727272727272727 1.8585858585858586 1.9595959595959596 1.878787878787879 1.8585858585858586 1.494949494949495 1.9595959595959596 1.3333333333333333 1.5757575757575757 1.4343434343434343 1.7575757575757576 1.97979797979798 1.7777777777777777 1.5555555555555556 2.0 2.0 0.8484848484848485 1.1717171717171717  
96 37.389788308274554 2.9393939393939394 2.787878787878788 2.9696969696969697 2.727272727272727 1.6666666666666667 2.757575757575758 1.4848484848484849 1.3636363636363635 2.8181818181818183 1.5757575757575757 1.7272727272727273 1.4242424242424243 1.9090909090909092 2.787878787878788 2.9393939393939394 2.8181818181818183 2.787878787878788 2.242424242424242 2.9393939393939394 2.0 2.3636363636363638 2.1515151515151514 2.6363636363636362 2.9696969696969697 2.6666666666666665 2.3333333333333335 3.0 3.0 1.2727272727272727 1.7575757575757576  
91 89.0 1.9595959595959596 1.8585858585858586 1.97979797979798 1.8181818181818181 1.1111111111111112 1.8383838383838385 0.98989898989899 0.9090909090909091 1.878787878787879 1.0505050505050506 1.1515151515151516 0.9494949494949495 1.2727272727272727 1.8585858585858586 1.9595959595959596 1.878787878787879 1.8585858585858586 1.494949494949495 1.9595959595959596 1.3333333333333333 1.5757575757575757 1.4343434343434343 1.7575757575757576 1.97979797979798 1.7777777777777777 1.5555555555555556 2.0 2.0 0.8484848484848485 1.1717171717171717  
1 27.0 2.9393939393939394 2.787878787878788 2.9696969696969697 2.727272727272727 1.6666666666666667 2.757575757575758 1.4848484848484849 1.3636363636363635 2.8181818181818183 1.5757575757575757 1.7272727272727273 1.4242424242424243 1.9090909090909092 2.787878787878788 2.9393939393939394 2.8181818181818183 2.787878787878788 2.242424242424242 2.9393939393939394 2.0 2.3636363636363638 2.1515151515151514 2.6363636363636362 2.9696969696969697 2.6666666666666665 2.3333333333333335 3.0 3.0 1.2727272727272727 1.7575757575757576  
31 65.9065332609072 1.9595959595959596 1.8585858585858586 1.97979797979798 1.8181818181818181 1.1111111111111112 1.8383838383838385 0.98989898989899 0.9090909090909091 1.878787878787879 1.0505050505050506 1.1515151515151516 0.9494949494949495 1.2727272727272727 1.8585858585858586 1.9595959595959596 1.878787878787879 1.8585858585858586 1.494949494949495 1.9595959595959596 1.3333333333333333 1.5757575757575757 1.4343434343434343 1.7575757575757576 1.97979797979798 1.7777777777777777 1.5555555555555556 2.0 2.0 0.8484848484848485 1.1717171717171717  
32 27.96167506973682 1.9595959595959596 1.8585858585858586 1.97979797979798 1.8181818181818181 1.1111111111111112 1.8383838383838385 0.98989898989899 0.9090909090909091 1.878787878787879 1.0505050505050506 1.1515151515151516 0.9494949494949495 1.2727272727272727 1.8585858585858586 1.9595959595959596 1.878787878787879 1.8585858585858586 1.494949494949495 1.9595959595959596 1.3333333333333333 1.5757575757575757 1.4343434343434343 1.7575757575757576 1.97979797979798 1.7777777777777777 1.5555555555555556 2.0 2.0 0.8484848484848485 1.1717171717171717  
36 1.2442963325982195 1.9595959595959596 1.8585858585858586 1.97979797979798 1.8181818181818181 1.1111111111111112 1.8383838383838385 0.98989898989899 0.9090909090909091 1.878787878787879 1.0505050505050506 1.1515151515151516 0.9494949494949495 1.2727272727272727 1.8585858585858586 1.9595959595959596 1.878787878787879 1.8585858585858586 1.494949494949495 1.9595959595959596 1.3333333333333333 1.5757575757575757 1.4343434343434343 1.7575757575757576 1.97979797979798 1.7777777777777777 1.5555555555555556 2.0 2.0 0.8484848484848485 1.1717171717171717  
60 4.0783226687274405 1.9595959595959596 1.8585858585858586 1.97979797979798 1.8181818181818181 1.1111111111111112 1.8383838383838385 0.98989898989899 0.9090909090909091 1.878787878787879 1.0505050505050506 1.1515151515151516 0.9494949494949495 1.2727272727272727 1.8585858585858586 1.9595959595959596 1.878787878787879 1.8585858585858586 1.494949494949495 1.9595959595959596 1.3333333333333333 1.5757575757575757 1.4343434343434343 1.7575757575757576 1.97979797979798 1.7777777777777777 1.5555555555555556 2.0 2.0 0.8484848484848485 1.1717171717171717  
75 46.08512218963834 2.9393939393939394 2.787878787878788 2.9696969696969697 2.727272727272727 1.6666666666666667 2.757575757575758 1.4848484848484849 1.3636363636363635 2.8181818181818183 1.5757575757575757 1.7272727272727273 1.4242424242424243 1.9090909090909092 2.787878787878788 2.9393939393939394 2.8181818181818183 2.787878787878788 2.242424242424242 2.9393939393939394 2.0 2.3636363636363638 2.1515151515151514 2.6363636363636362 2.9696969696969697 2.6666666666666665 2.3333333333333335 3.0 3.0 1.2727272727272727 1.7575757575757576  
6 47.54056776556775 1.9595959595959596 1.8585858585858586 1.97979797979798 1.8181818181818181 1.1111111111111112 1.8383838383838385 0.98989898989899 0.9090909090909091 1.878787878787879 1.0505050505050506 1.1515151515151516 0.9494949494949495 1.2727272727272727 1.8585858585858586 1.9595959595959596 1.878787878787879 1.8585858585858586 1.494949494949495 1.9595959595959596 1.3333333333333333 1.5757575757575757 1.4343434343434343 1.7575757575757576 1.97979797979798 1.7777777777777777 1.5555555555555556 2.0 2.0 0.8484848484848485 1.1717171717171717  
40 79.0 2.9393939393939394 2.787878787878788 2.9696969696969697 2.727272727272727 1.6666666666666667 2.757575757575758 1.4848484848484849 1.3636363636363635 2.8181818181818183 1.5757575757575757 1.7272727272727273 1.4242424242424243 1.9090909090909092 2.787878787878788 2.9393939393939394 2.8181818181818183 2.787878787878788 2.242424242424242 2.9393939393939394 2.0 2.3636363636363638 2.1515151515151514 2.6363636363636362 2.9696969696969697 2.6666666666666665 2.3333333333333335 3.0 3.0 1.2727272727272727 1.7575757575757576  
17 176.9791509043968 2.9393939393939394 2.787878787878788 2.9696969696969697 2.727272727272727 1.6666666666666667 2.757575757575758 1.4848484848484849 1.3636363636363635 2.8181818181818183 1.5757575757575757 1.7272727272727273 1.4242424242424243 1.9090909090909092 2.787878787878788 2.9393939393939394 2.8181818181818183 2.787878787878788 2.242424242424242 2.9393939393939394 2.0 2.3636363636363638 2.1515151515151514 2.6363636363636362 2.9696969696969697 2.6666666666666665 2.3333333333333335 3.0 3.0 1.2727272727272727 1.7575757575757576  
37 19.627882599580705 2.9393939393939394 2.787878787878788 2.9696969696969697 2.727272727272727 1.6666666666666667 2.757575757575758 1.4848484848484849 1.3636363636363635 2.8181818181818183 1.5757575757575757 1.7272727272727273 1.4242424242424243 1.9090909090909092 2.787878787878788 2.9393939393939394 2.8181818181818183 2.787878787878788 2.242424242424242 2.9393939393939394 2.0 2.3636363636363638 2.1515151515151514 2.6363636363636362 2.9696969696969697 2.6666666666666665 2.3333333333333335 3.0 3.0 1.2727272727272727 1.7575757575757576  
30 123.88676704148402 1.9595959595959596 1.8585858585858586 1.97979797979798 1.8181818181818181 1.1111111111111112 1.8383838383838385 0.98989898989899 0.9090909090909091 1.878787878787879 1.0505050505050506 1.1515151515151516 0.9494949494949495 1.2727272727272727 1.8585858585858586 1.9595959595959596 1.878787878787879 1.8585858585858586 1.494949494949495 1.9595959595959596 1.3333333333333333 1.5757575757575757 1.4343434343434343 1.7575757575757576 1.97979797979798 1.7777777777777777 1.5555555555555556 2.0 2.0 0.8484848484848485 1.1717171717171717  
59 37.60704351783483 2.9393939393939394 2.787878787878788 2.9696969696969697 2.727272727272727 1.6666666666666667 2.757575757575758 1.4848484848484849 1.3636363636363635 2.8181818181818183 1.5757575757575757 1.7272727272727273 1.4242424242424243 1.9090909090909092 2.787878787878788 2.9393939393939394 2.8181818181818183 2.787878787878788 2.242424242424242 2.9393939393939394 2.0 2.3636363636363638 2.1515151515151514 2.6363636363636362 2.9696969696969697 2.6666666666666665 2.3333333333333335 3.0 3.0 1.2727272727272727 1.7575757575757576  
29 53.81475128644938 2.9393939393939394 2.787878787878788 2.9696969696969697 2.727272727272727 1.6666666666666667 2.757575757575758 1.4848484848484849 1.3636363636363635 2.8181818181818183 1.5757575757575757 1.7272727272727273 1.4242424242424243 1.9090909090909092 2.787878787878788 2.9393939393939394 2.8181818181818183 2.787878787878788 2.242424242424242 2.9393939393939394 2.0 2.3636363636363638 2.1515151515151514 2.6363636363636362 2.9696969696969697 2.6666666666666665 2.3333333333333335 3.0 3.0 1.2727272727272727 1.7575757575757576  
86 36.8124005027231 1.9595959595959596 1.8585858585858586 1.97979797979798 1.8181818181818181 1.1111111111111112 1.8383838383838385 0.98989898989899 0.9090909090909091 1.878787878787879 1.0505050505050506 1.1515151515151516 0.9494949494949495 1.2727272727272727 1.8585858585858586 1.9595959595959596 1.878787878787879 1.8585858585858586 1.494949494949495 1.9595959595959596 1.3333333333333333 1.5757575757575757 1.4343434343434343 1.7575757575757576 1.97979797979798 1.7777777777777777 1.5555555555555556 2.0 2.0 0.8484848484848485 1.1717171717171717  
13 86.56231637837526 1.9595959595959596 1.8585858585858586 1.97979797979798 1.8181818181818181 1.1111111111111112 1.8383838383838385 0.98989898989899 0.9090909090909091 1.878787878787879 1.0505050505050506 1.1515151515151516 0.9494949494949495 1.2727272727272727 1.8585858585858586 1.9595959595959596 1.878787878787879 1.8585858585858586 1.494949494949495 1.9595959595959596 1.3333333333333333 1.5757575757575757 1.4343434343434343 1.7575757575757576 1.97979797979798 1.7777777777777777 1.5555555555555556 2.0 2.0 0.8484848484848485 1.1717171717171717  
4 149.90539253539256 2.9393939393939394 2.787878787878788 2.9696969696969697 2.727272727272727 1.6666666666666667 2.757575757575758 1.4848484848484849 1.3636363636363635 2.8181818181818183 1.5757575757575757 1.7272727272727273 1.4242424242424243 1.9090909090909092 2.787878787878788 2.9393939393939394 2.8181818181818183 2.787878787878788 2.242424242424242 2.9393939393939394 2.0 2.3636363636363638 2.1515151515151514 2.6363636363636362 2.9696969696969697 2.6666666666666665 2.3333333333333335 3.0 3.0 1.2727272727272727 1.7575757575757576  
48 69.30720485145206 1.9595959595959596 1.8585858585858586 1.97979797979798 1.8181818181818181 1.1111111111111112 1.8383838383838385 0.98989898989899 0.9090909090909091 1.878787878787879 1.0505050505050506 1.1515151515151516 0.9494949494949495 1.2727272727272727 1.8585858585858586 1.9595959595959596 1.878787878787879 1.8585858585858586 1.494949494949495 1.9595959595959596 1.3333333333333333 1.5757575757575757 1.4343434343434343 1.7575757575757576 1.97979797979798 1.7777777777777777 1.5555555555555556 2.0 2.0 0.8484848484848485 1.1717171717171717  
99 59.876375772746236 2.9393939393939394 2.787878787878788 2.9696969696969697 2.727272727272727 1.6666666666666667 2.757575757575758 1.4848484848484849 1.3636363636363635 2.8181818181818183 1.5757575757575757 1.7272727272727273 1.4242424242424243 1.9090909090909092 2.787878787878788 2.9393939393939394 2.8181818181818183 2.787878787878788 2.242424242424242 2.9393939393939394 2.0 2.3636363636363638 2.1515151515151514 2.6363636363636362 2.9696969696969697 2.6666666666666665 2.3333333333333335 3.0 3.0 1.2727272727272727 1.7575757575757576  
67 0.9613758553274689 1.9595959595959596 1.8585858585858586 1.97979797979798 1.8181818181818181 1.1111111111111112 1.8383838383838385 0.98989898989899 0.9090909090909091 1.878787878787879 1.0505050505050506 1.1515151515151516 0.9494949494949495 1.2727272727272727 1.8585858585858586 1.9595959595959596 1.878787878787879 1.8585858585858586 1.494949494949495 1.9595959595959596 1.3333333333333333 1.5757575757575757 1.4343434343434343 1.7575757575757576 1.97979797979798 1.7777777777777777 1.5555555555555556 2.0 2.0 0.8484848484848485 1.1717171717171717  
9 12.0 2.9393939393939394 2.787878787878788 2.9696969696969697 2.727272727272727 1.6666666666666667 2.757575757575758 1.4848484848484849 1.3636363636363635 2.8181818181818183 1.5757575757575757 1.7272727272727273 1.4242424242424243 1.9090909090909092 2.787878787878788 2.9393939393939394 2.8181818181818183 2.787878787878788 2.242424242424242 2.9393939393939394 2.0 2.3636363636363638 2.1515151515151514 2.6363636363636362 2.9696969696969697 2.6666666666666665 2.3333333333333335 3.0 3.0 1.2727272727272727 1.7575757575757576  
8 21.497588126159553 1.9595959595959596 1.8585858585858586 1.97979797979798 1.8181818181818181 1.1111111111111112 1.8383838383838385 0.98989898989899 0.9090909090909091 1.878787878787879 1.0505050505050506 1.1515151515151516 0.9494949494949495 1.2727272727272727 1.8585858585858586 1.9595959595959596 1.878787878787879 1.8585858585858586 1.494949494949495 1.9595959595959596 1.3333333333333333 1.5757575757575757 1.4343434343434343 1.7575757575757576 1.97979797979798 1.7777777777777777 1.5555555555555556 2.0 2.0 0.8484848484848485 1.1717171717171717  
76 143.8229157938835 1.9595959595959596 1.8585858585858586 1.97979797979798 1.8181818181818181 1.1111111111111112 1.8383838383838385 0.98989898989899 0.9090909090909091 1.878787878787879 1.0505050505050506 1.1515151515151516 0.9494949494949495 1.2727272727272727 1.8585858585858586 1.9595959595959596 1.878787878787879 1.8585858585858586 1.494949494949495 1.9595959595959596 1.3333333333333333 1.5757575757575757 1.4343434343434343 1.7575757575757576 1.97979797979798 1.7777777777777777 1.5555555555555556 2.0 2.0 0.8484848484848485 1.1717171717171717  
93 55.752953555159436 2.9393939393939394 2.787878787878788 2.9696969696969697 2.727272727272727 1.6666666666666667 2.757575757575758 1.4848484848484849 1.3636363636363635 2.8181818181818183 1.5757575757575757 1.7272727272727273 1.4242424242424243 1.9090909090909092 2.787878787878788 2.9393939393939394 2.8181818181818183 2.787878787878788 2.242424242424242 2.9393939393939394 2.0 2.3636363636363638 2.1515151515151514 2.6363636363636362 2.9696969696969697 2.6666666666666665 2.3333333333333335 3.0 3.0 1.2727272727272727 1.7575757575757576  
52 163.54658704953238 1.9595959595959596 1.8585858585858586 1.97979797979798 1.8181818181818181 1.1111111111111112 1.8383838383838385 0.98989898989899 0.9090909090909091 1.878787878787879 1.0505050505050506 1.1515151515151516 0.9494949494949495 1.2727272727272727 1.8585858585858586 1.9595959595959596 1.878787878787879 1.8585858585858586 1.494949494949495 1.9595959595959596 1.3333333333333333 1.5757575757575757 1.4343434343434343 1.7575757575757576 1.97979797979798 1.7777777777777777 1.5555555555555556 2.0 2.0 0.8484848484848485 1.1717171717171717  
10 45.80121728545343 2.9393939393939394 2.787878787878788 2.9696969696969697 2.727272727272727 1.6666666666666667 2.757575757575758 1.4848484848484849 1.3636363636363635 2.8181818181818183 1.5757575757575757 1.7272727272727273 1.4242424242424243 1.9090909090909092 2.787878787878788 2.9393939393939394 2.8181818181818183 2.787878787878788 2.242424242424242 2.9393939393939394 2.0 2.3636363636363638 2.1515151515151514 2.6363636363636362 2.9696969696969697 2.6666666666666665 2.3333333333333335 3.0 3.0 1.2727272727272727 1.7575757575757576  
73 61.37041733575067 2.9393939393939394 2.787878787878788 2.9696969696969697 2.727272727272727 1.6666666666666667 2.757575757575758 1.4848484848484849 1.3636363636363635 2.8181818181818183 1.5757575757575757 1.7272727272727273 1.4242424242424243 1.9090909090909092 2.787878787878788 2.9393939393939394 2.8181818181818183 2.787878787878788 2.242424242424242 2.9393939393939394 2.0 2.3636363636363638 2.1515151515151514 2.6363636363636362 2.9696969696969697 2.6666666666666665 2.3333333333333335 3.0 3.0 1.2727272727272727 1.7575757575757576  
84 118.46319304152642 1.9595959595959596 1.8585858585858586 1.97979797979798 1.8181818181818181 1.1111111111111112 1.8383838383838385 0.98989898989899 0.9090909090909091 1.878787878787879 1.0505050505050506 1.1515151515151516 0.9494949494949495 1.2727272727272727 1.8585858585858586 1.9595959595959596 1.878787878787879 1.8585858585858586 1.494949494949495 1.9595959595959596 1.3333333333333333 1.5757575757575757 1.4343434343434343 1.7575757575757576 1.97979797979798 1.7777777777777777 1.5555555555555556 2.0 2.0 0.8484848484848485 1.1717171717171717  
5 26.144859307359305 2.9393939393939394 2.787878787878788 2.9696969696969697 2.727272727272727 1.6666666666666667 2.757575757575758 1.4848484848484849 1.3636363636363635 2.8181818181818183 1.5757575757575757 1.7272727272727273 1.4242424242424243 1.9090909090909092 2.787878787878788 2.9393939393939394 2.8181818181818183 2.787878787878788 2.242424242424242 2.9393939393939394 2.0 2.3636363636363638 2.1515151515151514 2.6363636363636362 2.9696969696969697 2.6666666666666665 2.3333333333333335 3.0 3.0 1.2727272727272727 1.7575757575757576  
83 170.59196745379046 2.9393939393939394 2.787878787878788 2.9696969696969697 2.727272727272727 1.6666666666666667 2.757575757575758 1.4848484848484849 1.3636363636363635 2.8181818181818183 1.5757575757575757 1.7272727272727273 1.4242424242424243 1.9090909090909092 2.787878787878788 2.9393939393939394 2.8181818181818183 2.787878787878788 2.242424242424242 2.9393939393939394 2.0 2.3636363636363638 2.1515151515151514 2.6363636363636362 2.9696969696969697 2.6666666666666665 2.3333333333333335 3.0 3.0 1.2727272727272727 1.7575757575757576  
39 3.4918238993710684 2.9393939393939394 2.787878787878788 2.9696969696969697 2.727272727272727 1.6666666666666667 2.757575757575758 1.4848484848484849 1.3636363636363635 2.8181818181818183 1.5757575757575757 1.7272727272727273 1.4242424242424243 1.9090909090909092 2.787878787878788 2.9393939393939394 2.8181818181818183 2.787878787878788 2.242424242424242 2.9393939393939394 2.0 2.3636363636363638 2.1515151515151514 2.6363636363636362 2.9696969696969697 2.6666666666666665 2.3333333333333335 3.0 3.0 1.2727272727272727 1.7575757575757576  
43 42.309649122807016 2.9393939393939394 2.787878787878788 2.9696969696969697 2.727272727272727 1.6666666666666667 2.757575757575758 1.4848484848484849 1.3636363636363635 2.8181818181818183 1.5757575757575757 1.7272727272727273 1.4242424242424243 1.9090909090909092 2.787878787878788 2.9393939393939394 2.8181818181818183 2.787878787878788 2.242424242424242 2.9393939393939394 2.0 2.3636363636363638 2.1515151515151514 2.6363636363636362 2.9696969696969697 2.6666666666666665 2.3333333333333335 3.0 3.0 1.2727272727272727 1.7575757575757576  
44 36.59774616819393 2.9393939393939394 2.787878787878788 2.9696969696969697 2.727272727272727 1.6666666666666667 2.757575757575758 1.4848484848484849 1.3636363636363635 2.8181818181818183 1.5757575757575757 1.7272727272727273 1.4242424242424243 1.9090909090909092 2.787878787878788 2.9393939393939394 2.8181818181818183 2.787878787878788 2.242424242424242 2.9393939393939394 2.0 2.3636363636363638 2.1515151515151514 2.6363636363636362 2.9696969696969697 2.6666666666666665 2.3333333333333335 3.0 3.0 1.2727272727272727 1.7575757575757576  
26 98.12271139063589 2.9393939393939394 2.787878787878788 2.9696969696969697 2.727272727272727 1.6666666666666667 2.757575757575758 1.4848484848484849 1.3636363636363635 2.8181818181818183 1.5757575757575757 1.7272727272727273 1.4242424242424243 1.9090909090909092 2.787878787878788 2.9393939393939394 2.8181818181818183 2.787878787878788 2.242424242424242 2.9393939393939394 2.0 2.3636363636363638 2.1515151515151514 2.6363636363636362 2.9696969696969697 2.6666666666666665 2.3333333333333335 3.0 3.0 1.2727272727272727 1.7575757575757576  
28 60.4075471698113 2.9393939393939394 2.787878787878788 2.9696969696969697 2.727272727272727 1.6666666666666667 2.757575757575758 1.4848484848484849 1.3636363636363635 2.8181818181818183 1.5757575757575757 1.7272727272727273 1.4242424242424243 1.9090909090909092 2.787878787878788 2.9393939393939394 2.8181818181818183 2.787878787878788 2.242424242424242 2.9393939393939394 2.0 2.3636363636363638 2.1515151515151514 2.6363636363636362 2.9696969696969697 2.6666666666666665 2.3333333333333335 3.0 3.0 1.2727272727272727 1.7575757575757576  
85 63.359254079254036 2.9393939393939394 2.787878787878788 2.9696969696969697 2.727272727272727 1.6666666666666667 2.757575757575758 1.4848484848484849 1.3636363636363635 2.8181818181818183 1.5757575757575757 1.7272727272727273 1.4242424242424243 1.9090909090909092 2.787878787878788 2.9393939393939394 2.8181818181818183 2.787878787878788 2.242424242424242 2.9393939393939394 2.0 2.3636363636363638 2.1515151515151514 2.6363636363636362 2.9696969696969697 2.6666666666666665 2.3333333333333335 3.0 3.0 1.2727272727272727 1.7575757575757576  
18 165.30447474921561 2.9393939393939394 2.787878787878788 2.9696969696969697 2.727272727272727 1.6666666666666667 2.757575757575758 1.4848484848484849 1.3636363636363635 2.8181818181818183 1.5757575757575757 1.7272727272727273 1.4242424242424243 1.9090909090909092 2.787878787878788 2.9393939393939394 2.8181818181818183 2.787878787878788 2.242424242424242 2.9393939393939394 2.0 2.3636363636363638 2.1515151515151514 2.6363636363636362 2.9696969696969697 2.6666666666666665 2.3333333333333335 3.0 3.0 1.2727272727272727 1.7575757575757576  
88 27.475299938157093 1.9595959595959596 1.8585858585858586 1.97979797979798 1.8181818181818181 1.1111111111111112 1.8383838383838385 0.98989898989899 0.9090909090909091 1.878787878787879 1.0505050505050506 1.1515151515151516 0.9494949494949495 1.2727272727272727 1.8585858585858586 1.9595959595959596 1.878787878787879 1.8585858585858586 1.494949494949495 1.9595959595959596 1.3333333333333333 1.5757575757575757 1.4343434343434343 1.7575757575757576 1.97979797979798 1.7777777777777777 1.5555555555555556 2.0 2.0 0.8484848484848485 1.1717171717171717  
33 15.287001703108471 1.9595959595959596 1.8585858585858586 1.97979797979798 1.8181818181818181 1.1111111111111112 1.8383838383838385 0.98989898989899 0.9090909090909091 1.878787878787879 1.0505050505050506 1.1515151515151516 0.9494949494949495 1.2727272727272727 1.8585858585858586 1.9595959595959596 1.878787878787879 1.8585858585858586 1.494949494949495 1.9595959595959596 1.3333333333333333 1.5757575757575757 1.4343434343434343 1.7575757575757576 1.97979797979798 1.7777777777777777 1.5555555555555556 2.0 2.0 0.8484848484848485 1.1717171717171717  
54 70.92147950089122 2.9393939393939394 2.787878787878788 2.9696969696969697 2.727272727272727 1.6666666666666667 2.757575757575758 1.4848484848484849 1.3636363636363635 2.8181818181818183 1.5757575757575757 1.7272727272727273 1.4242424242424243 1.9090909090909092 2.787878787878788 2.9393939393939394 2.8181818181818183 2.787878787878788 2.242424242424242 2.9393939393939394 2.0 2.3636363636363638 2.1515151515151514 2.6363636363636362 2.9696969696969697 2.6666666666666665 2.3333333333333335 3.0 3.0 1.2727272727272727 1.7575757575757576  
15 115.88181982597531 1.9595959595959596 1.8585858585858586 1.97979797979798 1.8181818181818181 1.1111111111111112 1.8383838383838385 0.98989898989899 0.9090909090909091 1.878787878787879 1.0505050505050506 1.1515151515151516 0.9494949494949495 1.2727272727272727 1.8585858585858586 1.9595959595959596 1.878787878787879 1.8585858585858586 1.494949494949495 1.9595959595959596 1.3333333333333333 1.5757575757575757 1.4343434343434343 1.7575757575757576 1.97979797979798 1.7777777777777777 1.5555555555555556 2.0 2.0 0.8484848484848485 1.1717171717171717  
74 14.96319648093841 1.9595959595959596 1.8585858585858586 1.97979797979798 1.8181818181818181 1.1111111111111112 1.8383838383838385 0.98989898989899 0.9090909090909091 1.878787878787879 1.0505050505050506 1.1515151515151516 0.9494949494949495 1.2727272727272727 1.8585858585858586 1.9595959595959596 1.878787878787879 1.8585858585858586 1.494949494949495 1.9595959595959596 1.3333333333333333 1.5757575757575757 1.4343434343434343 1.7575757575757576 1.97979797979798 1.7777777777777777 1.5555555555555556 2.0 2.0 0.8484848484848485 1.1717171717171717  
69 3.899466622063635 2.9393939393939394 2.787878787878788 2.9696969696969697 2.727272727272727 1.6666666666666667 2.757575757575758 1.4848484848484849 1.3636363636363635 2.8181818181818183 1.5757575757575757 1.7272727272727273 1.4242424242424243 1.9090909090909092 2.787878787878788 2.9393939393939394 2.8181818181818183 2.787878787878788 2.242424242424242 2.9393939393939394 2.0 2.3636363636363638 2.1515151515151514 2.6363636363636362 2.9696969696969697 2.6666666666666665 2.3333333333333335 3.0 3.0 1.2727272727272727 1.7575757575757576  
89 16.223313062598777 2.9393939393939394 2.787878787878788 2.9696969696969697 2.727272727272727 1.6666666666666667 2.757575757575758 1.4848484848484849 1.3636363636363635 2.8181818181818183 1.5757575757575757 1.7272727272727273 1.4242424242424243 1.9090909090909092 2.787878787878788 2.9393939393939394 2.8181818181818183 2.787878787878788 2.242424242424242 2.9393939393939394 2.0 2.3636363636363638 2.1515151515151514 2.6363636363636362 2.9696969696969697 2.6666666666666665 2.3333333333333335 3.0 3.0 1.2727272727272727 1.7575757575757576  
58 29.68084217134175 1.9595959595959596 1.8585858585858586 1.97979797979798 1.8181818181818181 1.1111111111111112 1.8383838383838385 0.98989898989899 0.9090909090909091 1.878787878787879 1.0505050505050506 1.1515151515151516 0.9494949494949495 1.2727272727272727 1.8585858585858586 1.9595959595959596 1.878787878787879 1.8585858585858586 1.494949494949495 1.9595959595959596 1.3333333333333333 1.5757575757575757 1.4343434343434343 1.7575757575757576 1.97979797979798 1.7777777777777777 1.5555555555555556 2.0 2.0 0.8484848484848485 1.1717171717171717  
