100 50
TREE NETWORK (nID nID Weight):
1 0 44.0 
2 1 38.0 
8 1 32.0 
41 0 44.0 
42 41 36.0 
70 0 58.0 
43 42 44.0 
71 70 55.0 
48 42 43.0 
9 8 43.0 
13 8 41.0 
49 48 51.0 
59 42 35.0 
83 70 54.0 
14 13 48.0 
15 14 44.0 
3 2 36.0 
60 42 42.0 
44 43 48.0 
65 42 59.0 
24 8 59.0 
84 70 38.0 
31 8 52.0 
50 49 46.0 
34 8 47.0 
85 84 46.0 
54 49 43.0 
5 2 56.0 
94 0 57.0 
72 71 55.0 
10 9 52.0 
35 34 31.0 
61 60 50.0 
62 60 46.0 
23 13 33.0 
36 35 42.0 
11 9 57.0 
32 31 42.0 
74 71 54.0 
88 70 39.0 
25 24 57.0 
37 8 34.0 
4 3 43.0 
38 37 42.0 
27 24 46.0 
75 74 54.0 
66 42 52.0 
77 74 41.0 
28 24 38.0 
56 49 56.0 
63 62 39.0 
64 63 45.0 
73 72 36.0 
19 14 45.0 
98 0 41.0 
51 50 36.0 
80 71 55.0 
67 41 52.0 
99 0 50.0 
6 5 49.0 
45 44 30.0 
82 71 32.0 
95 94 46.0 
93 70 48.0 
47 43 55.0 
52 51 42.0 
57 56 54.0 
89 88 34.0 
86 85 48.0 
7 5 47.0 
39 37 37.0 
81 80 50.0 
53 51 43.0 
40 37 44.0 
16 15 32.0 
17 16 32.0 
29 24 42.0 
33 31 41.0 
87 86 58.0 
12 9 45.0 
18 17 56.0 
90 89 45.0 
26 25 54.0 
68 41 34.0 
46 45 49.0 
96 94 51.0 
69 68 53.0 
30 29 52.0 
76 75 55.0 
20 19 49.0 
58 56 43.0 
78 74 49.0 
97 96 58.0 
21 14 43.0 
55 54 43.0 
92 88 36.0 
91 90 37.0 
79 78 30.0 
22 21 38.0 
PROGRAMS ASSIGNED TO NODES (nID pID1 pID2 ...):
0 1 2 3 4 5 6 7 8 9 10 11 12 13 14 15 16 17 18 19 20 21 22 23 24 25 26 27 28 29 30 31 32 33 34 35 36 37 38 39 40 41 42 43 44 45 46 47 48 49 50  
65 1 3 4 5 6 9 18 20 23 25 26 27 29 30 32 33 34 35 36 37 38 44 46 47 49  
97 1 2 3 4 5 6 7 8 10 15 16 18 22 23 24 25 27 28 29 34 35 37 39 40 41 42 43 44 47 49 50  
16 19  
57 1 2 3 5 6 7 11 13 14 15 16 17 18 19 20 21 22 23 24 25 26 27 28 29 31 32 33 34 35 37 38 39 40 41 42 44 45 46 47 49 50  
85 1 5 6 8 10 11 12 13 14 15 24 25 26 31 34 35 36 37 38 40 42 43 45 46 49 50  
34 1 2 3 6 9 10 11 12 13 14 15 19 22 23 24 26 28 29 30 31 34 36 37 38 39 40 44 45 47 49 50  
70 1 2 4 5 8 9 10 12 13 14 15 17 18 19 21 24 25 26 27 28 31 33 35 36 38 39 40 41 43 44 45 47 49  
84 2 3 4 5 6 9 11 13 14 15 21 23 25 26 27 28 29 30 34 35 36 38 39 42 44 47 48 49  
43 1 2 4 5 7 8 9 10 12 13 14 15 16 17 18 20 21 22 23 24 25 28 29 30 33 34 35 37 38 42 43 44 45 46 47 48 49 50  
56 1 2 3 4 5 6 7 8 9 10 11 12 13 14 17 18 19 20 22 23 24 25 26 27 29 31 32 34 35 36 37 39 40 41 42 43 45 46 47 48 49 50  
20 2 5 6 8 12 13 15 20 22 24 25 28 30 32 34 36 37 43 47 50  
11 1 2 3 4 5 6 8 10 11 12 13 15 17 21 22 24 26 27 28 30 31 32 36 38 39 40 42 47 50  
2 1 2 4 5 9 10 12 13 14 15 16 17 18 19 20 24 25 26 29 30 31 32 33 35 37 38 39 40 42 43 44 45 49 50  
93 37  
8 8 18 24 29 31 33 36 38 40 43 44  
74 3 5 6 7 8 9 10 11 12 13 15 17 19 21 23 26 28 30 31 32 33 34 35 36 37 38 39 40 41 44 45 46 47 48 49  
50 9 27 40 48 49  
51 10 11 12 13 16 24 30 33 38 46 49 50  
75 1 2 5 6 8 9 10 11 12 13 14 15 17 18 19 22 23 26 27 29 30 31 33 35 39 40 43 45 46 48 49  
7 2 3 5 6 7 8 9 10 12 14 16 18 19 20 21 22 23 25 26 27 28 29 30 31 32 33 34 40 41 43 44 45 47 48 49 50  
10 1 2 8 12 26 43 49  
86 2 3 6 7 8 9 10 11 12 15 16 17 19 21 22 23 25 26 27 30 32 34 35 36 39 40 41 42 44 45 46 47 50  
58 1 2 3 4 6 7 11 12 15 16 17 18 22 23 24 25 26 28 29 30 35 36 37 39 40 41 42 44 45 49 50  
88 7 10 11 13 14 15 16 17 18 19 21 24 26 27 32 34 35 36 38 40 41 43 45 46 47 49 50  
24 3 4 5 6 8 10 19 20 27 30 31 33 34 35 42 45 47 48  
28 2 3 4 6 7 9 10 11 14 15 16 17 18 19 20 21 22 23 24 25 26 27 28 30 31 33 34 35 36 37 39 40 41 42 43 44 46 47 49 50  
98 1 3 4 5 6 7 8 10 11 12 13 14 15 17 18 20 21 22 23 24 25 26 27 28 29 30 31 32 33 34 35 36 37 38 39 40 41 42 43 44 45 46 47 48 49 50  
35 2 3 5 6 8 9 10 11 12 13 14 17 19 20 21 22 23 24 26 27 28 30 31 34 35 36 37 38 39 40 41 42 43 44 45 46 47 48 49  
1 1 3 4 5 6 7 8 9 10 11 12 13 14 15 16 17 18 19 20 21 22 23 24 25 26 27 28 29 30 31 32 34 36 37 40 41 42 43 44 45 46 47 48 49 50  
92 16  
19 1 2 3 4 5 6 7 8 9 10 11 12 14 15 16 17 18 20 21 23 24 25 26 28 29 30 31 32 33 34 35 36 37 41 42 43 44 45 46 48 49 50  
96 1 2 3 4 6 7 8 10 13 14 15 16 17 18 19 22 24 27 28 34 35 37 38 39 40 42 43 44 45 46 47 48 49 50  
83 1 2 3 4 5 6 7 8 9 10 11 13 14 15 16 17 18 21 22 24 25 27 28 29 30 31 32 33 34 35 36 37 38 39 40 41 42 43 44 46 47 48 49 50  
76 7 9 10 13 18 30 32 35 37 38  
53 1 3 9 12 15 32 38 43  
13 7 13 17 21 22 23 26 28 38 48 50  
14 1 3 5 7 8 9 10 11 13 14 17 20 21 22 23 24 25 28 29 30 32 33 34 35 36 39 41 42 43 45 46 47 48 49 50  
3 1 3 6 7 11 13 15 17 18 19 20 21 22 23 24 27 29 31 32 33 34 35 36 38 41 43 44 45 47 48 50  
90 1 2 4 5 6 7 8 9 10 11 12 13 14 15 16 17 18 19 21 22 23 25 26 27 28 29 30 31 32 33 34 35 36 37 38 39 40 41 42 45 46 47 49 50  
80 1 2 3 4 6 8 9 11 12 13 14 17 18 19 21 22 23 26 27 28 30 31 32 34 35 37 38 39 40 41 42 43 44 45 46 47 48 49 50  
38 1 6 7 10 11 12 13 14 15 16 18 19 22 23 24 25 29 30 31 34 35 37 38 39 40 41 44 45 46 47 48  
81 1 3 4 5 6 7 8 9 10 11 12 13 14 15 16 17 18 19 20 21 22 23 24 25 26 28 30 31 33 34 35 36 37 38 39 40 41 42 43 44 45 46 47 48 49 50  
78 12 14 22  
33 2 4 9 17 21 25 29 31 33 43 44 45 50  
59 1 2 3 4 5 6 7 8 9 10 11 12 13 14 15 16 17 18 19 20 21 22 23 24 25 26 27 28 29 30 31 32 33 34 35 36 37 38 39 40 41 43 44 45 46 47 48 49 50  
68 1 2 3 5 6 7 8 9 10 11 12 13 14 15 16 17 19 20 22 23 24 25 26 27 28 29 31 32 33 34 35 36 37 38 39 40 41 42 43 44 45 46 47 49  
63 3 4 5 6 7 8 9 10 11 12 13 14 15 16 17 18 19 22 25 26 28 29 30 32 34 35 36 37 38 39 40 41 44 45 46 47 49 50  
17 1 3 4 5 6 7 8 9 10 11 12 13 14 15 16 17 18 19 20 21 22 23 24 25 26 27 28 29 30 31 32 33 34 35 36 37 38 39 40 41 43 44 45 46 47 48 49 50  
30 1 2 3 4 5 6 8 9 10 11 12 13 14 15 16 17 18 19 20 21 23 24 25 26 27 28 29 30 31 32 33 34 35 36 37 38 39 40 41 42 43 44 45 46 47 48 49 50  
47 1 5 7 13 19 26 30 32 33 37 38 42 44 45 47 48  
62 2 8 20 27 28 30 35 47 50  
69 1 2 3 4 6 7 9 10 15 18 23 24 26 28 29 30 31 32 34 35 37 38 39 41 42 43 44 45 46 49 50  
23 1 2 3 4 5 6 7 8 9 10 12 13 14 15 16 17 19 20 21 22 23 24 25 26 27 28 29 30 32 33 35 36 37 38 39 40 42 43 44 46 47 48 49  
71 2 3 5 7 8 10 11 13 21 26 29 35 44 46 47  
37 18 32 33 41 47  
15 2 3 4 6 7 8 10 13 14 15 16 17 18 19 20 21 22 23 24 25 26 27 28 30 31 32 33 34 36 37 38 39 41 42 43 44 45 46 47 49  
18 3 4 7 10 11 12 14 15 16 17 18 20 22 23 24 29 31 34 35 37 40 42 44 45 46 47 50  
72 3 4 5 6 8 10 13 15 16 17 19 25 26 28 30 31 32 33 39 40 41 44 46 47 48 49  
79 1 3 7 9 10 11 16 19 20 24 31 32 34 41 43 45 46 47 49 50  
29 1 2 4 7 10 11 12 15 16 18 21 25 26 32 34 35 36 37 39 40 41 42 43 44 46 49 50  
91 1 2 3 6 7 8 9 10 12 15 18 19 22 23 26 30 31 32 34 35 38 43 44 46 48 50  
77  
40 10 11 14 27 29 30 36 42 43  
27 1 9 10 13 15 16 19 22 23 24 26 27 29 31 34 36 37 38 40 41 42 44 45 47 48 50  
31 1 2 3 4 5 6 7 8 9 10 11 13 14 15 16 18 19 20 21 22 23 26 28 29 32 34 35 37 38 39 40 41 43 44 45 47 48 49  
61 2 3 4 5 7 8 9 11 12 13 15 16 17 18 19 20 22 24 25 26 27 28 29 31 33 34 35 36 37 38 39 41 42 43 46 47 48 49  
42 2 4 8 9 11 12 14 17 18 22 29 30 31 33 34 35 39 40 43 47 48 49  
48 3 11 12 17 24 25 35 42 43 45  
22 1 2 3 4 6 7 8 10 11 12 13 14 15 16 17 18 19 20 21 22 23 24 25 26 27 28 29 30 31 32 33 34 35 36 38 39 41 42 43 44 45 46 47 48 49 50  
41 1 4 5 6 8 18 19 21 26 28 29 30 31 34 35 38 41 42 43 47 48  
94 5 18 35 40  
4 5 19 48  
99 1 2 3 5 6 7 8 9 10 11 12 13 14 15 16 17 18 19 21 22 24 25 26 27 28 29 30 31 32 33 34 35 36 37 38 39 40 41 42 43 44 46 47 48 49 50  
55 17 20 33 35 39 40 50  
6 9 13 47  
5 1 17 20 21 37 43 45 46  
64 1 5 12 13 19 23 36 39 45 48 50  
73 1 4 5 9 17 31 32 38 50  
89 2 3 4 5 6 7 8 9 10 11 13 14 16 17 18 19 21 23 24 28 32 33 35 39 41 42 44 46 47 48 49  
82 1 2 3 4 5 6 7 8 9 10 11 12 14 15 16 17 19 20 22 23 24 26 28 29 31 32 33 34 35 36 38 42 45 46 47 48 49 50  
44 5 13 14 23 24 27 33 35 36 48 49  
87 1 7 8 9 10 11 13 17 18 20 21 22 24 25 26 29 33 34 35 36 38 39 40 43 45 47 50  
66 8 9 15 19 21 28 29 33 40 42 43 50  
36 2 7 13 16 18 19 22 28 31 41 42 43 45 47 48 49  
21 14 26 46  
54 2 6 7 8 10 11 13 14 15 16 17 18 19 20 21 24 27 28 29 30 32 33 34 35 38 40 43 44 45 47 49 50  
9 17 20 22 25 42  
60 1 2 3 5 13 23 26 33 36 37 43 46 48  
49 1 2 3 4 5 6 7 8 9 10 11 12 13 14 15 16 17 18 19 20 21 22 23 24 25 26 28 29 30 31 32 33 34 35 36 38 39 40 41 42 43 44 45 46 47 48 49 50  
67 1 2 4 6 8 9 13 17 19 20 21 23 24 25 26 27 31 34 38 39 43 45 46 47 48 49  
39 1 2 3 6 7 8 10 11 12 13 14 15 16 17 19 20 25 26 27 28 29 30 31 32 33 34 35 38 41 43 45 46 47 50  
26 3 4 5 7 9 18 19 22 23 24 27 28 29 30 32 33 34 37 39 40 41 43 44 45 46 47 48 49  
46 1 2 3 4 5 7 8 9 10 12 13 14 15 16 17 19 20 21 22 25 26 27 28 30 34 35 36 37 38 39 40 41 42 43 44 45 46 47 49 50  
95 2 4 11 30 41 50  
52 12 15 18 19 22 26 29 36 38 41 43 46 49  
45 1 2 3 4 6 7 8 9 10 11 12 13 14 15 16 17 19 20 22 23 24 25 26 28 29 30 32 33 34 35 36 37 38 39 40 41 42 47 49 50  
12 1 2 3 4 5 6 9 12 13 14 15 16 17 19 20 21 22 23 26 27 28 32 33 34 35 36 37 40 41 42 43 45 46 47 48 49  
32 6 13 30 31 45 46  
25  
SIZE OF PROGRAMS (pID SIZE):
1 89.0 
2 45.0 
3 49.0 
4 99.0 
5 66.0 
6 91.0 
7 49.0 
8 75.0 
9 85.0 
10 64.0 
11 43.0 
12 99.0 
13 54.0 
14 49.0 
15 73.0 
16 83.0 
17 78.0 
18 71.0 
19 87.0 
20 48.0 
21 99.0 
22 65.0 
23 57.0 
24 77.0 
25 83.0 
26 51.0 
27 57.0 
28 42.0 
29 52.0 
30 60.0 
31 94.0 
32 78.0 
33 82.0 
34 58.0 
35 91.0 
36 70.0 
37 72.0 
38 98.0 
39 77.0 
40 91.0 
41 80.0 
42 67.0 
43 61.0 
44 53.0 
45 87.0 
46 81.0 
47 74.0 
48 50.0 
49 86.0 
50 91.0 
COST_INSTALL_SERVER_AND_PROGRAMS :
0 8234.343434343435 1.797979797979798 0.9090909090909091 0.98989898989899 2.0 1.3333333333333333 1.8383838383838385 0.98989898989899 1.5151515151515151 1.7171717171717171 1.292929292929293 0.8686868686868687 2.0 1.0909090909090908 0.98989898989899 1.4747474747474747 1.6767676767676767 1.5757575757575757 1.4343434343434343 1.7575757575757576 0.9696969696969697 2.0 1.3131313131313131 1.1515151515151516 1.5555555555555556 1.6767676767676767 1.0303030303030303 1.1515151515151516 0.8484848484848485 1.0505050505050506 1.2121212121212122 1.898989898989899 1.5757575757575757 1.6565656565656566 1.1717171717171717 1.8383838383838385 1.4141414141414141 1.4545454545454546 1.97979797979798 1.5555555555555556 1.8383838383838385 1.6161616161616161 1.3535353535353536 1.2323232323232323 1.0707070707070707 1.7575757575757576 1.6363636363636365 1.494949494949495 1.0101010101010102 1.7373737373737375 1.8383838383838385  
65 23.675585055246074 2.696969696969697 1.3636363636363635 1.4848484848484849 3.0 2.0 2.757575757575758 1.4848484848484849 2.272727272727273 2.5757575757575757 1.9393939393939394 1.303030303030303 3.0 1.6363636363636365 1.4848484848484849 2.212121212121212 2.515151515151515 2.3636363636363638 2.1515151515151514 2.6363636363636362 1.4545454545454546 3.0 1.9696969696969697 1.7272727272727273 2.3333333333333335 2.515151515151515 1.5454545454545454 1.7272727272727273 1.2727272727272727 1.5757575757575757 1.8181818181818181 2.8484848484848486 2.3636363636363638 2.484848484848485 1.7575757575757576 2.757575757575758 2.121212121212121 2.1818181818181817 2.9696969696969697 2.3333333333333335 2.757575757575758 2.4242424242424243 2.0303030303030303 1.8484848484848484 1.606060606060606 2.6363636363636362 2.4545454545454546 2.242424242424242 1.5151515151515151 2.606060606060606 2.757575757575758  
97 61.6036826981246 2.696969696969697 1.3636363636363635 1.4848484848484849 3.0 2.0 2.757575757575758 1.4848484848484849 2.272727272727273 2.5757575757575757 1.9393939393939394 1.303030303030303 3.0 1.6363636363636365 1.4848484848484849 2.212121212121212 2.515151515151515 2.3636363636363638 2.1515151515151514 2.6363636363636362 1.4545454545454546 3.0 1.9696969696969697 1.7272727272727273 2.3333333333333335 2.515151515151515 1.5454545454545454 1.7272727272727273 1.2727272727272727 1.5757575757575757 1.8181818181818181 2.8484848484848486 2.3636363636363638 2.484848484848485 1.7575757575757576 2.757575757575758 2.121212121212121 2.1818181818181817 2.9696969696969697 2.3333333333333335 2.757575757575758 2.4242424242424243 2.0303030303030303 1.8484848484848484 1.606060606060606 2.6363636363636362 2.4545454545454546 2.242424242424242 1.5151515151515151 2.606060606060606 2.757575757575758  
16 217.2431633407246 2.696969696969697 1.3636363636363635 1.4848484848484849 3.0 2.0 2.757575757575758 1.4848484848484849 2.272727272727273 2.5757575757575757 1.9393939393939394 1.303030303030303 3.0 1.6363636363636365 1.4848484848484849 2.212121212121212 2.515151515151515 2.3636363636363638 2.1515151515151514 2.6363636363636362 1.4545454545454546 3.0 1.9696969696969697 1.7272727272727273 2.3333333333333335 2.515151515151515 1.5454545454545454 1.7272727272727273 1.2727272727272727 1.5757575757575757 1.8181818181818181 2.8484848484848486 2.3636363636363638 2.484848484848485 1.7575757575757576 2.757575757575758 2.121212121212121 2.1818181818181817 2.9696969696969697 2.3333333333333335 2.757575757575758 2.4242424242424243 2.0303030303030303 1.8484848484848484 1.606060606060606 2.6363636363636362 2.4545454545454546 2.242424242424242 1.5151515151515151 2.606060606060606 2.757575757575758  
57 64.94277063342757 2.696969696969697 1.3636363636363635 1.4848484848484849 3.0 2.0 2.757575757575758 1.4848484848484849 2.272727272727273 2.5757575757575757 1.9393939393939394 1.303030303030303 3.0 1.6363636363636365 1.4848484848484849 2.212121212121212 2.515151515151515 2.3636363636363638 2.1515151515151514 2.6363636363636362 1.4545454545454546 3.0 1.9696969696969697 1.7272727272727273 2.3333333333333335 2.515151515151515 1.5454545454545454 1.7272727272727273 1.2727272727272727 1.5757575757575757 1.8181818181818181 2.8484848484848486 2.3636363636363638 2.484848484848485 1.7575757575757576 2.757575757575758 2.121212121212121 2.1818181818181817 2.9696969696969697 2.3333333333333335 2.757575757575758 2.4242424242424243 2.0303030303030303 1.8484848484848484 1.606060606060606 2.6363636363636362 2.4545454545454546 2.242424242424242 1.5151515151515151 2.606060606060606 2.757575757575758  
85 164.3348263069421 1.797979797979798 0.9090909090909091 0.98989898989899 2.0 1.3333333333333333 1.8383838383838385 0.98989898989899 1.5151515151515151 1.7171717171717171 1.292929292929293 0.8686868686868687 2.0 1.0909090909090908 0.98989898989899 1.4747474747474747 1.6767676767676767 1.5757575757575757 1.4343434343434343 1.7575757575757576 0.9696969696969697 2.0 1.3131313131313131 1.1515151515151516 1.5555555555555556 1.6767676767676767 1.0303030303030303 1.1515151515151516 0.8484848484848485 1.0505050505050506 1.2121212121212122 1.898989898989899 1.5757575757575757 1.6565656565656566 1.1717171717171717 1.8383838383838385 1.4141414141414141 1.4545454545454546 1.97979797979798 1.5555555555555556 1.8383838383838385 1.6161616161616161 1.3535353535353536 1.2323232323232323 1.0707070707070707 1.7575757575757576 1.6363636363636365 1.494949494949495 1.0101010101010102 1.7373737373737375 1.8383838383838385  
34 122.92210944894853 1.797979797979798 0.9090909090909091 0.98989898989899 2.0 1.3333333333333333 1.8383838383838385 0.98989898989899 1.5151515151515151 1.7171717171717171 1.292929292929293 0.8686868686868687 2.0 1.0909090909090908 0.98989898989899 1.4747474747474747 1.6767676767676767 1.5757575757575757 1.4343434343434343 1.7575757575757576 0.9696969696969697 2.0 1.3131313131313131 1.1515151515151516 1.5555555555555556 1.6767676767676767 1.0303030303030303 1.1515151515151516 0.8484848484848485 1.0505050505050506 1.2121212121212122 1.898989898989899 1.5757575757575757 1.6565656565656566 1.1717171717171717 1.8383838383838385 1.4141414141414141 1.4545454545454546 1.97979797979798 1.5555555555555556 1.8383838383838385 1.6161616161616161 1.3535353535353536 1.2323232323232323 1.0707070707070707 1.7575757575757576 1.6363636363636365 1.494949494949495 1.0101010101010102 1.7373737373737375 1.8383838383838385  
70 100.0 2.696969696969697 1.3636363636363635 1.4848484848484849 3.0 2.0 2.757575757575758 1.4848484848484849 2.272727272727273 2.5757575757575757 1.9393939393939394 1.303030303030303 3.0 1.6363636363636365 1.4848484848484849 2.212121212121212 2.515151515151515 2.3636363636363638 2.1515151515151514 2.6363636363636362 1.4545454545454546 3.0 1.9696969696969697 1.7272727272727273 2.3333333333333335 2.515151515151515 1.5454545454545454 1.7272727272727273 1.2727272727272727 1.5757575757575757 1.8181818181818181 2.8484848484848486 2.3636363636363638 2.484848484848485 1.7575757575757576 2.757575757575758 2.121212121212121 2.1818181818181817 2.9696969696969697 2.3333333333333335 2.757575757575758 2.4242424242424243 2.0303030303030303 1.8484848484848484 1.606060606060606 2.6363636363636362 2.4545454545454546 2.242424242424242 1.5151515151515151 2.606060606060606 2.757575757575758  
84 20.660395133139854 2.696969696969697 1.3636363636363635 1.4848484848484849 3.0 2.0 2.757575757575758 1.4848484848484849 2.272727272727273 2.5757575757575757 1.9393939393939394 1.303030303030303 3.0 1.6363636363636365 1.4848484848484849 2.212121212121212 2.515151515151515 2.3636363636363638 2.1515151515151514 2.6363636363636362 1.4545454545454546 3.0 1.9696969696969697 1.7272727272727273 2.3333333333333335 2.515151515151515 1.5454545454545454 1.7272727272727273 1.2727272727272727 1.5757575757575757 1.8181818181818181 2.8484848484848486 2.3636363636363638 2.484848484848485 1.7575757575757576 2.757575757575758 2.121212121212121 2.1818181818181817 2.9696969696969697 2.3333333333333335 2.757575757575758 2.4242424242424243 2.0303030303030303 1.8484848484848484 1.606060606060606 2.6363636363636362 2.4545454545454546 2.242424242424242 1.5151515151515151 2.606060606060606 2.757575757575758  
43 36.983333333333334 1.797979797979798 0.9090909090909091 0.98989898989899 2.0 1.3333333333333333 1.8383838383838385 0.98989898989899 1.5151515151515151 1.7171717171717171 1.292929292929293 0.8686868686868687 2.0 1.0909090909090908 0.98989898989899 1.4747474747474747 1.6767676767676767 1.5757575757575757 1.4343434343434343 1.7575757575757576 0.9696969696969697 2.0 1.3131313131313131 1.1515151515151516 1.5555555555555556 1.6767676767676767 1.0303030303030303 1.1515151515151516 0.8484848484848485 1.0505050505050506 1.2121212121212122 1.898989898989899 1.5757575757575757 1.6565656565656566 1.1717171717171717 1.8383838383838385 1.4141414141414141 1.4545454545454546 1.97979797979798 1.5555555555555556 1.8383838383838385 1.6161616161616161 1.3535353535353536 1.2323232323232323 1.0707070707070707 1.7575757575757576 1.6363636363636365 1.494949494949495 1.0101010101010102 1.7373737373737375 1.8383838383838385  
56 131.82359136859012 2.696969696969697 1.3636363636363635 1.4848484848484849 3.0 2.0 2.757575757575758 1.4848484848484849 2.272727272727273 2.5757575757575757 1.9393939393939394 1.303030303030303 3.0 1.6363636363636365 1.4848484848484849 2.212121212121212 2.515151515151515 2.3636363636363638 2.1515151515151514 2.6363636363636362 1.4545454545454546 3.0 1.9696969696969697 1.7272727272727273 2.3333333333333335 2.515151515151515 1.5454545454545454 1.7272727272727273 1.2727272727272727 1.5757575757575757 1.8181818181818181 2.8484848484848486 2.3636363636363638 2.484848484848485 1.7575757575757576 2.757575757575758 2.121212121212121 2.1818181818181817 2.9696969696969697 2.3333333333333335 2.757575757575758 2.4242424242424243 2.0303030303030303 1.8484848484848484 1.606060606060606 2.6363636363636362 2.4545454545454546 2.242424242424242 1.5151515151515151 2.606060606060606 2.757575757575758  
20 185.70116909453398 1.797979797979798 0.9090909090909091 0.98989898989899 2.0 1.3333333333333333 1.8383838383838385 0.98989898989899 1.5151515151515151 1.7171717171717171 1.292929292929293 0.8686868686868687 2.0 1.0909090909090908 0.98989898989899 1.4747474747474747 1.6767676767676767 1.5757575757575757 1.4343434343434343 1.7575757575757576 0.9696969696969697 2.0 1.3131313131313131 1.1515151515151516 1.5555555555555556 1.6767676767676767 1.0303030303030303 1.1515151515151516 0.8484848484848485 1.0505050505050506 1.2121212121212122 1.898989898989899 1.5757575757575757 1.6565656565656566 1.1717171717171717 1.8383838383838385 1.4141414141414141 1.4545454545454546 1.97979797979798 1.5555555555555556 1.8383838383838385 1.6161616161616161 1.3535353535353536 1.2323232323232323 1.0707070707070707 1.7575757575757576 1.6363636363636365 1.494949494949495 1.0101010101010102 1.7373737373737375 1.8383838383838385  
11 100.04632462940299 2.696969696969697 1.3636363636363635 1.4848484848484849 3.0 2.0 2.757575757575758 1.4848484848484849 2.272727272727273 2.5757575757575757 1.9393939393939394 1.303030303030303 3.0 1.6363636363636365 1.4848484848484849 2.212121212121212 2.515151515151515 2.3636363636363638 2.1515151515151514 2.6363636363636362 1.4545454545454546 3.0 1.9696969696969697 1.7272727272727273 2.3333333333333335 2.515151515151515 1.5454545454545454 1.7272727272727273 1.2727272727272727 1.5757575757575757 1.8181818181818181 2.8484848484848486 2.3636363636363638 2.484848484848485 1.7575757575757576 2.757575757575758 2.121212121212121 2.1818181818181817 2.9696969696969697 2.3333333333333335 2.757575757575758 2.4242424242424243 2.0303030303030303 1.8484848484848484 1.606060606060606 2.6363636363636362 2.4545454545454546 2.242424242424242 1.5151515151515151 2.606060606060606 2.757575757575758  
2 34.475118053600994 2.696969696969697 1.3636363636363635 1.4848484848484849 3.0 2.0 2.757575757575758 1.4848484848484849 2.272727272727273 2.5757575757575757 1.9393939393939394 1.303030303030303 3.0 1.6363636363636365 1.4848484848484849 2.212121212121212 2.515151515151515 2.3636363636363638 2.1515151515151514 2.6363636363636362 1.4545454545454546 3.0 1.9696969696969697 1.7272727272727273 2.3333333333333335 2.515151515151515 1.5454545454545454 1.7272727272727273 1.2727272727272727 1.5757575757575757 1.8181818181818181 2.8484848484848486 2.3636363636363638 2.484848484848485 1.7575757575757576 2.757575757575758 2.121212121212121 2.1818181818181817 2.9696969696969697 2.3333333333333335 2.757575757575758 2.4242424242424243 2.0303030303030303 1.8484848484848484 1.606060606060606 2.6363636363636362 2.4545454545454546 2.242424242424242 1.5151515151515151 2.606060606060606 2.757575757575758  
93 0.11191222570532916 2.696969696969697 1.3636363636363635 1.4848484848484849 3.0 2.0 2.757575757575758 1.4848484848484849 2.272727272727273 2.5757575757575757 1.9393939393939394 1.303030303030303 3.0 1.6363636363636365 1.4848484848484849 2.212121212121212 2.515151515151515 2.3636363636363638 2.1515151515151514 2.6363636363636362 1.4545454545454546 3.0 1.9696969696969697 1.7272727272727273 2.3333333333333335 2.515151515151515 1.5454545454545454 1.7272727272727273 1.2727272727272727 1.5757575757575757 1.8181818181818181 2.8484848484848486 2.3636363636363638 2.484848484848485 1.7575757575757576 2.757575757575758 2.121212121212121 2.1818181818181817 2.9696969696969697 2.3333333333333335 2.757575757575758 2.4242424242424243 2.0303030303030303 1.8484848484848484 1.606060606060606 2.6363636363636362 2.4545454545454546 2.242424242424242 1.5151515151515151 2.606060606060606 2.757575757575758  
8 138.02435754604863 1.797979797979798 0.9090909090909091 0.98989898989899 2.0 1.3333333333333333 1.8383838383838385 0.98989898989899 1.5151515151515151 1.7171717171717171 1.292929292929293 0.8686868686868687 2.0 1.0909090909090908 0.98989898989899 1.4747474747474747 1.6767676767676767 1.5757575757575757 1.4343434343434343 1.7575757575757576 0.9696969696969697 2.0 1.3131313131313131 1.1515151515151516 1.5555555555555556 1.6767676767676767 1.0303030303030303 1.1515151515151516 0.8484848484848485 1.0505050505050506 1.2121212121212122 1.898989898989899 1.5757575757575757 1.6565656565656566 1.1717171717171717 1.8383838383838385 1.4141414141414141 1.4545454545454546 1.97979797979798 1.5555555555555556 1.8383838383838385 1.6161616161616161 1.3535353535353536 1.2323232323232323 1.0707070707070707 1.7575757575757576 1.6363636363636365 1.494949494949495 1.0101010101010102 1.7373737373737375 1.8383838383838385  
74 91.23508340106028 2.696969696969697 1.3636363636363635 1.4848484848484849 3.0 2.0 2.757575757575758 1.4848484848484849 2.272727272727273 2.5757575757575757 1.9393939393939394 1.303030303030303 3.0 1.6363636363636365 1.4848484848484849 2.212121212121212 2.515151515151515 2.3636363636363638 2.1515151515151514 2.6363636363636362 1.4545454545454546 3.0 1.9696969696969697 1.7272727272727273 2.3333333333333335 2.515151515151515 1.5454545454545454 1.7272727272727273 1.2727272727272727 1.5757575757575757 1.8181818181818181 2.8484848484848486 2.3636363636363638 2.484848484848485 1.7575757575757576 2.757575757575758 2.121212121212121 2.1818181818181817 2.9696969696969697 2.3333333333333335 2.757575757575758 2.4242424242424243 2.0303030303030303 1.8484848484848484 1.606060606060606 2.6363636363636362 2.4545454545454546 2.242424242424242 1.5151515151515151 2.606060606060606 2.757575757575758  
50 144.6122490241013 1.797979797979798 0.9090909090909091 0.98989898989899 2.0 1.3333333333333333 1.8383838383838385 0.98989898989899 1.5151515151515151 1.7171717171717171 1.292929292929293 0.8686868686868687 2.0 1.0909090909090908 0.98989898989899 1.4747474747474747 1.6767676767676767 1.5757575757575757 1.4343434343434343 1.7575757575757576 0.9696969696969697 2.0 1.3131313131313131 1.1515151515151516 1.5555555555555556 1.6767676767676767 1.0303030303030303 1.1515151515151516 0.8484848484848485 1.0505050505050506 1.2121212121212122 1.898989898989899 1.5757575757575757 1.6565656565656566 1.1717171717171717 1.8383838383838385 1.4141414141414141 1.4545454545454546 1.97979797979798 1.5555555555555556 1.8383838383838385 1.6161616161616161 1.3535353535353536 1.2323232323232323 1.0707070707070707 1.7575757575757576 1.6363636363636365 1.494949494949495 1.0101010101010102 1.7373737373737375 1.8383838383838385  
51 239.17650678672948 2.696969696969697 1.3636363636363635 1.4848484848484849 3.0 2.0 2.757575757575758 1.4848484848484849 2.272727272727273 2.5757575757575757 1.9393939393939394 1.303030303030303 3.0 1.6363636363636365 1.4848484848484849 2.212121212121212 2.515151515151515 2.3636363636363638 2.1515151515151514 2.6363636363636362 1.4545454545454546 3.0 1.9696969696969697 1.7272727272727273 2.3333333333333335 2.515151515151515 1.5454545454545454 1.7272727272727273 1.2727272727272727 1.5757575757575757 1.8181818181818181 2.8484848484848486 2.3636363636363638 2.484848484848485 1.7575757575757576 2.757575757575758 2.121212121212121 2.1818181818181817 2.9696969696969697 2.3333333333333335 2.757575757575758 2.4242424242424243 2.0303030303030303 1.8484848484848484 1.606060606060606 2.6363636363636362 2.4545454545454546 2.242424242424242 1.5151515151515151 2.606060606060606 2.757575757575758  
75 44.415998297147716 1.797979797979798 0.9090909090909091 0.98989898989899 2.0 1.3333333333333333 1.8383838383838385 0.98989898989899 1.5151515151515151 1.7171717171717171 1.292929292929293 0.8686868686868687 2.0 1.0909090909090908 0.98989898989899 1.4747474747474747 1.6767676767676767 1.5757575757575757 1.4343434343434343 1.7575757575757576 0.9696969696969697 2.0 1.3131313131313131 1.1515151515151516 1.5555555555555556 1.6767676767676767 1.0303030303030303 1.1515151515151516 0.8484848484848485 1.0505050505050506 1.2121212121212122 1.898989898989899 1.5757575757575757 1.6565656565656566 1.1717171717171717 1.8383838383838385 1.4141414141414141 1.4545454545454546 1.97979797979798 1.5555555555555556 1.8383838383838385 1.6161616161616161 1.3535353535353536 1.2323232323232323 1.0707070707070707 1.7575757575757576 1.6363636363636365 1.494949494949495 1.0101010101010102 1.7373737373737375 1.8383838383838385  
7 115.5172972422693 2.696969696969697 1.3636363636363635 1.4848484848484849 3.0 2.0 2.757575757575758 1.4848484848484849 2.272727272727273 2.5757575757575757 1.9393939393939394 1.303030303030303 3.0 1.6363636363636365 1.4848484848484849 2.212121212121212 2.515151515151515 2.3636363636363638 2.1515151515151514 2.6363636363636362 1.4545454545454546 3.0 1.9696969696969697 1.7272727272727273 2.3333333333333335 2.515151515151515 1.5454545454545454 1.7272727272727273 1.2727272727272727 1.5757575757575757 1.8181818181818181 2.8484848484848486 2.3636363636363638 2.484848484848485 1.7575757575757576 2.757575757575758 2.121212121212121 2.1818181818181817 2.9696969696969697 2.3333333333333335 2.757575757575758 2.4242424242424243 2.0303030303030303 1.8484848484848484 1.606060606060606 2.6363636363636362 2.4545454545454546 2.242424242424242 1.5151515151515151 2.606060606060606 2.757575757575758  
10 6.695475551580202 2.696969696969697 1.3636363636363635 1.4848484848484849 3.0 2.0 2.757575757575758 1.4848484848484849 2.272727272727273 2.5757575757575757 1.9393939393939394 1.303030303030303 3.0 1.6363636363636365 1.4848484848484849 2.212121212121212 2.515151515151515 2.3636363636363638 2.1515151515151514 2.6363636363636362 1.4545454545454546 3.0 1.9696969696969697 1.7272727272727273 2.3333333333333335 2.515151515151515 1.5454545454545454 1.7272727272727273 1.2727272727272727 1.5757575757575757 1.8181818181818181 2.8484848484848486 2.3636363636363638 2.484848484848485 1.7575757575757576 2.757575757575758 2.121212121212121 2.1818181818181817 2.9696969696969697 2.3333333333333335 2.757575757575758 2.4242424242424243 2.0303030303030303 1.8484848484848484 1.606060606060606 2.6363636363636362 2.4545454545454546 2.242424242424242 1.5151515151515151 2.606060606060606 2.757575757575758  
86 167.1939226121054 2.696969696969697 1.3636363636363635 1.4848484848484849 3.0 2.0 2.757575757575758 1.4848484848484849 2.272727272727273 2.5757575757575757 1.9393939393939394 1.303030303030303 3.0 1.6363636363636365 1.4848484848484849 2.212121212121212 2.515151515151515 2.3636363636363638 2.1515151515151514 2.6363636363636362 1.4545454545454546 3.0 1.9696969696969697 1.7272727272727273 2.3333333333333335 2.515151515151515 1.5454545454545454 1.7272727272727273 1.2727272727272727 1.5757575757575757 1.8181818181818181 2.8484848484848486 2.3636363636363638 2.484848484848485 1.7575757575757576 2.757575757575758 2.121212121212121 2.1818181818181817 2.9696969696969697 2.3333333333333335 2.757575757575758 2.4242424242424243 2.0303030303030303 1.8484848484848484 1.606060606060606 2.6363636363636362 2.4545454545454546 2.242424242424242 1.5151515151515151 2.606060606060606 2.757575757575758  
58 263.19559896589004 2.696969696969697 1.3636363636363635 1.4848484848484849 3.0 2.0 2.757575757575758 1.4848484848484849 2.272727272727273 2.5757575757575757 1.9393939393939394 1.303030303030303 3.0 1.6363636363636365 1.4848484848484849 2.212121212121212 2.515151515151515 2.3636363636363638 2.1515151515151514 2.6363636363636362 1.4545454545454546 3.0 1.9696969696969697 1.7272727272727273 2.3333333333333335 2.515151515151515 1.5454545454545454 1.7272727272727273 1.2727272727272727 1.5757575757575757 1.8181818181818181 2.8484848484848486 2.3636363636363638 2.484848484848485 1.7575757575757576 2.757575757575758 2.121212121212121 2.1818181818181817 2.9696969696969697 2.3333333333333335 2.757575757575758 2.4242424242424243 2.0303030303030303 1.8484848484848484 1.606060606060606 2.6363636363636362 2.4545454545454546 2.242424242424242 1.5151515151515151 2.606060606060606 2.757575757575758  
88 81.7323953058435 1.797979797979798 0.9090909090909091 0.98989898989899 2.0 1.3333333333333333 1.8383838383838385 0.98989898989899 1.5151515151515151 1.7171717171717171 1.292929292929293 0.8686868686868687 2.0 1.0909090909090908 0.98989898989899 1.4747474747474747 1.6767676767676767 1.5757575757575757 1.4343434343434343 1.7575757575757576 0.9696969696969697 2.0 1.3131313131313131 1.1515151515151516 1.5555555555555556 1.6767676767676767 1.0303030303030303 1.1515151515151516 0.8484848484848485 1.0505050505050506 1.2121212121212122 1.898989898989899 1.5757575757575757 1.6565656565656566 1.1717171717171717 1.8383838383838385 1.4141414141414141 1.4545454545454546 1.97979797979798 1.5555555555555556 1.8383838383838385 1.6161616161616161 1.3535353535353536 1.2323232323232323 1.0707070707070707 1.7575757575757576 1.6363636363636365 1.494949494949495 1.0101010101010102 1.7373737373737375 1.8383838383838385  
24 139.61663737742998 1.797979797979798 0.9090909090909091 0.98989898989899 2.0 1.3333333333333333 1.8383838383838385 0.98989898989899 1.5151515151515151 1.7171717171717171 1.292929292929293 0.8686868686868687 2.0 1.0909090909090908 0.98989898989899 1.4747474747474747 1.6767676767676767 1.5757575757575757 1.4343434343434343 1.7575757575757576 0.9696969696969697 2.0 1.3131313131313131 1.1515151515151516 1.5555555555555556 1.6767676767676767 1.0303030303030303 1.1515151515151516 0.8484848484848485 1.0505050505050506 1.2121212121212122 1.898989898989899 1.5757575757575757 1.6565656565656566 1.1717171717171717 1.8383838383838385 1.4141414141414141 1.4545454545454546 1.97979797979798 1.5555555555555556 1.8383838383838385 1.6161616161616161 1.3535353535353536 1.2323232323232323 1.0707070707070707 1.7575757575757576 1.6363636363636365 1.494949494949495 1.0101010101010102 1.7373737373737375 1.8383838383838385  
28 167.43710450246675 2.696969696969697 1.3636363636363635 1.4848484848484849 3.0 2.0 2.757575757575758 1.4848484848484849 2.272727272727273 2.5757575757575757 1.9393939393939394 1.303030303030303 3.0 1.6363636363636365 1.4848484848484849 2.212121212121212 2.515151515151515 2.3636363636363638 2.1515151515151514 2.6363636363636362 1.4545454545454546 3.0 1.9696969696969697 1.7272727272727273 2.3333333333333335 2.515151515151515 1.5454545454545454 1.7272727272727273 1.2727272727272727 1.5757575757575757 1.8181818181818181 2.8484848484848486 2.3636363636363638 2.484848484848485 1.7575757575757576 2.757575757575758 2.121212121212121 2.1818181818181817 2.9696969696969697 2.3333333333333335 2.757575757575758 2.4242424242424243 2.0303030303030303 1.8484848484848484 1.606060606060606 2.6363636363636362 2.4545454545454546 2.242424242424242 1.5151515151515151 2.606060606060606 2.757575757575758  
98 10.0 2.696969696969697 1.3636363636363635 1.4848484848484849 3.0 2.0 2.757575757575758 1.4848484848484849 2.272727272727273 2.5757575757575757 1.9393939393939394 1.303030303030303 3.0 1.6363636363636365 1.4848484848484849 2.212121212121212 2.515151515151515 2.3636363636363638 2.1515151515151514 2.6363636363636362 1.4545454545454546 3.0 1.9696969696969697 1.7272727272727273 2.3333333333333335 2.515151515151515 1.5454545454545454 1.7272727272727273 1.2727272727272727 1.5757575757575757 1.8181818181818181 2.8484848484848486 2.3636363636363638 2.484848484848485 1.7575757575757576 2.757575757575758 2.121212121212121 2.1818181818181817 2.9696969696969697 2.3333333333333335 2.757575757575758 2.4242424242424243 2.0303030303030303 1.8484848484848484 1.606060606060606 2.6363636363636362 2.4545454545454546 2.242424242424242 1.5151515151515151 2.606060606060606 2.757575757575758  
35 241.86957523350856 1.797979797979798 0.9090909090909091 0.98989898989899 2.0 1.3333333333333333 1.8383838383838385 0.98989898989899 1.5151515151515151 1.7171717171717171 1.292929292929293 0.8686868686868687 2.0 1.0909090909090908 0.98989898989899 1.4747474747474747 1.6767676767676767 1.5757575757575757 1.4343434343434343 1.7575757575757576 0.9696969696969697 2.0 1.3131313131313131 1.1515151515151516 1.5555555555555556 1.6767676767676767 1.0303030303030303 1.1515151515151516 0.8484848484848485 1.0505050505050506 1.2121212121212122 1.898989898989899 1.5757575757575757 1.6565656565656566 1.1717171717171717 1.8383838383838385 1.4141414141414141 1.4545454545454546 1.97979797979798 1.5555555555555556 1.8383838383838385 1.6161616161616161 1.3535353535353536 1.2323232323232323 1.0707070707070707 1.7575757575757576 1.6363636363636365 1.494949494949495 1.0101010101010102 1.7373737373737375 1.8383838383838385  
1 82.0 2.696969696969697 1.3636363636363635 1.4848484848484849 3.0 2.0 2.757575757575758 1.4848484848484849 2.272727272727273 2.5757575757575757 1.9393939393939394 1.303030303030303 3.0 1.6363636363636365 1.4848484848484849 2.212121212121212 2.515151515151515 2.3636363636363638 2.1515151515151514 2.6363636363636362 1.4545454545454546 3.0 1.9696969696969697 1.7272727272727273 2.3333333333333335 2.515151515151515 1.5454545454545454 1.7272727272727273 1.2727272727272727 1.5757575757575757 1.8181818181818181 2.8484848484848486 2.3636363636363638 2.484848484848485 1.7575757575757576 2.757575757575758 2.121212121212121 2.1818181818181817 2.9696969696969697 2.3333333333333335 2.757575757575758 2.4242424242424243 2.0303030303030303 1.8484848484848484 1.606060606060606 2.6363636363636362 2.4545454545454546 2.242424242424242 1.5151515151515151 2.606060606060606 2.757575757575758  
92 0.8376054979503256 1.797979797979798 0.9090909090909091 0.98989898989899 2.0 1.3333333333333333 1.8383838383838385 0.98989898989899 1.5151515151515151 1.7171717171717171 1.292929292929293 0.8686868686868687 2.0 1.0909090909090908 0.98989898989899 1.4747474747474747 1.6767676767676767 1.5757575757575757 1.4343434343434343 1.7575757575757576 0.9696969696969697 2.0 1.3131313131313131 1.1515151515151516 1.5555555555555556 1.6767676767676767 1.0303030303030303 1.1515151515151516 0.8484848484848485 1.0505050505050506 1.2121212121212122 1.898989898989899 1.5757575757575757 1.6565656565656566 1.1717171717171717 1.8383838383838385 1.4141414141414141 1.4545454545454546 1.97979797979798 1.5555555555555556 1.8383838383838385 1.6161616161616161 1.3535353535353536 1.2323232323232323 1.0707070707070707 1.7575757575757576 1.6363636363636365 1.494949494949495 1.0101010101010102 1.7373737373737375 1.8383838383838385  
19 214.82183752289578 2.696969696969697 1.3636363636363635 1.4848484848484849 3.0 2.0 2.757575757575758 1.4848484848484849 2.272727272727273 2.5757575757575757 1.9393939393939394 1.303030303030303 3.0 1.6363636363636365 1.4848484848484849 2.212121212121212 2.515151515151515 2.3636363636363638 2.1515151515151514 2.6363636363636362 1.4545454545454546 3.0 1.9696969696969697 1.7272727272727273 2.3333333333333335 2.515151515151515 1.5454545454545454 1.7272727272727273 1.2727272727272727 1.5757575757575757 1.8181818181818181 2.8484848484848486 2.3636363636363638 2.484848484848485 1.7575757575757576 2.757575757575758 2.121212121212121 2.1818181818181817 2.9696969696969697 2.3333333333333335 2.757575757575758 2.4242424242424243 2.0303030303030303 1.8484848484848484 1.606060606060606 2.6363636363636362 2.4545454545454546 2.242424242424242 1.5151515151515151 2.606060606060606 2.757575757575758  
96 45.809907120743006 1.797979797979798 0.9090909090909091 0.98989898989899 2.0 1.3333333333333333 1.8383838383838385 0.98989898989899 1.5151515151515151 1.7171717171717171 1.292929292929293 0.8686868686868687 2.0 1.0909090909090908 0.98989898989899 1.4747474747474747 1.6767676767676767 1.5757575757575757 1.4343434343434343 1.7575757575757576 0.9696969696969697 2.0 1.3131313131313131 1.1515151515151516 1.5555555555555556 1.6767676767676767 1.0303030303030303 1.1515151515151516 0.8484848484848485 1.0505050505050506 1.2121212121212122 1.898989898989899 1.5757575757575757 1.6565656565656566 1.1717171717171717 1.8383838383838385 1.4141414141414141 1.4545454545454546 1.97979797979798 1.5555555555555556 1.8383838383838385 1.6161616161616161 1.3535353535353536 1.2323232323232323 1.0707070707070707 1.7575757575757576 1.6363636363636365 1.494949494949495 1.0101010101010102 1.7373737373737375 1.8383838383838385  
83 14.166657636389424 1.797979797979798 0.9090909090909091 0.98989898989899 2.0 1.3333333333333333 1.8383838383838385 0.98989898989899 1.5151515151515151 1.7171717171717171 1.292929292929293 0.8686868686868687 2.0 1.0909090909090908 0.98989898989899 1.4747474747474747 1.6767676767676767 1.5757575757575757 1.4343434343434343 1.7575757575757576 0.9696969696969697 2.0 1.3131313131313131 1.1515151515151516 1.5555555555555556 1.6767676767676767 1.0303030303030303 1.1515151515151516 0.8484848484848485 1.0505050505050506 1.2121212121212122 1.898989898989899 1.5757575757575757 1.6565656565656566 1.1717171717171717 1.8383838383838385 1.4141414141414141 1.4545454545454546 1.97979797979798 1.5555555555555556 1.8383838383838385 1.6161616161616161 1.3535353535353536 1.2323232323232323 1.0707070707070707 1.7575757575757576 1.6363636363636365 1.494949494949495 1.0101010101010102 1.7373737373737375 1.8383838383838385  
76 10.171540694299317 1.797979797979798 0.9090909090909091 0.98989898989899 2.0 1.3333333333333333 1.8383838383838385 0.98989898989899 1.5151515151515151 1.7171717171717171 1.292929292929293 0.8686868686868687 2.0 1.0909090909090908 0.98989898989899 1.4747474747474747 1.6767676767676767 1.5757575757575757 1.4343434343434343 1.7575757575757576 0.9696969696969697 2.0 1.3131313131313131 1.1515151515151516 1.5555555555555556 1.6767676767676767 1.0303030303030303 1.1515151515151516 0.8484848484848485 1.0505050505050506 1.2121212121212122 1.898989898989899 1.5757575757575757 1.6565656565656566 1.1717171717171717 1.8383838383838385 1.4141414141414141 1.4545454545454546 1.97979797979798 1.5555555555555556 1.8383838383838385 1.6161616161616161 1.3535353535353536 1.2323232323232323 1.0707070707070707 1.7575757575757576 1.6363636363636365 1.494949494949495 1.0101010101010102 1.7373737373737375 1.8383838383838385  
53 64.86434505713238 2.696969696969697 1.3636363636363635 1.4848484848484849 3.0 2.0 2.757575757575758 1.4848484848484849 2.272727272727273 2.5757575757575757 1.9393939393939394 1.303030303030303 3.0 1.6363636363636365 1.4848484848484849 2.212121212121212 2.515151515151515 2.3636363636363638 2.1515151515151514 2.6363636363636362 1.4545454545454546 3.0 1.9696969696969697 1.7272727272727273 2.3333333333333335 2.515151515151515 1.5454545454545454 1.7272727272727273 1.2727272727272727 1.5757575757575757 1.8181818181818181 2.8484848484848486 2.3636363636363638 2.484848484848485 1.7575757575757576 2.757575757575758 2.121212121212121 2.1818181818181817 2.9696969696969697 2.3333333333333335 2.757575757575758 2.4242424242424243 2.0303030303030303 1.8484848484848484 1.606060606060606 2.6363636363636362 2.4545454545454546 2.242424242424242 1.5151515151515151 2.606060606060606 2.757575757575758  
13 135.67021189296113 2.696969696969697 1.3636363636363635 1.4848484848484849 3.0 2.0 2.757575757575758 1.4848484848484849 2.272727272727273 2.5757575757575757 1.9393939393939394 1.303030303030303 3.0 1.6363636363636365 1.4848484848484849 2.212121212121212 2.515151515151515 2.3636363636363638 2.1515151515151514 2.6363636363636362 1.4545454545454546 3.0 1.9696969696969697 1.7272727272727273 2.3333333333333335 2.515151515151515 1.5454545454545454 1.7272727272727273 1.2727272727272727 1.5757575757575757 1.8181818181818181 2.8484848484848486 2.3636363636363638 2.484848484848485 1.7575757575757576 2.757575757575758 2.121212121212121 2.1818181818181817 2.9696969696969697 2.3333333333333335 2.757575757575758 2.4242424242424243 2.0303030303030303 1.8484848484848484 1.606060606060606 2.6363636363636362 2.4545454545454546 2.242424242424242 1.5151515151515151 2.606060606060606 2.757575757575758  
14 155.77418762590028 2.696969696969697 1.3636363636363635 1.4848484848484849 3.0 2.0 2.757575757575758 1.4848484848484849 2.272727272727273 2.5757575757575757 1.9393939393939394 1.303030303030303 3.0 1.6363636363636365 1.4848484848484849 2.212121212121212 2.515151515151515 2.3636363636363638 2.1515151515151514 2.6363636363636362 1.4545454545454546 3.0 1.9696969696969697 1.7272727272727273 2.3333333333333335 2.515151515151515 1.5454545454545454 1.7272727272727273 1.2727272727272727 1.5757575757575757 1.8181818181818181 2.8484848484848486 2.3636363636363638 2.484848484848485 1.7575757575757576 2.757575757575758 2.121212121212121 2.1818181818181817 2.9696969696969697 2.3333333333333335 2.757575757575758 2.4242424242424243 2.0303030303030303 1.8484848484848484 1.606060606060606 2.6363636363636362 2.4545454545454546 2.242424242424242 1.5151515151515151 2.606060606060606 2.757575757575758  
3 30.74573486056736 2.696969696969697 1.3636363636363635 1.4848484848484849 3.0 2.0 2.757575757575758 1.4848484848484849 2.272727272727273 2.5757575757575757 1.9393939393939394 1.303030303030303 3.0 1.6363636363636365 1.4848484848484849 2.212121212121212 2.515151515151515 2.3636363636363638 2.1515151515151514 2.6363636363636362 1.4545454545454546 3.0 1.9696969696969697 1.7272727272727273 2.3333333333333335 2.515151515151515 1.5454545454545454 1.7272727272727273 1.2727272727272727 1.5757575757575757 1.8181818181818181 2.8484848484848486 2.3636363636363638 2.484848484848485 1.7575757575757576 2.757575757575758 2.121212121212121 2.1818181818181817 2.9696969696969697 2.3333333333333335 2.757575757575758 2.4242424242424243 2.0303030303030303 1.8484848484848484 1.606060606060606 2.6363636363636362 2.4545454545454546 2.242424242424242 1.5151515151515151 2.606060606060606 2.757575757575758  
90 192.8849232946133 1.797979797979798 0.9090909090909091 0.98989898989899 2.0 1.3333333333333333 1.8383838383838385 0.98989898989899 1.5151515151515151 1.7171717171717171 1.292929292929293 0.8686868686868687 2.0 1.0909090909090908 0.98989898989899 1.4747474747474747 1.6767676767676767 1.5757575757575757 1.4343434343434343 1.7575757575757576 0.9696969696969697 2.0 1.3131313131313131 1.1515151515151516 1.5555555555555556 1.6767676767676767 1.0303030303030303 1.1515151515151516 0.8484848484848485 1.0505050505050506 1.2121212121212122 1.898989898989899 1.5757575757575757 1.6565656565656566 1.1717171717171717 1.8383838383838385 1.4141414141414141 1.4545454545454546 1.97979797979798 1.5555555555555556 1.8383838383838385 1.6161616161616161 1.3535353535353536 1.2323232323232323 1.0707070707070707 1.7575757575757576 1.6363636363636365 1.494949494949495 1.0101010101010102 1.7373737373737375 1.8383838383838385  
80 82.51541971438515 1.797979797979798 0.9090909090909091 0.98989898989899 2.0 1.3333333333333333 1.8383838383838385 0.98989898989899 1.5151515151515151 1.7171717171717171 1.292929292929293 0.8686868686868687 2.0 1.0909090909090908 0.98989898989899 1.4747474747474747 1.6767676767676767 1.5757575757575757 1.4343434343434343 1.7575757575757576 0.9696969696969697 2.0 1.3131313131313131 1.1515151515151516 1.5555555555555556 1.6767676767676767 1.0303030303030303 1.1515151515151516 0.8484848484848485 1.0505050505050506 1.2121212121212122 1.898989898989899 1.5757575757575757 1.6565656565656566 1.1717171717171717 1.8383838383838385 1.4141414141414141 1.4545454545454546 1.97979797979798 1.5555555555555556 1.8383838383838385 1.6161616161616161 1.3535353535353536 1.2323232323232323 1.0707070707070707 1.7575757575757576 1.6363636363636365 1.494949494949495 1.0101010101010102 1.7373737373737375 1.8383838383838385  
38 196.97943683155071 2.696969696969697 1.3636363636363635 1.4848484848484849 3.0 2.0 2.757575757575758 1.4848484848484849 2.272727272727273 2.5757575757575757 1.9393939393939394 1.303030303030303 3.0 1.6363636363636365 1.4848484848484849 2.212121212121212 2.515151515151515 2.3636363636363638 2.1515151515151514 2.6363636363636362 1.4545454545454546 3.0 1.9696969696969697 1.7272727272727273 2.3333333333333335 2.515151515151515 1.5454545454545454 1.7272727272727273 1.2727272727272727 1.5757575757575757 1.8181818181818181 2.8484848484848486 2.3636363636363638 2.484848484848485 1.7575757575757576 2.757575757575758 2.121212121212121 2.1818181818181817 2.9696969696969697 2.3333333333333335 2.757575757575758 2.4242424242424243 2.0303030303030303 1.8484848484848484 1.606060606060606 2.6363636363636362 2.4545454545454546 2.242424242424242 1.5151515151515151 2.606060606060606 2.757575757575758  
81 66.21130625402965 1.797979797979798 0.9090909090909091 0.98989898989899 2.0 1.3333333333333333 1.8383838383838385 0.98989898989899 1.5151515151515151 1.7171717171717171 1.292929292929293 0.8686868686868687 2.0 1.0909090909090908 0.98989898989899 1.4747474747474747 1.6767676767676767 1.5757575757575757 1.4343434343434343 1.7575757575757576 0.9696969696969697 2.0 1.3131313131313131 1.1515151515151516 1.5555555555555556 1.6767676767676767 1.0303030303030303 1.1515151515151516 0.8484848484848485 1.0505050505050506 1.2121212121212122 1.898989898989899 1.5757575757575757 1.6565656565656566 1.1717171717171717 1.8383838383838385 1.4141414141414141 1.4545454545454546 1.97979797979798 1.5555555555555556 1.8383838383838385 1.6161616161616161 1.3535353535353536 1.2323232323232323 1.0707070707070707 1.7575757575757576 1.6363636363636365 1.494949494949495 1.0101010101010102 1.7373737373737375 1.8383838383838385  
78 70.17323744126695 2.696969696969697 1.3636363636363635 1.4848484848484849 3.0 2.0 2.757575757575758 1.4848484848484849 2.272727272727273 2.5757575757575757 1.9393939393939394 1.303030303030303 3.0 1.6363636363636365 1.4848484848484849 2.212121212121212 2.515151515151515 2.3636363636363638 2.1515151515151514 2.6363636363636362 1.4545454545454546 3.0 1.9696969696969697 1.7272727272727273 2.3333333333333335 2.515151515151515 1.5454545454545454 1.7272727272727273 1.2727272727272727 1.5757575757575757 1.8181818181818181 2.8484848484848486 2.3636363636363638 2.484848484848485 1.7575757575757576 2.757575757575758 2.121212121212121 2.1818181818181817 2.9696969696969697 2.3333333333333335 2.757575757575758 2.4242424242424243 2.0303030303030303 1.8484848484848484 1.606060606060606 2.6363636363636362 2.4545454545454546 2.242424242424242 1.5151515151515151 2.606060606060606 2.757575757575758  
33 65.82110129876898 1.797979797979798 0.9090909090909091 0.98989898989899 2.0 1.3333333333333333 1.8383838383838385 0.98989898989899 1.5151515151515151 1.7171717171717171 1.292929292929293 0.8686868686868687 2.0 1.0909090909090908 0.98989898989899 1.4747474747474747 1.6767676767676767 1.5757575757575757 1.4343434343434343 1.7575757575757576 0.9696969696969697 2.0 1.3131313131313131 1.1515151515151516 1.5555555555555556 1.6767676767676767 1.0303030303030303 1.1515151515151516 0.8484848484848485 1.0505050505050506 1.2121212121212122 1.898989898989899 1.5757575757575757 1.6565656565656566 1.1717171717171717 1.8383838383838385 1.4141414141414141 1.4545454545454546 1.97979797979798 1.5555555555555556 1.8383838383838385 1.6161616161616161 1.3535353535353536 1.2323232323232323 1.0707070707070707 1.7575757575757576 1.6363636363636365 1.494949494949495 1.0101010101010102 1.7373737373737375 1.8383838383838385  
59 140.68169696969693 1.797979797979798 0.9090909090909091 0.98989898989899 2.0 1.3333333333333333 1.8383838383838385 0.98989898989899 1.5151515151515151 1.7171717171717171 1.292929292929293 0.8686868686868687 2.0 1.0909090909090908 0.98989898989899 1.4747474747474747 1.6767676767676767 1.5757575757575757 1.4343434343434343 1.7575757575757576 0.9696969696969697 2.0 1.3131313131313131 1.1515151515151516 1.5555555555555556 1.6767676767676767 1.0303030303030303 1.1515151515151516 0.8484848484848485 1.0505050505050506 1.2121212121212122 1.898989898989899 1.5757575757575757 1.6565656565656566 1.1717171717171717 1.8383838383838385 1.4141414141414141 1.4545454545454546 1.97979797979798 1.5555555555555556 1.8383838383838385 1.6161616161616161 1.3535353535353536 1.2323232323232323 1.0707070707070707 1.7575757575757576 1.6363636363636365 1.494949494949495 1.0101010101010102 1.7373737373737375 1.8383838383838385  
68 54.75294117647055 2.696969696969697 1.3636363636363635 1.4848484848484849 3.0 2.0 2.757575757575758 1.4848484848484849 2.272727272727273 2.5757575757575757 1.9393939393939394 1.303030303030303 3.0 1.6363636363636365 1.4848484848484849 2.212121212121212 2.515151515151515 2.3636363636363638 2.1515151515151514 2.6363636363636362 1.4545454545454546 3.0 1.9696969696969697 1.7272727272727273 2.3333333333333335 2.515151515151515 1.5454545454545454 1.7272727272727273 1.2727272727272727 1.5757575757575757 1.8181818181818181 2.8484848484848486 2.3636363636363638 2.484848484848485 1.7575757575757576 2.757575757575758 2.121212121212121 2.1818181818181817 2.9696969696969697 2.3333333333333335 2.757575757575758 2.4242424242424243 2.0303030303030303 1.8484848484848484 1.606060606060606 2.6363636363636362 2.4545454545454546 2.242424242424242 1.5151515151515151 2.606060606060606 2.757575757575758  
63 169.5237700877453 2.696969696969697 1.3636363636363635 1.4848484848484849 3.0 2.0 2.757575757575758 1.4848484848484849 2.272727272727273 2.5757575757575757 1.9393939393939394 1.303030303030303 3.0 1.6363636363636365 1.4848484848484849 2.212121212121212 2.515151515151515 2.3636363636363638 2.1515151515151514 2.6363636363636362 1.4545454545454546 3.0 1.9696969696969697 1.7272727272727273 2.3333333333333335 2.515151515151515 1.5454545454545454 1.7272727272727273 1.2727272727272727 1.5757575757575757 1.8181818181818181 2.8484848484848486 2.3636363636363638 2.484848484848485 1.7575757575757576 2.757575757575758 2.121212121212121 2.1818181818181817 2.9696969696969697 2.3333333333333335 2.757575757575758 2.4242424242424243 2.0303030303030303 1.8484848484848484 1.606060606060606 2.6363636363636362 2.4545454545454546 2.242424242424242 1.5151515151515151 2.606060606060606 2.757575757575758  
17 457.7885144124172 2.696969696969697 1.3636363636363635 1.4848484848484849 3.0 2.0 2.757575757575758 1.4848484848484849 2.272727272727273 2.5757575757575757 1.9393939393939394 1.303030303030303 3.0 1.6363636363636365 1.4848484848484849 2.212121212121212 2.515151515151515 2.3636363636363638 2.1515151515151514 2.6363636363636362 1.4545454545454546 3.0 1.9696969696969697 1.7272727272727273 2.3333333333333335 2.515151515151515 1.5454545454545454 1.7272727272727273 1.2727272727272727 1.5757575757575757 1.8181818181818181 2.8484848484848486 2.3636363636363638 2.484848484848485 1.7575757575757576 2.757575757575758 2.121212121212121 2.1818181818181817 2.9696969696969697 2.3333333333333335 2.757575757575758 2.4242424242424243 2.0303030303030303 1.8484848484848484 1.606060606060606 2.6363636363636362 2.4545454545454546 2.242424242424242 1.5151515151515151 2.606060606060606 2.757575757575758  
30 376.82998844327966 1.797979797979798 0.9090909090909091 0.98989898989899 2.0 1.3333333333333333 1.8383838383838385 0.98989898989899 1.5151515151515151 1.7171717171717171 1.292929292929293 0.8686868686868687 2.0 1.0909090909090908 0.98989898989899 1.4747474747474747 1.6767676767676767 1.5757575757575757 1.4343434343434343 1.7575757575757576 0.9696969696969697 2.0 1.3131313131313131 1.1515151515151516 1.5555555555555556 1.6767676767676767 1.0303030303030303 1.1515151515151516 0.8484848484848485 1.0505050505050506 1.2121212121212122 1.898989898989899 1.5757575757575757 1.6565656565656566 1.1717171717171717 1.8383838383838385 1.4141414141414141 1.4545454545454546 1.97979797979798 1.5555555555555556 1.8383838383838385 1.6161616161616161 1.3535353535353536 1.2323232323232323 1.0707070707070707 1.7575757575757576 1.6363636363636365 1.494949494949495 1.0101010101010102 1.7373737373737375 1.8383838383838385  
47 57.82117647058825 2.696969696969697 1.3636363636363635 1.4848484848484849 3.0 2.0 2.757575757575758 1.4848484848484849 2.272727272727273 2.5757575757575757 1.9393939393939394 1.303030303030303 3.0 1.6363636363636365 1.4848484848484849 2.212121212121212 2.515151515151515 2.3636363636363638 2.1515151515151514 2.6363636363636362 1.4545454545454546 3.0 1.9696969696969697 1.7272727272727273 2.3333333333333335 2.515151515151515 1.5454545454545454 1.7272727272727273 1.2727272727272727 1.5757575757575757 1.8181818181818181 2.8484848484848486 2.3636363636363638 2.484848484848485 1.7575757575757576 2.757575757575758 2.121212121212121 2.1818181818181817 2.9696969696969697 2.3333333333333335 2.757575757575758 2.4242424242424243 2.0303030303030303 1.8484848484848484 1.606060606060606 2.6363636363636362 2.4545454545454546 2.242424242424242 1.5151515151515151 2.606060606060606 2.757575757575758  
62 67.95131020348411 1.797979797979798 0.9090909090909091 0.98989898989899 2.0 1.3333333333333333 1.8383838383838385 0.98989898989899 1.5151515151515151 1.7171717171717171 1.292929292929293 0.8686868686868687 2.0 1.0909090909090908 0.98989898989899 1.4747474747474747 1.6767676767676767 1.5757575757575757 1.4343434343434343 1.7575757575757576 0.9696969696969697 2.0 1.3131313131313131 1.1515151515151516 1.5555555555555556 1.6767676767676767 1.0303030303030303 1.1515151515151516 0.8484848484848485 1.0505050505050506 1.2121212121212122 1.898989898989899 1.5757575757575757 1.6565656565656566 1.1717171717171717 1.8383838383838385 1.4141414141414141 1.4545454545454546 1.97979797979798 1.5555555555555556 1.8383838383838385 1.6161616161616161 1.3535353535353536 1.2323232323232323 1.0707070707070707 1.7575757575757576 1.6363636363636365 1.494949494949495 1.0101010101010102 1.7373737373737375 1.8383838383838385  
69 49.31179560589242 2.696969696969697 1.3636363636363635 1.4848484848484849 3.0 2.0 2.757575757575758 1.4848484848484849 2.272727272727273 2.5757575757575757 1.9393939393939394 1.303030303030303 3.0 1.6363636363636365 1.4848484848484849 2.212121212121212 2.515151515151515 2.3636363636363638 2.1515151515151514 2.6363636363636362 1.4545454545454546 3.0 1.9696969696969697 1.7272727272727273 2.3333333333333335 2.515151515151515 1.5454545454545454 1.7272727272727273 1.2727272727272727 1.5757575757575757 1.8181818181818181 2.8484848484848486 2.3636363636363638 2.484848484848485 1.7575757575757576 2.757575757575758 2.121212121212121 2.1818181818181817 2.9696969696969697 2.3333333333333335 2.757575757575758 2.4242424242424243 2.0303030303030303 1.8484848484848484 1.606060606060606 2.6363636363636362 2.4545454545454546 2.242424242424242 1.5151515151515151 2.606060606060606 2.757575757575758  
23 232.33966406722433 1.797979797979798 0.9090909090909091 0.98989898989899 2.0 1.3333333333333333 1.8383838383838385 0.98989898989899 1.5151515151515151 1.7171717171717171 1.292929292929293 0.8686868686868687 2.0 1.0909090909090908 0.98989898989899 1.4747474747474747 1.6767676767676767 1.5757575757575757 1.4343434343434343 1.7575757575757576 0.9696969696969697 2.0 1.3131313131313131 1.1515151515151516 1.5555555555555556 1.6767676767676767 1.0303030303030303 1.1515151515151516 0.8484848484848485 1.0505050505050506 1.2121212121212122 1.898989898989899 1.5757575757575757 1.6565656565656566 1.1717171717171717 1.8383838383838385 1.4141414141414141 1.4545454545454546 1.97979797979798 1.5555555555555556 1.8383838383838385 1.6161616161616161 1.3535353535353536 1.2323232323232323 1.0707070707070707 1.7575757575757576 1.6363636363636365 1.494949494949495 1.0101010101010102 1.7373737373737375 1.8383838383838385  
71 17.328673755813714 2.696969696969697 1.3636363636363635 1.4848484848484849 3.0 2.0 2.757575757575758 1.4848484848484849 2.272727272727273 2.5757575757575757 1.9393939393939394 1.303030303030303 3.0 1.6363636363636365 1.4848484848484849 2.212121212121212 2.515151515151515 2.3636363636363638 2.1515151515151514 2.6363636363636362 1.4545454545454546 3.0 1.9696969696969697 1.7272727272727273 2.3333333333333335 2.515151515151515 1.5454545454545454 1.7272727272727273 1.2727272727272727 1.5757575757575757 1.8181818181818181 2.8484848484848486 2.3636363636363638 2.484848484848485 1.7575757575757576 2.757575757575758 2.121212121212121 2.1818181818181817 2.9696969696969697 2.3333333333333335 2.757575757575758 2.4242424242424243 2.0303030303030303 1.8484848484848484 1.606060606060606 2.6363636363636362 2.4545454545454546 2.242424242424242 1.5151515151515151 2.606060606060606 2.757575757575758  
37 139.15044934640522 1.797979797979798 0.9090909090909091 0.98989898989899 2.0 1.3333333333333333 1.8383838383838385 0.98989898989899 1.5151515151515151 1.7171717171717171 1.292929292929293 0.8686868686868687 2.0 1.0909090909090908 0.98989898989899 1.4747474747474747 1.6767676767676767 1.5757575757575757 1.4343434343434343 1.7575757575757576 0.9696969696969697 2.0 1.3131313131313131 1.1515151515151516 1.5555555555555556 1.6767676767676767 1.0303030303030303 1.1515151515151516 0.8484848484848485 1.0505050505050506 1.2121212121212122 1.898989898989899 1.5757575757575757 1.6565656565656566 1.1717171717171717 1.8383838383838385 1.4141414141414141 1.4545454545454546 1.97979797979798 1.5555555555555556 1.8383838383838385 1.6161616161616161 1.3535353535353536 1.2323232323232323 1.0707070707070707 1.7575757575757576 1.6363636363636365 1.494949494949495 1.0101010101010102 1.7373737373737375 1.8383838383838385  
15 110.65652236134655 2.696969696969697 1.3636363636363635 1.4848484848484849 3.0 2.0 2.757575757575758 1.4848484848484849 2.272727272727273 2.5757575757575757 1.9393939393939394 1.303030303030303 3.0 1.6363636363636365 1.4848484848484849 2.212121212121212 2.515151515151515 2.3636363636363638 2.1515151515151514 2.6363636363636362 1.4545454545454546 3.0 1.9696969696969697 1.7272727272727273 2.3333333333333335 2.515151515151515 1.5454545454545454 1.7272727272727273 1.2727272727272727 1.5757575757575757 1.8181818181818181 2.8484848484848486 2.3636363636363638 2.484848484848485 1.7575757575757576 2.757575757575758 2.121212121212121 2.1818181818181817 2.9696969696969697 2.3333333333333335 2.757575757575758 2.4242424242424243 2.0303030303030303 1.8484848484848484 1.606060606060606 2.6363636363636362 2.4545454545454546 2.242424242424242 1.5151515151515151 2.606060606060606 2.757575757575758  
18 343.7081374817112 1.797979797979798 0.9090909090909091 0.98989898989899 2.0 1.3333333333333333 1.8383838383838385 0.98989898989899 1.5151515151515151 1.7171717171717171 1.292929292929293 0.8686868686868687 2.0 1.0909090909090908 0.98989898989899 1.4747474747474747 1.6767676767676767 1.5757575757575757 1.4343434343434343 1.7575757575757576 0.9696969696969697 2.0 1.3131313131313131 1.1515151515151516 1.5555555555555556 1.6767676767676767 1.0303030303030303 1.1515151515151516 0.8484848484848485 1.0505050505050506 1.2121212121212122 1.898989898989899 1.5757575757575757 1.6565656565656566 1.1717171717171717 1.8383838383838385 1.4141414141414141 1.4545454545454546 1.97979797979798 1.5555555555555556 1.8383838383838385 1.6161616161616161 1.3535353535353536 1.2323232323232323 1.0707070707070707 1.7575757575757576 1.6363636363636365 1.494949494949495 1.0101010101010102 1.7373737373737375 1.8383838383838385  
72 20.76191863012773 2.696969696969697 1.3636363636363635 1.4848484848484849 3.0 2.0 2.757575757575758 1.4848484848484849 2.272727272727273 2.5757575757575757 1.9393939393939394 1.303030303030303 3.0 1.6363636363636365 1.4848484848484849 2.212121212121212 2.515151515151515 2.3636363636363638 2.1515151515151514 2.6363636363636362 1.4545454545454546 3.0 1.9696969696969697 1.7272727272727273 2.3333333333333335 2.515151515151515 1.5454545454545454 1.7272727272727273 1.2727272727272727 1.5757575757575757 1.8181818181818181 2.8484848484848486 2.3636363636363638 2.484848484848485 1.7575757575757576 2.757575757575758 2.121212121212121 2.1818181818181817 2.9696969696969697 2.3333333333333335 2.757575757575758 2.4242424242424243 2.0303030303030303 1.8484848484848484 1.606060606060606 2.6363636363636362 2.4545454545454546 2.242424242424242 1.5151515151515151 2.606060606060606 2.757575757575758  
79 65.81295048267602 2.696969696969697 1.3636363636363635 1.4848484848484849 3.0 2.0 2.757575757575758 1.4848484848484849 2.272727272727273 2.5757575757575757 1.9393939393939394 1.303030303030303 3.0 1.6363636363636365 1.4848484848484849 2.212121212121212 2.515151515151515 2.3636363636363638 2.1515151515151514 2.6363636363636362 1.4545454545454546 3.0 1.9696969696969697 1.7272727272727273 2.3333333333333335 2.515151515151515 1.5454545454545454 1.7272727272727273 1.2727272727272727 1.5757575757575757 1.8181818181818181 2.8484848484848486 2.3636363636363638 2.484848484848485 1.7575757575757576 2.757575757575758 2.121212121212121 2.1818181818181817 2.9696969696969697 2.3333333333333335 2.757575757575758 2.4242424242424243 2.0303030303030303 1.8484848484848484 1.606060606060606 2.6363636363636362 2.4545454545454546 2.242424242424242 1.5151515151515151 2.606060606060606 2.757575757575758  
29 167.64414538850974 2.696969696969697 1.3636363636363635 1.4848484848484849 3.0 2.0 2.757575757575758 1.4848484848484849 2.272727272727273 2.5757575757575757 1.9393939393939394 1.303030303030303 3.0 1.6363636363636365 1.4848484848484849 2.212121212121212 2.515151515151515 2.3636363636363638 2.1515151515151514 2.6363636363636362 1.4545454545454546 3.0 1.9696969696969697 1.7272727272727273 2.3333333333333335 2.515151515151515 1.5454545454545454 1.7272727272727273 1.2727272727272727 1.5757575757575757 1.8181818181818181 2.8484848484848486 2.3636363636363638 2.484848484848485 1.7575757575757576 2.757575757575758 2.121212121212121 2.1818181818181817 2.9696969696969697 2.3333333333333335 2.757575757575758 2.4242424242424243 2.0303030303030303 1.8484848484848484 1.606060606060606 2.6363636363636362 2.4545454545454546 2.242424242424242 1.5151515151515151 2.606060606060606 2.757575757575758  
91 84.45142783664303 2.696969696969697 1.3636363636363635 1.4848484848484849 3.0 2.0 2.757575757575758 1.4848484848484849 2.272727272727273 2.5757575757575757 1.9393939393939394 1.303030303030303 3.0 1.6363636363636365 1.4848484848484849 2.212121212121212 2.515151515151515 2.3636363636363638 2.1515151515151514 2.6363636363636362 1.4545454545454546 3.0 1.9696969696969697 1.7272727272727273 2.3333333333333335 2.515151515151515 1.5454545454545454 1.7272727272727273 1.2727272727272727 1.5757575757575757 1.8181818181818181 2.8484848484848486 2.3636363636363638 2.484848484848485 1.7575757575757576 2.757575757575758 2.121212121212121 2.1818181818181817 2.9696969696969697 2.3333333333333335 2.757575757575758 2.4242424242424243 2.0303030303030303 1.8484848484848484 1.606060606060606 2.6363636363636362 2.4545454545454546 2.242424242424242 1.5151515151515151 2.606060606060606 2.757575757575758  
77 76.0 1.797979797979798 0.9090909090909091 0.98989898989899 2.0 1.3333333333333333 1.8383838383838385 0.98989898989899 1.5151515151515151 1.7171717171717171 1.292929292929293 0.8686868686868687 2.0 1.0909090909090908 0.98989898989899 1.4747474747474747 1.6767676767676767 1.5757575757575757 1.4343434343434343 1.7575757575757576 0.9696969696969697 2.0 1.3131313131313131 1.1515151515151516 1.5555555555555556 1.6767676767676767 1.0303030303030303 1.1515151515151516 0.8484848484848485 1.0505050505050506 1.2121212121212122 1.898989898989899 1.5757575757575757 1.6565656565656566 1.1717171717171717 1.8383838383838385 1.4141414141414141 1.4545454545454546 1.97979797979798 1.5555555555555556 1.8383838383838385 1.6161616161616161 1.3535353535353536 1.2323232323232323 1.0707070707070707 1.7575757575757576 1.6363636363636365 1.494949494949495 1.0101010101010102 1.7373737373737375 1.8383838383838385  
40 7.93006907308378 2.696969696969697 1.3636363636363635 1.4848484848484849 3.0 2.0 2.757575757575758 1.4848484848484849 2.272727272727273 2.5757575757575757 1.9393939393939394 1.303030303030303 3.0 1.6363636363636365 1.4848484848484849 2.212121212121212 2.515151515151515 2.3636363636363638 2.1515151515151514 2.6363636363636362 1.4545454545454546 3.0 1.9696969696969697 1.7272727272727273 2.3333333333333335 2.515151515151515 1.5454545454545454 1.7272727272727273 1.2727272727272727 1.5757575757575757 1.8181818181818181 2.8484848484848486 2.3636363636363638 2.484848484848485 1.7575757575757576 2.757575757575758 2.121212121212121 2.1818181818181817 2.9696969696969697 2.3333333333333335 2.757575757575758 2.4242424242424243 2.0303030303030303 1.8484848484848484 1.606060606060606 2.6363636363636362 2.4545454545454546 2.242424242424242 1.5151515151515151 2.606060606060606 2.757575757575758  
27 84.19541457211098 2.696969696969697 1.3636363636363635 1.4848484848484849 3.0 2.0 2.757575757575758 1.4848484848484849 2.272727272727273 2.5757575757575757 1.9393939393939394 1.303030303030303 3.0 1.6363636363636365 1.4848484848484849 2.212121212121212 2.515151515151515 2.3636363636363638 2.1515151515151514 2.6363636363636362 1.4545454545454546 3.0 1.9696969696969697 1.7272727272727273 2.3333333333333335 2.515151515151515 1.5454545454545454 1.7272727272727273 1.2727272727272727 1.5757575757575757 1.8181818181818181 2.8484848484848486 2.3636363636363638 2.484848484848485 1.7575757575757576 2.757575757575758 2.121212121212121 2.1818181818181817 2.9696969696969697 2.3333333333333335 2.757575757575758 2.4242424242424243 2.0303030303030303 1.8484848484848484 1.606060606060606 2.6363636363636362 2.4545454545454546 2.242424242424242 1.5151515151515151 2.606060606060606 2.757575757575758  
31 78.46785655467723 2.696969696969697 1.3636363636363635 1.4848484848484849 3.0 2.0 2.757575757575758 1.4848484848484849 2.272727272727273 2.5757575757575757 1.9393939393939394 1.303030303030303 3.0 1.6363636363636365 1.4848484848484849 2.212121212121212 2.515151515151515 2.3636363636363638 2.1515151515151514 2.6363636363636362 1.4545454545454546 3.0 1.9696969696969697 1.7272727272727273 2.3333333333333335 2.515151515151515 1.5454545454545454 1.7272727272727273 1.2727272727272727 1.5757575757575757 1.8181818181818181 2.8484848484848486 2.3636363636363638 2.484848484848485 1.7575757575757576 2.757575757575758 2.121212121212121 2.1818181818181817 2.9696969696969697 2.3333333333333335 2.757575757575758 2.4242424242424243 2.0303030303030303 1.8484848484848484 1.606060606060606 2.6363636363636362 2.4545454545454546 2.242424242424242 1.5151515151515151 2.606060606060606 2.757575757575758  
61 64.90704909904908 2.696969696969697 1.3636363636363635 1.4848484848484849 3.0 2.0 2.757575757575758 1.4848484848484849 2.272727272727273 2.5757575757575757 1.9393939393939394 1.303030303030303 3.0 1.6363636363636365 1.4848484848484849 2.212121212121212 2.515151515151515 2.3636363636363638 2.1515151515151514 2.6363636363636362 1.4545454545454546 3.0 1.9696969696969697 1.7272727272727273 2.3333333333333335 2.515151515151515 1.5454545454545454 1.7272727272727273 1.2727272727272727 1.5757575757575757 1.8181818181818181 2.8484848484848486 2.3636363636363638 2.484848484848485 1.7575757575757576 2.757575757575758 2.121212121212121 2.1818181818181817 2.9696969696969697 2.3333333333333335 2.757575757575758 2.4242424242424243 2.0303030303030303 1.8484848484848484 1.606060606060606 2.6363636363636362 2.4545454545454546 2.242424242424242 1.5151515151515151 2.606060606060606 2.757575757575758  
42 62.69764309764306 2.696969696969697 1.3636363636363635 1.4848484848484849 3.0 2.0 2.757575757575758 1.4848484848484849 2.272727272727273 2.5757575757575757 1.9393939393939394 1.303030303030303 3.0 1.6363636363636365 1.4848484848484849 2.212121212121212 2.515151515151515 2.3636363636363638 2.1515151515151514 2.6363636363636362 1.4545454545454546 3.0 1.9696969696969697 1.7272727272727273 2.3333333333333335 2.515151515151515 1.5454545454545454 1.7272727272727273 1.2727272727272727 1.5757575757575757 1.8181818181818181 2.8484848484848486 2.3636363636363638 2.484848484848485 1.7575757575757576 2.757575757575758 2.121212121212121 2.1818181818181817 2.9696969696969697 2.3333333333333335 2.757575757575758 2.4242424242424243 2.0303030303030303 1.8484848484848484 1.606060606060606 2.6363636363636362 2.4545454545454546 2.242424242424242 1.5151515151515151 2.606060606060606 2.757575757575758  
48 53.40152827868286 1.797979797979798 0.9090909090909091 0.98989898989899 2.0 1.3333333333333333 1.8383838383838385 0.98989898989899 1.5151515151515151 1.7171717171717171 1.292929292929293 0.8686868686868687 2.0 1.0909090909090908 0.98989898989899 1.4747474747474747 1.6767676767676767 1.5757575757575757 1.4343434343434343 1.7575757575757576 0.9696969696969697 2.0 1.3131313131313131 1.1515151515151516 1.5555555555555556 1.6767676767676767 1.0303030303030303 1.1515151515151516 0.8484848484848485 1.0505050505050506 1.2121212121212122 1.898989898989899 1.5757575757575757 1.6565656565656566 1.1717171717171717 1.8383838383838385 1.4141414141414141 1.4545454545454546 1.97979797979798 1.5555555555555556 1.8383838383838385 1.6161616161616161 1.3535353535353536 1.2323232323232323 1.0707070707070707 1.7575757575757576 1.6363636363636365 1.494949494949495 1.0101010101010102 1.7373737373737375 1.8383838383838385  
22 135.0521175681658 2.696969696969697 1.3636363636363635 1.4848484848484849 3.0 2.0 2.757575757575758 1.4848484848484849 2.272727272727273 2.5757575757575757 1.9393939393939394 1.303030303030303 3.0 1.6363636363636365 1.4848484848484849 2.212121212121212 2.515151515151515 2.3636363636363638 2.1515151515151514 2.6363636363636362 1.4545454545454546 3.0 1.9696969696969697 1.7272727272727273 2.3333333333333335 2.515151515151515 1.5454545454545454 1.7272727272727273 1.2727272727272727 1.5757575757575757 1.8181818181818181 2.8484848484848486 2.3636363636363638 2.484848484848485 1.7575757575757576 2.757575757575758 2.121212121212121 2.1818181818181817 2.9696969696969697 2.3333333333333335 2.757575757575758 2.4242424242424243 2.0303030303030303 1.8484848484848484 1.606060606060606 2.6363636363636362 2.4545454545454546 2.242424242424242 1.5151515151515151 2.606060606060606 2.757575757575758  
41 7.127956030897203 1.797979797979798 0.9090909090909091 0.98989898989899 2.0 1.3333333333333333 1.8383838383838385 0.98989898989899 1.5151515151515151 1.7171717171717171 1.292929292929293 0.8686868686868687 2.0 1.0909090909090908 0.98989898989899 1.4747474747474747 1.6767676767676767 1.5757575757575757 1.4343434343434343 1.7575757575757576 0.9696969696969697 2.0 1.3131313131313131 1.1515151515151516 1.5555555555555556 1.6767676767676767 1.0303030303030303 1.1515151515151516 0.8484848484848485 1.0505050505050506 1.2121212121212122 1.898989898989899 1.5757575757575757 1.6565656565656566 1.1717171717171717 1.8383838383838385 1.4141414141414141 1.4545454545454546 1.97979797979798 1.5555555555555556 1.8383838383838385 1.6161616161616161 1.3535353535353536 1.2323232323232323 1.0707070707070707 1.7575757575757576 1.6363636363636365 1.494949494949495 1.0101010101010102 1.7373737373737375 1.8383838383838385  
94 2.270828586618059 2.696969696969697 1.3636363636363635 1.4848484848484849 3.0 2.0 2.757575757575758 1.4848484848484849 2.272727272727273 2.5757575757575757 1.9393939393939394 1.303030303030303 3.0 1.6363636363636365 1.4848484848484849 2.212121212121212 2.515151515151515 2.3636363636363638 2.1515151515151514 2.6363636363636362 1.4545454545454546 3.0 1.9696969696969697 1.7272727272727273 2.3333333333333335 2.515151515151515 1.5454545454545454 1.7272727272727273 1.2727272727272727 1.5757575757575757 1.8181818181818181 2.8484848484848486 2.3636363636363638 2.484848484848485 1.7575757575757576 2.757575757575758 2.121212121212121 2.1818181818181817 2.9696969696969697 2.3333333333333335 2.757575757575758 2.4242424242424243 2.0303030303030303 1.8484848484848484 1.606060606060606 2.6363636363636362 2.4545454545454546 2.242424242424242 1.5151515151515151 2.606060606060606 2.757575757575758  
4 6.3738205185267605 2.696969696969697 1.3636363636363635 1.4848484848484849 3.0 2.0 2.757575757575758 1.4848484848484849 2.272727272727273 2.5757575757575757 1.9393939393939394 1.303030303030303 3.0 1.6363636363636365 1.4848484848484849 2.212121212121212 2.515151515151515 2.3636363636363638 2.1515151515151514 2.6363636363636362 1.4545454545454546 3.0 1.9696969696969697 1.7272727272727273 2.3333333333333335 2.515151515151515 1.5454545454545454 1.7272727272727273 1.2727272727272727 1.5757575757575757 1.8181818181818181 2.8484848484848486 2.3636363636363638 2.484848484848485 1.7575757575757576 2.757575757575758 2.121212121212121 2.1818181818181817 2.9696969696969697 2.3333333333333335 2.757575757575758 2.4242424242424243 2.0303030303030303 1.8484848484848484 1.606060606060606 2.6363636363636362 2.4545454545454546 2.242424242424242 1.5151515151515151 2.606060606060606 2.757575757575758  
99 71.0 2.696969696969697 1.3636363636363635 1.4848484848484849 3.0 2.0 2.757575757575758 1.4848484848484849 2.272727272727273 2.5757575757575757 1.9393939393939394 1.303030303030303 3.0 1.6363636363636365 1.4848484848484849 2.212121212121212 2.515151515151515 2.3636363636363638 2.1515151515151514 2.6363636363636362 1.4545454545454546 3.0 1.9696969696969697 1.7272727272727273 2.3333333333333335 2.515151515151515 1.5454545454545454 1.7272727272727273 1.2727272727272727 1.5757575757575757 1.8181818181818181 2.8484848484848486 2.3636363636363638 2.484848484848485 1.7575757575757576 2.757575757575758 2.121212121212121 2.1818181818181817 2.9696969696969697 2.3333333333333335 2.757575757575758 2.4242424242424243 2.0303030303030303 1.8484848484848484 1.606060606060606 2.6363636363636362 2.4545454545454546 2.242424242424242 1.5151515151515151 2.606060606060606 2.757575757575758  
55 13.356099987563733 1.797979797979798 0.9090909090909091 0.98989898989899 2.0 1.3333333333333333 1.8383838383838385 0.98989898989899 1.5151515151515151 1.7171717171717171 1.292929292929293 0.8686868686868687 2.0 1.0909090909090908 0.98989898989899 1.4747474747474747 1.6767676767676767 1.5757575757575757 1.4343434343434343 1.7575757575757576 0.9696969696969697 2.0 1.3131313131313131 1.1515151515151516 1.5555555555555556 1.6767676767676767 1.0303030303030303 1.1515151515151516 0.8484848484848485 1.0505050505050506 1.2121212121212122 1.898989898989899 1.5757575757575757 1.6565656565656566 1.1717171717171717 1.8383838383838385 1.4141414141414141 1.4545454545454546 1.97979797979798 1.5555555555555556 1.8383838383838385 1.6161616161616161 1.3535353535353536 1.2323232323232323 1.0707070707070707 1.7575757575757576 1.6363636363636365 1.494949494949495 1.0101010101010102 1.7373737373737375 1.8383838383838385  
6 11.535030148423006 2.696969696969697 1.3636363636363635 1.4848484848484849 3.0 2.0 2.757575757575758 1.4848484848484849 2.272727272727273 2.5757575757575757 1.9393939393939394 1.303030303030303 3.0 1.6363636363636365 1.4848484848484849 2.212121212121212 2.515151515151515 2.3636363636363638 2.1515151515151514 2.6363636363636362 1.4545454545454546 3.0 1.9696969696969697 1.7272727272727273 2.3333333333333335 2.515151515151515 1.5454545454545454 1.7272727272727273 1.2727272727272727 1.5757575757575757 1.8181818181818181 2.8484848484848486 2.3636363636363638 2.484848484848485 1.7575757575757576 2.757575757575758 2.121212121212121 2.1818181818181817 2.9696969696969697 2.3333333333333335 2.757575757575758 2.4242424242424243 2.0303030303030303 1.8484848484848484 1.606060606060606 2.6363636363636362 2.4545454545454546 2.242424242424242 1.5151515151515151 2.606060606060606 2.757575757575758  
5 142.47215929433972 1.797979797979798 0.9090909090909091 0.98989898989899 2.0 1.3333333333333333 1.8383838383838385 0.98989898989899 1.5151515151515151 1.7171717171717171 1.292929292929293 0.8686868686868687 2.0 1.0909090909090908 0.98989898989899 1.4747474747474747 1.6767676767676767 1.5757575757575757 1.4343434343434343 1.7575757575757576 0.9696969696969697 2.0 1.3131313131313131 1.1515151515151516 1.5555555555555556 1.6767676767676767 1.0303030303030303 1.1515151515151516 0.8484848484848485 1.0505050505050506 1.2121212121212122 1.898989898989899 1.5757575757575757 1.6565656565656566 1.1717171717171717 1.8383838383838385 1.4141414141414141 1.4545454545454546 1.97979797979798 1.5555555555555556 1.8383838383838385 1.6161616161616161 1.3535353535353536 1.2323232323232323 1.0707070707070707 1.7575757575757576 1.6363636363636365 1.494949494949495 1.0101010101010102 1.7373737373737375 1.8383838383838385  
64 46.04051209659906 1.797979797979798 0.9090909090909091 0.98989898989899 2.0 1.3333333333333333 1.8383838383838385 0.98989898989899 1.5151515151515151 1.7171717171717171 1.292929292929293 0.8686868686868687 2.0 1.0909090909090908 0.98989898989899 1.4747474747474747 1.6767676767676767 1.5757575757575757 1.4343434343434343 1.7575757575757576 0.9696969696969697 2.0 1.3131313131313131 1.1515151515151516 1.5555555555555556 1.6767676767676767 1.0303030303030303 1.1515151515151516 0.8484848484848485 1.0505050505050506 1.2121212121212122 1.898989898989899 1.5757575757575757 1.6565656565656566 1.1717171717171717 1.8383838383838385 1.4141414141414141 1.4545454545454546 1.97979797979798 1.5555555555555556 1.8383838383838385 1.6161616161616161 1.3535353535353536 1.2323232323232323 1.0707070707070707 1.7575757575757576 1.6363636363636365 1.494949494949495 1.0101010101010102 1.7373737373737375 1.8383838383838385  
73 15.896022291884368 2.696969696969697 1.3636363636363635 1.4848484848484849 3.0 2.0 2.757575757575758 1.4848484848484849 2.272727272727273 2.5757575757575757 1.9393939393939394 1.303030303030303 3.0 1.6363636363636365 1.4848484848484849 2.212121212121212 2.515151515151515 2.3636363636363638 2.1515151515151514 2.6363636363636362 1.4545454545454546 3.0 1.9696969696969697 1.7272727272727273 2.3333333333333335 2.515151515151515 1.5454545454545454 1.7272727272727273 1.2727272727272727 1.5757575757575757 1.8181818181818181 2.8484848484848486 2.3636363636363638 2.484848484848485 1.7575757575757576 2.757575757575758 2.121212121212121 2.1818181818181817 2.9696969696969697 2.3333333333333335 2.757575757575758 2.4242424242424243 2.0303030303030303 1.8484848484848484 1.606060606060606 2.6363636363636362 2.4545454545454546 2.242424242424242 1.5151515151515151 2.606060606060606 2.757575757575758  
89 100.8811928301583 2.696969696969697 1.3636363636363635 1.4848484848484849 3.0 2.0 2.757575757575758 1.4848484848484849 2.272727272727273 2.5757575757575757 1.9393939393939394 1.303030303030303 3.0 1.6363636363636365 1.4848484848484849 2.212121212121212 2.515151515151515 2.3636363636363638 2.1515151515151514 2.6363636363636362 1.4545454545454546 3.0 1.9696969696969697 1.7272727272727273 2.3333333333333335 2.515151515151515 1.5454545454545454 1.7272727272727273 1.2727272727272727 1.5757575757575757 1.8181818181818181 2.8484848484848486 2.3636363636363638 2.484848484848485 1.7575757575757576 2.757575757575758 2.121212121212121 2.1818181818181817 2.9696969696969697 2.3333333333333335 2.757575757575758 2.4242424242424243 2.0303030303030303 1.8484848484848484 1.606060606060606 2.6363636363636362 2.4545454545454546 2.242424242424242 1.5151515151515151 2.606060606060606 2.757575757575758  
82 32.50411167376681 2.696969696969697 1.3636363636363635 1.4848484848484849 3.0 2.0 2.757575757575758 1.4848484848484849 2.272727272727273 2.5757575757575757 1.9393939393939394 1.303030303030303 3.0 1.6363636363636365 1.4848484848484849 2.212121212121212 2.515151515151515 2.3636363636363638 2.1515151515151514 2.6363636363636362 1.4545454545454546 3.0 1.9696969696969697 1.7272727272727273 2.3333333333333335 2.515151515151515 1.5454545454545454 1.7272727272727273 1.2727272727272727 1.5757575757575757 1.8181818181818181 2.8484848484848486 2.3636363636363638 2.484848484848485 1.7575757575757576 2.757575757575758 2.121212121212121 2.1818181818181817 2.9696969696969697 2.3333333333333335 2.757575757575758 2.4242424242424243 2.0303030303030303 1.8484848484848484 1.606060606060606 2.6363636363636362 2.4545454545454546 2.242424242424242 1.5151515151515151 2.606060606060606 2.757575757575758  
44 101.34978354978354 2.696969696969697 1.3636363636363635 1.4848484848484849 3.0 2.0 2.757575757575758 1.4848484848484849 2.272727272727273 2.5757575757575757 1.9393939393939394 1.303030303030303 3.0 1.6363636363636365 1.4848484848484849 2.212121212121212 2.515151515151515 2.3636363636363638 2.1515151515151514 2.6363636363636362 1.4545454545454546 3.0 1.9696969696969697 1.7272727272727273 2.3333333333333335 2.515151515151515 1.5454545454545454 1.7272727272727273 1.2727272727272727 1.5757575757575757 1.8181818181818181 2.8484848484848486 2.3636363636363638 2.484848484848485 1.7575757575757576 2.757575757575758 2.121212121212121 2.1818181818181817 2.9696969696969697 2.3333333333333335 2.757575757575758 2.4242424242424243 2.0303030303030303 1.8484848484848484 1.606060606060606 2.6363636363636362 2.4545454545454546 2.242424242424242 1.5151515151515151 2.606060606060606 2.757575757575758  
87 126.01565056821381 2.696969696969697 1.3636363636363635 1.4848484848484849 3.0 2.0 2.757575757575758 1.4848484848484849 2.272727272727273 2.5757575757575757 1.9393939393939394 1.303030303030303 3.0 1.6363636363636365 1.4848484848484849 2.212121212121212 2.515151515151515 2.3636363636363638 2.1515151515151514 2.6363636363636362 1.4545454545454546 3.0 1.9696969696969697 1.7272727272727273 2.3333333333333335 2.515151515151515 1.5454545454545454 1.7272727272727273 1.2727272727272727 1.5757575757575757 1.8181818181818181 2.8484848484848486 2.3636363636363638 2.484848484848485 1.7575757575757576 2.757575757575758 2.121212121212121 2.1818181818181817 2.9696969696969697 2.3333333333333335 2.757575757575758 2.4242424242424243 2.0303030303030303 1.8484848484848484 1.606060606060606 2.6363636363636362 2.4545454545454546 2.242424242424242 1.5151515151515151 2.606060606060606 2.757575757575758  
66 23.608107704261553 2.696969696969697 1.3636363636363635 1.4848484848484849 3.0 2.0 2.757575757575758 1.4848484848484849 2.272727272727273 2.5757575757575757 1.9393939393939394 1.303030303030303 3.0 1.6363636363636365 1.4848484848484849 2.212121212121212 2.515151515151515 2.3636363636363638 2.1515151515151514 2.6363636363636362 1.4545454545454546 3.0 1.9696969696969697 1.7272727272727273 2.3333333333333335 2.515151515151515 1.5454545454545454 1.7272727272727273 1.2727272727272727 1.5757575757575757 1.8181818181818181 2.8484848484848486 2.3636363636363638 2.484848484848485 1.7575757575757576 2.757575757575758 2.121212121212121 2.1818181818181817 2.9696969696969697 2.3333333333333335 2.757575757575758 2.4242424242424243 2.0303030303030303 1.8484848484848484 1.606060606060606 2.6363636363636362 2.4545454545454546 2.242424242424242 1.5151515151515151 2.606060606060606 2.757575757575758  
36 61.16368611227482 2.696969696969697 1.3636363636363635 1.4848484848484849 3.0 2.0 2.757575757575758 1.4848484848484849 2.272727272727273 2.5757575757575757 1.9393939393939394 1.303030303030303 3.0 1.6363636363636365 1.4848484848484849 2.212121212121212 2.515151515151515 2.3636363636363638 2.1515151515151514 2.6363636363636362 1.4545454545454546 3.0 1.9696969696969697 1.7272727272727273 2.3333333333333335 2.515151515151515 1.5454545454545454 1.7272727272727273 1.2727272727272727 1.5757575757575757 1.8181818181818181 2.8484848484848486 2.3636363636363638 2.484848484848485 1.7575757575757576 2.757575757575758 2.121212121212121 2.1818181818181817 2.9696969696969697 2.3333333333333335 2.757575757575758 2.4242424242424243 2.0303030303030303 1.8484848484848484 1.606060606060606 2.6363636363636362 2.4545454545454546 2.242424242424242 1.5151515151515151 2.606060606060606 2.757575757575758  
21 301.37010746913484 1.797979797979798 0.9090909090909091 0.98989898989899 2.0 1.3333333333333333 1.8383838383838385 0.98989898989899 1.5151515151515151 1.7171717171717171 1.292929292929293 0.8686868686868687 2.0 1.0909090909090908 0.98989898989899 1.4747474747474747 1.6767676767676767 1.5757575757575757 1.4343434343434343 1.7575757575757576 0.9696969696969697 2.0 1.3131313131313131 1.1515151515151516 1.5555555555555556 1.6767676767676767 1.0303030303030303 1.1515151515151516 0.8484848484848485 1.0505050505050506 1.2121212121212122 1.898989898989899 1.5757575757575757 1.6565656565656566 1.1717171717171717 1.8383838383838385 1.4141414141414141 1.4545454545454546 1.97979797979798 1.5555555555555556 1.8383838383838385 1.6161616161616161 1.3535353535353536 1.2323232323232323 1.0707070707070707 1.7575757575757576 1.6363636363636365 1.494949494949495 1.0101010101010102 1.7373737373737375 1.8383838383838385  
54 156.86012519172573 1.797979797979798 0.9090909090909091 0.98989898989899 2.0 1.3333333333333333 1.8383838383838385 0.98989898989899 1.5151515151515151 1.7171717171717171 1.292929292929293 0.8686868686868687 2.0 1.0909090909090908 0.98989898989899 1.4747474747474747 1.6767676767676767 1.5757575757575757 1.4343434343434343 1.7575757575757576 0.9696969696969697 2.0 1.3131313131313131 1.1515151515151516 1.5555555555555556 1.6767676767676767 1.0303030303030303 1.1515151515151516 0.8484848484848485 1.0505050505050506 1.2121212121212122 1.898989898989899 1.5757575757575757 1.6565656565656566 1.1717171717171717 1.8383838383838385 1.4141414141414141 1.4545454545454546 1.97979797979798 1.5555555555555556 1.8383838383838385 1.6161616161616161 1.3535353535353536 1.2323232323232323 1.0707070707070707 1.7575757575757576 1.6363636363636365 1.494949494949495 1.0101010101010102 1.7373737373737375 1.8383838383838385  
9 162.1886772224971 2.696969696969697 1.3636363636363635 1.4848484848484849 3.0 2.0 2.757575757575758 1.4848484848484849 2.272727272727273 2.5757575757575757 1.9393939393939394 1.303030303030303 3.0 1.6363636363636365 1.4848484848484849 2.212121212121212 2.515151515151515 2.3636363636363638 2.1515151515151514 2.6363636363636362 1.4545454545454546 3.0 1.9696969696969697 1.7272727272727273 2.3333333333333335 2.515151515151515 1.5454545454545454 1.7272727272727273 1.2727272727272727 1.5757575757575757 1.8181818181818181 2.8484848484848486 2.3636363636363638 2.484848484848485 1.7575757575757576 2.757575757575758 2.121212121212121 2.1818181818181817 2.9696969696969697 2.3333333333333335 2.757575757575758 2.4242424242424243 2.0303030303030303 1.8484848484848484 1.606060606060606 2.6363636363636362 2.4545454545454546 2.242424242424242 1.5151515151515151 2.606060606060606 2.757575757575758  
60 101.1438095238095 2.696969696969697 1.3636363636363635 1.4848484848484849 3.0 2.0 2.757575757575758 1.4848484848484849 2.272727272727273 2.5757575757575757 1.9393939393939394 1.303030303030303 3.0 1.6363636363636365 1.4848484848484849 2.212121212121212 2.515151515151515 2.3636363636363638 2.1515151515151514 2.6363636363636362 1.4545454545454546 3.0 1.9696969696969697 1.7272727272727273 2.3333333333333335 2.515151515151515 1.5454545454545454 1.7272727272727273 1.2727272727272727 1.5757575757575757 1.8181818181818181 2.8484848484848486 2.3636363636363638 2.484848484848485 1.7575757575757576 2.757575757575758 2.121212121212121 2.1818181818181817 2.9696969696969697 2.3333333333333335 2.757575757575758 2.4242424242424243 2.0303030303030303 1.8484848484848484 1.606060606060606 2.6363636363636362 2.4545454545454546 2.242424242424242 1.5151515151515151 2.606060606060606 2.757575757575758  
49 80.59323656890243 2.696969696969697 1.3636363636363635 1.4848484848484849 3.0 2.0 2.757575757575758 1.4848484848484849 2.272727272727273 2.5757575757575757 1.9393939393939394 1.303030303030303 3.0 1.6363636363636365 1.4848484848484849 2.212121212121212 2.515151515151515 2.3636363636363638 2.1515151515151514 2.6363636363636362 1.4545454545454546 3.0 1.9696969696969697 1.7272727272727273 2.3333333333333335 2.515151515151515 1.5454545454545454 1.7272727272727273 1.2727272727272727 1.5757575757575757 1.8181818181818181 2.8484848484848486 2.3636363636363638 2.484848484848485 1.7575757575757576 2.757575757575758 2.121212121212121 2.1818181818181817 2.9696969696969697 2.3333333333333335 2.757575757575758 2.4242424242424243 2.0303030303030303 1.8484848484848484 1.606060606060606 2.6363636363636362 2.4545454545454546 2.242424242424242 1.5151515151515151 2.606060606060606 2.757575757575758  
67 21.281792281792292 2.696969696969697 1.3636363636363635 1.4848484848484849 3.0 2.0 2.757575757575758 1.4848484848484849 2.272727272727273 2.5757575757575757 1.9393939393939394 1.303030303030303 3.0 1.6363636363636365 1.4848484848484849 2.212121212121212 2.515151515151515 2.3636363636363638 2.1515151515151514 2.6363636363636362 1.4545454545454546 3.0 1.9696969696969697 1.7272727272727273 2.3333333333333335 2.515151515151515 1.5454545454545454 1.7272727272727273 1.2727272727272727 1.5757575757575757 1.8181818181818181 2.8484848484848486 2.3636363636363638 2.484848484848485 1.7575757575757576 2.757575757575758 2.121212121212121 2.1818181818181817 2.9696969696969697 2.3333333333333335 2.757575757575758 2.4242424242424243 2.0303030303030303 1.8484848484848484 1.606060606060606 2.6363636363636362 2.4545454545454546 2.242424242424242 1.5151515151515151 2.606060606060606 2.757575757575758  
39 153.5606638724286 2.696969696969697 1.3636363636363635 1.4848484848484849 3.0 2.0 2.757575757575758 1.4848484848484849 2.272727272727273 2.5757575757575757 1.9393939393939394 1.303030303030303 3.0 1.6363636363636365 1.4848484848484849 2.212121212121212 2.515151515151515 2.3636363636363638 2.1515151515151514 2.6363636363636362 1.4545454545454546 3.0 1.9696969696969697 1.7272727272727273 2.3333333333333335 2.515151515151515 1.5454545454545454 1.7272727272727273 1.2727272727272727 1.5757575757575757 1.8181818181818181 2.8484848484848486 2.3636363636363638 2.484848484848485 1.7575757575757576 2.757575757575758 2.121212121212121 2.1818181818181817 2.9696969696969697 2.3333333333333335 2.757575757575758 2.4242424242424243 2.0303030303030303 1.8484848484848484 1.606060606060606 2.6363636363636362 2.4545454545454546 2.242424242424242 1.5151515151515151 2.606060606060606 2.757575757575758  
26 86.19064781387141 1.797979797979798 0.9090909090909091 0.98989898989899 2.0 1.3333333333333333 1.8383838383838385 0.98989898989899 1.5151515151515151 1.7171717171717171 1.292929292929293 0.8686868686868687 2.0 1.0909090909090908 0.98989898989899 1.4747474747474747 1.6767676767676767 1.5757575757575757 1.4343434343434343 1.7575757575757576 0.9696969696969697 2.0 1.3131313131313131 1.1515151515151516 1.5555555555555556 1.6767676767676767 1.0303030303030303 1.1515151515151516 0.8484848484848485 1.0505050505050506 1.2121212121212122 1.898989898989899 1.5757575757575757 1.6565656565656566 1.1717171717171717 1.8383838383838385 1.4141414141414141 1.4545454545454546 1.97979797979798 1.5555555555555556 1.8383838383838385 1.6161616161616161 1.3535353535353536 1.2323232323232323 1.0707070707070707 1.7575757575757576 1.6363636363636365 1.494949494949495 1.0101010101010102 1.7373737373737375 1.8383838383838385  
46 84.36566745101584 2.696969696969697 1.3636363636363635 1.4848484848484849 3.0 2.0 2.757575757575758 1.4848484848484849 2.272727272727273 2.5757575757575757 1.9393939393939394 1.303030303030303 3.0 1.6363636363636365 1.4848484848484849 2.212121212121212 2.515151515151515 2.3636363636363638 2.1515151515151514 2.6363636363636362 1.4545454545454546 3.0 1.9696969696969697 1.7272727272727273 2.3333333333333335 2.515151515151515 1.5454545454545454 1.7272727272727273 1.2727272727272727 1.5757575757575757 1.8181818181818181 2.8484848484848486 2.3636363636363638 2.484848484848485 1.7575757575757576 2.757575757575758 2.121212121212121 2.1818181818181817 2.9696969696969697 2.3333333333333335 2.757575757575758 2.4242424242424243 2.0303030303030303 1.8484848484848484 1.606060606060606 2.6363636363636362 2.4545454545454546 2.242424242424242 1.5151515151515151 2.606060606060606 2.757575757575758  
95 5.013388543823327 1.797979797979798 0.9090909090909091 0.98989898989899 2.0 1.3333333333333333 1.8383838383838385 0.98989898989899 1.5151515151515151 1.7171717171717171 1.292929292929293 0.8686868686868687 2.0 1.0909090909090908 0.98989898989899 1.4747474747474747 1.6767676767676767 1.5757575757575757 1.4343434343434343 1.7575757575757576 0.9696969696969697 2.0 1.3131313131313131 1.1515151515151516 1.5555555555555556 1.6767676767676767 1.0303030303030303 1.1515151515151516 0.8484848484848485 1.0505050505050506 1.2121212121212122 1.898989898989899 1.5757575757575757 1.6565656565656566 1.1717171717171717 1.8383838383838385 1.4141414141414141 1.4545454545454546 1.97979797979798 1.5555555555555556 1.8383838383838385 1.6161616161616161 1.3535353535353536 1.2323232323232323 1.0707070707070707 1.7575757575757576 1.6363636363636365 1.494949494949495 1.0101010101010102 1.7373737373737375 1.8383838383838385  
52 55.03616456724552 2.696969696969697 1.3636363636363635 1.4848484848484849 3.0 2.0 2.757575757575758 1.4848484848484849 2.272727272727273 2.5757575757575757 1.9393939393939394 1.303030303030303 3.0 1.6363636363636365 1.4848484848484849 2.212121212121212 2.515151515151515 2.3636363636363638 2.1515151515151514 2.6363636363636362 1.4545454545454546 3.0 1.9696969696969697 1.7272727272727273 2.3333333333333335 2.515151515151515 1.5454545454545454 1.7272727272727273 1.2727272727272727 1.5757575757575757 1.8181818181818181 2.8484848484848486 2.3636363636363638 2.484848484848485 1.7575757575757576 2.757575757575758 2.121212121212121 2.1818181818181817 2.9696969696969697 2.3333333333333335 2.757575757575758 2.4242424242424243 2.0303030303030303 1.8484848484848484 1.606060606060606 2.6363636363636362 2.4545454545454546 2.242424242424242 1.5151515151515151 2.606060606060606 2.757575757575758  
45 174.30666666666656 2.696969696969697 1.3636363636363635 1.4848484848484849 3.0 2.0 2.757575757575758 1.4848484848484849 2.272727272727273 2.5757575757575757 1.9393939393939394 1.303030303030303 3.0 1.6363636363636365 1.4848484848484849 2.212121212121212 2.515151515151515 2.3636363636363638 2.1515151515151514 2.6363636363636362 1.4545454545454546 3.0 1.9696969696969697 1.7272727272727273 2.3333333333333335 2.515151515151515 1.5454545454545454 1.7272727272727273 1.2727272727272727 1.5757575757575757 1.8181818181818181 2.8484848484848486 2.3636363636363638 2.484848484848485 1.7575757575757576 2.757575757575758 2.121212121212121 2.1818181818181817 2.9696969696969697 2.3333333333333335 2.757575757575758 2.4242424242424243 2.0303030303030303 1.8484848484848484 1.606060606060606 2.6363636363636362 2.4545454545454546 2.242424242424242 1.5151515151515151 2.606060606060606 2.757575757575758  
12 57.78550057457035 1.797979797979798 0.9090909090909091 0.98989898989899 2.0 1.3333333333333333 1.8383838383838385 0.98989898989899 1.5151515151515151 1.7171717171717171 1.292929292929293 0.8686868686868687 2.0 1.0909090909090908 0.98989898989899 1.4747474747474747 1.6767676767676767 1.5757575757575757 1.4343434343434343 1.7575757575757576 0.9696969696969697 2.0 1.3131313131313131 1.1515151515151516 1.5555555555555556 1.6767676767676767 1.0303030303030303 1.1515151515151516 0.8484848484848485 1.0505050505050506 1.2121212121212122 1.898989898989899 1.5757575757575757 1.6565656565656566 1.1717171717171717 1.8383838383838385 1.4141414141414141 1.4545454545454546 1.97979797979798 1.5555555555555556 1.8383838383838385 1.6161616161616161 1.3535353535353536 1.2323232323232323 1.0707070707070707 1.7575757575757576 1.6363636363636365 1.494949494949495 1.0101010101010102 1.7373737373737375 1.8383838383838385  
32 32.79804322661466 1.797979797979798 0.9090909090909091 0.98989898989899 2.0 1.3333333333333333 1.8383838383838385 0.98989898989899 1.5151515151515151 1.7171717171717171 1.292929292929293 0.8686868686868687 2.0 1.0909090909090908 0.98989898989899 1.4747474747474747 1.6767676767676767 1.5757575757575757 1.4343434343434343 1.7575757575757576 0.9696969696969697 2.0 1.3131313131313131 1.1515151515151516 1.5555555555555556 1.6767676767676767 1.0303030303030303 1.1515151515151516 0.8484848484848485 1.0505050505050506 1.2121212121212122 1.898989898989899 1.5757575757575757 1.6565656565656566 1.1717171717171717 1.8383838383838385 1.4141414141414141 1.4545454545454546 1.97979797979798 1.5555555555555556 1.8383838383838385 1.6161616161616161 1.3535353535353536 1.2323232323232323 1.0707070707070707 1.7575757575757576 1.6363636363636365 1.494949494949495 1.0101010101010102 1.7373737373737375 1.8383838383838385  
25 108.50960944847907 2.696969696969697 1.3636363636363635 1.4848484848484849 3.0 2.0 2.757575757575758 1.4848484848484849 2.272727272727273 2.5757575757575757 1.9393939393939394 1.303030303030303 3.0 1.6363636363636365 1.4848484848484849 2.212121212121212 2.515151515151515 2.3636363636363638 2.1515151515151514 2.6363636363636362 1.4545454545454546 3.0 1.9696969696969697 1.7272727272727273 2.3333333333333335 2.515151515151515 1.5454545454545454 1.7272727272727273 1.2727272727272727 1.5757575757575757 1.8181818181818181 2.8484848484848486 2.3636363636363638 2.484848484848485 1.7575757575757576 2.757575757575758 2.121212121212121 2.1818181818181817 2.9696969696969697 2.3333333333333335 2.757575757575758 2.4242424242424243 2.0303030303030303 1.8484848484848484 1.606060606060606 2.6363636363636362 2.4545454545454546 2.242424242424242 1.5151515151515151 2.606060606060606 2.757575757575758  
