60 10
TREE NETWORK (nID nID Weight):
1 0 50.0 
10 0 43.0 
11 10 48.0 
18 10 36.0 
2 1 35.0 
31 10 32.0 
32 31 40.0 
19 18 49.0 
20 18 48.0 
12 11 48.0 
50 0 54.0 
56 0 43.0 
21 20 56.0 
22 21 32.0 
13 12 47.0 
4 1 32.0 
27 20 44.0 
42 10 34.0 
23 22 51.0 
37 31 58.0 
15 11 39.0 
16 11 37.0 
33 32 58.0 
51 50 53.0 
52 51 42.0 
5 4 59.0 
34 33 57.0 
6 5 30.0 
28 27 43.0 
3 2 31.0 
55 50 36.0 
45 10 42.0 
46 45 35.0 
43 42 42.0 
24 23 43.0 
38 37 55.0 
25 24 52.0 
53 51 30.0 
44 42 48.0 
9 4 31.0 
54 51 41.0 
39 38 58.0 
47 45 53.0 
36 32 34.0 
49 10 59.0 
7 6 54.0 
59 0 39.0 
40 37 31.0 
57 56 30.0 
17 16 46.0 
48 45 46.0 
58 56 45.0 
26 21 37.0 
14 12 49.0 
41 31 37.0 
30 18 52.0 
29 28 33.0 
35 34 44.0 
8 7 58.0 
PROGRAMS ASSIGNED TO NODES (nID pID1 pID2 ...):
0 1 2 3 4 5 6 7 8 9 10  
19 3 7 9  
20  
26 1 3 8  
53 1 2 4 5 6  
23 2 3 6 10  
56 7  
44 1 2 3 4 5 6 7 8 10  
39 4 8 9  
10 3  
46 1 4 5 6 7 8  
47 2 3 4 5 7 8 9 10  
57 4 6 7 8 10  
12 1 2 3 4 5  
37 2 7 10  
1 8 9 10  
6 3  
8 1 3 4 5 6 7 8 9 10  
4 1 2 4 5 6 7 10  
16 3  
38 6 8  
45 2 3 4 8 9  
11 1 9  
25 2 4 9  
54  
5 1 2 3 4 6 7 9 10  
13 1 2 3 5 6 7 8 9 10  
42 2 3 5 8 9  
52 4 8  
17 1 2 3 7 9  
32 2 4 9  
41 1 3 7 9  
31 2 3 4 5 6 7 8 9 10  
24 5 7 8  
48  
40 4 5 9  
15 2 3 4 5 6 8 9 10  
9 1 2 4 5 6 7 8 10  
21 2 4 5 6 7 8  
49 1 2 3 9  
7 1 2 3 5 6 7 8 9  
2 1 4 8 9  
33 1 2  
3 1 3 4 5 7 8 10  
34 2 3 4 5 6 10  
28  
35 1 2 3 4 6 7 10  
18 1 8  
43 1 2 3 4 5 6 8 9 10  
55 1 2 3 4 5 6 9 10  
58 1 2 3 4 6 7 8  
51 1 4 8  
22 2 3 4 5 6  
27 1 2 3 4 6 7 8 9 10  
14 1 2 4 7 8 9 10  
59 6  
50 2 4 6 7 9 10  
36 2 3 4 5 6 7 8 9 10  
29 1 2 4 5 6 7 8 9 10  
30 1 4 6  
SIZE OF PROGRAMS (pID SIZE):
1 58.0 
2 93.0 
3 89.0 
4 80.0 
5 93.0 
6 62.0 
7 46.0 
8 80.0 
9 71.0 
10 60.0 
COST_INSTALL_SERVER_AND_PROGRAMS :
0 3361.290322580645 1.8709677419354838 3.0 2.870967741935484 2.5806451612903225 3.0 2.0 1.4838709677419355 2.5806451612903225 2.2903225806451615 1.935483870967742  
19 1.614368047794261 1.8709677419354838 3.0 2.870967741935484 2.5806451612903225 3.0 2.0 1.4838709677419355 2.5806451612903225 2.2903225806451615 1.935483870967742  
20 13.706106071972538 1.8709677419354838 3.0 2.870967741935484 2.5806451612903225 3.0 2.0 1.4838709677419355 2.5806451612903225 2.2903225806451615 1.935483870967742  
26 4.324155624652624 1.2473118279569892 2.0 1.913978494623656 1.7204301075268817 2.0 1.3333333333333333 0.989247311827957 1.7204301075268817 1.5268817204301075 1.2903225806451613  
53 13.297730889745495 1.2473118279569892 2.0 1.913978494623656 1.7204301075268817 2.0 1.3333333333333333 0.989247311827957 1.7204301075268817 1.5268817204301075 1.2903225806451613  
23 65.70924531290387 1.8709677419354838 3.0 2.870967741935484 2.5806451612903225 3.0 2.0 1.4838709677419355 2.5806451612903225 2.2903225806451615 1.935483870967742  
56 55.0 1.8709677419354838 3.0 2.870967741935484 2.5806451612903225 3.0 2.0 1.4838709677419355 2.5806451612903225 2.2903225806451615 1.935483870967742  
44 24.535369963814475 1.8709677419354838 3.0 2.870967741935484 2.5806451612903225 3.0 2.0 1.4838709677419355 2.5806451612903225 2.2903225806451615 1.935483870967742  
39 7.7871363126341935 1.8709677419354838 3.0 2.870967741935484 2.5806451612903225 3.0 2.0 1.4838709677419355 2.5806451612903225 2.2903225806451615 1.935483870967742  
10 55.0 1.8709677419354838 3.0 2.870967741935484 2.5806451612903225 3.0 2.0 1.4838709677419355 2.5806451612903225 2.2903225806451615 1.935483870967742  
46 20.736962199733608 1.2473118279569892 2.0 1.913978494623656 1.7204301075268817 2.0 1.3333333333333333 0.989247311827957 1.7204301075268817 1.5268817204301075 1.2903225806451613  
47 11.480165728763728 1.2473118279569892 2.0 1.913978494623656 1.7204301075268817 2.0 1.3333333333333333 0.989247311827957 1.7204301075268817 1.5268817204301075 1.2903225806451613  
57 5.5864166041510375 1.8709677419354838 3.0 2.870967741935484 2.5806451612903225 3.0 2.0 1.4838709677419355 2.5806451612903225 2.2903225806451615 1.935483870967742  
12 24.345086271567908 1.8709677419354838 3.0 2.870967741935484 2.5806451612903225 3.0 2.0 1.4838709677419355 2.5806451612903225 2.2903225806451615 1.935483870967742  
37 32.00403737787895 1.2473118279569892 2.0 1.913978494623656 1.7204301075268817 2.0 1.3333333333333333 0.989247311827957 1.7204301075268817 1.5268817204301075 1.2903225806451613  
1 2.040727272727267 1.2473118279569892 2.0 1.913978494623656 1.7204301075268817 2.0 1.3333333333333333 0.989247311827957 1.7204301075268817 1.5268817204301075 1.2903225806451613  
6 51.630856006759785 1.8709677419354838 3.0 2.870967741935484 2.5806451612903225 3.0 2.0 1.4838709677419355 2.5806451612903225 2.2903225806451615 1.935483870967742  
8 60.40523696527214 1.8709677419354838 3.0 2.870967741935484 2.5806451612903225 3.0 2.0 1.4838709677419355 2.5806451612903225 2.2903225806451615 1.935483870967742  
4 4.044246334310853 1.8709677419354838 3.0 2.870967741935484 2.5806451612903225 3.0 2.0 1.4838709677419355 2.5806451612903225 2.2903225806451615 1.935483870967742  
16 9.445895933442818 1.2473118279569892 2.0 1.913978494623656 1.7204301075268817 2.0 1.3333333333333333 0.989247311827957 1.7204301075268817 1.5268817204301075 1.2903225806451613  
38 13.518069960280037 1.8709677419354838 3.0 2.870967741935484 2.5806451612903225 3.0 2.0 1.4838709677419355 2.5806451612903225 2.2903225806451615 1.935483870967742  
45 19.05007160881129 1.2473118279569892 2.0 1.913978494623656 1.7204301075268817 2.0 1.3333333333333333 0.989247311827957 1.7204301075268817 1.5268817204301075 1.2903225806451613  
11 8.817813544295163 1.8709677419354838 3.0 2.870967741935484 2.5806451612903225 3.0 2.0 1.4838709677419355 2.5806451612903225 2.2903225806451615 1.935483870967742  
25 17.739630345328738 1.2473118279569892 2.0 1.913978494623656 1.7204301075268817 2.0 1.3333333333333333 0.989247311827957 1.7204301075268817 1.5268817204301075 1.2903225806451613  
54 53.0 1.8709677419354838 3.0 2.870967741935484 2.5806451612903225 3.0 2.0 1.4838709677419355 2.5806451612903225 2.2903225806451615 1.935483870967742  
5 28.586778766340277 1.2473118279569892 2.0 1.913978494623656 1.7204301075268817 2.0 1.3333333333333333 0.989247311827957 1.7204301075268817 1.5268817204301075 1.2903225806451613  
13 17.584769862678435 1.8709677419354838 3.0 2.870967741935484 2.5806451612903225 3.0 2.0 1.4838709677419355 2.5806451612903225 2.2903225806451615 1.935483870967742  
42 2.9879528705705867 1.8709677419354838 3.0 2.870967741935484 2.5806451612903225 3.0 2.0 1.4838709677419355 2.5806451612903225 2.2903225806451615 1.935483870967742  
52 5.503761884366468 1.2473118279569892 2.0 1.913978494623656 1.7204301075268817 2.0 1.3333333333333333 0.989247311827957 1.7204301075268817 1.5268817204301075 1.2903225806451613  
17 4.326642952600665 1.8709677419354838 3.0 2.870967741935484 2.5806451612903225 3.0 2.0 1.4838709677419355 2.5806451612903225 2.2903225806451615 1.935483870967742  
32 35.21417718065881 1.8709677419354838 3.0 2.870967741935484 2.5806451612903225 3.0 2.0 1.4838709677419355 2.5806451612903225 2.2903225806451615 1.935483870967742  
41 9.508350398410414 1.2473118279569892 2.0 1.913978494623656 1.7204301075268817 2.0 1.3333333333333333 0.989247311827957 1.7204301075268817 1.5268817204301075 1.2903225806451613  
31 6.218043715474325 1.8709677419354838 3.0 2.870967741935484 2.5806451612903225 3.0 2.0 1.4838709677419355 2.5806451612903225 2.2903225806451615 1.935483870967742  
24 69.66558471538154 1.2473118279569892 2.0 1.913978494623656 1.7204301075268817 2.0 1.3333333333333333 0.989247311827957 1.7204301075268817 1.5268817204301075 1.2903225806451613  
48 18.0 1.2473118279569892 2.0 1.913978494623656 1.7204301075268817 2.0 1.3333333333333333 0.989247311827957 1.7204301075268817 1.5268817204301075 1.2903225806451613  
40 14.090979749247657 1.2473118279569892 2.0 1.913978494623656 1.7204301075268817 2.0 1.3333333333333333 0.989247311827957 1.7204301075268817 1.5268817204301075 1.2903225806451613  
15 12.787072729720897 1.2473118279569892 2.0 1.913978494623656 1.7204301075268817 2.0 1.3333333333333333 0.989247311827957 1.7204301075268817 1.5268817204301075 1.2903225806451613  
9 9.120222222222225 1.8709677419354838 3.0 2.870967741935484 2.5806451612903225 3.0 2.0 1.4838709677419355 2.5806451612903225 2.2903225806451615 1.935483870967742  
21 19.885326851193312 1.8709677419354838 3.0 2.870967741935484 2.5806451612903225 3.0 2.0 1.4838709677419355 2.5806451612903225 2.2903225806451615 1.935483870967742  
49 1.9771892125573745 1.8709677419354838 3.0 2.870967741935484 2.5806451612903225 3.0 2.0 1.4838709677419355 2.5806451612903225 2.2903225806451615 1.935483870967742  
7 47.90621293857105 1.8709677419354838 3.0 2.870967741935484 2.5806451612903225 3.0 2.0 1.4838709677419355 2.5806451612903225 2.2903225806451615 1.935483870967742  
2 17.00529988052569 1.2473118279569892 2.0 1.913978494623656 1.7204301075268817 2.0 1.3333333333333333 0.989247311827957 1.7204301075268817 1.5268817204301075 1.2903225806451613  
33 28.309294428492173 1.8709677419354838 3.0 2.870967741935484 2.5806451612903225 3.0 2.0 1.4838709677419355 2.5806451612903225 2.2903225806451615 1.935483870967742  
3 9.755850998463904 1.2473118279569892 2.0 1.913978494623656 1.7204301075268817 2.0 1.3333333333333333 0.989247311827957 1.7204301075268817 1.5268817204301075 1.2903225806451613  
34 25.419288671230117 1.8709677419354838 3.0 2.870967741935484 2.5806451612903225 3.0 2.0 1.4838709677419355 2.5806451612903225 2.2903225806451615 1.935483870967742  
28 55.035622068395874 1.8709677419354838 3.0 2.870967741935484 2.5806451612903225 3.0 2.0 1.4838709677419355 2.5806451612903225 2.2903225806451615 1.935483870967742  
35 60.59809320075646 1.2473118279569892 2.0 1.913978494623656 1.7204301075268817 2.0 1.3333333333333333 0.989247311827957 1.7204301075268817 1.5268817204301075 1.2903225806451613  
18 16.11274182181909 1.2473118279569892 2.0 1.913978494623656 1.7204301075268817 2.0 1.3333333333333333 0.989247311827957 1.7204301075268817 1.5268817204301075 1.2903225806451613  
43 9.100278010679144 1.8709677419354838 3.0 2.870967741935484 2.5806451612903225 3.0 2.0 1.4838709677419355 2.5806451612903225 2.2903225806451615 1.935483870967742  
55 3.0046594982078845 1.2473118279569892 2.0 1.913978494623656 1.7204301075268817 2.0 1.3333333333333333 0.989247311827957 1.7204301075268817 1.5268817204301075 1.2903225806451613  
58 3.022085521380343 1.8709677419354838 3.0 2.870967741935484 2.5806451612903225 3.0 2.0 1.4838709677419355 2.5806451612903225 2.2903225806451615 1.935483870967742  
51 2.526385789319449 1.8709677419354838 3.0 2.870967741935484 2.5806451612903225 3.0 2.0 1.4838709677419355 2.5806451612903225 2.2903225806451615 1.935483870967742  
22 23.917834518153352 1.8709677419354838 3.0 2.870967741935484 2.5806451612903225 3.0 2.0 1.4838709677419355 2.5806451612903225 2.2903225806451615 1.935483870967742  
27 13.274196235009164 1.8709677419354838 3.0 2.870967741935484 2.5806451612903225 3.0 2.0 1.4838709677419355 2.5806451612903225 2.2903225806451615 1.935483870967742  
14 25.696052712157638 1.2473118279569892 2.0 1.913978494623656 1.7204301075268817 2.0 1.3333333333333333 0.989247311827957 1.7204301075268817 1.5268817204301075 1.2903225806451613  
59 108.0 1.8709677419354838 3.0 2.870967741935484 2.5806451612903225 3.0 2.0 1.4838709677419355 2.5806451612903225 2.2903225806451615 1.935483870967742  
50 60.0 1.2473118279569892 2.0 1.913978494623656 1.7204301075268817 2.0 1.3333333333333333 0.989247311827957 1.7204301075268817 1.5268817204301075 1.2903225806451613  
36 47.132659488401515 1.2473118279569892 2.0 1.913978494623656 1.7204301075268817 2.0 1.3333333333333333 0.989247311827957 1.7204301075268817 1.5268817204301075 1.2903225806451613  
29 89.57789395265488 1.2473118279569892 2.0 1.913978494623656 1.7204301075268817 2.0 1.3333333333333333 0.989247311827957 1.7204301075268817 1.5268817204301075 1.2903225806451613  
30 7.221196324722206 1.8709677419354838 3.0 2.870967741935484 2.5806451612903225 3.0 2.0 1.4838709677419355 2.5806451612903225 2.2903225806451615 1.935483870967742  
