80 30
TREE NETWORK (nID nID Weight):
1 0 42.0 
36 0 41.0 
37 36 36.0 
60 0 32.0 
61 60 45.0 
40 36 32.0 
2 1 39.0 
27 1 42.0 
28 27 56.0 
33 1 39.0 
29 28 51.0 
3 2 36.0 
8 2 46.0 
38 37 49.0 
41 40 33.0 
12 2 42.0 
42 41 42.0 
16 2 35.0 
45 41 56.0 
18 2 40.0 
69 0 33.0 
23 2 58.0 
34 1 31.0 
30 29 55.0 
53 40 53.0 
62 61 55.0 
54 40 42.0 
57 36 59.0 
9 8 56.0 
4 3 58.0 
66 61 44.0 
55 40 30.0 
77 0 37.0 
24 23 32.0 
10 9 57.0 
70 69 32.0 
63 62 55.0 
17 16 51.0 
46 45 31.0 
43 42 41.0 
39 38 40.0 
13 12 59.0 
64 63 51.0 
47 46 41.0 
71 70 33.0 
44 42 55.0 
51 46 33.0 
72 71 57.0 
52 46 53.0 
26 2 51.0 
14 13 35.0 
78 0 55.0 
25 23 56.0 
19 18 54.0 
67 61 46.0 
20 18 48.0 
48 47 48.0 
5 4 37.0 
21 20 44.0 
79 0 47.0 
74 69 54.0 
31 29 42.0 
6 5 38.0 
11 8 47.0 
22 18 59.0 
75 69 30.0 
73 72 39.0 
58 36 42.0 
49 48 38.0 
35 34 59.0 
15 14 50.0 
65 64 52.0 
59 58 34.0 
76 69 34.0 
56 55 44.0 
32 28 55.0 
50 47 50.0 
68 67 54.0 
7 5 33.0 
PROGRAMS ASSIGNED TO NODES (nID pID1 pID2 ...):
0 1 2 3 4 5 6 7 8 9 10 11 12 13 14 15 16 17 18 19 20 21 22 23 24 25 26 27 28 29 30  
38 1 6 11 23 24 29  
67 2 4 5 6 7 11 13 14 15 19 20 21 22 29  
55 1 2 5 6 8 9 10 13 14 15 16 17 18 19 20 24 26 27 28 30  
12 1 2 3 5 6 7 8 9 10 11 14 15 16 17 18 19 20 22 23 24 26 28 29 30  
43 1 3 4 5 6 7 8 9 10 11 14 15 16 17 18 19 22 23 24 25 26 28 30  
17 1 2 3 6 7 9 10 11 12 14 17 19 21 22 23 24 26 27 28 29  
29 1 3 4 5 6 7 9 10 12 13 15 17 18 19 20 21 23 24 25 26 27 28  
9 1 2 6 8 9 15 17 19 21 24 25 26 27 28 30  
23 1 2 7 10 12 16 18 19 20 21 23 25 30  
52 1 2 3 4 5 6 7 8 9 10 12 14 15 16 19 20 21 22 23 25 26 27 28 29 30  
46 1 2 3 4 5 6 7 8 9 10 11 13 14 15 16 17 18 19 20 21 22 23 24 25 26 27 28 29 30  
64 1 2 4 11 27 28  
54 4 6 10 11 12 14 15 18 20 21 23 25 28 29 30  
50 6 21  
65 2 3 4 12 16 19 24  
13 1 4 5 6 7 9 10 11 12 13 14 16 17 19 20 21 22 24 25 26 28  
16 2 4 5 6 7 8 9 10 11 12 13 14 15 16 17 18 19 21 22 23 24 25 26 27 28 29  
66 1 5 6 9 15 16 18 19 21 25 28 29  
41 8 9 10 11 12 13 14 15 17 20 21 24 26 27 29  
19 1 4 5 6 8 11 12 13 15 16 17 19 21 22 23 24 26 28 29 30  
3 2 3 5 9 14 19 21 24 28  
44 2 5 6 13 17 20 25 27 29  
37 4 13 14 19 21 22  
36 2 3 5 6 9 11 12 14 16 17 26  
48 1 2 3 4 5 6 7 8 9 10 11 12 13 14 15 16 17 18 19 20 21 22 23 25 26 27 28 29 30  
58 1 3 14 18 19 24  
25 3 5 7 11 12 18 20 23 26 30  
14  
7 2 5 20 25 26 27 28  
6 2 3 5 6 7 8 9 10 11 12 14 15 16 17 18 19 20 21 22 23 24 25 26 28 29 30  
77 1 2 3 7 8 10 11 14 17 19 22 27  
5 3 7 9 10 13 14 16 17 19 20 22 23  
70 1 3 4 5 6 7 8 10 11 13 15 16 18 19 20 23 24 27 28 30  
71 1 2 3 5 6 7 8 9 10 12 13 14 15 16 17 18 19 20 21 22 23 25 26 27 28 29 30  
1 5 8 28 30  
11 1 2 3 4 5 6 7 8 9 10 11 12 13 14 15 16 17 18 19 20 21 22 23 24 25 26 27 28 29  
61 1 3 4 5 8 9 10 12 13 14 15 16 17 18 19 20 21 22 23 24 25 26 27 29 30  
76 1 2 4 5 6 7 8 9 11 12 14 17 18 20 21 22 23 24 27 28 29 30  
32 1 2 3 4 5 6 7 8 9 10 11 12 13 14 15 16 17 18 19 20 22 23 24 25 26 27 28 29 30  
69 1 2 3 5 6 8 9 11 12 13 15 16 17 18 20 22 24 25 27 28  
4 1 3 4 5 6 7 9 12 13 14 15 16 18 19 20 23 28 30  
57 2 3 6 9 11 13 15 17 19 21 22 24 25 27 28 30  
2 1 2 3 7 8 11 16 22 25 27  
62 2 3 4 5 6 7 9 10 12 14 15 17 18 19 20 23 26 27 30  
72 1 13 14 22 26  
49 10 13 20 21 22 26 28  
33 3 13 20  
42 1 2 3 4 5 7 8 9 10 11 12 13 14 15 16 17 19 20 21 22 23 25 26 27 29 30  
10 4 8 11 16 23 25 27 29  
45 3 4 7 8 13 14 15 17 18 23 25 26  
28 2 4 5 6 7 13 16 17 19 24 25 27 28 29 30  
30 2 7 17 19 21 23 26 27 30  
79 1 2 4 5 9 13 15 18 19 20 22 24 25 26 27 28 29  
31 1 2 6 7 10 11 16 18 19 20 21 25 27  
24 1 3 4 5 6 8 9 10 11 12 13 15 16 17 18 19 20 21 22 23 24 25 26 27 28 30  
74 1 2 5 6 8 9 10 13 14 15 17 19 22 23 25 26 28 30  
39 2 4 8 9 10 12 13 14 15 17 18 23 26 27 30  
8 1 2 3 4 6 7 8 13 14 15 17 18 19 21 23 24 25 26 28 29 30  
27 2 5 6 7 9 10 20 22 23 30  
18 1 2 3 4 5 6 7 8 9 10 11 12 14 15 16 17 18 20 21 22 23 24 25 26 27 28 29 30  
22 2 3 11 17 19 21 23 24 27 28  
35 3 4 7 12 18  
40 2 3 4 6 7 11 12 13 14 17 18 19 20 23 27 29 30  
47 1 2 3 4 5 6 7 8 9 10 11 12 13 14 15 16 17 18 19 21 22 24 25 26 27 28 29 30  
21 1 3 4 6 7 8 9 10 11 12 13 14 16 17 18 20 21 22 23 24 25 26 27 28 29 30  
60 5 15 18 21  
68 1 2 6 8 10 12 14 20 21 22 24 26 27 28 29 30  
56 1 3 4 5 6 7 9 10 11 13 14 15 16 17 18 19 20 25 26 27 28  
78 1 2 3 4 5 6 7 8 9 10 11 13 14 16 17 19 20 21 22 23 24 25 26 27 28 30  
15 2 4 5 6 8 9 10 12 15 16 17 18 19 20 22 24 25 26 27 28 29 30  
34 1 2 3 4 5 6 8 9 11 12 14 15 16 17 18 20 21 22 23 24 25 26 27 28 29 30  
73 1 6 8 11 15 18 19 22 25  
63 1 3 4 5 6 9 11 12 13 15 16 17 18 19 21 22 23 25 26 27 28 29  
26 2 6 7 8 10 14 15 16 17 18 19 20 21 22 23 24 25 28  
53 1 2 3 4 5 6 7 8 9 10 11 12 13 16 17 18 19 20 22 23 24 26 27 28 30  
59 2 3 8 9 10 11 15 22 25 26 29 30  
51 1 3 4 5 6 7 9 10 11 12 15 16 17 20 22 23 24 25 28 29 30  
20 3 13 24 25 26 30  
75 2 3 4 6 7 10 11 12 14 16 18 21 22 24 25 27 28 29 30  
SIZE OF PROGRAMS (pID SIZE):
1 98.0 
2 50.0 
3 89.0 
4 59.0 
5 58.0 
6 70.0 
7 69.0 
8 56.0 
9 98.0 
10 84.0 
11 45.0 
12 79.0 
13 41.0 
14 90.0 
15 93.0 
16 87.0 
17 65.0 
18 50.0 
19 48.0 
20 46.0 
21 78.0 
22 86.0 
23 54.0 
24 96.0 
25 94.0 
26 41.0 
27 70.0 
28 71.0 
29 86.0 
30 82.0 
COST_INSTALL_SERVER_AND_PROGRAMS :
0 7529.591836734694 3.0 1.530612244897959 2.7244897959183674 1.8061224489795917 1.7755102040816326 2.142857142857143 2.1122448979591835 1.7142857142857142 3.0 2.5714285714285716 1.3775510204081634 2.4183673469387754 1.2551020408163265 2.7551020408163267 2.8469387755102042 2.663265306122449 1.989795918367347 1.530612244897959 1.469387755102041 1.4081632653061225 2.3877551020408165 2.63265306122449 1.653061224489796 2.938775510204082 2.877551020408163 1.2551020408163265 2.142857142857143 2.173469387755102 2.63265306122449 2.510204081632653  
38 32.15636856368561 2.0 1.0204081632653061 1.816326530612245 1.2040816326530612 1.183673469387755 1.4285714285714286 1.4081632653061225 1.1428571428571428 2.0 1.7142857142857142 0.9183673469387755 1.6122448979591837 0.8367346938775511 1.836734693877551 1.8979591836734695 1.7755102040816326 1.3265306122448979 1.0204081632653061 0.9795918367346939 0.9387755102040817 1.5918367346938775 1.7551020408163265 1.1020408163265305 1.9591836734693877 1.9183673469387754 0.8367346938775511 1.4285714285714286 1.4489795918367347 1.7551020408163265 1.6734693877551021  
67 79.48452984817118 3.0 1.530612244897959 2.7244897959183674 1.8061224489795917 1.7755102040816326 2.142857142857143 2.1122448979591835 1.7142857142857142 3.0 2.5714285714285716 1.3775510204081634 2.4183673469387754 1.2551020408163265 2.7551020408163267 2.8469387755102042 2.663265306122449 1.989795918367347 1.530612244897959 1.469387755102041 1.4081632653061225 2.3877551020408165 2.63265306122449 1.653061224489796 2.938775510204082 2.877551020408163 1.2551020408163265 2.142857142857143 2.173469387755102 2.63265306122449 2.510204081632653  
55 120.91247040561065 2.0 1.0204081632653061 1.816326530612245 1.2040816326530612 1.183673469387755 1.4285714285714286 1.4081632653061225 1.1428571428571428 2.0 1.7142857142857142 0.9183673469387755 1.6122448979591837 0.8367346938775511 1.836734693877551 1.8979591836734695 1.7755102040816326 1.3265306122448979 1.0204081632653061 0.9795918367346939 0.9387755102040817 1.5918367346938775 1.7551020408163265 1.1020408163265305 1.9591836734693877 1.9183673469387754 0.8367346938775511 1.4285714285714286 1.4489795918367347 1.7551020408163265 1.6734693877551021  
12 26.18317719147213 2.0 1.0204081632653061 1.816326530612245 1.2040816326530612 1.183673469387755 1.4285714285714286 1.4081632653061225 1.1428571428571428 2.0 1.7142857142857142 0.9183673469387755 1.6122448979591837 0.8367346938775511 1.836734693877551 1.8979591836734695 1.7755102040816326 1.3265306122448979 1.0204081632653061 0.9795918367346939 0.9387755102040817 1.5918367346938775 1.7551020408163265 1.1020408163265305 1.9591836734693877 1.9183673469387754 0.8367346938775511 1.4285714285714286 1.4489795918367347 1.7551020408163265 1.6734693877551021  
43 92.92924340467896 3.0 1.530612244897959 2.7244897959183674 1.8061224489795917 1.7755102040816326 2.142857142857143 2.1122448979591835 1.7142857142857142 3.0 2.5714285714285716 1.3775510204081634 2.4183673469387754 1.2551020408163265 2.7551020408163267 2.8469387755102042 2.663265306122449 1.989795918367347 1.530612244897959 1.469387755102041 1.4081632653061225 2.3877551020408165 2.63265306122449 1.653061224489796 2.938775510204082 2.877551020408163 1.2551020408163265 2.142857142857143 2.173469387755102 2.63265306122449 2.510204081632653  
17 108.96858462066142 2.0 1.0204081632653061 1.816326530612245 1.2040816326530612 1.183673469387755 1.4285714285714286 1.4081632653061225 1.1428571428571428 2.0 1.7142857142857142 0.9183673469387755 1.6122448979591837 0.8367346938775511 1.836734693877551 1.8979591836734695 1.7755102040816326 1.3265306122448979 1.0204081632653061 0.9795918367346939 0.9387755102040817 1.5918367346938775 1.7551020408163265 1.1020408163265305 1.9591836734693877 1.9183673469387754 0.8367346938775511 1.4285714285714286 1.4489795918367347 1.7551020408163265 1.6734693877551021  
29 58.258586768040566 2.0 1.0204081632653061 1.816326530612245 1.2040816326530612 1.183673469387755 1.4285714285714286 1.4081632653061225 1.1428571428571428 2.0 1.7142857142857142 0.9183673469387755 1.6122448979591837 0.8367346938775511 1.836734693877551 1.8979591836734695 1.7755102040816326 1.3265306122448979 1.0204081632653061 0.9795918367346939 0.9387755102040817 1.5918367346938775 1.7551020408163265 1.1020408163265305 1.9591836734693877 1.9183673469387754 0.8367346938775511 1.4285714285714286 1.4489795918367347 1.7551020408163265 1.6734693877551021  
9 38.62133943400581 2.0 1.0204081632653061 1.816326530612245 1.2040816326530612 1.183673469387755 1.4285714285714286 1.4081632653061225 1.1428571428571428 2.0 1.7142857142857142 0.9183673469387755 1.6122448979591837 0.8367346938775511 1.836734693877551 1.8979591836734695 1.7755102040816326 1.3265306122448979 1.0204081632653061 0.9795918367346939 0.9387755102040817 1.5918367346938775 1.7551020408163265 1.1020408163265305 1.9591836734693877 1.9183673469387754 0.8367346938775511 1.4285714285714286 1.4489795918367347 1.7551020408163265 1.6734693877551021  
23 43.33866743075171 3.0 1.530612244897959 2.7244897959183674 1.8061224489795917 1.7755102040816326 2.142857142857143 2.1122448979591835 1.7142857142857142 3.0 2.5714285714285716 1.3775510204081634 2.4183673469387754 1.2551020408163265 2.7551020408163267 2.8469387755102042 2.663265306122449 1.989795918367347 1.530612244897959 1.469387755102041 1.4081632653061225 2.3877551020408165 2.63265306122449 1.653061224489796 2.938775510204082 2.877551020408163 1.2551020408163265 2.142857142857143 2.173469387755102 2.63265306122449 2.510204081632653  
52 125.38755841992554 2.0 1.0204081632653061 1.816326530612245 1.2040816326530612 1.183673469387755 1.4285714285714286 1.4081632653061225 1.1428571428571428 2.0 1.7142857142857142 0.9183673469387755 1.6122448979591837 0.8367346938775511 1.836734693877551 1.8979591836734695 1.7755102040816326 1.3265306122448979 1.0204081632653061 0.9795918367346939 0.9387755102040817 1.5918367346938775 1.7551020408163265 1.1020408163265305 1.9591836734693877 1.9183673469387754 0.8367346938775511 1.4285714285714286 1.4489795918367347 1.7551020408163265 1.6734693877551021  
46 200.5286983824658 2.0 1.0204081632653061 1.816326530612245 1.2040816326530612 1.183673469387755 1.4285714285714286 1.4081632653061225 1.1428571428571428 2.0 1.7142857142857142 0.9183673469387755 1.6122448979591837 0.8367346938775511 1.836734693877551 1.8979591836734695 1.7755102040816326 1.3265306122448979 1.0204081632653061 0.9795918367346939 0.9387755102040817 1.5918367346938775 1.7551020408163265 1.1020408163265305 1.9591836734693877 1.9183673469387754 0.8367346938775511 1.4285714285714286 1.4489795918367347 1.7551020408163265 1.6734693877551021  
64 64.51566426570628 3.0 1.530612244897959 2.7244897959183674 1.8061224489795917 1.7755102040816326 2.142857142857143 2.1122448979591835 1.7142857142857142 3.0 2.5714285714285716 1.3775510204081634 2.4183673469387754 1.2551020408163265 2.7551020408163267 2.8469387755102042 2.663265306122449 1.989795918367347 1.530612244897959 1.469387755102041 1.4081632653061225 2.3877551020408165 2.63265306122449 1.653061224489796 2.938775510204082 2.877551020408163 1.2551020408163265 2.142857142857143 2.173469387755102 2.63265306122449 2.510204081632653  
54 50.15369405384104 3.0 1.530612244897959 2.7244897959183674 1.8061224489795917 1.7755102040816326 2.142857142857143 2.1122448979591835 1.7142857142857142 3.0 2.5714285714285716 1.3775510204081634 2.4183673469387754 1.2551020408163265 2.7551020408163267 2.8469387755102042 2.663265306122449 1.989795918367347 1.530612244897959 1.469387755102041 1.4081632653061225 2.3877551020408165 2.63265306122449 1.653061224489796 2.938775510204082 2.877551020408163 1.2551020408163265 2.142857142857143 2.173469387755102 2.63265306122449 2.510204081632653  
50 4.737200641589874 2.0 1.0204081632653061 1.816326530612245 1.2040816326530612 1.183673469387755 1.4285714285714286 1.4081632653061225 1.1428571428571428 2.0 1.7142857142857142 0.9183673469387755 1.6122448979591837 0.8367346938775511 1.836734693877551 1.8979591836734695 1.7755102040816326 1.3265306122448979 1.0204081632653061 0.9795918367346939 0.9387755102040817 1.5918367346938775 1.7551020408163265 1.1020408163265305 1.9591836734693877 1.9183673469387754 0.8367346938775511 1.4285714285714286 1.4489795918367347 1.7551020408163265 1.6734693877551021  
65 41.09787894003756 3.0 1.530612244897959 2.7244897959183674 1.8061224489795917 1.7755102040816326 2.142857142857143 2.1122448979591835 1.7142857142857142 3.0 2.5714285714285716 1.3775510204081634 2.4183673469387754 1.2551020408163265 2.7551020408163267 2.8469387755102042 2.663265306122449 1.989795918367347 1.530612244897959 1.469387755102041 1.4081632653061225 2.3877551020408165 2.63265306122449 1.653061224489796 2.938775510204082 2.877551020408163 1.2551020408163265 2.142857142857143 2.173469387755102 2.63265306122449 2.510204081632653  
13 93.24255922753053 3.0 1.530612244897959 2.7244897959183674 1.8061224489795917 1.7755102040816326 2.142857142857143 2.1122448979591835 1.7142857142857142 3.0 2.5714285714285716 1.3775510204081634 2.4183673469387754 1.2551020408163265 2.7551020408163267 2.8469387755102042 2.663265306122449 1.989795918367347 1.530612244897959 1.469387755102041 1.4081632653061225 2.3877551020408165 2.63265306122449 1.653061224489796 2.938775510204082 2.877551020408163 1.2551020408163265 2.142857142857143 2.173469387755102 2.63265306122449 2.510204081632653  
16 104.23438531911437 3.0 1.530612244897959 2.7244897959183674 1.8061224489795917 1.7755102040816326 2.142857142857143 2.1122448979591835 1.7142857142857142 3.0 2.5714285714285716 1.3775510204081634 2.4183673469387754 1.2551020408163265 2.7551020408163267 2.8469387755102042 2.663265306122449 1.989795918367347 1.530612244897959 1.469387755102041 1.4081632653061225 2.3877551020408165 2.63265306122449 1.653061224489796 2.938775510204082 2.877551020408163 1.2551020408163265 2.142857142857143 2.173469387755102 2.63265306122449 2.510204081632653  
66 58.33455808080809 2.0 1.0204081632653061 1.816326530612245 1.2040816326530612 1.183673469387755 1.4285714285714286 1.4081632653061225 1.1428571428571428 2.0 1.7142857142857142 0.9183673469387755 1.6122448979591837 0.8367346938775511 1.836734693877551 1.8979591836734695 1.7755102040816326 1.3265306122448979 1.0204081632653061 0.9795918367346939 0.9387755102040817 1.5918367346938775 1.7551020408163265 1.1020408163265305 1.9591836734693877 1.9183673469387754 0.8367346938775511 1.4285714285714286 1.4489795918367347 1.7551020408163265 1.6734693877551021  
41 114.97538008032762 3.0 1.530612244897959 2.7244897959183674 1.8061224489795917 1.7755102040816326 2.142857142857143 2.1122448979591835 1.7142857142857142 3.0 2.5714285714285716 1.3775510204081634 2.4183673469387754 1.2551020408163265 2.7551020408163267 2.8469387755102042 2.663265306122449 1.989795918367347 1.530612244897959 1.469387755102041 1.4081632653061225 2.3877551020408165 2.63265306122449 1.653061224489796 2.938775510204082 2.877551020408163 1.2551020408163265 2.142857142857143 2.173469387755102 2.63265306122449 2.510204081632653  
19 53.90791480124815 2.0 1.0204081632653061 1.816326530612245 1.2040816326530612 1.183673469387755 1.4285714285714286 1.4081632653061225 1.1428571428571428 2.0 1.7142857142857142 0.9183673469387755 1.6122448979591837 0.8367346938775511 1.836734693877551 1.8979591836734695 1.7755102040816326 1.3265306122448979 1.0204081632653061 0.9795918367346939 0.9387755102040817 1.5918367346938775 1.7551020408163265 1.1020408163265305 1.9591836734693877 1.9183673469387754 0.8367346938775511 1.4285714285714286 1.4489795918367347 1.7551020408163265 1.6734693877551021  
3 32.71636957512535 3.0 1.530612244897959 2.7244897959183674 1.8061224489795917 1.7755102040816326 2.142857142857143 2.1122448979591835 1.7142857142857142 3.0 2.5714285714285716 1.3775510204081634 2.4183673469387754 1.2551020408163265 2.7551020408163267 2.8469387755102042 2.663265306122449 1.989795918367347 1.530612244897959 1.469387755102041 1.4081632653061225 2.3877551020408165 2.63265306122449 1.653061224489796 2.938775510204082 2.877551020408163 1.2551020408163265 2.142857142857143 2.173469387755102 2.63265306122449 2.510204081632653  
44 56.128808430245705 2.0 1.0204081632653061 1.816326530612245 1.2040816326530612 1.183673469387755 1.4285714285714286 1.4081632653061225 1.1428571428571428 2.0 1.7142857142857142 0.9183673469387755 1.6122448979591837 0.8367346938775511 1.836734693877551 1.8979591836734695 1.7755102040816326 1.3265306122448979 1.0204081632653061 0.9795918367346939 0.9387755102040817 1.5918367346938775 1.7551020408163265 1.1020408163265305 1.9591836734693877 1.9183673469387754 0.8367346938775511 1.4285714285714286 1.4489795918367347 1.7551020408163265 1.6734693877551021  
37 30.245628929078393 3.0 1.530612244897959 2.7244897959183674 1.8061224489795917 1.7755102040816326 2.142857142857143 2.1122448979591835 1.7142857142857142 3.0 2.5714285714285716 1.3775510204081634 2.4183673469387754 1.2551020408163265 2.7551020408163267 2.8469387755102042 2.663265306122449 1.989795918367347 1.530612244897959 1.469387755102041 1.4081632653061225 2.3877551020408165 2.63265306122449 1.653061224489796 2.938775510204082 2.877551020408163 1.2551020408163265 2.142857142857143 2.173469387755102 2.63265306122449 2.510204081632653  
36 9.370555082772684 2.0 1.0204081632653061 1.816326530612245 1.2040816326530612 1.183673469387755 1.4285714285714286 1.4081632653061225 1.1428571428571428 2.0 1.7142857142857142 0.9183673469387755 1.6122448979591837 0.8367346938775511 1.836734693877551 1.8979591836734695 1.7755102040816326 1.3265306122448979 1.0204081632653061 0.9795918367346939 0.9387755102040817 1.5918367346938775 1.7551020408163265 1.1020408163265305 1.9591836734693877 1.9183673469387754 0.8367346938775511 1.4285714285714286 1.4489795918367347 1.7551020408163265 1.6734693877551021  
48 102.30480364934046 3.0 1.530612244897959 2.7244897959183674 1.8061224489795917 1.7755102040816326 2.142857142857143 2.1122448979591835 1.7142857142857142 3.0 2.5714285714285716 1.3775510204081634 2.4183673469387754 1.2551020408163265 2.7551020408163267 2.8469387755102042 2.663265306122449 1.989795918367347 1.530612244897959 1.469387755102041 1.4081632653061225 2.3877551020408165 2.63265306122449 1.653061224489796 2.938775510204082 2.877551020408163 1.2551020408163265 2.142857142857143 2.173469387755102 2.63265306122449 2.510204081632653  
58 14.575757240565602 3.0 1.530612244897959 2.7244897959183674 1.8061224489795917 1.7755102040816326 2.142857142857143 2.1122448979591835 1.7142857142857142 3.0 2.5714285714285716 1.3775510204081634 2.4183673469387754 1.2551020408163265 2.7551020408163267 2.8469387755102042 2.663265306122449 1.989795918367347 1.530612244897959 1.469387755102041 1.4081632653061225 2.3877551020408165 2.63265306122449 1.653061224489796 2.938775510204082 2.877551020408163 1.2551020408163265 2.142857142857143 2.173469387755102 2.63265306122449 2.510204081632653  
25 33.664425229942466 3.0 1.530612244897959 2.7244897959183674 1.8061224489795917 1.7755102040816326 2.142857142857143 2.1122448979591835 1.7142857142857142 3.0 2.5714285714285716 1.3775510204081634 2.4183673469387754 1.2551020408163265 2.7551020408163267 2.8469387755102042 2.663265306122449 1.989795918367347 1.530612244897959 1.469387755102041 1.4081632653061225 2.3877551020408165 2.63265306122449 1.653061224489796 2.938775510204082 2.877551020408163 1.2551020408163265 2.142857142857143 2.173469387755102 2.63265306122449 2.510204081632653  
14 39.69648467334329 3.0 1.530612244897959 2.7244897959183674 1.8061224489795917 1.7755102040816326 2.142857142857143 2.1122448979591835 1.7142857142857142 3.0 2.5714285714285716 1.3775510204081634 2.4183673469387754 1.2551020408163265 2.7551020408163267 2.8469387755102042 2.663265306122449 1.989795918367347 1.530612244897959 1.469387755102041 1.4081632653061225 2.3877551020408165 2.63265306122449 1.653061224489796 2.938775510204082 2.877551020408163 1.2551020408163265 2.142857142857143 2.173469387755102 2.63265306122449 2.510204081632653  
7 10.422126631486238 3.0 1.530612244897959 2.7244897959183674 1.8061224489795917 1.7755102040816326 2.142857142857143 2.1122448979591835 1.7142857142857142 3.0 2.5714285714285716 1.3775510204081634 2.4183673469387754 1.2551020408163265 2.7551020408163267 2.8469387755102042 2.663265306122449 1.989795918367347 1.530612244897959 1.469387755102041 1.4081632653061225 2.3877551020408165 2.63265306122449 1.653061224489796 2.938775510204082 2.877551020408163 1.2551020408163265 2.142857142857143 2.173469387755102 2.63265306122449 2.510204081632653  
6 246.10322109282149 3.0 1.530612244897959 2.7244897959183674 1.8061224489795917 1.7755102040816326 2.142857142857143 2.1122448979591835 1.7142857142857142 3.0 2.5714285714285716 1.3775510204081634 2.4183673469387754 1.2551020408163265 2.7551020408163267 2.8469387755102042 2.663265306122449 1.989795918367347 1.530612244897959 1.469387755102041 1.4081632653061225 2.3877551020408165 2.63265306122449 1.653061224489796 2.938775510204082 2.877551020408163 1.2551020408163265 2.142857142857143 2.173469387755102 2.63265306122449 2.510204081632653  
77 26.0 3.0 1.530612244897959 2.7244897959183674 1.8061224489795917 1.7755102040816326 2.142857142857143 2.1122448979591835 1.7142857142857142 3.0 2.5714285714285716 1.3775510204081634 2.4183673469387754 1.2551020408163265 2.7551020408163267 2.8469387755102042 2.663265306122449 1.989795918367347 1.530612244897959 1.469387755102041 1.4081632653061225 2.3877551020408165 2.63265306122449 1.653061224489796 2.938775510204082 2.877551020408163 1.2551020408163265 2.142857142857143 2.173469387755102 2.63265306122449 2.510204081632653  
5 198.37342170727592 2.0 1.0204081632653061 1.816326530612245 1.2040816326530612 1.183673469387755 1.4285714285714286 1.4081632653061225 1.1428571428571428 2.0 1.7142857142857142 0.9183673469387755 1.6122448979591837 0.8367346938775511 1.836734693877551 1.8979591836734695 1.7755102040816326 1.3265306122448979 1.0204081632653061 0.9795918367346939 0.9387755102040817 1.5918367346938775 1.7551020408163265 1.1020408163265305 1.9591836734693877 1.9183673469387754 0.8367346938775511 1.4285714285714286 1.4489795918367347 1.7551020408163265 1.6734693877551021  
70 74.17304633730326 2.0 1.0204081632653061 1.816326530612245 1.2040816326530612 1.183673469387755 1.4285714285714286 1.4081632653061225 1.1428571428571428 2.0 1.7142857142857142 0.9183673469387755 1.6122448979591837 0.8367346938775511 1.836734693877551 1.8979591836734695 1.7755102040816326 1.3265306122448979 1.0204081632653061 0.9795918367346939 0.9387755102040817 1.5918367346938775 1.7551020408163265 1.1020408163265305 1.9591836734693877 1.9183673469387754 0.8367346938775511 1.4285714285714286 1.4489795918367347 1.7551020408163265 1.6734693877551021  
71 67.25070293007485 2.0 1.0204081632653061 1.816326530612245 1.2040816326530612 1.183673469387755 1.4285714285714286 1.4081632653061225 1.1428571428571428 2.0 1.7142857142857142 0.9183673469387755 1.6122448979591837 0.8367346938775511 1.836734693877551 1.8979591836734695 1.7755102040816326 1.3265306122448979 1.0204081632653061 0.9795918367346939 0.9387755102040817 1.5918367346938775 1.7551020408163265 1.1020408163265305 1.9591836734693877 1.9183673469387754 0.8367346938775511 1.4285714285714286 1.4489795918367347 1.7551020408163265 1.6734693877551021  
1 2.621198156682022 2.0 1.0204081632653061 1.816326530612245 1.2040816326530612 1.183673469387755 1.4285714285714286 1.4081632653061225 1.1428571428571428 2.0 1.7142857142857142 0.9183673469387755 1.6122448979591837 0.8367346938775511 1.836734693877551 1.8979591836734695 1.7755102040816326 1.3265306122448979 1.0204081632653061 0.9795918367346939 0.9387755102040817 1.5918367346938775 1.7551020408163265 1.1020408163265305 1.9591836734693877 1.9183673469387754 0.8367346938775511 1.4285714285714286 1.4489795918367347 1.7551020408163265 1.6734693877551021  
11 34.48461064066985 2.0 1.0204081632653061 1.816326530612245 1.2040816326530612 1.183673469387755 1.4285714285714286 1.4081632653061225 1.1428571428571428 2.0 1.7142857142857142 0.9183673469387755 1.6122448979591837 0.8367346938775511 1.836734693877551 1.8979591836734695 1.7755102040816326 1.3265306122448979 1.0204081632653061 0.9795918367346939 0.9387755102040817 1.5918367346938775 1.7551020408163265 1.1020408163265305 1.9591836734693877 1.9183673469387754 0.8367346938775511 1.4285714285714286 1.4489795918367347 1.7551020408163265 1.6734693877551021  
61 39.13035385121791 2.0 1.0204081632653061 1.816326530612245 1.2040816326530612 1.183673469387755 1.4285714285714286 1.4081632653061225 1.1428571428571428 2.0 1.7142857142857142 0.9183673469387755 1.6122448979591837 0.8367346938775511 1.836734693877551 1.8979591836734695 1.7755102040816326 1.3265306122448979 1.0204081632653061 0.9795918367346939 0.9387755102040817 1.5918367346938775 1.7551020408163265 1.1020408163265305 1.9591836734693877 1.9183673469387754 0.8367346938775511 1.4285714285714286 1.4489795918367347 1.7551020408163265 1.6734693877551021  
76 57.43826827173558 2.0 1.0204081632653061 1.816326530612245 1.2040816326530612 1.183673469387755 1.4285714285714286 1.4081632653061225 1.1428571428571428 2.0 1.7142857142857142 0.9183673469387755 1.6122448979591837 0.8367346938775511 1.836734693877551 1.8979591836734695 1.7755102040816326 1.3265306122448979 1.0204081632653061 0.9795918367346939 0.9387755102040817 1.5918367346938775 1.7551020408163265 1.1020408163265305 1.9591836734693877 1.9183673469387754 0.8367346938775511 1.4285714285714286 1.4489795918367347 1.7551020408163265 1.6734693877551021  
32 29.069078540507114 3.0 1.530612244897959 2.7244897959183674 1.8061224489795917 1.7755102040816326 2.142857142857143 2.1122448979591835 1.7142857142857142 3.0 2.5714285714285716 1.3775510204081634 2.4183673469387754 1.2551020408163265 2.7551020408163267 2.8469387755102042 2.663265306122449 1.989795918367347 1.530612244897959 1.469387755102041 1.4081632653061225 2.3877551020408165 2.63265306122449 1.653061224489796 2.938775510204082 2.877551020408163 1.2551020408163265 2.142857142857143 2.173469387755102 2.63265306122449 2.510204081632653  
69 13.071949248907773 2.0 1.0204081632653061 1.816326530612245 1.2040816326530612 1.183673469387755 1.4285714285714286 1.4081632653061225 1.1428571428571428 2.0 1.7142857142857142 0.9183673469387755 1.6122448979591837 0.8367346938775511 1.836734693877551 1.8979591836734695 1.7755102040816326 1.3265306122448979 1.0204081632653061 0.9795918367346939 0.9387755102040817 1.5918367346938775 1.7551020408163265 1.1020408163265305 1.9591836734693877 1.9183673469387754 0.8367346938775511 1.4285714285714286 1.4489795918367347 1.7551020408163265 1.6734693877551021  
4 97.84151027742323 2.0 1.0204081632653061 1.816326530612245 1.2040816326530612 1.183673469387755 1.4285714285714286 1.4081632653061225 1.1428571428571428 2.0 1.7142857142857142 0.9183673469387755 1.6122448979591837 0.8367346938775511 1.836734693877551 1.8979591836734695 1.7755102040816326 1.3265306122448979 1.0204081632653061 0.9795918367346939 0.9387755102040817 1.5918367346938775 1.7551020408163265 1.1020408163265305 1.9591836734693877 1.9183673469387754 0.8367346938775511 1.4285714285714286 1.4489795918367347 1.7551020408163265 1.6734693877551021  
57 22.298412080830683 2.0 1.0204081632653061 1.816326530612245 1.2040816326530612 1.183673469387755 1.4285714285714286 1.4081632653061225 1.1428571428571428 2.0 1.7142857142857142 0.9183673469387755 1.6122448979591837 0.8367346938775511 1.836734693877551 1.8979591836734695 1.7755102040816326 1.3265306122448979 1.0204081632653061 0.9795918367346939 0.9387755102040817 1.5918367346938775 1.7551020408163265 1.1020408163265305 1.9591836734693877 1.9183673469387754 0.8367346938775511 1.4285714285714286 1.4489795918367347 1.7551020408163265 1.6734693877551021  
2 30.37421380462856 2.0 1.0204081632653061 1.816326530612245 1.2040816326530612 1.183673469387755 1.4285714285714286 1.4081632653061225 1.1428571428571428 2.0 1.7142857142857142 0.9183673469387755 1.6122448979591837 0.8367346938775511 1.836734693877551 1.8979591836734695 1.7755102040816326 1.3265306122448979 1.0204081632653061 0.9795918367346939 0.9387755102040817 1.5918367346938775 1.7551020408163265 1.1020408163265305 1.9591836734693877 1.9183673469387754 0.8367346938775511 1.4285714285714286 1.4489795918367347 1.7551020408163265 1.6734693877551021  
62 62.512126795162516 3.0 1.530612244897959 2.7244897959183674 1.8061224489795917 1.7755102040816326 2.142857142857143 2.1122448979591835 1.7142857142857142 3.0 2.5714285714285716 1.3775510204081634 2.4183673469387754 1.2551020408163265 2.7551020408163267 2.8469387755102042 2.663265306122449 1.989795918367347 1.530612244897959 1.469387755102041 1.4081632653061225 2.3877551020408165 2.63265306122449 1.653061224489796 2.938775510204082 2.877551020408163 1.2551020408163265 2.142857142857143 2.173469387755102 2.63265306122449 2.510204081632653  
72 53.36219569903782 2.0 1.0204081632653061 1.816326530612245 1.2040816326530612 1.183673469387755 1.4285714285714286 1.4081632653061225 1.1428571428571428 2.0 1.7142857142857142 0.9183673469387755 1.6122448979591837 0.8367346938775511 1.836734693877551 1.8979591836734695 1.7755102040816326 1.3265306122448979 1.0204081632653061 0.9795918367346939 0.9387755102040817 1.5918367346938775 1.7551020408163265 1.1020408163265305 1.9591836734693877 1.9183673469387754 0.8367346938775511 1.4285714285714286 1.4489795918367347 1.7551020408163265 1.6734693877551021  
49 55.37879530080566 3.0 1.530612244897959 2.7244897959183674 1.8061224489795917 1.7755102040816326 2.142857142857143 2.1122448979591835 1.7142857142857142 3.0 2.5714285714285716 1.3775510204081634 2.4183673469387754 1.2551020408163265 2.7551020408163267 2.8469387755102042 2.663265306122449 1.989795918367347 1.530612244897959 1.469387755102041 1.4081632653061225 2.3877551020408165 2.63265306122449 1.653061224489796 2.938775510204082 2.877551020408163 1.2551020408163265 2.142857142857143 2.173469387755102 2.63265306122449 2.510204081632653  
33 3.149764521193092 3.0 1.530612244897959 2.7244897959183674 1.8061224489795917 1.7755102040816326 2.142857142857143 2.1122448979591835 1.7142857142857142 3.0 2.5714285714285716 1.3775510204081634 2.4183673469387754 1.2551020408163265 2.7551020408163267 2.8469387755102042 2.663265306122449 1.989795918367347 1.530612244897959 1.469387755102041 1.4081632653061225 2.3877551020408165 2.63265306122449 1.653061224489796 2.938775510204082 2.877551020408163 1.2551020408163265 2.142857142857143 2.173469387755102 2.63265306122449 2.510204081632653  
42 105.73678134976184 2.0 1.0204081632653061 1.816326530612245 1.2040816326530612 1.183673469387755 1.4285714285714286 1.4081632653061225 1.1428571428571428 2.0 1.7142857142857142 0.9183673469387755 1.6122448979591837 0.8367346938775511 1.836734693877551 1.8979591836734695 1.7755102040816326 1.3265306122448979 1.0204081632653061 0.9795918367346939 0.9387755102040817 1.5918367346938775 1.7551020408163265 1.1020408163265305 1.9591836734693877 1.9183673469387754 0.8367346938775511 1.4285714285714286 1.4489795918367347 1.7551020408163265 1.6734693877551021  
10 35.87874029582104 2.0 1.0204081632653061 1.816326530612245 1.2040816326530612 1.183673469387755 1.4285714285714286 1.4081632653061225 1.1428571428571428 2.0 1.7142857142857142 0.9183673469387755 1.6122448979591837 0.8367346938775511 1.836734693877551 1.8979591836734695 1.7755102040816326 1.3265306122448979 1.0204081632653061 0.9795918367346939 0.9387755102040817 1.5918367346938775 1.7551020408163265 1.1020408163265305 1.9591836734693877 1.9183673469387754 0.8367346938775511 1.4285714285714286 1.4489795918367347 1.7551020408163265 1.6734693877551021  
45 156.07156206163174 2.0 1.0204081632653061 1.816326530612245 1.2040816326530612 1.183673469387755 1.4285714285714286 1.4081632653061225 1.1428571428571428 2.0 1.7142857142857142 0.9183673469387755 1.6122448979591837 0.8367346938775511 1.836734693877551 1.8979591836734695 1.7755102040816326 1.3265306122448979 1.0204081632653061 0.9795918367346939 0.9387755102040817 1.5918367346938775 1.7551020408163265 1.1020408163265305 1.9591836734693877 1.9183673469387754 0.8367346938775511 1.4285714285714286 1.4489795918367347 1.7551020408163265 1.6734693877551021  
28 99.85126728110605 2.0 1.0204081632653061 1.816326530612245 1.2040816326530612 1.183673469387755 1.4285714285714286 1.4081632653061225 1.1428571428571428 2.0 1.7142857142857142 0.9183673469387755 1.6122448979591837 0.8367346938775511 1.836734693877551 1.8979591836734695 1.7755102040816326 1.3265306122448979 1.0204081632653061 0.9795918367346939 0.9387755102040817 1.5918367346938775 1.7551020408163265 1.1020408163265305 1.9591836734693877 1.9183673469387754 0.8367346938775511 1.4285714285714286 1.4489795918367347 1.7551020408163265 1.6734693877551021  
30 18.460693004474518 2.0 1.0204081632653061 1.816326530612245 1.2040816326530612 1.183673469387755 1.4285714285714286 1.4081632653061225 1.1428571428571428 2.0 1.7142857142857142 0.9183673469387755 1.6122448979591837 0.8367346938775511 1.836734693877551 1.8979591836734695 1.7755102040816326 1.3265306122448979 1.0204081632653061 0.9795918367346939 0.9387755102040817 1.5918367346938775 1.7551020408163265 1.1020408163265305 1.9591836734693877 1.9183673469387754 0.8367346938775511 1.4285714285714286 1.4489795918367347 1.7551020408163265 1.6734693877551021  
79 104.0 3.0 1.530612244897959 2.7244897959183674 1.8061224489795917 1.7755102040816326 2.142857142857143 2.1122448979591835 1.7142857142857142 3.0 2.5714285714285716 1.3775510204081634 2.4183673469387754 1.2551020408163265 2.7551020408163267 2.8469387755102042 2.663265306122449 1.989795918367347 1.530612244897959 1.469387755102041 1.4081632653061225 2.3877551020408165 2.63265306122449 1.653061224489796 2.938775510204082 2.877551020408163 1.2551020408163265 2.142857142857143 2.173469387755102 2.63265306122449 2.510204081632653  
31 49.445638255302136 2.0 1.0204081632653061 1.816326530612245 1.2040816326530612 1.183673469387755 1.4285714285714286 1.4081632653061225 1.1428571428571428 2.0 1.7142857142857142 0.9183673469387755 1.6122448979591837 0.8367346938775511 1.836734693877551 1.8979591836734695 1.7755102040816326 1.3265306122448979 1.0204081632653061 0.9795918367346939 0.9387755102040817 1.5918367346938775 1.7551020408163265 1.1020408163265305 1.9591836734693877 1.9183673469387754 0.8367346938775511 1.4285714285714286 1.4489795918367347 1.7551020408163265 1.6734693877551021  
24 160.45239458589222 2.0 1.0204081632653061 1.816326530612245 1.2040816326530612 1.183673469387755 1.4285714285714286 1.4081632653061225 1.1428571428571428 2.0 1.7142857142857142 0.9183673469387755 1.6122448979591837 0.8367346938775511 1.836734693877551 1.8979591836734695 1.7755102040816326 1.3265306122448979 1.0204081632653061 0.9795918367346939 0.9387755102040817 1.5918367346938775 1.7551020408163265 1.1020408163265305 1.9591836734693877 1.9183673469387754 0.8367346938775511 1.4285714285714286 1.4489795918367347 1.7551020408163265 1.6734693877551021  
74 34.04551675002802 2.0 1.0204081632653061 1.816326530612245 1.2040816326530612 1.183673469387755 1.4285714285714286 1.4081632653061225 1.1428571428571428 2.0 1.7142857142857142 0.9183673469387755 1.6122448979591837 0.8367346938775511 1.836734693877551 1.8979591836734695 1.7755102040816326 1.3265306122448979 1.0204081632653061 0.9795918367346939 0.9387755102040817 1.5918367346938775 1.7551020408163265 1.1020408163265305 1.9591836734693877 1.9183673469387754 0.8367346938775511 1.4285714285714286 1.4489795918367347 1.7551020408163265 1.6734693877551021  
39 17.788970673635305 3.0 1.530612244897959 2.7244897959183674 1.8061224489795917 1.7755102040816326 2.142857142857143 2.1122448979591835 1.7142857142857142 3.0 2.5714285714285716 1.3775510204081634 2.4183673469387754 1.2551020408163265 2.7551020408163267 2.8469387755102042 2.663265306122449 1.989795918367347 1.530612244897959 1.469387755102041 1.4081632653061225 2.3877551020408165 2.63265306122449 1.653061224489796 2.938775510204082 2.877551020408163 1.2551020408163265 2.142857142857143 2.173469387755102 2.63265306122449 2.510204081632653  
8 126.48627397447271 2.0 1.0204081632653061 1.816326530612245 1.2040816326530612 1.183673469387755 1.4285714285714286 1.4081632653061225 1.1428571428571428 2.0 1.7142857142857142 0.9183673469387755 1.6122448979591837 0.8367346938775511 1.836734693877551 1.8979591836734695 1.7755102040816326 1.3265306122448979 1.0204081632653061 0.9795918367346939 0.9387755102040817 1.5918367346938775 1.7551020408163265 1.1020408163265305 1.9591836734693877 1.9183673469387754 0.8367346938775511 1.4285714285714286 1.4489795918367347 1.7551020408163265 1.6734693877551021  
27 16.616524028966435 3.0 1.530612244897959 2.7244897959183674 1.8061224489795917 1.7755102040816326 2.142857142857143 2.1122448979591835 1.7142857142857142 3.0 2.5714285714285716 1.3775510204081634 2.4183673469387754 1.2551020408163265 2.7551020408163267 2.8469387755102042 2.663265306122449 1.989795918367347 1.530612244897959 1.469387755102041 1.4081632653061225 2.3877551020408165 2.63265306122449 1.653061224489796 2.938775510204082 2.877551020408163 1.2551020408163265 2.142857142857143 2.173469387755102 2.63265306122449 2.510204081632653  
18 123.45303235934576 2.0 1.0204081632653061 1.816326530612245 1.2040816326530612 1.183673469387755 1.4285714285714286 1.4081632653061225 1.1428571428571428 2.0 1.7142857142857142 0.9183673469387755 1.6122448979591837 0.8367346938775511 1.836734693877551 1.8979591836734695 1.7755102040816326 1.3265306122448979 1.0204081632653061 0.9795918367346939 0.9387755102040817 1.5918367346938775 1.7551020408163265 1.1020408163265305 1.9591836734693877 1.9183673469387754 0.8367346938775511 1.4285714285714286 1.4489795918367347 1.7551020408163265 1.6734693877551021  
22 39.54357782653182 2.0 1.0204081632653061 1.816326530612245 1.2040816326530612 1.183673469387755 1.4285714285714286 1.4081632653061225 1.1428571428571428 2.0 1.7142857142857142 0.9183673469387755 1.6122448979591837 0.8367346938775511 1.836734693877551 1.8979591836734695 1.7755102040816326 1.3265306122448979 1.0204081632653061 0.9795918367346939 0.9387755102040817 1.5918367346938775 1.7551020408163265 1.1020408163265305 1.9591836734693877 1.9183673469387754 0.8367346938775511 1.4285714285714286 1.4489795918367347 1.7551020408163265 1.6734693877551021  
35 6.674274878531693 2.0 1.0204081632653061 1.816326530612245 1.2040816326530612 1.183673469387755 1.4285714285714286 1.4081632653061225 1.1428571428571428 2.0 1.7142857142857142 0.9183673469387755 1.6122448979591837 0.8367346938775511 1.836734693877551 1.8979591836734695 1.7755102040816326 1.3265306122448979 1.0204081632653061 0.9795918367346939 0.9387755102040817 1.5918367346938775 1.7551020408163265 1.1020408163265305 1.9591836734693877 1.9183673469387754 0.8367346938775511 1.4285714285714286 1.4489795918367347 1.7551020408163265 1.6734693877551021  
40 68.36228353457824 2.0 1.0204081632653061 1.816326530612245 1.2040816326530612 1.183673469387755 1.4285714285714286 1.4081632653061225 1.1428571428571428 2.0 1.7142857142857142 0.9183673469387755 1.6122448979591837 0.8367346938775511 1.836734693877551 1.8979591836734695 1.7755102040816326 1.3265306122448979 1.0204081632653061 0.9795918367346939 0.9387755102040817 1.5918367346938775 1.7551020408163265 1.1020408163265305 1.9591836734693877 1.9183673469387754 0.8367346938775511 1.4285714285714286 1.4489795918367347 1.7551020408163265 1.6734693877551021  
47 165.73393968874535 2.0 1.0204081632653061 1.816326530612245 1.2040816326530612 1.183673469387755 1.4285714285714286 1.4081632653061225 1.1428571428571428 2.0 1.7142857142857142 0.9183673469387755 1.6122448979591837 0.8367346938775511 1.836734693877551 1.8979591836734695 1.7755102040816326 1.3265306122448979 1.0204081632653061 0.9795918367346939 0.9387755102040817 1.5918367346938775 1.7551020408163265 1.1020408163265305 1.9591836734693877 1.9183673469387754 0.8367346938775511 1.4285714285714286 1.4489795918367347 1.7551020408163265 1.6734693877551021  
21 118.31093419807712 3.0 1.530612244897959 2.7244897959183674 1.8061224489795917 1.7755102040816326 2.142857142857143 2.1122448979591835 1.7142857142857142 3.0 2.5714285714285716 1.3775510204081634 2.4183673469387754 1.2551020408163265 2.7551020408163267 2.8469387755102042 2.663265306122449 1.989795918367347 1.530612244897959 1.469387755102041 1.4081632653061225 2.3877551020408165 2.63265306122449 1.653061224489796 2.938775510204082 2.877551020408163 1.2551020408163265 2.142857142857143 2.173469387755102 2.63265306122449 2.510204081632653  
60 0.31594799210006497 3.0 1.530612244897959 2.7244897959183674 1.8061224489795917 1.7755102040816326 2.142857142857143 2.1122448979591835 1.7142857142857142 3.0 2.5714285714285716 1.3775510204081634 2.4183673469387754 1.2551020408163265 2.7551020408163267 2.8469387755102042 2.663265306122449 1.989795918367347 1.530612244897959 1.469387755102041 1.4081632653061225 2.3877551020408165 2.63265306122449 1.653061224489796 2.938775510204082 2.877551020408163 1.2551020408163265 2.142857142857143 2.173469387755102 2.63265306122449 2.510204081632653  
68 47.96188566489399 2.0 1.0204081632653061 1.816326530612245 1.2040816326530612 1.183673469387755 1.4285714285714286 1.4081632653061225 1.1428571428571428 2.0 1.7142857142857142 0.9183673469387755 1.6122448979591837 0.8367346938775511 1.836734693877551 1.8979591836734695 1.7755102040816326 1.3265306122448979 1.0204081632653061 0.9795918367346939 0.9387755102040817 1.5918367346938775 1.7551020408163265 1.1020408163265305 1.9591836734693877 1.9183673469387754 0.8367346938775511 1.4285714285714286 1.4489795918367347 1.7551020408163265 1.6734693877551021  
56 57.1840790804328 2.0 1.0204081632653061 1.816326530612245 1.2040816326530612 1.183673469387755 1.4285714285714286 1.4081632653061225 1.1428571428571428 2.0 1.7142857142857142 0.9183673469387755 1.6122448979591837 0.8367346938775511 1.836734693877551 1.8979591836734695 1.7755102040816326 1.3265306122448979 1.0204081632653061 0.9795918367346939 0.9387755102040817 1.5918367346938775 1.7551020408163265 1.1020408163265305 1.9591836734693877 1.9183673469387754 0.8367346938775511 1.4285714285714286 1.4489795918367347 1.7551020408163265 1.6734693877551021  
78 14.110423967566817 2.0 1.0204081632653061 1.816326530612245 1.2040816326530612 1.183673469387755 1.4285714285714286 1.4081632653061225 1.1428571428571428 2.0 1.7142857142857142 0.9183673469387755 1.6122448979591837 0.8367346938775511 1.836734693877551 1.8979591836734695 1.7755102040816326 1.3265306122448979 1.0204081632653061 0.9795918367346939 0.9387755102040817 1.5918367346938775 1.7551020408163265 1.1020408163265305 1.9591836734693877 1.9183673469387754 0.8367346938775511 1.4285714285714286 1.4489795918367347 1.7551020408163265 1.6734693877551021  
15 45.220350255492484 2.0 1.0204081632653061 1.816326530612245 1.2040816326530612 1.183673469387755 1.4285714285714286 1.4081632653061225 1.1428571428571428 2.0 1.7142857142857142 0.9183673469387755 1.6122448979591837 0.8367346938775511 1.836734693877551 1.8979591836734695 1.7755102040816326 1.3265306122448979 1.0204081632653061 0.9795918367346939 0.9387755102040817 1.5918367346938775 1.7551020408163265 1.1020408163265305 1.9591836734693877 1.9183673469387754 0.8367346938775511 1.4285714285714286 1.4489795918367347 1.7551020408163265 1.6734693877551021  
34 49.17972350230416 3.0 1.530612244897959 2.7244897959183674 1.8061224489795917 1.7755102040816326 2.142857142857143 2.1122448979591835 1.7142857142857142 3.0 2.5714285714285716 1.3775510204081634 2.4183673469387754 1.2551020408163265 2.7551020408163267 2.8469387755102042 2.663265306122449 1.989795918367347 1.530612244897959 1.469387755102041 1.4081632653061225 2.3877551020408165 2.63265306122449 1.653061224489796 2.938775510204082 2.877551020408163 1.2551020408163265 2.142857142857143 2.173469387755102 2.63265306122449 2.510204081632653  
73 58.6919847070223 2.0 1.0204081632653061 1.816326530612245 1.2040816326530612 1.183673469387755 1.4285714285714286 1.4081632653061225 1.1428571428571428 2.0 1.7142857142857142 0.9183673469387755 1.6122448979591837 0.8367346938775511 1.836734693877551 1.8979591836734695 1.7755102040816326 1.3265306122448979 1.0204081632653061 0.9795918367346939 0.9387755102040817 1.5918367346938775 1.7551020408163265 1.1020408163265305 1.9591836734693877 1.9183673469387754 0.8367346938775511 1.4285714285714286 1.4489795918367347 1.7551020408163265 1.6734693877551021  
63 47.37745928674501 2.0 1.0204081632653061 1.816326530612245 1.2040816326530612 1.183673469387755 1.4285714285714286 1.4081632653061225 1.1428571428571428 2.0 1.7142857142857142 0.9183673469387755 1.6122448979591837 0.8367346938775511 1.836734693877551 1.8979591836734695 1.7755102040816326 1.3265306122448979 1.0204081632653061 0.9795918367346939 0.9387755102040817 1.5918367346938775 1.7551020408163265 1.1020408163265305 1.9591836734693877 1.9183673469387754 0.8367346938775511 1.4285714285714286 1.4489795918367347 1.7551020408163265 1.6734693877551021  
26 28.125582864724848 3.0 1.530612244897959 2.7244897959183674 1.8061224489795917 1.7755102040816326 2.142857142857143 2.1122448979591835 1.7142857142857142 3.0 2.5714285714285716 1.3775510204081634 2.4183673469387754 1.2551020408163265 2.7551020408163267 2.8469387755102042 2.663265306122449 1.989795918367347 1.530612244897959 1.469387755102041 1.4081632653061225 2.3877551020408165 2.63265306122449 1.653061224489796 2.938775510204082 2.877551020408163 1.2551020408163265 2.142857142857143 2.173469387755102 2.63265306122449 2.510204081632653  
53 83.41305986269333 3.0 1.530612244897959 2.7244897959183674 1.8061224489795917 1.7755102040816326 2.142857142857143 2.1122448979591835 1.7142857142857142 3.0 2.5714285714285716 1.3775510204081634 2.4183673469387754 1.2551020408163265 2.7551020408163267 2.8469387755102042 2.663265306122449 1.989795918367347 1.530612244897959 1.469387755102041 1.4081632653061225 2.3877551020408165 2.63265306122449 1.653061224489796 2.938775510204082 2.877551020408163 1.2551020408163265 2.142857142857143 2.173469387755102 2.63265306122449 2.510204081632653  
59 26.253706285516078 2.0 1.0204081632653061 1.816326530612245 1.2040816326530612 1.183673469387755 1.4285714285714286 1.4081632653061225 1.1428571428571428 2.0 1.7142857142857142 0.9183673469387755 1.6122448979591837 0.8367346938775511 1.836734693877551 1.8979591836734695 1.7755102040816326 1.3265306122448979 1.0204081632653061 0.9795918367346939 0.9387755102040817 1.5918367346938775 1.7551020408163265 1.1020408163265305 1.9591836734693877 1.9183673469387754 0.8367346938775511 1.4285714285714286 1.4489795918367347 1.7551020408163265 1.6734693877551021  
51 202.53543817135744 3.0 1.530612244897959 2.7244897959183674 1.8061224489795917 1.7755102040816326 2.142857142857143 2.1122448979591835 1.7142857142857142 3.0 2.5714285714285716 1.3775510204081634 2.4183673469387754 1.2551020408163265 2.7551020408163267 2.8469387755102042 2.663265306122449 1.989795918367347 1.530612244897959 1.469387755102041 1.4081632653061225 2.3877551020408165 2.63265306122449 1.653061224489796 2.938775510204082 2.877551020408163 1.2551020408163265 2.142857142857143 2.173469387755102 2.63265306122449 2.510204081632653  
20 101.3584295598582 2.0 1.0204081632653061 1.816326530612245 1.2040816326530612 1.183673469387755 1.4285714285714286 1.4081632653061225 1.1428571428571428 2.0 1.7142857142857142 0.9183673469387755 1.6122448979591837 0.8367346938775511 1.836734693877551 1.8979591836734695 1.7755102040816326 1.3265306122448979 1.0204081632653061 0.9795918367346939 0.9387755102040817 1.5918367346938775 1.7551020408163265 1.1020408163265305 1.9591836734693877 1.9183673469387754 0.8367346938775511 1.4285714285714286 1.4489795918367347 1.7551020408163265 1.6734693877551021  
75 42.65064935064938 3.0 1.530612244897959 2.7244897959183674 1.8061224489795917 1.7755102040816326 2.142857142857143 2.1122448979591835 1.7142857142857142 3.0 2.5714285714285716 1.3775510204081634 2.4183673469387754 1.2551020408163265 2.7551020408163267 2.8469387755102042 2.663265306122449 1.989795918367347 1.530612244897959 1.469387755102041 1.4081632653061225 2.3877551020408165 2.63265306122449 1.653061224489796 2.938775510204082 2.877551020408163 1.2551020408163265 2.142857142857143 2.173469387755102 2.63265306122449 2.510204081632653  
