40 10
TREE NETWORK (nID nID Weight):
1 0 42.0 
2 1 56.0 
3 2 42.0 
27 0 41.0 
31 0 49.0 
4 3 31.0 
6 3 41.0 
10 2 34.0 
11 2 41.0 
12 11 39.0 
15 2 35.0 
33 0 42.0 
13 11 58.0 
16 15 56.0 
17 16 35.0 
35 0 56.0 
28 27 48.0 
36 0 30.0 
37 0 30.0 
19 15 32.0 
21 1 41.0 
29 28 36.0 
22 21 56.0 
38 37 44.0 
25 1 47.0 
32 31 40.0 
9 3 49.0 
24 21 45.0 
5 4 49.0 
7 6 43.0 
14 13 49.0 
39 0 32.0 
30 28 34.0 
23 22 38.0 
20 19 35.0 
34 33 48.0 
8 6 40.0 
18 17 55.0 
26 1 56.0 
PROGRAMS ASSIGNED TO NODES (nID pID1 pID2 ...):
0 1 2 3 4 5 6 7 8 9 10  
25 1 2 3 10  
19 1 2 5  
17 1 2 3 4 5 6 7 10  
6 5  
32  
28 6  
24 1 2 8 9  
22  
1 1 2 3 4 5 6 7 8 10  
37  
33 6 7  
12 4 5 6 8 9 10  
8 1 2 3 4 5 6 7 8 10  
3 1 4 5 6 7 8  
38 1 2 3 4 5 6 8 9 10  
7 1 2 3 4 5 7 8  
11 2 5 6 7 8 9 10  
31  
39 8  
5 3  
14 1 2 3  
23 1 2 4 5 6 7 8 9  
30 1 7 10  
9 1 2 4 6 7 9  
27 1 2 4 5 7 9  
18 2  
20 1 10  
26 1 2 3 4 6 7 8 9 10  
13 1 4 7  
21 1 2 3 4 5 8 9  
4 1 2 3 4 5 6 8 10  
2 2 10  
34 4 7 8 9  
16 1 2 3 5 7 8 9 10  
35 1 5 6 7 8 10  
36 1 2 3 4 5 7 8 9 10  
10  
29 4 6 9 10  
15 5 8  
SIZE OF PROGRAMS (pID SIZE):
1 97.0 
2 97.0 
3 71.0 
4 45.0 
5 56.0 
6 85.0 
7 42.0 
8 72.0 
9 50.0 
10 83.0 
COST_INSTALL_SERVER_AND_PROGRAMS :
0 3158.762886597938 3.0 3.0 2.195876288659794 1.3917525773195876 1.731958762886598 2.6288659793814433 1.2989690721649485 2.2268041237113403 1.5463917525773196 2.5670103092783507  
25 3.4058847491617827 2.0 2.0 1.4639175257731958 0.9278350515463918 1.1546391752577319 1.7525773195876289 0.865979381443299 1.4845360824742269 1.0309278350515463 1.711340206185567  
19 18.797253313696615 3.0 3.0 2.195876288659794 1.3917525773195876 1.731958762886598 2.6288659793814433 1.2989690721649485 2.2268041237113403 1.5463917525773196 2.5670103092783507  
17 41.800137457044684 2.0 2.0 1.4639175257731958 0.9278350515463918 1.1546391752577319 1.7525773195876289 0.865979381443299 1.4845360824742269 1.0309278350515463 1.711340206185567  
6 22.915327418369916 3.0 3.0 2.195876288659794 1.3917525773195876 1.731958762886598 2.6288659793814433 1.2989690721649485 2.2268041237113403 1.5463917525773196 2.5670103092783507  
32 63.0 2.0 2.0 1.4639175257731958 0.9278350515463918 1.1546391752577319 1.7525773195876289 0.865979381443299 1.4845360824742269 1.0309278350515463 1.711340206185567  
28 2.791345773914291 3.0 3.0 2.195876288659794 1.3917525773195876 1.731958762886598 2.6288659793814433 1.2989690721649485 2.2268041237113403 1.5463917525773196 2.5670103092783507  
24 12.590307921341363 2.0 2.0 1.4639175257731958 0.9278350515463918 1.1546391752577319 1.7525773195876289 0.865979381443299 1.4845360824742269 1.0309278350515463 1.711340206185567  
22 3.822043416310452 3.0 3.0 2.195876288659794 1.3917525773195876 1.731958762886598 2.6288659793814433 1.2989690721649485 2.2268041237113403 1.5463917525773196 2.5670103092783507  
1 1.2553844780648902 2.0 2.0 1.4639175257731958 0.9278350515463918 1.1546391752577319 1.7525773195876289 0.865979381443299 1.4845360824742269 1.0309278350515463 1.711340206185567  
37 1.668178694158076 2.0 2.0 1.4639175257731958 0.9278350515463918 1.1546391752577319 1.7525773195876289 0.865979381443299 1.4845360824742269 1.0309278350515463 1.711340206185567  
33 4.248109965635739 3.0 3.0 2.195876288659794 1.3917525773195876 1.731958762886598 2.6288659793814433 1.2989690721649485 2.2268041237113403 1.5463917525773196 2.5670103092783507  
12 21.439571699359224 2.0 2.0 1.4639175257731958 0.9278350515463918 1.1546391752577319 1.7525773195876289 0.865979381443299 1.4845360824742269 1.0309278350515463 1.711340206185567  
8 48.95299112755486 3.0 3.0 2.195876288659794 1.3917525773195876 1.731958762886598 2.6288659793814433 1.2989690721649485 2.2268041237113403 1.5463917525773196 2.5670103092783507  
3 29.03349176596599 2.0 2.0 1.4639175257731958 0.9278350515463918 1.1546391752577319 1.7525773195876289 0.865979381443299 1.4845360824742269 1.0309278350515463 1.711340206185567  
38 18.135807560137454 3.0 3.0 2.195876288659794 1.3917525773195876 1.731958762886598 2.6288659793814433 1.2989690721649485 2.2268041237113403 1.5463917525773196 2.5670103092783507  
7 32.5489876591063 3.0 3.0 2.195876288659794 1.3917525773195876 1.731958762886598 2.6288659793814433 1.2989690721649485 2.2268041237113403 1.5463917525773196 2.5670103092783507  
11 12.10973438178618 2.0 2.0 1.4639175257731958 0.9278350515463918 1.1546391752577319 1.7525773195876289 0.865979381443299 1.4845360824742269 1.0309278350515463 1.711340206185567  
31 109.0 3.0 3.0 2.195876288659794 1.3917525773195876 1.731958762886598 2.6288659793814433 1.2989690721649485 2.2268041237113403 1.5463917525773196 2.5670103092783507  
39 0.004639175257731942 3.0 3.0 2.195876288659794 1.3917525773195876 1.731958762886598 2.6288659793814433 1.2989690721649485 2.2268041237113403 1.5463917525773196 2.5670103092783507  
5 4.846935919362756 2.0 2.0 1.4639175257731958 0.9278350515463918 1.1546391752577319 1.7525773195876289 0.865979381443299 1.4845360824742269 1.0309278350515463 1.711340206185567  
14 18.32201710496568 3.0 3.0 2.195876288659794 1.3917525773195876 1.731958762886598 2.6288659793814433 1.2989690721649485 2.2268041237113403 1.5463917525773196 2.5670103092783507  
23 14.11320276776651 3.0 3.0 2.195876288659794 1.3917525773195876 1.731958762886598 2.6288659793814433 1.2989690721649485 2.2268041237113403 1.5463917525773196 2.5670103092783507  
30 1.9406133059208088 3.0 3.0 2.195876288659794 1.3917525773195876 1.731958762886598 2.6288659793814433 1.2989690721649485 2.2268041237113403 1.5463917525773196 2.5670103092783507  
9 9.308767395028704 2.0 2.0 1.4639175257731958 0.9278350515463918 1.1546391752577319 1.7525773195876289 0.865979381443299 1.4845360824742269 1.0309278350515463 1.711340206185567  
27 52.0 3.0 3.0 2.195876288659794 1.3917525773195876 1.731958762886598 2.6288659793814433 1.2989690721649485 2.2268041237113403 1.5463917525773196 2.5670103092783507  
18 2.0160606060606066 3.0 3.0 2.195876288659794 1.3917525773195876 1.731958762886598 2.6288659793814433 1.2989690721649485 2.2268041237113403 1.5463917525773196 2.5670103092783507  
20 3.568740795287187 3.0 3.0 2.195876288659794 1.3917525773195876 1.731958762886598 2.6288659793814433 1.2989690721649485 2.2268041237113403 1.5463917525773196 2.5670103092783507  
26 6.204896907216491 3.0 3.0 2.195876288659794 1.3917525773195876 1.731958762886598 2.6288659793814433 1.2989690721649485 2.2268041237113403 1.5463917525773196 2.5670103092783507  
13 15.976480086165953 3.0 3.0 2.195876288659794 1.3917525773195876 1.731958762886598 2.6288659793814433 1.2989690721649485 2.2268041237113403 1.5463917525773196 2.5670103092783507  
21 11.68446244477172 3.0 3.0 2.195876288659794 1.3917525773195876 1.731958762886598 2.6288659793814433 1.2989690721649485 2.2268041237113403 1.5463917525773196 2.5670103092783507  
4 50.88607877914496 2.0 2.0 1.4639175257731958 0.9278350515463918 1.1546391752577319 1.7525773195876289 0.865979381443299 1.4845360824742269 1.0309278350515463 1.711340206185567  
2 10.951905654482976 2.0 2.0 1.4639175257731958 0.9278350515463918 1.1546391752577319 1.7525773195876289 0.865979381443299 1.4845360824742269 1.0309278350515463 1.711340206185567  
34 3.0126472754050075 2.0 2.0 1.4639175257731958 0.9278350515463918 1.1546391752577319 1.7525773195876289 0.865979381443299 1.4845360824742269 1.0309278350515463 1.711340206185567  
16 7.980569464899363 3.0 3.0 2.195876288659794 1.3917525773195876 1.731958762886598 2.6288659793814433 1.2989690721649485 2.2268041237113403 1.5463917525773196 2.5670103092783507  
35 13.0 3.0 3.0 2.195876288659794 1.3917525773195876 1.731958762886598 2.6288659793814433 1.2989690721649485 2.2268041237113403 1.5463917525773196 2.5670103092783507  
36 8.573573883161513 2.0 2.0 1.4639175257731958 0.9278350515463918 1.1546391752577319 1.7525773195876289 0.865979381443299 1.4845360824742269 1.0309278350515463 1.711340206185567  
10 55.0 3.0 3.0 2.195876288659794 1.3917525773195876 1.731958762886598 2.6288659793814433 1.2989690721649485 2.2268041237113403 1.5463917525773196 2.5670103092783507  
29 13.77667595619255 2.0 2.0 1.4639175257731958 0.9278350515463918 1.1546391752577319 1.7525773195876289 0.865979381443299 1.4845360824742269 1.0309278350515463 1.711340206185567  
15 12.970956397554332 3.0 3.0 2.195876288659794 1.3917525773195876 1.731958762886598 2.6288659793814433 1.2989690721649485 2.2268041237113403 1.5463917525773196 2.5670103092783507  
