100 40
TREE NETWORK (nID nID Weight):
1 0 45.0 
45 0 44.0 
59 0 42.0 
60 0 46.0 
46 45 38.0 
61 60 53.0 
2 1 44.0 
3 2 51.0 
67 60 34.0 
37 1 56.0 
55 45 50.0 
47 46 54.0 
48 47 46.0 
4 3 50.0 
5 4 53.0 
78 60 39.0 
68 67 57.0 
12 2 32.0 
13 12 45.0 
14 12 44.0 
85 60 48.0 
17 2 31.0 
91 60 42.0 
93 60 45.0 
62 61 37.0 
96 60 47.0 
38 37 49.0 
6 5 53.0 
18 17 57.0 
50 46 34.0 
19 18 49.0 
15 14 48.0 
69 68 42.0 
41 1 52.0 
25 18 59.0 
51 50 34.0 
52 51 44.0 
72 68 34.0 
74 68 31.0 
27 18 46.0 
28 27 48.0 
97 96 34.0 
92 91 59.0 
7 5 37.0 
8 5 44.0 
86 85 47.0 
39 38 50.0 
63 61 41.0 
77 68 51.0 
79 78 38.0 
29 28 41.0 
43 1 41.0 
44 1 34.0 
64 61 54.0 
88 85 33.0 
20 19 46.0 
49 48 55.0 
24 19 53.0 
94 93 55.0 
70 69 43.0 
80 79 39.0 
11 3 41.0 
65 64 41.0 
31 17 59.0 
95 93 57.0 
66 64 41.0 
21 20 47.0 
10 4 32.0 
26 25 50.0 
16 12 55.0 
56 55 46.0 
32 17 36.0 
73 72 43.0 
33 32 48.0 
71 69 46.0 
89 88 53.0 
42 41 33.0 
23 20 51.0 
81 80 50.0 
87 86 52.0 
57 55 42.0 
90 88 30.0 
22 21 43.0 
9 8 35.0 
40 38 59.0 
75 74 39.0 
98 0 30.0 
83 78 55.0 
99 0 55.0 
82 79 39.0 
54 51 47.0 
36 2 55.0 
58 55 54.0 
34 33 53.0 
53 52 44.0 
35 34 33.0 
30 28 48.0 
76 75 34.0 
84 83 32.0 
PROGRAMS ASSIGNED TO NODES (nID pID1 pID2 ...):
0 1 2 3 4 5 6 7 8 9 10 11 12 13 14 15 16 17 18 19 20 21 22 23 24 25 26 27 28 29 30 31 32 33 34 35 36 37 38 39 40  
2 6 9 10 22 34 35  
35 3 4 6 7 8 10 11 13 15 16 18 19 21 22 24 25 26 27 28 30 32 33 34 35 36 37  
99 8 20 22 23 30 34 35  
7 5  
48 1 8 11 13 15 22 23 24 25 26 27 29 32 34 39  
17 1 2 3 6 7 10 11 12 13 14 18 19 21 22 23 25 27 29 31 33 34 35 37 39 40  
74 3 8 22 28 29 31 36 37 38 39  
57 1 3 5 9 11 14 15 17 20 21 22 24 25 26 27 28 29 30 31 32 34 36  
90 1 2 4 5 7 12 13 18 19 20 21 23 25 27 28 29 30 33 34 36 38 39 40  
65 1 3 4 7 8 9 12 14 17 18 19 20 22 23 24 25 27 29 32 36 37  
54 9 12 15 26 27 40  
61 14 35  
76 19  
25 7 8 10 17 23 26 29 38  
73 5 10 17 19 21 32 35 39  
50 1 2 3 4 5 6 9 10 11 12 13 14 15 16 18 20 21 22 23 24 25 26 27 28 29 30 31 32 33 34 35 36 37 38 39 40  
32 1 2 3 4 5 6 7 8 9 10 11 12 14 15 16 17 18 19 20 22 23 24 25 26 27 28 29 30 31 32 33 34 35 36 37 38 39 40  
51 1 2 5 7 9 13 15 17 21 24 25 26 29 33 38 40  
98 4 6 7 8 9 10 12 13 14 15 17 18 19 22 23 24 25 29 30 31 32 33 34 36 38 40  
63 1 2 3 4 5 6 7 8 9 10 11 12 13 14 15 16 17 18 20 21 22 23 24 25 26 27 28 29 32 33 35 36 37 38 39  
20 3 4 5 6 7 8 12 14 15 16 18 21 22 23 24 27 28 29 30 33 35 38 39  
27 1 2 3 4 6 7 8 9 11 12 13 14 15 16 17 18 19 20 22 23 25 26 30 31 32 33 34 35 36 39 40  
13 1 2 3 5 7 8 10 11 12 13 14 15 16 17 18 19 20 21 22 23 24 25 26 27 28 29 30 31 32 34 35 36 37 38 39 40  
33 1 4 8 12 13 18 19 23 24 25 26 32 34 35 37 39  
10 2 4 8 10 21 28 29 33  
44 6 13 16 40  
40 1 2 3 4 6 7 8 10 11 12 13 15 17 19 21 23 25 26 27 31 33 35 39 40  
93 1 17 29 31 34 36 39  
14 1 3 5 6 8 9 10 12 14 16 17 18 19 22 23 27 28 29 30 31 32 33 34 35 36 37 38 40  
95 10 20 35  
16 2 3 14 19 33 37  
47 1 3 6 7 8 10 12 14 15 18 22 23 24 26 28 29 32 34 37 38 40  
75 2 35 38  
58 1 4 5 6 9 12 15 19 23 25 26 28 29 32 33 34 36 40  
87 1 2 3 4 5 6 7 9 10 11 12 13 14 15 17 18 20 21 22 23 24 25 26 27 28 29 30 32 33 34 35 36 37 38 39 40  
8 1 2 3 4 5 6 7 8 9 10 11 12 13 14 15 16 17 18 19 20 21 22 24 25 26 27 28 29 30 31 32 33 34 36 37 38 39 40  
19 1 2 3 4 6 7 9 11 12 14 15 16 20 25 29 30 31 33 34 35 36 37 39  
69 1 2 4 5 6 7 8 12 13 14 18 19 21 23 24 29 31 33 34 40  
42 3 5 7 11 12 13 19 23 25 26 27 28 30 34 35  
49 1 2 3 4 5 7 8 9 11 12 13 14 15 16 17 18 19 20 21 22 23 24 25 26 27 28 29 30 31 32 33 34 35 36 37 38 39 40  
43 1 2 3 4 5 6 7 8 9 10 11 12 13 14 15 16 17 18 19 21 22 23 24 25 26 27 28 29 30 31 32 33 34 35 36 37 38 39 40  
1 1 3 5 8 14 20 24 26 27 32 35 39  
86 2 4 5 6 7 8 9 10 11 12 13 14 16 17 18 20 21 22 23 24 25 28 31 32 33 34 35 36 37 38 39  
38 1 2 3 4 5 6 7 8 9 10 11 12 14 15 16 17 18 19 20 21 22 23 24 25 26 27 28 29 30 31 32 33 34 35 36 37 38 39 40  
60 5 6 17 18 21 29 33 37  
6 1 3 4 5 7 8 9 11 12 13 14 15 16 17 18 20 21 22 23 24 25 26 28 29 30 31 32 34 35 36 37 38 39  
64 3 7 30 34  
81 1 4 5 8 10 11 12 13 14 16 17 18 19 20 22 24 25 26 28 29 33 34 35 36 37 38  
26 1 2 6 9 10 11 12 13 14 15 17 18 21 23 25 29 30 36  
31 3 4 9 13 14 20 22 26 38  
55 3 4 6 14 25 26 30 34 35  
89 8 13 17  
59 2 7 10 11 13 14 15 19 21 23 24 26 29 32 33 34 35  
24 2 3 4 5 6 7 8 9 10 12 13 14 17 18 20 21 23 24 25 27 28 29 30 34 36 37 38 40  
23  
77 6 8 9 12 20 21 22 26 29 30 31 36 40  
94 7 18 20 24  
62 7 16 26 27  
67 2 3 5 10 12 13 14 15 17 23 24 25 27 28 29 34 35 37 40  
28 38  
79 23  
96 1 2 4 6 7 9 10 11 12 13 14 15 17 18 20 21 22 25 26 28 29 32 34 35 37 38 40  
36 14 20 28 33  
68 1 2 4 5 7 8 9 10 11 12 13 15 16 17 19 20 21 22 23 24 26 27 28 29 30 31 32 33 34 35 36 38 39 40  
78 1 2 3 4 6 7 9 10 11 12 13 17 19 21 22 23 24 25 26 27 29 31 33 34 35 36 38 39 40  
80  
92 1 4 6 9 12 18 24 28 30 31 32 33 35 36 37  
91 1 3 9 11 14 16 21 24 28 29 31 33 35 39 40  
52 1 2 3 4 5 6 7 8 10 11 12 13 14 15 16 17 18 19 20 22 23 25 27 28 29 30 31 32 33 35 36 37 38 39 40  
72 3 5 7 9 10 11 12 17 24 27 32 36 37 38 40  
12 7 8 12 15 16 17 19 20 21 22 23 26 29 36 37 39  
18 2 3 4 7 8 9 10 11 15 16 17 18 19 22 23 24 25 27 28 29 30 32 34 35 36 37 39  
70 1 2 3 5 6 7 10 11 12 13 14 15 18 19 20 21 22 23 24 26 28 29 30 31 35 36 37 38 39  
71 1 2 3 4 5 6 7 8 9 10 11 12 13 14 15 16 17 18 19 20 21 22 23 24 25 26 27 28 29 30 31 32 33 34 35 37 38 39  
15 4 5 7 13 15 21 23 38 39  
9 4 11 18 24 26 28 34 38 39  
41 1 2 4 5 6 7 8 9 11 12 13 14 15 16 17 18 19 20 21 22 23 24 25 26 28 29 30 31 33 35 36 37 38 39 40  
3 1 3 5 7 9 10 12 13 14 15 16 17 18 19 20 21 22 23 25 26 27 28 29 31 32 34 37 38 39 40  
37 1 3 4 7 8 10 11 12 13 14 15 17 18 19 22 23 26 27 28 29 30 31 32 33 34 35 37 39  
30 1 2 3 4 7 8 9 10 12 13 15 16 17 18 19 20 22 25 26 27 28 29 30 31 33 34 35 36 37 38 39 40  
11 1 2 3 5 7 8 9 10 11 12 13 15 16 17 18 19 20 21 23 24 28 29 30 36 37 38 39 40  
88 1 3 4 5 6 7 8 9 10 12 13 14 15 16 17 18 19 20 21 23 24 25 26 28 29 30 31 32 33 34 35 36 37 38 39  
97 2 14 16 20 25 33 34 40  
34 3 4 5 7 8 9 10 12 13 14 15 16 18 19 20 21 22 23 25 26 27 29 33 34 36 37 38 39 40  
82 1 5 13 18 19 27 36  
53 2 5 9 12 15 16 17 18 20 22 24 28 29 30 32 33 36 37 40  
85 2 5 6 8 10 14 17 24 25 29 32 34 37 38  
83 1 3 4 5 6 7 9 10 12 13 14 15 16 19 20 22 23 24 25 26 28 29 32 33 34 35 36 37 38  
21 1 2 5 6 10 12 13 15 18 20 31 35 39 40  
84 1 2 5 7 11 14 16 17 19 26 28 34 35  
39 2 3 4 5 6 7 9 11 12 13 14 15 17 18 19 20 21 22 25 26 27 29 30 31 32 34 35 36 37  
45 1 3 4 6 7 8 10 11 12 13 14 15 16 17 18 20 21 23 24 29 30 33 35 36 37 38 39 40  
5 1 2 3 5 6 7 8 9 10 11 12 13 15 16 17 19 20 21 22 23 24 25 26 27 28 29 30 31 32 33 34 35 36 37 38 39 40  
4 4 8 10 11 14 20 27 30 32 39 40  
56  
29 1 2 3 4 5 6 7 8 9 10 11 12 15 17 18 19 21 22 23 24 25 26 27 28 30 31 32 33 34 36 37 38 39  
66 1 2 3 8 9 10 11 12 13 16 17 18 20 24 25 27 28 29 30 32 36 38 39 40  
46 2 6 7 9 18 19 22 26 39 40  
22 2 5 10 11 12 15 16 18 21 23 24 25 26 27 28 31 32 33 36 37 39  
SIZE OF PROGRAMS (pID SIZE):
1 52.0 
2 67.0 
3 47.0 
4 44.0 
5 73.0 
6 63.0 
7 95.0 
8 59.0 
9 71.0 
10 95.0 
11 72.0 
12 60.0 
13 80.0 
14 71.0 
15 58.0 
16 79.0 
17 90.0 
18 45.0 
19 82.0 
20 86.0 
21 86.0 
22 69.0 
23 43.0 
24 50.0 
25 61.0 
26 72.0 
27 82.0 
28 57.0 
29 67.0 
30 71.0 
31 74.0 
32 70.0 
33 98.0 
34 65.0 
35 74.0 
36 52.0 
37 96.0 
38 81.0 
39 60.0 
40 82.0 
COST_INSTALL_SERVER_AND_PROGRAMS :
0 6712.244897959184 1.0612244897959184 1.3673469387755102 0.9591836734693877 0.8979591836734694 1.489795918367347 1.2857142857142858 1.9387755102040816 1.2040816326530612 1.4489795918367347 1.9387755102040816 1.469387755102041 1.2244897959183674 1.6326530612244898 1.4489795918367347 1.183673469387755 1.6122448979591837 1.836734693877551 0.9183673469387755 1.6734693877551021 1.7551020408163265 1.7551020408163265 1.4081632653061225 0.8775510204081632 1.0204081632653061 1.2448979591836735 1.469387755102041 1.6734693877551021 1.163265306122449 1.3673469387755102 1.4489795918367347 1.510204081632653 1.4285714285714286 2.0 1.3265306122448979 1.510204081632653 1.0612244897959184 1.9591836734693877 1.653061224489796 1.2244897959183674 1.6734693877551021  
2 64.00008190415858 1.0612244897959184 1.3673469387755102 0.9591836734693877 0.8979591836734694 1.489795918367347 1.2857142857142858 1.9387755102040816 1.2040816326530612 1.4489795918367347 1.9387755102040816 1.469387755102041 1.2244897959183674 1.6326530612244898 1.4489795918367347 1.183673469387755 1.6122448979591837 1.836734693877551 0.9183673469387755 1.6734693877551021 1.7551020408163265 1.7551020408163265 1.4081632653061225 0.8775510204081632 1.0204081632653061 1.2448979591836735 1.469387755102041 1.6734693877551021 1.163265306122449 1.3673469387755102 1.4489795918367347 1.510204081632653 1.4285714285714286 2.0 1.3265306122448979 1.510204081632653 1.0612244897959184 1.9591836734693877 1.653061224489796 1.2244897959183674 1.6734693877551021  
35 327.5455227539658 1.0612244897959184 1.3673469387755102 0.9591836734693877 0.8979591836734694 1.489795918367347 1.2857142857142858 1.9387755102040816 1.2040816326530612 1.4489795918367347 1.9387755102040816 1.469387755102041 1.2244897959183674 1.6326530612244898 1.4489795918367347 1.183673469387755 1.6122448979591837 1.836734693877551 0.9183673469387755 1.6734693877551021 1.7551020408163265 1.7551020408163265 1.4081632653061225 0.8775510204081632 1.0204081632653061 1.2448979591836735 1.469387755102041 1.6734693877551021 1.163265306122449 1.3673469387755102 1.4489795918367347 1.510204081632653 1.4285714285714286 2.0 1.3265306122448979 1.510204081632653 1.0612244897959184 1.9591836734693877 1.653061224489796 1.2244897959183674 1.6734693877551021  
99 55.0 1.5918367346938775 2.0510204081632653 1.4387755102040816 1.346938775510204 2.2346938775510203 1.9285714285714286 2.9081632653061225 1.8061224489795917 2.173469387755102 2.9081632653061225 2.204081632653061 1.836734693877551 2.4489795918367347 2.173469387755102 1.7755102040816326 2.4183673469387754 2.7551020408163267 1.3775510204081634 2.510204081632653 2.63265306122449 2.63265306122449 2.1122448979591835 1.316326530612245 1.530612244897959 1.8673469387755102 2.204081632653061 2.510204081632653 1.7448979591836735 2.0510204081632653 2.173469387755102 2.2653061224489797 2.142857142857143 3.0 1.989795918367347 2.2653061224489797 1.5918367346938775 2.938775510204082 2.479591836734694 1.836734693877551 2.510204081632653  
7 1.6066442451008804 1.0612244897959184 1.3673469387755102 0.9591836734693877 0.8979591836734694 1.489795918367347 1.2857142857142858 1.9387755102040816 1.2040816326530612 1.4489795918367347 1.9387755102040816 1.469387755102041 1.2244897959183674 1.6326530612244898 1.4489795918367347 1.183673469387755 1.6122448979591837 1.836734693877551 0.9183673469387755 1.6734693877551021 1.7551020408163265 1.7551020408163265 1.4081632653061225 0.8775510204081632 1.0204081632653061 1.2448979591836735 1.469387755102041 1.6734693877551021 1.163265306122449 1.3673469387755102 1.4489795918367347 1.510204081632653 1.4285714285714286 2.0 1.3265306122448979 1.510204081632653 1.0612244897959184 1.9591836734693877 1.653061224489796 1.2244897959183674 1.6734693877551021  
48 50.87056061797262 1.5918367346938775 2.0510204081632653 1.4387755102040816 1.346938775510204 2.2346938775510203 1.9285714285714286 2.9081632653061225 1.8061224489795917 2.173469387755102 2.9081632653061225 2.204081632653061 1.836734693877551 2.4489795918367347 2.173469387755102 1.7755102040816326 2.4183673469387754 2.7551020408163267 1.3775510204081634 2.510204081632653 2.63265306122449 2.63265306122449 2.1122448979591835 1.316326530612245 1.530612244897959 1.8673469387755102 2.204081632653061 2.510204081632653 1.7448979591836735 2.0510204081632653 2.173469387755102 2.2653061224489797 2.142857142857143 3.0 1.989795918367347 2.2653061224489797 1.5918367346938775 2.938775510204082 2.479591836734694 1.836734693877551 2.510204081632653  
17 111.9705865540552 1.5918367346938775 2.0510204081632653 1.4387755102040816 1.346938775510204 2.2346938775510203 1.9285714285714286 2.9081632653061225 1.8061224489795917 2.173469387755102 2.9081632653061225 2.204081632653061 1.836734693877551 2.4489795918367347 2.173469387755102 1.7755102040816326 2.4183673469387754 2.7551020408163267 1.3775510204081634 2.510204081632653 2.63265306122449 2.63265306122449 2.1122448979591835 1.316326530612245 1.530612244897959 1.8673469387755102 2.204081632653061 2.510204081632653 1.7448979591836735 2.0510204081632653 2.173469387755102 2.2653061224489797 2.142857142857143 3.0 1.989795918367347 2.2653061224489797 1.5918367346938775 2.938775510204082 2.479591836734694 1.836734693877551 2.510204081632653  
74 12.450281670208494 1.5918367346938775 2.0510204081632653 1.4387755102040816 1.346938775510204 2.2346938775510203 1.9285714285714286 2.9081632653061225 1.8061224489795917 2.173469387755102 2.9081632653061225 2.204081632653061 1.836734693877551 2.4489795918367347 2.173469387755102 1.7755102040816326 2.4183673469387754 2.7551020408163267 1.3775510204081634 2.510204081632653 2.63265306122449 2.63265306122449 2.1122448979591835 1.316326530612245 1.530612244897959 1.8673469387755102 2.204081632653061 2.510204081632653 1.7448979591836735 2.0510204081632653 2.173469387755102 2.2653061224489797 2.142857142857143 3.0 1.989795918367347 2.2653061224489797 1.5918367346938775 2.938775510204082 2.479591836734694 1.836734693877551 2.510204081632653  
57 41.125177166518775 1.5918367346938775 2.0510204081632653 1.4387755102040816 1.346938775510204 2.2346938775510203 1.9285714285714286 2.9081632653061225 1.8061224489795917 2.173469387755102 2.9081632653061225 2.204081632653061 1.836734693877551 2.4489795918367347 2.173469387755102 1.7755102040816326 2.4183673469387754 2.7551020408163267 1.3775510204081634 2.510204081632653 2.63265306122449 2.63265306122449 2.1122448979591835 1.316326530612245 1.530612244897959 1.8673469387755102 2.204081632653061 2.510204081632653 1.7448979591836735 2.0510204081632653 2.173469387755102 2.2653061224489797 2.142857142857143 3.0 1.989795918367347 2.2653061224489797 1.5918367346938775 2.938775510204082 2.479591836734694 1.836734693877551 2.510204081632653  
90 129.13219232307551 1.5918367346938775 2.0510204081632653 1.4387755102040816 1.346938775510204 2.2346938775510203 1.9285714285714286 2.9081632653061225 1.8061224489795917 2.173469387755102 2.9081632653061225 2.204081632653061 1.836734693877551 2.4489795918367347 2.173469387755102 1.7755102040816326 2.4183673469387754 2.7551020408163267 1.3775510204081634 2.510204081632653 2.63265306122449 2.63265306122449 2.1122448979591835 1.316326530612245 1.530612244897959 1.8673469387755102 2.204081632653061 2.510204081632653 1.7448979591836735 2.0510204081632653 2.173469387755102 2.2653061224489797 2.142857142857143 3.0 1.989795918367347 2.2653061224489797 1.5918367346938775 2.938775510204082 2.479591836734694 1.836734693877551 2.510204081632653  
65 64.93865428509866 1.5918367346938775 2.0510204081632653 1.4387755102040816 1.346938775510204 2.2346938775510203 1.9285714285714286 2.9081632653061225 1.8061224489795917 2.173469387755102 2.9081632653061225 2.204081632653061 1.836734693877551 2.4489795918367347 2.173469387755102 1.7755102040816326 2.4183673469387754 2.7551020408163267 1.3775510204081634 2.510204081632653 2.63265306122449 2.63265306122449 2.1122448979591835 1.316326530612245 1.530612244897959 1.8673469387755102 2.204081632653061 2.510204081632653 1.7448979591836735 2.0510204081632653 2.173469387755102 2.2653061224489797 2.142857142857143 3.0 1.989795918367347 2.2653061224489797 1.5918367346938775 2.938775510204082 2.479591836734694 1.836734693877551 2.510204081632653  
54 29.04778500746003 1.0612244897959184 1.3673469387755102 0.9591836734693877 0.8979591836734694 1.489795918367347 1.2857142857142858 1.9387755102040816 1.2040816326530612 1.4489795918367347 1.9387755102040816 1.469387755102041 1.2244897959183674 1.6326530612244898 1.4489795918367347 1.183673469387755 1.6122448979591837 1.836734693877551 0.9183673469387755 1.6734693877551021 1.7551020408163265 1.7551020408163265 1.4081632653061225 0.8775510204081632 1.0204081632653061 1.2448979591836735 1.469387755102041 1.6734693877551021 1.163265306122449 1.3673469387755102 1.4489795918367347 1.510204081632653 1.4285714285714286 2.0 1.3265306122448979 1.510204081632653 1.0612244897959184 1.9591836734693877 1.653061224489796 1.2244897959183674 1.6734693877551021  
61 22.016791950578416 1.0612244897959184 1.3673469387755102 0.9591836734693877 0.8979591836734694 1.489795918367347 1.2857142857142858 1.9387755102040816 1.2040816326530612 1.4489795918367347 1.9387755102040816 1.469387755102041 1.2244897959183674 1.6326530612244898 1.4489795918367347 1.183673469387755 1.6122448979591837 1.836734693877551 0.9183673469387755 1.6734693877551021 1.7551020408163265 1.7551020408163265 1.4081632653061225 0.8775510204081632 1.0204081632653061 1.2448979591836735 1.469387755102041 1.6734693877551021 1.163265306122449 1.3673469387755102 1.4489795918367347 1.510204081632653 1.4285714285714286 2.0 1.3265306122448979 1.510204081632653 1.0612244897959184 1.9591836734693877 1.653061224489796 1.2244897959183674 1.6734693877551021  
76 7.783293422643571 1.0612244897959184 1.3673469387755102 0.9591836734693877 0.8979591836734694 1.489795918367347 1.2857142857142858 1.9387755102040816 1.2040816326530612 1.4489795918367347 1.9387755102040816 1.469387755102041 1.2244897959183674 1.6326530612244898 1.4489795918367347 1.183673469387755 1.6122448979591837 1.836734693877551 0.9183673469387755 1.6734693877551021 1.7551020408163265 1.7551020408163265 1.4081632653061225 0.8775510204081632 1.0204081632653061 1.2448979591836735 1.469387755102041 1.6734693877551021 1.163265306122449 1.3673469387755102 1.4489795918367347 1.510204081632653 1.4285714285714286 2.0 1.3265306122448979 1.510204081632653 1.0612244897959184 1.9591836734693877 1.653061224489796 1.2244897959183674 1.6734693877551021  
25 57.57613735514308 1.0612244897959184 1.3673469387755102 0.9591836734693877 0.8979591836734694 1.489795918367347 1.2857142857142858 1.9387755102040816 1.2040816326530612 1.4489795918367347 1.9387755102040816 1.469387755102041 1.2244897959183674 1.6326530612244898 1.4489795918367347 1.183673469387755 1.6122448979591837 1.836734693877551 0.9183673469387755 1.6734693877551021 1.7551020408163265 1.7551020408163265 1.4081632653061225 0.8775510204081632 1.0204081632653061 1.2448979591836735 1.469387755102041 1.6734693877551021 1.163265306122449 1.3673469387755102 1.4489795918367347 1.510204081632653 1.4285714285714286 2.0 1.3265306122448979 1.510204081632653 1.0612244897959184 1.9591836734693877 1.653061224489796 1.2244897959183674 1.6734693877551021  
73 62.254560746122706 1.5918367346938775 2.0510204081632653 1.4387755102040816 1.346938775510204 2.2346938775510203 1.9285714285714286 2.9081632653061225 1.8061224489795917 2.173469387755102 2.9081632653061225 2.204081632653061 1.836734693877551 2.4489795918367347 2.173469387755102 1.7755102040816326 2.4183673469387754 2.7551020408163267 1.3775510204081634 2.510204081632653 2.63265306122449 2.63265306122449 2.1122448979591835 1.316326530612245 1.530612244897959 1.8673469387755102 2.204081632653061 2.510204081632653 1.7448979591836735 2.0510204081632653 2.173469387755102 2.2653061224489797 2.142857142857143 3.0 1.989795918367347 2.2653061224489797 1.5918367346938775 2.938775510204082 2.479591836734694 1.836734693877551 2.510204081632653  
50 52.30825542026824 1.0612244897959184 1.3673469387755102 0.9591836734693877 0.8979591836734694 1.489795918367347 1.2857142857142858 1.9387755102040816 1.2040816326530612 1.4489795918367347 1.9387755102040816 1.469387755102041 1.2244897959183674 1.6326530612244898 1.4489795918367347 1.183673469387755 1.6122448979591837 1.836734693877551 0.9183673469387755 1.6734693877551021 1.7551020408163265 1.7551020408163265 1.4081632653061225 0.8775510204081632 1.0204081632653061 1.2448979591836735 1.469387755102041 1.6734693877551021 1.163265306122449 1.3673469387755102 1.4489795918367347 1.510204081632653 1.4285714285714286 2.0 1.3265306122448979 1.510204081632653 1.0612244897959184 1.9591836734693877 1.653061224489796 1.2244897959183674 1.6734693877551021  
32 188.87645413819632 1.5918367346938775 2.0510204081632653 1.4387755102040816 1.346938775510204 2.2346938775510203 1.9285714285714286 2.9081632653061225 1.8061224489795917 2.173469387755102 2.9081632653061225 2.204081632653061 1.836734693877551 2.4489795918367347 2.173469387755102 1.7755102040816326 2.4183673469387754 2.7551020408163267 1.3775510204081634 2.510204081632653 2.63265306122449 2.63265306122449 2.1122448979591835 1.316326530612245 1.530612244897959 1.8673469387755102 2.204081632653061 2.510204081632653 1.7448979591836735 2.0510204081632653 2.173469387755102 2.2653061224489797 2.142857142857143 3.0 1.989795918367347 2.2653061224489797 1.5918367346938775 2.938775510204082 2.479591836734694 1.836734693877551 2.510204081632653  
51 232.33472230997674 1.5918367346938775 2.0510204081632653 1.4387755102040816 1.346938775510204 2.2346938775510203 1.9285714285714286 2.9081632653061225 1.8061224489795917 2.173469387755102 2.9081632653061225 2.204081632653061 1.836734693877551 2.4489795918367347 2.173469387755102 1.7755102040816326 2.4183673469387754 2.7551020408163267 1.3775510204081634 2.510204081632653 2.63265306122449 2.63265306122449 2.1122448979591835 1.316326530612245 1.530612244897959 1.8673469387755102 2.204081632653061 2.510204081632653 1.7448979591836735 2.0510204081632653 2.173469387755102 2.2653061224489797 2.142857142857143 3.0 1.989795918367347 2.2653061224489797 1.5918367346938775 2.938775510204082 2.479591836734694 1.836734693877551 2.510204081632653  
98 19.25869488536155 1.0612244897959184 1.3673469387755102 0.9591836734693877 0.8979591836734694 1.489795918367347 1.2857142857142858 1.9387755102040816 1.2040816326530612 1.4489795918367347 1.9387755102040816 1.469387755102041 1.2244897959183674 1.6326530612244898 1.4489795918367347 1.183673469387755 1.6122448979591837 1.836734693877551 0.9183673469387755 1.6734693877551021 1.7551020408163265 1.7551020408163265 1.4081632653061225 0.8775510204081632 1.0204081632653061 1.2448979591836735 1.469387755102041 1.6734693877551021 1.163265306122449 1.3673469387755102 1.4489795918367347 1.510204081632653 1.4285714285714286 2.0 1.3265306122448979 1.510204081632653 1.0612244897959184 1.9591836734693877 1.653061224489796 1.2244897959183674 1.6734693877551021  
63 93.11186072300022 1.5918367346938775 2.0510204081632653 1.4387755102040816 1.346938775510204 2.2346938775510203 1.9285714285714286 2.9081632653061225 1.8061224489795917 2.173469387755102 2.9081632653061225 2.204081632653061 1.836734693877551 2.4489795918367347 2.173469387755102 1.7755102040816326 2.4183673469387754 2.7551020408163267 1.3775510204081634 2.510204081632653 2.63265306122449 2.63265306122449 2.1122448979591835 1.316326530612245 1.530612244897959 1.8673469387755102 2.204081632653061 2.510204081632653 1.7448979591836735 2.0510204081632653 2.173469387755102 2.2653061224489797 2.142857142857143 3.0 1.989795918367347 2.2653061224489797 1.5918367346938775 2.938775510204082 2.479591836734694 1.836734693877551 2.510204081632653  
20 131.66422932673717 1.5918367346938775 2.0510204081632653 1.4387755102040816 1.346938775510204 2.2346938775510203 1.9285714285714286 2.9081632653061225 1.8061224489795917 2.173469387755102 2.9081632653061225 2.204081632653061 1.836734693877551 2.4489795918367347 2.173469387755102 1.7755102040816326 2.4183673469387754 2.7551020408163267 1.3775510204081634 2.510204081632653 2.63265306122449 2.63265306122449 2.1122448979591835 1.316326530612245 1.530612244897959 1.8673469387755102 2.204081632653061 2.510204081632653 1.7448979591836735 2.0510204081632653 2.173469387755102 2.2653061224489797 2.142857142857143 3.0 1.989795918367347 2.2653061224489797 1.5918367346938775 2.938775510204082 2.479591836734694 1.836734693877551 2.510204081632653  
27 244.00895342914433 1.0612244897959184 1.3673469387755102 0.9591836734693877 0.8979591836734694 1.489795918367347 1.2857142857142858 1.9387755102040816 1.2040816326530612 1.4489795918367347 1.9387755102040816 1.469387755102041 1.2244897959183674 1.6326530612244898 1.4489795918367347 1.183673469387755 1.6122448979591837 1.836734693877551 0.9183673469387755 1.6734693877551021 1.7551020408163265 1.7551020408163265 1.4081632653061225 0.8775510204081632 1.0204081632653061 1.2448979591836735 1.469387755102041 1.6734693877551021 1.163265306122449 1.3673469387755102 1.4489795918367347 1.510204081632653 1.4285714285714286 2.0 1.3265306122448979 1.510204081632653 1.0612244897959184 1.9591836734693877 1.653061224489796 1.2244897959183674 1.6734693877551021  
13 182.99702594059744 1.0612244897959184 1.3673469387755102 0.9591836734693877 0.8979591836734694 1.489795918367347 1.2857142857142858 1.9387755102040816 1.2040816326530612 1.4489795918367347 1.9387755102040816 1.469387755102041 1.2244897959183674 1.6326530612244898 1.4489795918367347 1.183673469387755 1.6122448979591837 1.836734693877551 0.9183673469387755 1.6734693877551021 1.7551020408163265 1.7551020408163265 1.4081632653061225 0.8775510204081632 1.0204081632653061 1.2448979591836735 1.469387755102041 1.6734693877551021 1.163265306122449 1.3673469387755102 1.4489795918367347 1.510204081632653 1.4285714285714286 2.0 1.3265306122448979 1.510204081632653 1.0612244897959184 1.9591836734693877 1.653061224489796 1.2244897959183674 1.6734693877551021  
33 267.6523212513897 1.5918367346938775 2.0510204081632653 1.4387755102040816 1.346938775510204 2.2346938775510203 1.9285714285714286 2.9081632653061225 1.8061224489795917 2.173469387755102 2.9081632653061225 2.204081632653061 1.836734693877551 2.4489795918367347 2.173469387755102 1.7755102040816326 2.4183673469387754 2.7551020408163267 1.3775510204081634 2.510204081632653 2.63265306122449 2.63265306122449 2.1122448979591835 1.316326530612245 1.530612244897959 1.8673469387755102 2.204081632653061 2.510204081632653 1.7448979591836735 2.0510204081632653 2.173469387755102 2.2653061224489797 2.142857142857143 3.0 1.989795918367347 2.2653061224489797 1.5918367346938775 2.938775510204082 2.479591836734694 1.836734693877551 2.510204081632653  
10 15.187445279121752 1.5918367346938775 2.0510204081632653 1.4387755102040816 1.346938775510204 2.2346938775510203 1.9285714285714286 2.9081632653061225 1.8061224489795917 2.173469387755102 2.9081632653061225 2.204081632653061 1.836734693877551 2.4489795918367347 2.173469387755102 1.7755102040816326 2.4183673469387754 2.7551020408163267 1.3775510204081634 2.510204081632653 2.63265306122449 2.63265306122449 2.1122448979591835 1.316326530612245 1.530612244897959 1.8673469387755102 2.204081632653061 2.510204081632653 1.7448979591836735 2.0510204081632653 2.173469387755102 2.2653061224489797 2.142857142857143 3.0 1.989795918367347 2.2653061224489797 1.5918367346938775 2.938775510204082 2.479591836734694 1.836734693877551 2.510204081632653  
44 2.5562438308656796 1.5918367346938775 2.0510204081632653 1.4387755102040816 1.346938775510204 2.2346938775510203 1.9285714285714286 2.9081632653061225 1.8061224489795917 2.173469387755102 2.9081632653061225 2.204081632653061 1.836734693877551 2.4489795918367347 2.173469387755102 1.7755102040816326 2.4183673469387754 2.7551020408163267 1.3775510204081634 2.510204081632653 2.63265306122449 2.63265306122449 2.1122448979591835 1.316326530612245 1.530612244897959 1.8673469387755102 2.204081632653061 2.510204081632653 1.7448979591836735 2.0510204081632653 2.173469387755102 2.2653061224489797 2.142857142857143 3.0 1.989795918367347 2.2653061224489797 1.5918367346938775 2.938775510204082 2.479591836734694 1.836734693877551 2.510204081632653  
40 79.41424343748798 1.5918367346938775 2.0510204081632653 1.4387755102040816 1.346938775510204 2.2346938775510203 1.9285714285714286 2.9081632653061225 1.8061224489795917 2.173469387755102 2.9081632653061225 2.204081632653061 1.836734693877551 2.4489795918367347 2.173469387755102 1.7755102040816326 2.4183673469387754 2.7551020408163267 1.3775510204081634 2.510204081632653 2.63265306122449 2.63265306122449 2.1122448979591835 1.316326530612245 1.530612244897959 1.8673469387755102 2.204081632653061 2.510204081632653 1.7448979591836735 2.0510204081632653 2.173469387755102 2.2653061224489797 2.142857142857143 3.0 1.989795918367347 2.2653061224489797 1.5918367346938775 2.938775510204082 2.479591836734694 1.836734693877551 2.510204081632653  
93 19.488581850959857 1.0612244897959184 1.3673469387755102 0.9591836734693877 0.8979591836734694 1.489795918367347 1.2857142857142858 1.9387755102040816 1.2040816326530612 1.4489795918367347 1.9387755102040816 1.469387755102041 1.2244897959183674 1.6326530612244898 1.4489795918367347 1.183673469387755 1.6122448979591837 1.836734693877551 0.9183673469387755 1.6734693877551021 1.7551020408163265 1.7551020408163265 1.4081632653061225 0.8775510204081632 1.0204081632653061 1.2448979591836735 1.469387755102041 1.6734693877551021 1.163265306122449 1.3673469387755102 1.4489795918367347 1.510204081632653 1.4285714285714286 2.0 1.3265306122448979 1.510204081632653 1.0612244897959184 1.9591836734693877 1.653061224489796 1.2244897959183674 1.6734693877551021  
14 144.8264441425922 1.0612244897959184 1.3673469387755102 0.9591836734693877 0.8979591836734694 1.489795918367347 1.2857142857142858 1.9387755102040816 1.2040816326530612 1.4489795918367347 1.9387755102040816 1.469387755102041 1.2244897959183674 1.6326530612244898 1.4489795918367347 1.183673469387755 1.6122448979591837 1.836734693877551 0.9183673469387755 1.6734693877551021 1.7551020408163265 1.7551020408163265 1.4081632653061225 0.8775510204081632 1.0204081632653061 1.2448979591836735 1.469387755102041 1.6734693877551021 1.163265306122449 1.3673469387755102 1.4489795918367347 1.510204081632653 1.4285714285714286 2.0 1.3265306122448979 1.510204081632653 1.0612244897959184 1.9591836734693877 1.653061224489796 1.2244897959183674 1.6734693877551021  
95 9.955760130139014 1.0612244897959184 1.3673469387755102 0.9591836734693877 0.8979591836734694 1.489795918367347 1.2857142857142858 1.9387755102040816 1.2040816326530612 1.4489795918367347 1.9387755102040816 1.469387755102041 1.2244897959183674 1.6326530612244898 1.4489795918367347 1.183673469387755 1.6122448979591837 1.836734693877551 0.9183673469387755 1.6734693877551021 1.7551020408163265 1.7551020408163265 1.4081632653061225 0.8775510204081632 1.0204081632653061 1.2448979591836735 1.469387755102041 1.6734693877551021 1.163265306122449 1.3673469387755102 1.4489795918367347 1.510204081632653 1.4285714285714286 2.0 1.3265306122448979 1.510204081632653 1.0612244897959184 1.9591836734693877 1.653061224489796 1.2244897959183674 1.6734693877551021  
16 22.678102637158755 1.5918367346938775 2.0510204081632653 1.4387755102040816 1.346938775510204 2.2346938775510203 1.9285714285714286 2.9081632653061225 1.8061224489795917 2.173469387755102 2.9081632653061225 2.204081632653061 1.836734693877551 2.4489795918367347 2.173469387755102 1.7755102040816326 2.4183673469387754 2.7551020408163267 1.3775510204081634 2.510204081632653 2.63265306122449 2.63265306122449 2.1122448979591835 1.316326530612245 1.530612244897959 1.8673469387755102 2.204081632653061 2.510204081632653 1.7448979591836735 2.0510204081632653 2.173469387755102 2.2653061224489797 2.142857142857143 3.0 1.989795918367347 2.2653061224489797 1.5918367346938775 2.938775510204082 2.479591836734694 1.836734693877551 2.510204081632653  
47 122.96898220368789 1.0612244897959184 1.3673469387755102 0.9591836734693877 0.8979591836734694 1.489795918367347 1.2857142857142858 1.9387755102040816 1.2040816326530612 1.4489795918367347 1.9387755102040816 1.469387755102041 1.2244897959183674 1.6326530612244898 1.4489795918367347 1.183673469387755 1.6122448979591837 1.836734693877551 0.9183673469387755 1.6734693877551021 1.7551020408163265 1.7551020408163265 1.4081632653061225 0.8775510204081632 1.0204081632653061 1.2448979591836735 1.469387755102041 1.6734693877551021 1.163265306122449 1.3673469387755102 1.4489795918367347 1.510204081632653 1.4285714285714286 2.0 1.3265306122448979 1.510204081632653 1.0612244897959184 1.9591836734693877 1.653061224489796 1.2244897959183674 1.6734693877551021  
75 25.824357784973962 1.0612244897959184 1.3673469387755102 0.9591836734693877 0.8979591836734694 1.489795918367347 1.2857142857142858 1.9387755102040816 1.2040816326530612 1.4489795918367347 1.9387755102040816 1.469387755102041 1.2244897959183674 1.6326530612244898 1.4489795918367347 1.183673469387755 1.6122448979591837 1.836734693877551 0.9183673469387755 1.6734693877551021 1.7551020408163265 1.7551020408163265 1.4081632653061225 0.8775510204081632 1.0204081632653061 1.2448979591836735 1.469387755102041 1.6734693877551021 1.163265306122449 1.3673469387755102 1.4489795918367347 1.510204081632653 1.4285714285714286 2.0 1.3265306122448979 1.510204081632653 1.0612244897959184 1.9591836734693877 1.653061224489796 1.2244897959183674 1.6734693877551021  
58 7.168249845392703 1.5918367346938775 2.0510204081632653 1.4387755102040816 1.346938775510204 2.2346938775510203 1.9285714285714286 2.9081632653061225 1.8061224489795917 2.173469387755102 2.9081632653061225 2.204081632653061 1.836734693877551 2.4489795918367347 2.173469387755102 1.7755102040816326 2.4183673469387754 2.7551020408163267 1.3775510204081634 2.510204081632653 2.63265306122449 2.63265306122449 2.1122448979591835 1.316326530612245 1.530612244897959 1.8673469387755102 2.204081632653061 2.510204081632653 1.7448979591836735 2.0510204081632653 2.173469387755102 2.2653061224489797 2.142857142857143 3.0 1.989795918367347 2.2653061224489797 1.5918367346938775 2.938775510204082 2.479591836734694 1.836734693877551 2.510204081632653  
87 107.77324484824989 1.0612244897959184 1.3673469387755102 0.9591836734693877 0.8979591836734694 1.489795918367347 1.2857142857142858 1.9387755102040816 1.2040816326530612 1.4489795918367347 1.9387755102040816 1.469387755102041 1.2244897959183674 1.6326530612244898 1.4489795918367347 1.183673469387755 1.6122448979591837 1.836734693877551 0.9183673469387755 1.6734693877551021 1.7551020408163265 1.7551020408163265 1.4081632653061225 0.8775510204081632 1.0204081632653061 1.2448979591836735 1.469387755102041 1.6734693877551021 1.163265306122449 1.3673469387755102 1.4489795918367347 1.510204081632653 1.4285714285714286 2.0 1.3265306122448979 1.510204081632653 1.0612244897959184 1.9591836734693877 1.653061224489796 1.2244897959183674 1.6734693877551021  
8 261.4952447968498 1.5918367346938775 2.0510204081632653 1.4387755102040816 1.346938775510204 2.2346938775510203 1.9285714285714286 2.9081632653061225 1.8061224489795917 2.173469387755102 2.9081632653061225 2.204081632653061 1.836734693877551 2.4489795918367347 2.173469387755102 1.7755102040816326 2.4183673469387754 2.7551020408163267 1.3775510204081634 2.510204081632653 2.63265306122449 2.63265306122449 2.1122448979591835 1.316326530612245 1.530612244897959 1.8673469387755102 2.204081632653061 2.510204081632653 1.7448979591836735 2.0510204081632653 2.173469387755102 2.2653061224489797 2.142857142857143 3.0 1.989795918367347 2.2653061224489797 1.5918367346938775 2.938775510204082 2.479591836734694 1.836734693877551 2.510204081632653  
19 186.64371415770606 1.0612244897959184 1.3673469387755102 0.9591836734693877 0.8979591836734694 1.489795918367347 1.2857142857142858 1.9387755102040816 1.2040816326530612 1.4489795918367347 1.9387755102040816 1.469387755102041 1.2244897959183674 1.6326530612244898 1.4489795918367347 1.183673469387755 1.6122448979591837 1.836734693877551 0.9183673469387755 1.6734693877551021 1.7551020408163265 1.7551020408163265 1.4081632653061225 0.8775510204081632 1.0204081632653061 1.2448979591836735 1.469387755102041 1.6734693877551021 1.163265306122449 1.3673469387755102 1.4489795918367347 1.510204081632653 1.4285714285714286 2.0 1.3265306122448979 1.510204081632653 1.0612244897959184 1.9591836734693877 1.653061224489796 1.2244897959183674 1.6734693877551021  
69 45.281284066900184 1.0612244897959184 1.3673469387755102 0.9591836734693877 0.8979591836734694 1.489795918367347 1.2857142857142858 1.9387755102040816 1.2040816326530612 1.4489795918367347 1.9387755102040816 1.469387755102041 1.2244897959183674 1.6326530612244898 1.4489795918367347 1.183673469387755 1.6122448979591837 1.836734693877551 0.9183673469387755 1.6734693877551021 1.7551020408163265 1.7551020408163265 1.4081632653061225 0.8775510204081632 1.0204081632653061 1.2448979591836735 1.469387755102041 1.6734693877551021 1.163265306122449 1.3673469387755102 1.4489795918367347 1.510204081632653 1.4285714285714286 2.0 1.3265306122448979 1.510204081632653 1.0612244897959184 1.9591836734693877 1.653061224489796 1.2244897959183674 1.6734693877551021  
42 19.14419937205651 1.5918367346938775 2.0510204081632653 1.4387755102040816 1.346938775510204 2.2346938775510203 1.9285714285714286 2.9081632653061225 1.8061224489795917 2.173469387755102 2.9081632653061225 2.204081632653061 1.836734693877551 2.4489795918367347 2.173469387755102 1.7755102040816326 2.4183673469387754 2.7551020408163267 1.3775510204081634 2.510204081632653 2.63265306122449 2.63265306122449 2.1122448979591835 1.316326530612245 1.530612244897959 1.8673469387755102 2.204081632653061 2.510204081632653 1.7448979591836735 2.0510204081632653 2.173469387755102 2.2653061224489797 2.142857142857143 3.0 1.989795918367347 2.2653061224489797 1.5918367346938775 2.938775510204082 2.479591836734694 1.836734693877551 2.510204081632653  
49 163.92262928314682 1.0612244897959184 1.3673469387755102 0.9591836734693877 0.8979591836734694 1.489795918367347 1.2857142857142858 1.9387755102040816 1.2040816326530612 1.4489795918367347 1.9387755102040816 1.469387755102041 1.2244897959183674 1.6326530612244898 1.4489795918367347 1.183673469387755 1.6122448979591837 1.836734693877551 0.9183673469387755 1.6734693877551021 1.7551020408163265 1.7551020408163265 1.4081632653061225 0.8775510204081632 1.0204081632653061 1.2448979591836735 1.469387755102041 1.6734693877551021 1.163265306122449 1.3673469387755102 1.4489795918367347 1.510204081632653 1.4285714285714286 2.0 1.3265306122448979 1.510204081632653 1.0612244897959184 1.9591836734693877 1.653061224489796 1.2244897959183674 1.6734693877551021  
43 72.86958049886623 1.0612244897959184 1.3673469387755102 0.9591836734693877 0.8979591836734694 1.489795918367347 1.2857142857142858 1.9387755102040816 1.2040816326530612 1.4489795918367347 1.9387755102040816 1.469387755102041 1.2244897959183674 1.6326530612244898 1.4489795918367347 1.183673469387755 1.6122448979591837 1.836734693877551 0.9183673469387755 1.6734693877551021 1.7551020408163265 1.7551020408163265 1.4081632653061225 0.8775510204081632 1.0204081632653061 1.2448979591836735 1.469387755102041 1.6734693877551021 1.163265306122449 1.3673469387755102 1.4489795918367347 1.510204081632653 1.4285714285714286 2.0 1.3265306122448979 1.510204081632653 1.0612244897959184 1.9591836734693877 1.653061224489796 1.2244897959183674 1.6734693877551021  
1 4.730791438526632 1.0612244897959184 1.3673469387755102 0.9591836734693877 0.8979591836734694 1.489795918367347 1.2857142857142858 1.9387755102040816 1.2040816326530612 1.4489795918367347 1.9387755102040816 1.469387755102041 1.2244897959183674 1.6326530612244898 1.4489795918367347 1.183673469387755 1.6122448979591837 1.836734693877551 0.9183673469387755 1.6734693877551021 1.7551020408163265 1.7551020408163265 1.4081632653061225 0.8775510204081632 1.0204081632653061 1.2448979591836735 1.469387755102041 1.6734693877551021 1.163265306122449 1.3673469387755102 1.4489795918367347 1.510204081632653 1.4285714285714286 2.0 1.3265306122448979 1.510204081632653 1.0612244897959184 1.9591836734693877 1.653061224489796 1.2244897959183674 1.6734693877551021  
86 103.8500891047909 1.5918367346938775 2.0510204081632653 1.4387755102040816 1.346938775510204 2.2346938775510203 1.9285714285714286 2.9081632653061225 1.8061224489795917 2.173469387755102 2.9081632653061225 2.204081632653061 1.836734693877551 2.4489795918367347 2.173469387755102 1.7755102040816326 2.4183673469387754 2.7551020408163267 1.3775510204081634 2.510204081632653 2.63265306122449 2.63265306122449 2.1122448979591835 1.316326530612245 1.530612244897959 1.8673469387755102 2.204081632653061 2.510204081632653 1.7448979591836735 2.0510204081632653 2.173469387755102 2.2653061224489797 2.142857142857143 3.0 1.989795918367347 2.2653061224489797 1.5918367346938775 2.938775510204082 2.479591836734694 1.836734693877551 2.510204081632653  
38 47.06177700348432 1.0612244897959184 1.3673469387755102 0.9591836734693877 0.8979591836734694 1.489795918367347 1.2857142857142858 1.9387755102040816 1.2040816326530612 1.4489795918367347 1.9387755102040816 1.469387755102041 1.2244897959183674 1.6326530612244898 1.4489795918367347 1.183673469387755 1.6122448979591837 1.836734693877551 0.9183673469387755 1.6734693877551021 1.7551020408163265 1.7551020408163265 1.4081632653061225 0.8775510204081632 1.0204081632653061 1.2448979591836735 1.469387755102041 1.6734693877551021 1.163265306122449 1.3673469387755102 1.4489795918367347 1.510204081632653 1.4285714285714286 2.0 1.3265306122448979 1.510204081632653 1.0612244897959184 1.9591836734693877 1.653061224489796 1.2244897959183674 1.6734693877551021  
60 2.5623325470166862 1.0612244897959184 1.3673469387755102 0.9591836734693877 0.8979591836734694 1.489795918367347 1.2857142857142858 1.9387755102040816 1.2040816326530612 1.4489795918367347 1.9387755102040816 1.469387755102041 1.2244897959183674 1.6326530612244898 1.4489795918367347 1.183673469387755 1.6122448979591837 1.836734693877551 0.9183673469387755 1.6734693877551021 1.7551020408163265 1.7551020408163265 1.4081632653061225 0.8775510204081632 1.0204081632653061 1.2448979591836735 1.469387755102041 1.6734693877551021 1.163265306122449 1.3673469387755102 1.4489795918367347 1.510204081632653 1.4285714285714286 2.0 1.3265306122448979 1.510204081632653 1.0612244897959184 1.9591836734693877 1.653061224489796 1.2244897959183674 1.6734693877551021  
6 227.29862781274355 1.5918367346938775 2.0510204081632653 1.4387755102040816 1.346938775510204 2.2346938775510203 1.9285714285714286 2.9081632653061225 1.8061224489795917 2.173469387755102 2.9081632653061225 2.204081632653061 1.836734693877551 2.4489795918367347 2.173469387755102 1.7755102040816326 2.4183673469387754 2.7551020408163267 1.3775510204081634 2.510204081632653 2.63265306122449 2.63265306122449 2.1122448979591835 1.316326530612245 1.530612244897959 1.8673469387755102 2.204081632653061 2.510204081632653 1.7448979591836735 2.0510204081632653 2.173469387755102 2.2653061224489797 2.142857142857143 3.0 1.989795918367347 2.2653061224489797 1.5918367346938775 2.938775510204082 2.479591836734694 1.836734693877551 2.510204081632653  
64 23.96208291753822 1.5918367346938775 2.0510204081632653 1.4387755102040816 1.346938775510204 2.2346938775510203 1.9285714285714286 2.9081632653061225 1.8061224489795917 2.173469387755102 2.9081632653061225 2.204081632653061 1.836734693877551 2.4489795918367347 2.173469387755102 1.7755102040816326 2.4183673469387754 2.7551020408163267 1.3775510204081634 2.510204081632653 2.63265306122449 2.63265306122449 2.1122448979591835 1.316326530612245 1.530612244897959 1.8673469387755102 2.204081632653061 2.510204081632653 1.7448979591836735 2.0510204081632653 2.173469387755102 2.2653061224489797 2.142857142857143 3.0 1.989795918367347 2.2653061224489797 1.5918367346938775 2.938775510204082 2.479591836734694 1.836734693877551 2.510204081632653  
81 170.3114388881371 1.0612244897959184 1.3673469387755102 0.9591836734693877 0.8979591836734694 1.489795918367347 1.2857142857142858 1.9387755102040816 1.2040816326530612 1.4489795918367347 1.9387755102040816 1.469387755102041 1.2244897959183674 1.6326530612244898 1.4489795918367347 1.183673469387755 1.6122448979591837 1.836734693877551 0.9183673469387755 1.6734693877551021 1.7551020408163265 1.7551020408163265 1.4081632653061225 0.8775510204081632 1.0204081632653061 1.2448979591836735 1.469387755102041 1.6734693877551021 1.163265306122449 1.3673469387755102 1.4489795918367347 1.510204081632653 1.4285714285714286 2.0 1.3265306122448979 1.510204081632653 1.0612244897959184 1.9591836734693877 1.653061224489796 1.2244897959183674 1.6734693877551021  
26 83.21860550021965 1.0612244897959184 1.3673469387755102 0.9591836734693877 0.8979591836734694 1.489795918367347 1.2857142857142858 1.9387755102040816 1.2040816326530612 1.4489795918367347 1.9387755102040816 1.469387755102041 1.2244897959183674 1.6326530612244898 1.4489795918367347 1.183673469387755 1.6122448979591837 1.836734693877551 0.9183673469387755 1.6734693877551021 1.7551020408163265 1.7551020408163265 1.4081632653061225 0.8775510204081632 1.0204081632653061 1.2448979591836735 1.469387755102041 1.6734693877551021 1.163265306122449 1.3673469387755102 1.4489795918367347 1.510204081632653 1.4285714285714286 2.0 1.3265306122448979 1.510204081632653 1.0612244897959184 1.9591836734693877 1.653061224489796 1.2244897959183674 1.6734693877551021  
31 32.05849413844766 1.0612244897959184 1.3673469387755102 0.9591836734693877 0.8979591836734694 1.489795918367347 1.2857142857142858 1.9387755102040816 1.2040816326530612 1.4489795918367347 1.9387755102040816 1.469387755102041 1.2244897959183674 1.6326530612244898 1.4489795918367347 1.183673469387755 1.6122448979591837 1.836734693877551 0.9183673469387755 1.6734693877551021 1.7551020408163265 1.7551020408163265 1.4081632653061225 0.8775510204081632 1.0204081632653061 1.2448979591836735 1.469387755102041 1.6734693877551021 1.163265306122449 1.3673469387755102 1.4489795918367347 1.510204081632653 1.4285714285714286 2.0 1.3265306122448979 1.510204081632653 1.0612244897959184 1.9591836734693877 1.653061224489796 1.2244897959183674 1.6734693877551021  
55 28.888635585612572 1.5918367346938775 2.0510204081632653 1.4387755102040816 1.346938775510204 2.2346938775510203 1.9285714285714286 2.9081632653061225 1.8061224489795917 2.173469387755102 2.9081632653061225 2.204081632653061 1.836734693877551 2.4489795918367347 2.173469387755102 1.7755102040816326 2.4183673469387754 2.7551020408163267 1.3775510204081634 2.510204081632653 2.63265306122449 2.63265306122449 2.1122448979591835 1.316326530612245 1.530612244897959 1.8673469387755102 2.204081632653061 2.510204081632653 1.7448979591836735 2.0510204081632653 2.173469387755102 2.2653061224489797 2.142857142857143 3.0 1.989795918367347 2.2653061224489797 1.5918367346938775 2.938775510204082 2.479591836734694 1.836734693877551 2.510204081632653  
89 3.267154694303704 1.0612244897959184 1.3673469387755102 0.9591836734693877 0.8979591836734694 1.489795918367347 1.2857142857142858 1.9387755102040816 1.2040816326530612 1.4489795918367347 1.9387755102040816 1.469387755102041 1.2244897959183674 1.6326530612244898 1.4489795918367347 1.183673469387755 1.6122448979591837 1.836734693877551 0.9183673469387755 1.6734693877551021 1.7551020408163265 1.7551020408163265 1.4081632653061225 0.8775510204081632 1.0204081632653061 1.2448979591836735 1.469387755102041 1.6734693877551021 1.163265306122449 1.3673469387755102 1.4489795918367347 1.510204081632653 1.4285714285714286 2.0 1.3265306122448979 1.510204081632653 1.0612244897959184 1.9591836734693877 1.653061224489796 1.2244897959183674 1.6734693877551021  
59 2.4937641723355988 1.0612244897959184 1.3673469387755102 0.9591836734693877 0.8979591836734694 1.489795918367347 1.2857142857142858 1.9387755102040816 1.2040816326530612 1.4489795918367347 1.9387755102040816 1.469387755102041 1.2244897959183674 1.6326530612244898 1.4489795918367347 1.183673469387755 1.6122448979591837 1.836734693877551 0.9183673469387755 1.6734693877551021 1.7551020408163265 1.7551020408163265 1.4081632653061225 0.8775510204081632 1.0204081632653061 1.2448979591836735 1.469387755102041 1.6734693877551021 1.163265306122449 1.3673469387755102 1.4489795918367347 1.510204081632653 1.4285714285714286 2.0 1.3265306122448979 1.510204081632653 1.0612244897959184 1.9591836734693877 1.653061224489796 1.2244897959183674 1.6734693877551021  
24 226.79751488453644 1.5918367346938775 2.0510204081632653 1.4387755102040816 1.346938775510204 2.2346938775510203 1.9285714285714286 2.9081632653061225 1.8061224489795917 2.173469387755102 2.9081632653061225 2.204081632653061 1.836734693877551 2.4489795918367347 2.173469387755102 1.7755102040816326 2.4183673469387754 2.7551020408163267 1.3775510204081634 2.510204081632653 2.63265306122449 2.63265306122449 2.1122448979591835 1.316326530612245 1.530612244897959 1.8673469387755102 2.204081632653061 2.510204081632653 1.7448979591836735 2.0510204081632653 2.173469387755102 2.2653061224489797 2.142857142857143 3.0 1.989795918367347 2.2653061224489797 1.5918367346938775 2.938775510204082 2.479591836734694 1.836734693877551 2.510204081632653  
23 63.0 1.0612244897959184 1.3673469387755102 0.9591836734693877 0.8979591836734694 1.489795918367347 1.2857142857142858 1.9387755102040816 1.2040816326530612 1.4489795918367347 1.9387755102040816 1.469387755102041 1.2244897959183674 1.6326530612244898 1.4489795918367347 1.183673469387755 1.6122448979591837 1.836734693877551 0.9183673469387755 1.6734693877551021 1.7551020408163265 1.7551020408163265 1.4081632653061225 0.8775510204081632 1.0204081632653061 1.2448979591836735 1.469387755102041 1.6734693877551021 1.163265306122449 1.3673469387755102 1.4489795918367347 1.510204081632653 1.4285714285714286 2.0 1.3265306122448979 1.510204081632653 1.0612244897959184 1.9591836734693877 1.653061224489796 1.2244897959183674 1.6734693877551021  
77 16.806782340265293 1.0612244897959184 1.3673469387755102 0.9591836734693877 0.8979591836734694 1.489795918367347 1.2857142857142858 1.9387755102040816 1.2040816326530612 1.4489795918367347 1.9387755102040816 1.469387755102041 1.2244897959183674 1.6326530612244898 1.4489795918367347 1.183673469387755 1.6122448979591837 1.836734693877551 0.9183673469387755 1.6734693877551021 1.7551020408163265 1.7551020408163265 1.4081632653061225 0.8775510204081632 1.0204081632653061 1.2448979591836735 1.469387755102041 1.6734693877551021 1.163265306122449 1.3673469387755102 1.4489795918367347 1.510204081632653 1.4285714285714286 2.0 1.3265306122448979 1.510204081632653 1.0612244897959184 1.9591836734693877 1.653061224489796 1.2244897959183674 1.6734693877551021  
94 6.962028447742734 1.5918367346938775 2.0510204081632653 1.4387755102040816 1.346938775510204 2.2346938775510203 1.9285714285714286 2.9081632653061225 1.8061224489795917 2.173469387755102 2.9081632653061225 2.204081632653061 1.836734693877551 2.4489795918367347 2.173469387755102 1.7755102040816326 2.4183673469387754 2.7551020408163267 1.3775510204081634 2.510204081632653 2.63265306122449 2.63265306122449 2.1122448979591835 1.316326530612245 1.530612244897959 1.8673469387755102 2.204081632653061 2.510204081632653 1.7448979591836735 2.0510204081632653 2.173469387755102 2.2653061224489797 2.142857142857143 3.0 1.989795918367347 2.2653061224489797 1.5918367346938775 2.938775510204082 2.479591836734694 1.836734693877551 2.510204081632653  
62 15.49010134173617 1.0612244897959184 1.3673469387755102 0.9591836734693877 0.8979591836734694 1.489795918367347 1.2857142857142858 1.9387755102040816 1.2040816326530612 1.4489795918367347 1.9387755102040816 1.469387755102041 1.2244897959183674 1.6326530612244898 1.4489795918367347 1.183673469387755 1.6122448979591837 1.836734693877551 0.9183673469387755 1.6734693877551021 1.7551020408163265 1.7551020408163265 1.4081632653061225 0.8775510204081632 1.0204081632653061 1.2448979591836735 1.469387755102041 1.6734693877551021 1.163265306122449 1.3673469387755102 1.4489795918367347 1.510204081632653 1.4285714285714286 2.0 1.3265306122448979 1.510204081632653 1.0612244897959184 1.9591836734693877 1.653061224489796 1.2244897959183674 1.6734693877551021  
67 66.18094126303754 1.5918367346938775 2.0510204081632653 1.4387755102040816 1.346938775510204 2.2346938775510203 1.9285714285714286 2.9081632653061225 1.8061224489795917 2.173469387755102 2.9081632653061225 2.204081632653061 1.836734693877551 2.4489795918367347 2.173469387755102 1.7755102040816326 2.4183673469387754 2.7551020408163267 1.3775510204081634 2.510204081632653 2.63265306122449 2.63265306122449 2.1122448979591835 1.316326530612245 1.530612244897959 1.8673469387755102 2.204081632653061 2.510204081632653 1.7448979591836735 2.0510204081632653 2.173469387755102 2.2653061224489797 2.142857142857143 3.0 1.989795918367347 2.2653061224489797 1.5918367346938775 2.938775510204082 2.479591836734694 1.836734693877551 2.510204081632653  
28 302.9987789608596 1.0612244897959184 1.3673469387755102 0.9591836734693877 0.8979591836734694 1.489795918367347 1.2857142857142858 1.9387755102040816 1.2040816326530612 1.4489795918367347 1.9387755102040816 1.469387755102041 1.2244897959183674 1.6326530612244898 1.4489795918367347 1.183673469387755 1.6122448979591837 1.836734693877551 0.9183673469387755 1.6734693877551021 1.7551020408163265 1.7551020408163265 1.4081632653061225 0.8775510204081632 1.0204081632653061 1.2448979591836735 1.469387755102041 1.6734693877551021 1.163265306122449 1.3673469387755102 1.4489795918367347 1.510204081632653 1.4285714285714286 2.0 1.3265306122448979 1.510204081632653 1.0612244897959184 1.9591836734693877 1.653061224489796 1.2244897959183674 1.6734693877551021  
79 54.603390818843245 1.5918367346938775 2.0510204081632653 1.4387755102040816 1.346938775510204 2.2346938775510203 1.9285714285714286 2.9081632653061225 1.8061224489795917 2.173469387755102 2.9081632653061225 2.204081632653061 1.836734693877551 2.4489795918367347 2.173469387755102 1.7755102040816326 2.4183673469387754 2.7551020408163267 1.3775510204081634 2.510204081632653 2.63265306122449 2.63265306122449 2.1122448979591835 1.316326530612245 1.530612244897959 1.8673469387755102 2.204081632653061 2.510204081632653 1.7448979591836735 2.0510204081632653 2.173469387755102 2.2653061224489797 2.142857142857143 3.0 1.989795918367347 2.2653061224489797 1.5918367346938775 2.938775510204082 2.479591836734694 1.836734693877551 2.510204081632653  
96 9.577968245577585 1.5918367346938775 2.0510204081632653 1.4387755102040816 1.346938775510204 2.2346938775510203 1.9285714285714286 2.9081632653061225 1.8061224489795917 2.173469387755102 2.9081632653061225 2.204081632653061 1.836734693877551 2.4489795918367347 2.173469387755102 1.7755102040816326 2.4183673469387754 2.7551020408163267 1.3775510204081634 2.510204081632653 2.63265306122449 2.63265306122449 2.1122448979591835 1.316326530612245 1.530612244897959 1.8673469387755102 2.204081632653061 2.510204081632653 1.7448979591836735 2.0510204081632653 2.173469387755102 2.2653061224489797 2.142857142857143 3.0 1.989795918367347 2.2653061224489797 1.5918367346938775 2.938775510204082 2.479591836734694 1.836734693877551 2.510204081632653  
36 10.14594928880643 1.5918367346938775 2.0510204081632653 1.4387755102040816 1.346938775510204 2.2346938775510203 1.9285714285714286 2.9081632653061225 1.8061224489795917 2.173469387755102 2.9081632653061225 2.204081632653061 1.836734693877551 2.4489795918367347 2.173469387755102 1.7755102040816326 2.4183673469387754 2.7551020408163267 1.3775510204081634 2.510204081632653 2.63265306122449 2.63265306122449 2.1122448979591835 1.316326530612245 1.530612244897959 1.8673469387755102 2.204081632653061 2.510204081632653 1.7448979591836735 2.0510204081632653 2.173469387755102 2.2653061224489797 2.142857142857143 3.0 1.989795918367347 2.2653061224489797 1.5918367346938775 2.938775510204082 2.479591836734694 1.836734693877551 2.510204081632653  
68 78.5148035281535 1.5918367346938775 2.0510204081632653 1.4387755102040816 1.346938775510204 2.2346938775510203 1.9285714285714286 2.9081632653061225 1.8061224489795917 2.173469387755102 2.9081632653061225 2.204081632653061 1.836734693877551 2.4489795918367347 2.173469387755102 1.7755102040816326 2.4183673469387754 2.7551020408163267 1.3775510204081634 2.510204081632653 2.63265306122449 2.63265306122449 2.1122448979591835 1.316326530612245 1.530612244897959 1.8673469387755102 2.204081632653061 2.510204081632653 1.7448979591836735 2.0510204081632653 2.173469387755102 2.2653061224489797 2.142857142857143 3.0 1.989795918367347 2.2653061224489797 1.5918367346938775 2.938775510204082 2.479591836734694 1.836734693877551 2.510204081632653  
78 16.01000159261028 1.5918367346938775 2.0510204081632653 1.4387755102040816 1.346938775510204 2.2346938775510203 1.9285714285714286 2.9081632653061225 1.8061224489795917 2.173469387755102 2.9081632653061225 2.204081632653061 1.836734693877551 2.4489795918367347 2.173469387755102 1.7755102040816326 2.4183673469387754 2.7551020408163267 1.3775510204081634 2.510204081632653 2.63265306122449 2.63265306122449 2.1122448979591835 1.316326530612245 1.530612244897959 1.8673469387755102 2.204081632653061 2.510204081632653 1.7448979591836735 2.0510204081632653 2.173469387755102 2.2653061224489797 2.142857142857143 3.0 1.989795918367347 2.2653061224489797 1.5918367346938775 2.938775510204082 2.479591836734694 1.836734693877551 2.510204081632653  
80 162.62842379612562 1.0612244897959184 1.3673469387755102 0.9591836734693877 0.8979591836734694 1.489795918367347 1.2857142857142858 1.9387755102040816 1.2040816326530612 1.4489795918367347 1.9387755102040816 1.469387755102041 1.2244897959183674 1.6326530612244898 1.4489795918367347 1.183673469387755 1.6122448979591837 1.836734693877551 0.9183673469387755 1.6734693877551021 1.7551020408163265 1.7551020408163265 1.4081632653061225 0.8775510204081632 1.0204081632653061 1.2448979591836735 1.469387755102041 1.6734693877551021 1.163265306122449 1.3673469387755102 1.4489795918367347 1.510204081632653 1.4285714285714286 2.0 1.3265306122448979 1.510204081632653 1.0612244897959184 1.9591836734693877 1.653061224489796 1.2244897959183674 1.6734693877551021  
92 23.64490948921941 1.0612244897959184 1.3673469387755102 0.9591836734693877 0.8979591836734694 1.489795918367347 1.2857142857142858 1.9387755102040816 1.2040816326530612 1.4489795918367347 1.9387755102040816 1.469387755102041 1.2244897959183674 1.6326530612244898 1.4489795918367347 1.183673469387755 1.6122448979591837 1.836734693877551 0.9183673469387755 1.6734693877551021 1.7551020408163265 1.7551020408163265 1.4081632653061225 0.8775510204081632 1.0204081632653061 1.2448979591836735 1.469387755102041 1.6734693877551021 1.163265306122449 1.3673469387755102 1.4489795918367347 1.510204081632653 1.4285714285714286 2.0 1.3265306122448979 1.510204081632653 1.0612244897959184 1.9591836734693877 1.653061224489796 1.2244897959183674 1.6734693877551021  
91 19.047902494331062 1.0612244897959184 1.3673469387755102 0.9591836734693877 0.8979591836734694 1.489795918367347 1.2857142857142858 1.9387755102040816 1.2040816326530612 1.4489795918367347 1.9387755102040816 1.469387755102041 1.2244897959183674 1.6326530612244898 1.4489795918367347 1.183673469387755 1.6122448979591837 1.836734693877551 0.9183673469387755 1.6734693877551021 1.7551020408163265 1.7551020408163265 1.4081632653061225 0.8775510204081632 1.0204081632653061 1.2448979591836735 1.469387755102041 1.6734693877551021 1.163265306122449 1.3673469387755102 1.4489795918367347 1.510204081632653 1.4285714285714286 2.0 1.3265306122448979 1.510204081632653 1.0612244897959184 1.9591836734693877 1.653061224489796 1.2244897959183674 1.6734693877551021  
52 71.70653456043713 1.0612244897959184 1.3673469387755102 0.9591836734693877 0.8979591836734694 1.489795918367347 1.2857142857142858 1.9387755102040816 1.2040816326530612 1.4489795918367347 1.9387755102040816 1.469387755102041 1.2244897959183674 1.6326530612244898 1.4489795918367347 1.183673469387755 1.6122448979591837 1.836734693877551 0.9183673469387755 1.6734693877551021 1.7551020408163265 1.7551020408163265 1.4081632653061225 0.8775510204081632 1.0204081632653061 1.2448979591836735 1.469387755102041 1.6734693877551021 1.163265306122449 1.3673469387755102 1.4489795918367347 1.510204081632653 1.4285714285714286 2.0 1.3265306122448979 1.510204081632653 1.0612244897959184 1.9591836734693877 1.653061224489796 1.2244897959183674 1.6734693877551021  
72 86.1361932415987 1.5918367346938775 2.0510204081632653 1.4387755102040816 1.346938775510204 2.2346938775510203 1.9285714285714286 2.9081632653061225 1.8061224489795917 2.173469387755102 2.9081632653061225 2.204081632653061 1.836734693877551 2.4489795918367347 2.173469387755102 1.7755102040816326 2.4183673469387754 2.7551020408163267 1.3775510204081634 2.510204081632653 2.63265306122449 2.63265306122449 2.1122448979591835 1.316326530612245 1.530612244897959 1.8673469387755102 2.204081632653061 2.510204081632653 1.7448979591836735 2.0510204081632653 2.173469387755102 2.2653061224489797 2.142857142857143 3.0 1.989795918367347 2.2653061224489797 1.5918367346938775 2.938775510204082 2.479591836734694 1.836734693877551 2.510204081632653  
12 121.99681818181824 1.5918367346938775 2.0510204081632653 1.4387755102040816 1.346938775510204 2.2346938775510203 1.9285714285714286 2.9081632653061225 1.8061224489795917 2.173469387755102 2.9081632653061225 2.204081632653061 1.836734693877551 2.4489795918367347 2.173469387755102 1.7755102040816326 2.4183673469387754 2.7551020408163267 1.3775510204081634 2.510204081632653 2.63265306122449 2.63265306122449 2.1122448979591835 1.316326530612245 1.530612244897959 1.8673469387755102 2.204081632653061 2.510204081632653 1.7448979591836735 2.0510204081632653 2.173469387755102 2.2653061224489797 2.142857142857143 3.0 1.989795918367347 2.2653061224489797 1.5918367346938775 2.938775510204082 2.479591836734694 1.836734693877551 2.510204081632653  
18 72.06907752050488 1.0612244897959184 1.3673469387755102 0.9591836734693877 0.8979591836734694 1.489795918367347 1.2857142857142858 1.9387755102040816 1.2040816326530612 1.4489795918367347 1.9387755102040816 1.469387755102041 1.2244897959183674 1.6326530612244898 1.4489795918367347 1.183673469387755 1.6122448979591837 1.836734693877551 0.9183673469387755 1.6734693877551021 1.7551020408163265 1.7551020408163265 1.4081632653061225 0.8775510204081632 1.0204081632653061 1.2448979591836735 1.469387755102041 1.6734693877551021 1.163265306122449 1.3673469387755102 1.4489795918367347 1.510204081632653 1.4285714285714286 2.0 1.3265306122448979 1.510204081632653 1.0612244897959184 1.9591836734693877 1.653061224489796 1.2244897959183674 1.6734693877551021  
70 107.95745433930048 1.0612244897959184 1.3673469387755102 0.9591836734693877 0.8979591836734694 1.489795918367347 1.2857142857142858 1.9387755102040816 1.2040816326530612 1.4489795918367347 1.9387755102040816 1.469387755102041 1.2244897959183674 1.6326530612244898 1.4489795918367347 1.183673469387755 1.6122448979591837 1.836734693877551 0.9183673469387755 1.6734693877551021 1.7551020408163265 1.7551020408163265 1.4081632653061225 0.8775510204081632 1.0204081632653061 1.2448979591836735 1.469387755102041 1.6734693877551021 1.163265306122449 1.3673469387755102 1.4489795918367347 1.510204081632653 1.4285714285714286 2.0 1.3265306122448979 1.510204081632653 1.0612244897959184 1.9591836734693877 1.653061224489796 1.2244897959183674 1.6734693877551021  
71 227.44888939557524 1.5918367346938775 2.0510204081632653 1.4387755102040816 1.346938775510204 2.2346938775510203 1.9285714285714286 2.9081632653061225 1.8061224489795917 2.173469387755102 2.9081632653061225 2.204081632653061 1.836734693877551 2.4489795918367347 2.173469387755102 1.7755102040816326 2.4183673469387754 2.7551020408163267 1.3775510204081634 2.510204081632653 2.63265306122449 2.63265306122449 2.1122448979591835 1.316326530612245 1.530612244897959 1.8673469387755102 2.204081632653061 2.510204081632653 1.7448979591836735 2.0510204081632653 2.173469387755102 2.2653061224489797 2.142857142857143 3.0 1.989795918367347 2.2653061224489797 1.5918367346938775 2.938775510204082 2.479591836734694 1.836734693877551 2.510204081632653  
15 33.163002473716745 1.5918367346938775 2.0510204081632653 1.4387755102040816 1.346938775510204 2.2346938775510203 1.9285714285714286 2.9081632653061225 1.8061224489795917 2.173469387755102 2.9081632653061225 2.204081632653061 1.836734693877551 2.4489795918367347 2.173469387755102 1.7755102040816326 2.4183673469387754 2.7551020408163267 1.3775510204081634 2.510204081632653 2.63265306122449 2.63265306122449 2.1122448979591835 1.316326530612245 1.530612244897959 1.8673469387755102 2.204081632653061 2.510204081632653 1.7448979591836735 2.0510204081632653 2.173469387755102 2.2653061224489797 2.142857142857143 3.0 1.989795918367347 2.2653061224489797 1.5918367346938775 2.938775510204082 2.479591836734694 1.836734693877551 2.510204081632653  
9 66.0027844386468 1.0612244897959184 1.3673469387755102 0.9591836734693877 0.8979591836734694 1.489795918367347 1.2857142857142858 1.9387755102040816 1.2040816326530612 1.4489795918367347 1.9387755102040816 1.469387755102041 1.2244897959183674 1.6326530612244898 1.4489795918367347 1.183673469387755 1.6122448979591837 1.836734693877551 0.9183673469387755 1.6734693877551021 1.7551020408163265 1.7551020408163265 1.4081632653061225 0.8775510204081632 1.0204081632653061 1.2448979591836735 1.469387755102041 1.6734693877551021 1.163265306122449 1.3673469387755102 1.4489795918367347 1.510204081632653 1.4285714285714286 2.0 1.3265306122448979 1.510204081632653 1.0612244897959184 1.9591836734693877 1.653061224489796 1.2244897959183674 1.6734693877551021  
41 32.06892967838022 1.5918367346938775 2.0510204081632653 1.4387755102040816 1.346938775510204 2.2346938775510203 1.9285714285714286 2.9081632653061225 1.8061224489795917 2.173469387755102 2.9081632653061225 2.204081632653061 1.836734693877551 2.4489795918367347 2.173469387755102 1.7755102040816326 2.4183673469387754 2.7551020408163267 1.3775510204081634 2.510204081632653 2.63265306122449 2.63265306122449 2.1122448979591835 1.316326530612245 1.530612244897959 1.8673469387755102 2.204081632653061 2.510204081632653 1.7448979591836735 2.0510204081632653 2.173469387755102 2.2653061224489797 2.142857142857143 3.0 1.989795918367347 2.2653061224489797 1.5918367346938775 2.938775510204082 2.479591836734694 1.836734693877551 2.510204081632653  
3 66.91055110292456 1.0612244897959184 1.3673469387755102 0.9591836734693877 0.8979591836734694 1.489795918367347 1.2857142857142858 1.9387755102040816 1.2040816326530612 1.4489795918367347 1.9387755102040816 1.469387755102041 1.2244897959183674 1.6326530612244898 1.4489795918367347 1.183673469387755 1.6122448979591837 1.836734693877551 0.9183673469387755 1.6734693877551021 1.7551020408163265 1.7551020408163265 1.4081632653061225 0.8775510204081632 1.0204081632653061 1.2448979591836735 1.469387755102041 1.6734693877551021 1.163265306122449 1.3673469387755102 1.4489795918367347 1.510204081632653 1.4285714285714286 2.0 1.3265306122448979 1.510204081632653 1.0612244897959184 1.9591836734693877 1.653061224489796 1.2244897959183674 1.6734693877551021  
37 23.396209556993526 1.5918367346938775 2.0510204081632653 1.4387755102040816 1.346938775510204 2.2346938775510203 1.9285714285714286 2.9081632653061225 1.8061224489795917 2.173469387755102 2.9081632653061225 2.204081632653061 1.836734693877551 2.4489795918367347 2.173469387755102 1.7755102040816326 2.4183673469387754 2.7551020408163267 1.3775510204081634 2.510204081632653 2.63265306122449 2.63265306122449 2.1122448979591835 1.316326530612245 1.530612244897959 1.8673469387755102 2.204081632653061 2.510204081632653 1.7448979591836735 2.0510204081632653 2.173469387755102 2.2653061224489797 2.142857142857143 3.0 1.989795918367347 2.2653061224489797 1.5918367346938775 2.938775510204082 2.479591836734694 1.836734693877551 2.510204081632653  
30 84.2631650512628 1.5918367346938775 2.0510204081632653 1.4387755102040816 1.346938775510204 2.2346938775510203 1.9285714285714286 2.9081632653061225 1.8061224489795917 2.173469387755102 2.9081632653061225 2.204081632653061 1.836734693877551 2.4489795918367347 2.173469387755102 1.7755102040816326 2.4183673469387754 2.7551020408163267 1.3775510204081634 2.510204081632653 2.63265306122449 2.63265306122449 2.1122448979591835 1.316326530612245 1.530612244897959 1.8673469387755102 2.204081632653061 2.510204081632653 1.7448979591836735 2.0510204081632653 2.173469387755102 2.2653061224489797 2.142857142857143 3.0 1.989795918367347 2.2653061224489797 1.5918367346938775 2.938775510204082 2.479591836734694 1.836734693877551 2.510204081632653  
11 38.55925550463324 1.5918367346938775 2.0510204081632653 1.4387755102040816 1.346938775510204 2.2346938775510203 1.9285714285714286 2.9081632653061225 1.8061224489795917 2.173469387755102 2.9081632653061225 2.204081632653061 1.836734693877551 2.4489795918367347 2.173469387755102 1.7755102040816326 2.4183673469387754 2.7551020408163267 1.3775510204081634 2.510204081632653 2.63265306122449 2.63265306122449 2.1122448979591835 1.316326530612245 1.530612244897959 1.8673469387755102 2.204081632653061 2.510204081632653 1.7448979591836735 2.0510204081632653 2.173469387755102 2.2653061224489797 2.142857142857143 3.0 1.989795918367347 2.2653061224489797 1.5918367346938775 2.938775510204082 2.479591836734694 1.836734693877551 2.510204081632653  
88 99.40864089326827 1.0612244897959184 1.3673469387755102 0.9591836734693877 0.8979591836734694 1.489795918367347 1.2857142857142858 1.9387755102040816 1.2040816326530612 1.4489795918367347 1.9387755102040816 1.469387755102041 1.2244897959183674 1.6326530612244898 1.4489795918367347 1.183673469387755 1.6122448979591837 1.836734693877551 0.9183673469387755 1.6734693877551021 1.7551020408163265 1.7551020408163265 1.4081632653061225 0.8775510204081632 1.0204081632653061 1.2448979591836735 1.469387755102041 1.6734693877551021 1.163265306122449 1.3673469387755102 1.4489795918367347 1.510204081632653 1.4285714285714286 2.0 1.3265306122448979 1.510204081632653 1.0612244897959184 1.9591836734693877 1.653061224489796 1.2244897959183674 1.6734693877551021  
97 10.752093584890018 1.5918367346938775 2.0510204081632653 1.4387755102040816 1.346938775510204 2.2346938775510203 1.9285714285714286 2.9081632653061225 1.8061224489795917 2.173469387755102 2.9081632653061225 2.204081632653061 1.836734693877551 2.4489795918367347 2.173469387755102 1.7755102040816326 2.4183673469387754 2.7551020408163267 1.3775510204081634 2.510204081632653 2.63265306122449 2.63265306122449 2.1122448979591835 1.316326530612245 1.530612244897959 1.8673469387755102 2.204081632653061 2.510204081632653 1.7448979591836735 2.0510204081632653 2.173469387755102 2.2653061224489797 2.142857142857143 3.0 1.989795918367347 2.2653061224489797 1.5918367346938775 2.938775510204082 2.479591836734694 1.836734693877551 2.510204081632653  
34 282.3568316325588 1.5918367346938775 2.0510204081632653 1.4387755102040816 1.346938775510204 2.2346938775510203 1.9285714285714286 2.9081632653061225 1.8061224489795917 2.173469387755102 2.9081632653061225 2.204081632653061 1.836734693877551 2.4489795918367347 2.173469387755102 1.7755102040816326 2.4183673469387754 2.7551020408163267 1.3775510204081634 2.510204081632653 2.63265306122449 2.63265306122449 2.1122448979591835 1.316326530612245 1.530612244897959 1.8673469387755102 2.204081632653061 2.510204081632653 1.7448979591836735 2.0510204081632653 2.173469387755102 2.2653061224489797 2.142857142857143 3.0 1.989795918367347 2.2653061224489797 1.5918367346938775 2.938775510204082 2.479591836734694 1.836734693877551 2.510204081632653  
82 25.746577145204142 1.0612244897959184 1.3673469387755102 0.9591836734693877 0.8979591836734694 1.489795918367347 1.2857142857142858 1.9387755102040816 1.2040816326530612 1.4489795918367347 1.9387755102040816 1.469387755102041 1.2244897959183674 1.6326530612244898 1.4489795918367347 1.183673469387755 1.6122448979591837 1.836734693877551 0.9183673469387755 1.6734693877551021 1.7551020408163265 1.7551020408163265 1.4081632653061225 0.8775510204081632 1.0204081632653061 1.2448979591836735 1.469387755102041 1.6734693877551021 1.163265306122449 1.3673469387755102 1.4489795918367347 1.510204081632653 1.4285714285714286 2.0 1.3265306122448979 1.510204081632653 1.0612244897959184 1.9591836734693877 1.653061224489796 1.2244897959183674 1.6734693877551021  
53 124.76540850790079 1.0612244897959184 1.3673469387755102 0.9591836734693877 0.8979591836734694 1.489795918367347 1.2857142857142858 1.9387755102040816 1.2040816326530612 1.4489795918367347 1.9387755102040816 1.469387755102041 1.2244897959183674 1.6326530612244898 1.4489795918367347 1.183673469387755 1.6122448979591837 1.836734693877551 0.9183673469387755 1.6734693877551021 1.7551020408163265 1.7551020408163265 1.4081632653061225 0.8775510204081632 1.0204081632653061 1.2448979591836735 1.469387755102041 1.6734693877551021 1.163265306122449 1.3673469387755102 1.4489795918367347 1.510204081632653 1.4285714285714286 2.0 1.3265306122448979 1.510204081632653 1.0612244897959184 1.9591836734693877 1.653061224489796 1.2244897959183674 1.6734693877551021  
85 37.72247197394331 1.5918367346938775 2.0510204081632653 1.4387755102040816 1.346938775510204 2.2346938775510203 1.9285714285714286 2.9081632653061225 1.8061224489795917 2.173469387755102 2.9081632653061225 2.204081632653061 1.836734693877551 2.4489795918367347 2.173469387755102 1.7755102040816326 2.4183673469387754 2.7551020408163267 1.3775510204081634 2.510204081632653 2.63265306122449 2.63265306122449 2.1122448979591835 1.316326530612245 1.530612244897959 1.8673469387755102 2.204081632653061 2.510204081632653 1.7448979591836735 2.0510204081632653 2.173469387755102 2.2653061224489797 2.142857142857143 3.0 1.989795918367347 2.2653061224489797 1.5918367346938775 2.938775510204082 2.479591836734694 1.836734693877551 2.510204081632653  
83 65.47672933127473 1.5918367346938775 2.0510204081632653 1.4387755102040816 1.346938775510204 2.2346938775510203 1.9285714285714286 2.9081632653061225 1.8061224489795917 2.173469387755102 2.9081632653061225 2.204081632653061 1.836734693877551 2.4489795918367347 2.173469387755102 1.7755102040816326 2.4183673469387754 2.7551020408163267 1.3775510204081634 2.510204081632653 2.63265306122449 2.63265306122449 2.1122448979591835 1.316326530612245 1.530612244897959 1.8673469387755102 2.204081632653061 2.510204081632653 1.7448979591836735 2.0510204081632653 2.173469387755102 2.2653061224489797 2.142857142857143 3.0 1.989795918367347 2.2653061224489797 1.5918367346938775 2.938775510204082 2.479591836734694 1.836734693877551 2.510204081632653  
21 237.2727653989389 1.5918367346938775 2.0510204081632653 1.4387755102040816 1.346938775510204 2.2346938775510203 1.9285714285714286 2.9081632653061225 1.8061224489795917 2.173469387755102 2.9081632653061225 2.204081632653061 1.836734693877551 2.4489795918367347 2.173469387755102 1.7755102040816326 2.4183673469387754 2.7551020408163267 1.3775510204081634 2.510204081632653 2.63265306122449 2.63265306122449 2.1122448979591835 1.316326530612245 1.530612244897959 1.8673469387755102 2.204081632653061 2.510204081632653 1.7448979591836735 2.0510204081632653 2.173469387755102 2.2653061224489797 2.142857142857143 3.0 1.989795918367347 2.2653061224489797 1.5918367346938775 2.938775510204082 2.479591836734694 1.836734693877551 2.510204081632653  
84 43.976480213626935 1.5918367346938775 2.0510204081632653 1.4387755102040816 1.346938775510204 2.2346938775510203 1.9285714285714286 2.9081632653061225 1.8061224489795917 2.173469387755102 2.9081632653061225 2.204081632653061 1.836734693877551 2.4489795918367347 2.173469387755102 1.7755102040816326 2.4183673469387754 2.7551020408163267 1.3775510204081634 2.510204081632653 2.63265306122449 2.63265306122449 2.1122448979591835 1.316326530612245 1.530612244897959 1.8673469387755102 2.204081632653061 2.510204081632653 1.7448979591836735 2.0510204081632653 2.173469387755102 2.2653061224489797 2.142857142857143 3.0 1.989795918367347 2.2653061224489797 1.5918367346938775 2.938775510204082 2.479591836734694 1.836734693877551 2.510204081632653  
39 114.55933333333331 1.0612244897959184 1.3673469387755102 0.9591836734693877 0.8979591836734694 1.489795918367347 1.2857142857142858 1.9387755102040816 1.2040816326530612 1.4489795918367347 1.9387755102040816 1.469387755102041 1.2244897959183674 1.6326530612244898 1.4489795918367347 1.183673469387755 1.6122448979591837 1.836734693877551 0.9183673469387755 1.6734693877551021 1.7551020408163265 1.7551020408163265 1.4081632653061225 0.8775510204081632 1.0204081632653061 1.2448979591836735 1.469387755102041 1.6734693877551021 1.163265306122449 1.3673469387755102 1.4489795918367347 1.510204081632653 1.4285714285714286 2.0 1.3265306122448979 1.510204081632653 1.0612244897959184 1.9591836734693877 1.653061224489796 1.2244897959183674 1.6734693877551021  
45 45.0 1.5918367346938775 2.0510204081632653 1.4387755102040816 1.346938775510204 2.2346938775510203 1.9285714285714286 2.9081632653061225 1.8061224489795917 2.173469387755102 2.9081632653061225 2.204081632653061 1.836734693877551 2.4489795918367347 2.173469387755102 1.7755102040816326 2.4183673469387754 2.7551020408163267 1.3775510204081634 2.510204081632653 2.63265306122449 2.63265306122449 2.1122448979591835 1.316326530612245 1.530612244897959 1.8673469387755102 2.204081632653061 2.510204081632653 1.7448979591836735 2.0510204081632653 2.173469387755102 2.2653061224489797 2.142857142857143 3.0 1.989795918367347 2.2653061224489797 1.5918367346938775 2.938775510204082 2.479591836734694 1.836734693877551 2.510204081632653  
5 97.47989294085201 1.0612244897959184 1.3673469387755102 0.9591836734693877 0.8979591836734694 1.489795918367347 1.2857142857142858 1.9387755102040816 1.2040816326530612 1.4489795918367347 1.9387755102040816 1.469387755102041 1.2244897959183674 1.6326530612244898 1.4489795918367347 1.183673469387755 1.6122448979591837 1.836734693877551 0.9183673469387755 1.6734693877551021 1.7551020408163265 1.7551020408163265 1.4081632653061225 0.8775510204081632 1.0204081632653061 1.2448979591836735 1.469387755102041 1.6734693877551021 1.163265306122449 1.3673469387755102 1.4489795918367347 1.510204081632653 1.4285714285714286 2.0 1.3265306122448979 1.510204081632653 1.0612244897959184 1.9591836734693877 1.653061224489796 1.2244897959183674 1.6734693877551021  
4 123.49780090661544 1.0612244897959184 1.3673469387755102 0.9591836734693877 0.8979591836734694 1.489795918367347 1.2857142857142858 1.9387755102040816 1.2040816326530612 1.4489795918367347 1.9387755102040816 1.469387755102041 1.2244897959183674 1.6326530612244898 1.4489795918367347 1.183673469387755 1.6122448979591837 1.836734693877551 0.9183673469387755 1.6734693877551021 1.7551020408163265 1.7551020408163265 1.4081632653061225 0.8775510204081632 1.0204081632653061 1.2448979591836735 1.469387755102041 1.6734693877551021 1.163265306122449 1.3673469387755102 1.4489795918367347 1.510204081632653 1.4285714285714286 2.0 1.3265306122448979 1.510204081632653 1.0612244897959184 1.9591836734693877 1.653061224489796 1.2244897959183674 1.6734693877551021  
56 41.0 1.5918367346938775 2.0510204081632653 1.4387755102040816 1.346938775510204 2.2346938775510203 1.9285714285714286 2.9081632653061225 1.8061224489795917 2.173469387755102 2.9081632653061225 2.204081632653061 1.836734693877551 2.4489795918367347 2.173469387755102 1.7755102040816326 2.4183673469387754 2.7551020408163267 1.3775510204081634 2.510204081632653 2.63265306122449 2.63265306122449 2.1122448979591835 1.316326530612245 1.530612244897959 1.8673469387755102 2.204081632653061 2.510204081632653 1.7448979591836735 2.0510204081632653 2.173469387755102 2.2653061224489797 2.142857142857143 3.0 1.989795918367347 2.2653061224489797 1.5918367346938775 2.938775510204082 2.479591836734694 1.836734693877551 2.510204081632653  
29 336.25832048458255 1.0612244897959184 1.3673469387755102 0.9591836734693877 0.8979591836734694 1.489795918367347 1.2857142857142858 1.9387755102040816 1.2040816326530612 1.4489795918367347 1.9387755102040816 1.469387755102041 1.2244897959183674 1.6326530612244898 1.4489795918367347 1.183673469387755 1.6122448979591837 1.836734693877551 0.9183673469387755 1.6734693877551021 1.7551020408163265 1.7551020408163265 1.4081632653061225 0.8775510204081632 1.0204081632653061 1.2448979591836735 1.469387755102041 1.6734693877551021 1.163265306122449 1.3673469387755102 1.4489795918367347 1.510204081632653 1.4285714285714286 2.0 1.3265306122448979 1.510204081632653 1.0612244897959184 1.9591836734693877 1.653061224489796 1.2244897959183674 1.6734693877551021  
66 57.81670839742112 1.0612244897959184 1.3673469387755102 0.9591836734693877 0.8979591836734694 1.489795918367347 1.2857142857142858 1.9387755102040816 1.2040816326530612 1.4489795918367347 1.9387755102040816 1.469387755102041 1.2244897959183674 1.6326530612244898 1.4489795918367347 1.183673469387755 1.6122448979591837 1.836734693877551 0.9183673469387755 1.6734693877551021 1.7551020408163265 1.7551020408163265 1.4081632653061225 0.8775510204081632 1.0204081632653061 1.2448979591836735 1.469387755102041 1.6734693877551021 1.163265306122449 1.3673469387755102 1.4489795918367347 1.510204081632653 1.4285714285714286 2.0 1.3265306122448979 1.510204081632653 1.0612244897959184 1.9591836734693877 1.653061224489796 1.2244897959183674 1.6734693877551021  
46 26.674697116563994 1.5918367346938775 2.0510204081632653 1.4387755102040816 1.346938775510204 2.2346938775510203 1.9285714285714286 2.9081632653061225 1.8061224489795917 2.173469387755102 2.9081632653061225 2.204081632653061 1.836734693877551 2.4489795918367347 2.173469387755102 1.7755102040816326 2.4183673469387754 2.7551020408163267 1.3775510204081634 2.510204081632653 2.63265306122449 2.63265306122449 2.1122448979591835 1.316326530612245 1.530612244897959 1.8673469387755102 2.204081632653061 2.510204081632653 1.7448979591836735 2.0510204081632653 2.173469387755102 2.2653061224489797 2.142857142857143 3.0 1.989795918367347 2.2653061224489797 1.5918367346938775 2.938775510204082 2.479591836734694 1.836734693877551 2.510204081632653  
22 184.66405735542895 1.0612244897959184 1.3673469387755102 0.9591836734693877 0.8979591836734694 1.489795918367347 1.2857142857142858 1.9387755102040816 1.2040816326530612 1.4489795918367347 1.9387755102040816 1.469387755102041 1.2244897959183674 1.6326530612244898 1.4489795918367347 1.183673469387755 1.6122448979591837 1.836734693877551 0.9183673469387755 1.6734693877551021 1.7551020408163265 1.7551020408163265 1.4081632653061225 0.8775510204081632 1.0204081632653061 1.2448979591836735 1.469387755102041 1.6734693877551021 1.163265306122449 1.3673469387755102 1.4489795918367347 1.510204081632653 1.4285714285714286 2.0 1.3265306122448979 1.510204081632653 1.0612244897959184 1.9591836734693877 1.653061224489796 1.2244897959183674 1.6734693877551021  
