20 40
TREE NETWORK (nID nID Weight):
1 0 30.0 
2 1 39.0 
3 2 47.0 
12 1 33.0 
4 3 53.0 
6 3 43.0 
13 12 40.0 
5 4 43.0 
7 6 43.0 
14 1 41.0 
15 14 31.0 
9 3 55.0 
10 9 33.0 
17 14 48.0 
16 15 57.0 
11 10 31.0 
18 17 36.0 
19 0 49.0 
8 6 50.0 
PROGRAMS ASSIGNED TO NODES (nID pID1 pID2 ...):
0 1 2 3 4 5 6 7 8 9 10 11 12 13 14 15 16 17 18 19 20 21 22 23 24 25 26 27 28 29 30 31 32 33 34 35 36 37 38 39 40  
17 4 16 17 39  
1 1 2 3 4 5 6 8 9 10 11 12 13 14 15 16 17 18 19 20 21 23 25 26 27 28 29 30 31 32 33 34 35 36 37 38 40  
3 16  
14 1 2 4 6 8 9 10 12 15 16 19 22 23 30 31 32 34 35 36 37 39 40  
4 2 3 4 5 6 7 8 9 10 11 12 13 16 17 19 20 21 24 25 26 27 28 29 30 31 33 34 36 37 38 39 40  
16 1 2 4 5 6 7 8 10 11 12 14 15 17 18 23 25 26 27 28 29 30 31 32 33 34 35 36 37 38 40  
13 30  
12 1 2 3 4 5 6 7 8 9 10 11 12 13 14 15 16 17 18 19 20 21 23 24 25 26 27 29 30 31 32 33 34 35 36 37 39 40  
10 3 4 5 6 7 8 9 10 12 13 14 15 16 17 18 19 20 21 22 23 24 25 26 29 30 31 32 33 34 35 36 37 38 39  
9 3 13 19 21 22 25 26 30 34 37  
15  
11 1 4 7 8 9 10 12 13 16 17 18 19 20 21 22 23 25 26 27 28 30 31 32 33 34 35 36 37 39 40  
8 1 2 8 11 14 15 25 26 28 29 30 38 40  
19 32  
2 1 5 8 12 15 16 18 19 20 30 37 39  
6 2 3 4 6 7 9 11 12 13 15 18 19 20 21 22 23 24 25 27 28 30 31 32 35 36 37 38 39 40  
7 2 3 4 5 6 7 8 9 10 13 14 15 16 17 18 19 20 22 23 24 25 28 29 30 31 32 33 34 36 37 38 39  
5 1 2 3 4 5 7 8 10 12 13 14 15 16 18 19 20 21 23 25 26 27 28 29 32 33 34 35 37 39 40  
18 3 4 6 8 9 10 11 15 17 18 19 21 23 24 27 32 37 39 40  
SIZE OF PROGRAMS (pID SIZE):
1 96.0 
2 85.0 
3 71.0 
4 45.0 
5 45.0 
6 71.0 
7 69.0 
8 46.0 
9 41.0 
10 53.0 
11 76.0 
12 99.0 
13 40.0 
14 84.0 
15 83.0 
16 46.0 
17 40.0 
18 45.0 
19 62.0 
20 99.0 
21 64.0 
22 73.0 
23 61.0 
24 51.0 
25 68.0 
26 97.0 
27 71.0 
28 67.0 
29 70.0 
30 41.0 
31 79.0 
32 50.0 
33 59.0 
34 64.0 
35 89.0 
36 45.0 
37 41.0 
38 63.0 
39 40.0 
40 83.0 
COST_INSTALL_SERVER_AND_PROGRAMS :
0 8793.939393939396 2.909090909090909 2.5757575757575757 2.1515151515151514 1.3636363636363635 1.3636363636363635 2.1515151515151514 2.090909090909091 1.393939393939394 1.2424242424242424 1.606060606060606 2.303030303030303 3.0 1.2121212121212122 2.5454545454545454 2.515151515151515 1.393939393939394 1.2121212121212122 1.3636363636363635 1.878787878787879 3.0 1.9393939393939394 2.212121212121212 1.8484848484848484 1.5454545454545454 2.0606060606060606 2.9393939393939394 2.1515151515151514 2.0303030303030303 2.121212121212121 1.2424242424242424 2.393939393939394 1.5151515151515151 1.7878787878787878 1.9393939393939394 2.696969696969697 1.3636363636363635 1.2424242424242424 1.9090909090909092 1.2121212121212122 2.515151515151515  
17 42.43584098828 2.909090909090909 2.5757575757575757 2.1515151515151514 1.3636363636363635 1.3636363636363635 2.1515151515151514 2.090909090909091 1.393939393939394 1.2424242424242424 1.606060606060606 2.303030303030303 3.0 1.2121212121212122 2.5454545454545454 2.515151515151515 1.393939393939394 1.2121212121212122 1.3636363636363635 1.878787878787879 3.0 1.9393939393939394 2.212121212121212 1.8484848484848484 1.5454545454545454 2.0606060606060606 2.9393939393939394 2.1515151515151514 2.0303030303030303 2.121212121212121 1.2424242424242424 2.393939393939394 1.5151515151515151 1.7878787878787878 1.9393939393939394 2.696969696969697 1.3636363636363635 1.2424242424242424 1.9090909090909092 1.2121212121212122 2.515151515151515  
1 7.6418625277161745 2.909090909090909 2.5757575757575757 2.1515151515151514 1.3636363636363635 1.3636363636363635 2.1515151515151514 2.090909090909091 1.393939393939394 1.2424242424242424 1.606060606060606 2.303030303030303 3.0 1.2121212121212122 2.5454545454545454 2.515151515151515 1.393939393939394 1.2121212121212122 1.3636363636363635 1.878787878787879 3.0 1.9393939393939394 2.212121212121212 1.8484848484848484 1.5454545454545454 2.0606060606060606 2.9393939393939394 2.1515151515151514 2.0303030303030303 2.121212121212121 1.2424242424242424 2.393939393939394 1.5151515151515151 1.7878787878787878 1.9393939393939394 2.696969696969697 1.3636363636363635 1.2424242424242424 1.9090909090909092 1.2121212121212122 2.515151515151515  
3 72.32586594861638 1.9393939393939394 1.7171717171717171 1.4343434343434343 0.9090909090909091 0.9090909090909091 1.4343434343434343 1.393939393939394 0.9292929292929293 0.8282828282828283 1.0707070707070707 1.5353535353535352 2.0 0.8080808080808081 1.696969696969697 1.6767676767676767 0.9292929292929293 0.8080808080808081 0.9090909090909091 1.2525252525252526 2.0 1.292929292929293 1.4747474747474747 1.2323232323232323 1.0303030303030303 1.3737373737373737 1.9595959595959596 1.4343434343434343 1.3535353535353536 1.4141414141414141 0.8282828282828283 1.595959595959596 1.0101010101010102 1.1919191919191918 1.292929292929293 1.797979797979798 0.9090909090909091 0.8282828282828283 1.2727272727272727 0.8080808080808081 1.6767676767676767  
14 52.68710444027517 2.909090909090909 2.5757575757575757 2.1515151515151514 1.3636363636363635 1.3636363636363635 2.1515151515151514 2.090909090909091 1.393939393939394 1.2424242424242424 1.606060606060606 2.303030303030303 3.0 1.2121212121212122 2.5454545454545454 2.515151515151515 1.393939393939394 1.2121212121212122 1.3636363636363635 1.878787878787879 3.0 1.9393939393939394 2.212121212121212 1.8484848484848484 1.5454545454545454 2.0606060606060606 2.9393939393939394 2.1515151515151514 2.0303030303030303 2.121212121212121 1.2424242424242424 2.393939393939394 1.5151515151515151 1.7878787878787878 1.9393939393939394 2.696969696969697 1.3636363636363635 1.2424242424242424 1.9090909090909092 1.2121212121212122 2.515151515151515  
4 54.233638457421115 1.9393939393939394 1.7171717171717171 1.4343434343434343 0.9090909090909091 0.9090909090909091 1.4343434343434343 1.393939393939394 0.9292929292929293 0.8282828282828283 1.0707070707070707 1.5353535353535352 2.0 0.8080808080808081 1.696969696969697 1.6767676767676767 0.9292929292929293 0.8080808080808081 0.9090909090909091 1.2525252525252526 2.0 1.292929292929293 1.4747474747474747 1.2323232323232323 1.0303030303030303 1.3737373737373737 1.9595959595959596 1.4343434343434343 1.3535353535353536 1.4141414141414141 0.8282828282828283 1.595959595959596 1.0101010101010102 1.1919191919191918 1.292929292929293 1.797979797979798 0.9090909090909091 0.8282828282828283 1.2727272727272727 0.8080808080808081 1.6767676767676767  
16 144.38609257361045 2.909090909090909 2.5757575757575757 2.1515151515151514 1.3636363636363635 1.3636363636363635 2.1515151515151514 2.090909090909091 1.393939393939394 1.2424242424242424 1.606060606060606 2.303030303030303 3.0 1.2121212121212122 2.5454545454545454 2.515151515151515 1.393939393939394 1.2121212121212122 1.3636363636363635 1.878787878787879 3.0 1.9393939393939394 2.212121212121212 1.8484848484848484 1.5454545454545454 2.0606060606060606 2.9393939393939394 2.1515151515151514 2.0303030303030303 2.121212121212121 1.2424242424242424 2.393939393939394 1.5151515151515151 1.7878787878787878 1.9393939393939394 2.696969696969697 1.3636363636363635 1.2424242424242424 1.9090909090909092 1.2121212121212122 2.515151515151515  
13 0.5611616161616162 1.9393939393939394 1.7171717171717171 1.4343434343434343 0.9090909090909091 0.9090909090909091 1.4343434343434343 1.393939393939394 0.9292929292929293 0.8282828282828283 1.0707070707070707 1.5353535353535352 2.0 0.8080808080808081 1.696969696969697 1.6767676767676767 0.9292929292929293 0.8080808080808081 0.9090909090909091 1.2525252525252526 2.0 1.292929292929293 1.4747474747474747 1.2323232323232323 1.0303030303030303 1.3737373737373737 1.9595959595959596 1.4343434343434343 1.3535353535353536 1.4141414141414141 0.8282828282828283 1.595959595959596 1.0101010101010102 1.1919191919191918 1.292929292929293 1.797979797979798 0.9090909090909091 0.8282828282828283 1.2727272727272727 0.8080808080808081 1.6767676767676767  
12 82.2915789473684 2.909090909090909 2.5757575757575757 2.1515151515151514 1.3636363636363635 1.3636363636363635 2.1515151515151514 2.090909090909091 1.393939393939394 1.2424242424242424 1.606060606060606 2.303030303030303 3.0 1.2121212121212122 2.5454545454545454 2.515151515151515 1.393939393939394 1.2121212121212122 1.3636363636363635 1.878787878787879 3.0 1.9393939393939394 2.212121212121212 1.8484848484848484 1.5454545454545454 2.0606060606060606 2.9393939393939394 2.1515151515151514 2.0303030303030303 2.121212121212121 1.2424242424242424 2.393939393939394 1.5151515151515151 1.7878787878787878 1.9393939393939394 2.696969696969697 1.3636363636363635 1.2424242424242424 1.9090909090909092 1.2121212121212122 2.515151515151515  
10 99.30228902818104 1.9393939393939394 1.7171717171717171 1.4343434343434343 0.9090909090909091 0.9090909090909091 1.4343434343434343 1.393939393939394 0.9292929292929293 0.8282828282828283 1.0707070707070707 1.5353535353535352 2.0 0.8080808080808081 1.696969696969697 1.6767676767676767 0.9292929292929293 0.8080808080808081 0.9090909090909091 1.2525252525252526 2.0 1.292929292929293 1.4747474747474747 1.2323232323232323 1.0303030303030303 1.3737373737373737 1.9595959595959596 1.4343434343434343 1.3535353535353536 1.4141414141414141 0.8282828282828283 1.595959595959596 1.0101010101010102 1.1919191919191918 1.292929292929293 1.797979797979798 0.9090909090909091 0.8282828282828283 1.2727272727272727 0.8080808080808081 1.6767676767676767  
9 66.54668688649052 2.909090909090909 2.5757575757575757 2.1515151515151514 1.3636363636363635 1.3636363636363635 2.1515151515151514 2.090909090909091 1.393939393939394 1.2424242424242424 1.606060606060606 2.303030303030303 3.0 1.2121212121212122 2.5454545454545454 2.515151515151515 1.393939393939394 1.2121212121212122 1.3636363636363635 1.878787878787879 3.0 1.9393939393939394 2.212121212121212 1.8484848484848484 1.5454545454545454 2.0606060606060606 2.9393939393939394 2.1515151515151514 2.0303030303030303 2.121212121212121 1.2424242424242424 2.393939393939394 1.5151515151515151 1.7878787878787878 1.9393939393939394 2.696969696969697 1.3636363636363635 1.2424242424242424 1.9090909090909092 1.2121212121212122 2.515151515151515  
15 54.26325873901064 2.909090909090909 2.5757575757575757 2.1515151515151514 1.3636363636363635 1.3636363636363635 2.1515151515151514 2.090909090909091 1.393939393939394 1.2424242424242424 1.606060606060606 2.303030303030303 3.0 1.2121212121212122 2.5454545454545454 2.515151515151515 1.393939393939394 1.2121212121212122 1.3636363636363635 1.878787878787879 3.0 1.9393939393939394 2.212121212121212 1.8484848484848484 1.5454545454545454 2.0606060606060606 2.9393939393939394 2.1515151515151514 2.0303030303030303 2.121212121212121 1.2424242424242424 2.393939393939394 1.5151515151515151 1.7878787878787878 1.9393939393939394 2.696969696969697 1.3636363636363635 1.2424242424242424 1.9090909090909092 1.2121212121212122 2.515151515151515  
11 282.41754610710086 1.9393939393939394 1.7171717171717171 1.4343434343434343 0.9090909090909091 0.9090909090909091 1.4343434343434343 1.393939393939394 0.9292929292929293 0.8282828282828283 1.0707070707070707 1.5353535353535352 2.0 0.8080808080808081 1.696969696969697 1.6767676767676767 0.9292929292929293 0.8080808080808081 0.9090909090909091 1.2525252525252526 2.0 1.292929292929293 1.4747474747474747 1.2323232323232323 1.0303030303030303 1.3737373737373737 1.9595959595959596 1.4343434343434343 1.3535353535353536 1.4141414141414141 0.8282828282828283 1.595959595959596 1.0101010101010102 1.1919191919191918 1.292929292929293 1.797979797979798 0.9090909090909091 0.8282828282828283 1.2727272727272727 0.8080808080808081 1.6767676767676767  
8 56.18321348913332 2.909090909090909 2.5757575757575757 2.1515151515151514 1.3636363636363635 1.3636363636363635 2.1515151515151514 2.090909090909091 1.393939393939394 1.2424242424242424 1.606060606060606 2.303030303030303 3.0 1.2121212121212122 2.5454545454545454 2.515151515151515 1.393939393939394 1.2121212121212122 1.3636363636363635 1.878787878787879 3.0 1.9393939393939394 2.212121212121212 1.8484848484848484 1.5454545454545454 2.0606060606060606 2.9393939393939394 2.1515151515151514 2.0303030303030303 2.121212121212121 1.2424242424242424 2.393939393939394 1.5151515151515151 1.7878787878787878 1.9393939393939394 2.696969696969697 1.3636363636363635 1.2424242424242424 1.9090909090909092 1.2121212121212122 2.515151515151515  
19 0.007215007215007185 1.9393939393939394 1.7171717171717171 1.4343434343434343 0.9090909090909091 0.9090909090909091 1.4343434343434343 1.393939393939394 0.9292929292929293 0.8282828282828283 1.0707070707070707 1.5353535353535352 2.0 0.8080808080808081 1.696969696969697 1.6767676767676767 0.9292929292929293 0.8080808080808081 0.9090909090909091 1.2525252525252526 2.0 1.292929292929293 1.4747474747474747 1.2323232323232323 1.0303030303030303 1.3737373737373737 1.9595959595959596 1.4343434343434343 1.3535353535353536 1.4141414141414141 0.8282828282828283 1.595959595959596 1.0101010101010102 1.1919191919191918 1.292929292929293 1.797979797979798 0.9090909090909091 0.8282828282828283 1.2727272727272727 0.8080808080808081 1.6767676767676767  
2 51.56380616673298 1.9393939393939394 1.7171717171717171 1.4343434343434343 0.9090909090909091 0.9090909090909091 1.4343434343434343 1.393939393939394 0.9292929292929293 0.8282828282828283 1.0707070707070707 1.5353535353535352 2.0 0.8080808080808081 1.696969696969697 1.6767676767676767 0.9292929292929293 0.8080808080808081 0.9090909090909091 1.2525252525252526 2.0 1.292929292929293 1.4747474747474747 1.2323232323232323 1.0303030303030303 1.3737373737373737 1.9595959595959596 1.4343434343434343 1.3535353535353536 1.4141414141414141 0.8282828282828283 1.595959595959596 1.0101010101010102 1.1919191919191918 1.292929292929293 1.797979797979798 0.9090909090909091 0.8282828282828283 1.2727272727272727 0.8080808080808081 1.6767676767676767  
6 89.88460450579814 1.9393939393939394 1.7171717171717171 1.4343434343434343 0.9090909090909091 0.9090909090909091 1.4343434343434343 1.393939393939394 0.9292929292929293 0.8282828282828283 1.0707070707070707 1.5353535353535352 2.0 0.8080808080808081 1.696969696969697 1.6767676767676767 0.9292929292929293 0.8080808080808081 0.9090909090909091 1.2525252525252526 2.0 1.292929292929293 1.4747474747474747 1.2323232323232323 1.0303030303030303 1.3737373737373737 1.9595959595959596 1.4343434343434343 1.3535353535353536 1.4141414141414141 0.8282828282828283 1.595959595959596 1.0101010101010102 1.1919191919191918 1.292929292929293 1.797979797979798 0.9090909090909091 0.8282828282828283 1.2727272727272727 0.8080808080808081 1.6767676767676767  
7 218.07199316037082 1.9393939393939394 1.7171717171717171 1.4343434343434343 0.9090909090909091 0.9090909090909091 1.4343434343434343 1.393939393939394 0.9292929292929293 0.8282828282828283 1.0707070707070707 1.5353535353535352 2.0 0.8080808080808081 1.696969696969697 1.6767676767676767 0.9292929292929293 0.8080808080808081 0.9090909090909091 1.2525252525252526 2.0 1.292929292929293 1.4747474747474747 1.2323232323232323 1.0303030303030303 1.3737373737373737 1.9595959595959596 1.4343434343434343 1.3535353535353536 1.4141414141414141 0.8282828282828283 1.595959595959596 1.0101010101010102 1.1919191919191918 1.292929292929293 1.797979797979798 0.9090909090909091 0.8282828282828283 1.2727272727272727 0.8080808080808081 1.6767676767676767  
5 217.97188468298373 1.9393939393939394 1.7171717171717171 1.4343434343434343 0.9090909090909091 0.9090909090909091 1.4343434343434343 1.393939393939394 0.9292929292929293 0.8282828282828283 1.0707070707070707 1.5353535353535352 2.0 0.8080808080808081 1.696969696969697 1.6767676767676767 0.9292929292929293 0.8080808080808081 0.9090909090909091 1.2525252525252526 2.0 1.292929292929293 1.4747474747474747 1.2323232323232323 1.0303030303030303 1.3737373737373737 1.9595959595959596 1.4343434343434343 1.3535353535353536 1.4141414141414141 0.8282828282828283 1.595959595959596 1.0101010101010102 1.1919191919191918 1.292929292929293 1.797979797979798 0.9090909090909091 0.8282828282828283 1.2727272727272727 0.8080808080808081 1.6767676767676767  
18 75.38331116038432 1.9393939393939394 1.7171717171717171 1.4343434343434343 0.9090909090909091 0.9090909090909091 1.4343434343434343 1.393939393939394 0.9292929292929293 0.8282828282828283 1.0707070707070707 1.5353535353535352 2.0 0.8080808080808081 1.696969696969697 1.6767676767676767 0.9292929292929293 0.8080808080808081 0.9090909090909091 1.2525252525252526 2.0 1.292929292929293 1.4747474747474747 1.2323232323232323 1.0303030303030303 1.3737373737373737 1.9595959595959596 1.4343434343434343 1.3535353535353536 1.4141414141414141 0.8282828282828283 1.595959595959596 1.0101010101010102 1.1919191919191918 1.292929292929293 1.797979797979798 0.9090909090909091 0.8282828282828283 1.2727272727272727 0.8080808080808081 1.6767676767676767  
