100 20
TREE NETWORK (nID nID Weight):
1 0 55.0 
10 0 30.0 
11 10 33.0 
67 10 41.0 
68 67 31.0 
71 10 44.0 
12 11 46.0 
2 1 41.0 
85 10 51.0 
13 12 45.0 
89 0 56.0 
14 13 40.0 
29 13 43.0 
31 13 38.0 
56 11 55.0 
50 13 50.0 
15 14 34.0 
72 71 57.0 
92 0 57.0 
73 72 57.0 
58 11 31.0 
16 15 51.0 
22 15 44.0 
32 31 40.0 
33 31 47.0 
96 0 56.0 
51 13 31.0 
3 1 35.0 
35 31 33.0 
55 12 50.0 
52 51 33.0 
4 3 45.0 
34 33 51.0 
17 16 39.0 
76 72 50.0 
74 73 57.0 
19 16 56.0 
26 14 36.0 
90 89 52.0 
59 58 32.0 
78 72 44.0 
37 31 48.0 
69 68 39.0 
79 78 57.0 
60 59 41.0 
38 37 50.0 
41 37 37.0 
93 92 49.0 
86 85 30.0 
6 3 36.0 
39 38 50.0 
61 60 56.0 
40 38 35.0 
57 56 34.0 
91 90 54.0 
81 78 51.0 
75 74 37.0 
43 37 56.0 
42 41 52.0 
83 72 47.0 
97 0 42.0 
70 68 46.0 
18 17 50.0 
30 29 50.0 
77 76 58.0 
20 16 42.0 
45 31 39.0 
46 45 45.0 
94 93 37.0 
88 10 47.0 
27 26 30.0 
64 58 33.0 
7 1 42.0 
9 1 46.0 
98 97 30.0 
47 46 47.0 
24 15 40.0 
65 11 46.0 
53 51 46.0 
36 35 57.0 
87 85 59.0 
21 20 38.0 
28 27 35.0 
23 22 56.0 
84 83 57.0 
25 24 48.0 
5 4 50.0 
62 59 42.0 
54 51 59.0 
8 7 43.0 
99 97 59.0 
44 43 52.0 
48 47 36.0 
66 65 31.0 
95 94 52.0 
80 79 46.0 
82 78 40.0 
49 46 37.0 
63 59 39.0 
PROGRAMS ASSIGNED TO NODES (nID pID1 pID2 ...):
0 1 2 3 4 5 6 7 8 9 10 11 12 13 14 15 16 17 18 19 20  
99 3 4 5 7 8 10 11 12 14 15 16 17 18 19 20  
64 5 6 20  
53 1 2 3 5 7 9 13 14 20  
7 6  
1 1 13 16 18  
46  
52 5 13 14 15 16 19  
78 5 9 10 13 16 18 20  
74 1 2 3 5 7 9 12 13 15 17  
67 2 5 6 8 9 11 12 13 14 15 18 20  
13 1  
28 2 4 5 6 12 14  
77 1 2 3 4 5 7 9 13 14 15 17 18 19 20  
86 1 2 3 5 6 7 8 10 11 12 13 14 15 17 18 19  
54 2 3 4 5 6 7 8 9 10 11 12 13 14 15 16 17 18 19 20  
81 1 2 3 4 5 6 7 8 9 10 11 12 13 14 17 18  
72 1 2 3 6 7 8 9 10 11 12 14 16 17 18 19  
26 5 6 9 10 13 16 18 19  
40  
58 1 7 8 9 15 16 19  
75 5 6 9 10 13 17  
85 2 7 12 15 18 19 20  
34 6 7 11  
11 1 2 3 4 5 6 7 8 9 12 13 14 15 16 17 18  
88 4 7 8 10 11 13 14  
97 3 8 12 19  
93 1 3 4 5 6 7 8 11 13 14 16 17 18 19 20  
68 1 4 5 16 17 20  
65 1 2 3 4 5 6 7 8 9 10 11 12 14 15 16 17 18 19 20  
17 18  
80 2 9 12 15 20  
9 3 4 5 6 8 10 11 14 15 16 17 18 19 20  
61 6 10 14 18  
59 3 4 5 6 7 8 10 11 12 14 15 16 18 20  
79 1 3 5 6 8 11 13 14 16 18 19 20  
95 1 2 4 8 12 14 18 19  
35 14  
89 4 8 11 12 19  
2 5 16 20  
27 1 3 4 5 6 7 9 10 11 14 15 16 17 18 19 20  
4 1 3 5 7 8 9 10 11 14 15 16  
94 10  
14 1 11 13 16 17  
83 1 2 3 6 8 9 10 13 17 20  
69 1 2 3 6 7 9 10 12 13 15 16 17 20  
45 1 2 3 4 5 6 7 8 9 10 11 12 15 16 17 18 19 20  
73 2 3 4 5 6 9 10 12 13 15 16 17 19  
30 1 2 3 4 5 6 7 8 9 10 11 12 13 14 15 16 18 19  
37 1 2 4 6 9 10 11 12 13 14 15 17 18 19 20  
84 11  
42 1 3 4 5 7 8 10 11 12 14 16 17 18 19  
47 1 2 3 4 5 6 8 9 12 13 14 15 16 17 19 20  
3 2 9 16 17  
33 2 3 7 8 10 11 12 13 14 20  
50 5 13 16 18  
29 3 4 5 6 7 8 9 10 12 13 14 15 18 20  
87 2 3 4 7 9 11 13 14 15 16 17 18 19  
44 2 3 6 8 9 10 11 12 13 14 15 16 17 18  
71 1 2 4 5 10 11 14 15 17 18 19 20  
98 1 4 5 9 11 13 15 16 18 20  
8 1 2 3 8 11 12 13 14 15 16 17 18 19 20  
76 2 3 4 6 8 9 10 11 13 14 15 16 17 18  
57 1 4 5 6 7 8 9 10 11 12 13 14 17 18  
82 2 3 5 7 8 15 16 18 20  
6 1 2 4 6 7 11 12 14 18 19 20  
48 11 12 16  
31 6 9  
92 9 20  
20 1 3 8 11 13 16 20  
41 1 2 4 6 7 8 9 10 11 12 14 15 16 17 18 20  
38 1 2 4 5 6 8 13 14 16 18 20  
18 1 2 3 4 6 8 9 10 11 12 16 17 18 19 20  
19 1 2 4 5 6 7 8 9 11 14 15 18 19  
10 1 2 3 4 5 6 9 13 15  
66 2 3 4 6 7 8 9 10 13 14 16 17 19 20  
70 3 4 7 8 9 14 17  
24 5 13 14 16  
90 1 2 3 4 5 6 7 8 9 10 11 12 13 15 16 17 18 19 20  
16 1 2 3 4 5 6 7 8 9 10 11 12 13 14 15 17 18 19 20  
12  
32 4 6 7 8 9 10 12 15 16 17 18 19 20  
15  
23 2 3 4 5 6 9 10 11 13 15 16 17 19  
49 2 12 14 18  
5 1 2 4 5 6 7 8 9 10 13 14 15 16 17 18 19 20  
21 1 2 3 4 5 6 8 10 11 12 13 14 16 18 19 20  
56 2 4 6 8 13 19  
96 3 4 5 6 7 8 9 10 11 12 13 14 16 19  
55 2 3 5 6 7 10 11 12 13 14 16 17 18  
25 1 2 3 9 10 13  
62 1 3 4 7 8 9 10 11 12 13 16 19  
43 2 4 5 6 7 8 11 12 18  
39  
51 1 3 4 8 9 11 14 15 17  
63 1 2 3 4 5 6 7 9 10 11 12 13 14 15 16 17 18 19 20  
91 2 4 5 6 8 9 10 12 13 14 15 20  
36 1 2 4 5 6 7 8 9 12 13 14 15 16 17 18 19 20  
60 2 7 9 19 20  
22 1 3 4 5 6 8 10 11 12 14 16 17 18 19 20  
SIZE OF PROGRAMS (pID SIZE):
1 92.0 
2 62.0 
3 92.0 
4 91.0 
5 81.0 
6 93.0 
7 41.0 
8 47.0 
9 47.0 
10 74.0 
11 84.0 
12 67.0 
13 57.0 
14 73.0 
15 87.0 
16 93.0 
17 67.0 
18 65.0 
19 66.0 
20 93.0 
COST_INSTALL_SERVER_AND_PROGRAMS :
0 5748.387096774193 2.967741935483871 2.0 2.967741935483871 2.935483870967742 2.6129032258064515 3.0 1.3225806451612903 1.5161290322580645 1.5161290322580645 2.3870967741935485 2.7096774193548385 2.161290322580645 1.8387096774193548 2.3548387096774195 2.806451612903226 3.0 2.161290322580645 2.096774193548387 2.129032258064516 3.0  
99 20.503801843317977 1.978494623655914 1.3333333333333333 1.978494623655914 1.956989247311828 1.7419354838709677 2.0 0.8817204301075269 1.010752688172043 1.010752688172043 1.5913978494623655 1.8064516129032258 1.4408602150537635 1.2258064516129032 1.5698924731182795 1.8709677419354838 2.0 1.4408602150537635 1.3978494623655915 1.4193548387096775 2.0  
64 5.016363636363637 2.967741935483871 2.0 2.967741935483871 2.935483870967742 2.6129032258064515 3.0 1.3225806451612903 1.5161290322580645 1.5161290322580645 2.3870967741935485 2.7096774193548385 2.161290322580645 1.8387096774193548 2.3548387096774195 2.806451612903226 3.0 2.161290322580645 2.096774193548387 2.129032258064516 3.0  
53 90.76859903381641 2.967741935483871 2.0 2.967741935483871 2.935483870967742 2.6129032258064515 3.0 1.3225806451612903 1.5161290322580645 1.5161290322580645 2.3870967741935485 2.7096774193548385 2.161290322580645 1.8387096774193548 2.3548387096774195 2.806451612903226 3.0 2.161290322580645 2.096774193548387 2.129032258064516 3.0  
7 4.9844113950565605 2.967741935483871 2.0 2.967741935483871 2.935483870967742 2.6129032258064515 3.0 1.3225806451612903 1.5161290322580645 1.5161290322580645 2.3870967741935485 2.7096774193548385 2.161290322580645 1.8387096774193548 2.3548387096774195 2.806451612903226 3.0 2.161290322580645 2.096774193548387 2.129032258064516 3.0  
1 15.0 1.978494623655914 1.3333333333333333 1.978494623655914 1.956989247311828 1.7419354838709677 2.0 0.8817204301075269 1.010752688172043 1.010752688172043 1.5913978494623655 1.8064516129032258 1.4408602150537635 1.2258064516129032 1.5698924731182795 1.8709677419354838 2.0 1.4408602150537635 1.3978494623655915 1.4193548387096775 2.0  
46 83.29450088409786 2.967741935483871 2.0 2.967741935483871 2.935483870967742 2.6129032258064515 3.0 1.3225806451612903 1.5161290322580645 1.5161290322580645 2.3870967741935485 2.7096774193548385 2.161290322580645 1.8387096774193548 2.3548387096774195 2.806451612903226 3.0 2.161290322580645 2.096774193548387 2.129032258064516 3.0  
52 21.607076980990023 2.967741935483871 2.0 2.967741935483871 2.935483870967742 2.6129032258064515 3.0 1.3225806451612903 1.5161290322580645 1.5161290322580645 2.3870967741935485 2.7096774193548385 2.161290322580645 1.8387096774193548 2.3548387096774195 2.806451612903226 3.0 2.161290322580645 2.096774193548387 2.129032258064516 3.0  
78 63.988654333781604 1.978494623655914 1.3333333333333333 1.978494623655914 1.956989247311828 1.7419354838709677 2.0 0.8817204301075269 1.010752688172043 1.010752688172043 1.5913978494623655 1.8064516129032258 1.4408602150537635 1.2258064516129032 1.5698924731182795 1.8709677419354838 2.0 1.4408602150537635 1.3978494623655915 1.4193548387096775 2.0  
74 13.146668724597419 2.967741935483871 2.0 2.967741935483871 2.935483870967742 2.6129032258064515 3.0 1.3225806451612903 1.5161290322580645 1.5161290322580645 2.3870967741935485 2.7096774193548385 2.161290322580645 1.8387096774193548 2.3548387096774195 2.806451612903226 3.0 2.161290322580645 2.096774193548387 2.129032258064516 3.0  
67 20.369116181484408 1.978494623655914 1.3333333333333333 1.978494623655914 1.956989247311828 1.7419354838709677 2.0 0.8817204301075269 1.010752688172043 1.010752688172043 1.5913978494623655 1.8064516129032258 1.4408602150537635 1.2258064516129032 1.5698924731182795 1.8709677419354838 2.0 1.4408602150537635 1.3978494623655915 1.4193548387096775 2.0  
13 90.83235426461226 2.967741935483871 2.0 2.967741935483871 2.935483870967742 2.6129032258064515 3.0 1.3225806451612903 1.5161290322580645 1.5161290322580645 2.3870967741935485 2.7096774193548385 2.161290322580645 1.8387096774193548 2.3548387096774195 2.806451612903226 3.0 2.161290322580645 2.096774193548387 2.129032258064516 3.0  
28 81.1340465478554 2.967741935483871 2.0 2.967741935483871 2.935483870967742 2.6129032258064515 3.0 1.3225806451612903 1.5161290322580645 1.5161290322580645 2.3870967741935485 2.7096774193548385 2.161290322580645 1.8387096774193548 2.3548387096774195 2.806451612903226 3.0 2.161290322580645 2.096774193548387 2.129032258064516 3.0  
77 90.3130773551332 2.967741935483871 2.0 2.967741935483871 2.935483870967742 2.6129032258064515 3.0 1.3225806451612903 1.5161290322580645 1.5161290322580645 2.3870967741935485 2.7096774193548385 2.161290322580645 1.8387096774193548 2.3548387096774195 2.806451612903226 3.0 2.161290322580645 2.096774193548387 2.129032258064516 3.0  
86 67.35685083900735 1.978494623655914 1.3333333333333333 1.978494623655914 1.956989247311828 1.7419354838709677 2.0 0.8817204301075269 1.010752688172043 1.010752688172043 1.5913978494623655 1.8064516129032258 1.4408602150537635 1.2258064516129032 1.5698924731182795 1.8709677419354838 2.0 1.4408602150537635 1.3978494623655915 1.4193548387096775 2.0  
54 103.12480739599383 2.967741935483871 2.0 2.967741935483871 2.935483870967742 2.6129032258064515 3.0 1.3225806451612903 1.5161290322580645 1.5161290322580645 2.3870967741935485 2.7096774193548385 2.161290322580645 1.8387096774193548 2.3548387096774195 2.806451612903226 3.0 2.161290322580645 2.096774193548387 2.129032258064516 3.0  
81 84.3364112144408 1.978494623655914 1.3333333333333333 1.978494623655914 1.956989247311828 1.7419354838709677 2.0 0.8817204301075269 1.010752688172043 1.010752688172043 1.5913978494623655 1.8064516129032258 1.4408602150537635 1.2258064516129032 1.5698924731182795 1.8709677419354838 2.0 1.4408602150537635 1.3978494623655915 1.4193548387096775 2.0  
72 44.55315649828383 1.978494623655914 1.3333333333333333 1.978494623655914 1.956989247311828 1.7419354838709677 2.0 0.8817204301075269 1.010752688172043 1.010752688172043 1.5913978494623655 1.8064516129032258 1.4408602150537635 1.2258064516129032 1.5698924731182795 1.8709677419354838 2.0 1.4408602150537635 1.3978494623655915 1.4193548387096775 2.0  
26 200.82407082748938 2.967741935483871 2.0 2.967741935483871 2.935483870967742 2.6129032258064515 3.0 1.3225806451612903 1.5161290322580645 1.5161290322580645 2.3870967741935485 2.7096774193548385 2.161290322580645 1.8387096774193548 2.3548387096774195 2.806451612903226 3.0 2.161290322580645 2.096774193548387 2.129032258064516 3.0  
40 102.0 1.978494623655914 1.3333333333333333 1.978494623655914 1.956989247311828 1.7419354838709677 2.0 0.8817204301075269 1.010752688172043 1.010752688172043 1.5913978494623655 1.8064516129032258 1.4408602150537635 1.2258064516129032 1.5698924731182795 1.8709677419354838 2.0 1.4408602150537635 1.3978494623655915 1.4193548387096775 2.0  
58 63.614683237909006 1.978494623655914 1.3333333333333333 1.978494623655914 1.956989247311828 1.7419354838709677 2.0 0.8817204301075269 1.010752688172043 1.010752688172043 1.5913978494623655 1.8064516129032258 1.4408602150537635 1.2258064516129032 1.5698924731182795 1.8709677419354838 2.0 1.4408602150537635 1.3978494623655915 1.4193548387096775 2.0  
75 30.080661068538838 1.978494623655914 1.3333333333333333 1.978494623655914 1.956989247311828 1.7419354838709677 2.0 0.8817204301075269 1.010752688172043 1.010752688172043 1.5913978494623655 1.8064516129032258 1.4408602150537635 1.2258064516129032 1.5698924731182795 1.8709677419354838 2.0 1.4408602150537635 1.3978494623655915 1.4193548387096775 2.0  
85 14.787834101382492 2.967741935483871 2.0 2.967741935483871 2.935483870967742 2.6129032258064515 3.0 1.3225806451612903 1.5161290322580645 1.5161290322580645 2.3870967741935485 2.7096774193548385 2.161290322580645 1.8387096774193548 2.3548387096774195 2.806451612903226 3.0 2.161290322580645 2.096774193548387 2.129032258064516 3.0  
34 6.214738773792671 2.967741935483871 2.0 2.967741935483871 2.935483870967742 2.6129032258064515 3.0 1.3225806451612903 1.5161290322580645 1.5161290322580645 2.3870967741935485 2.7096774193548385 2.161290322580645 1.8387096774193548 2.3548387096774195 2.806451612903226 3.0 2.161290322580645 2.096774193548387 2.129032258064516 3.0  
11 12.403362658846536 1.978494623655914 1.3333333333333333 1.978494623655914 1.956989247311828 1.7419354838709677 2.0 0.8817204301075269 1.010752688172043 1.010752688172043 1.5913978494623655 1.8064516129032258 1.4408602150537635 1.2258064516129032 1.5698924731182795 1.8709677419354838 2.0 1.4408602150537635 1.3978494623655915 1.4193548387096775 2.0  
88 7.306824525280255 2.967741935483871 2.0 2.967741935483871 2.935483870967742 2.6129032258064515 3.0 1.3225806451612903 1.5161290322580645 1.5161290322580645 2.3870967741935485 2.7096774193548385 2.161290322580645 1.8387096774193548 2.3548387096774195 2.806451612903226 3.0 2.161290322580645 2.096774193548387 2.129032258064516 3.0  
97 3.3220470531166657 1.978494623655914 1.3333333333333333 1.978494623655914 1.956989247311828 1.7419354838709677 2.0 0.8817204301075269 1.010752688172043 1.010752688172043 1.5913978494623655 1.8064516129032258 1.4408602150537635 1.2258064516129032 1.5698924731182795 1.8709677419354838 2.0 1.4408602150537635 1.3978494623655915 1.4193548387096775 2.0  
93 3.528575987628525 2.967741935483871 2.0 2.967741935483871 2.935483870967742 2.6129032258064515 3.0 1.3225806451612903 1.5161290322580645 1.5161290322580645 2.3870967741935485 2.7096774193548385 2.161290322580645 1.8387096774193548 2.3548387096774195 2.806451612903226 3.0 2.161290322580645 2.096774193548387 2.129032258064516 3.0  
68 66.91509485094849 2.967741935483871 2.0 2.967741935483871 2.935483870967742 2.6129032258064515 3.0 1.3225806451612903 1.5161290322580645 1.5161290322580645 2.3870967741935485 2.7096774193548385 2.161290322580645 1.8387096774193548 2.3548387096774195 2.806451612903226 3.0 2.161290322580645 2.096774193548387 2.129032258064516 3.0  
65 56.593838849322694 2.967741935483871 2.0 2.967741935483871 2.935483870967742 2.6129032258064515 3.0 1.3225806451612903 1.5161290322580645 1.5161290322580645 2.3870967741935485 2.7096774193548385 2.161290322580645 1.8387096774193548 2.3548387096774195 2.806451612903226 3.0 2.161290322580645 2.096774193548387 2.129032258064516 3.0  
17 175.9693493410372 2.967741935483871 2.0 2.967741935483871 2.935483870967742 2.6129032258064515 3.0 1.3225806451612903 1.5161290322580645 1.5161290322580645 2.3870967741935485 2.7096774193548385 2.161290322580645 1.8387096774193548 2.3548387096774195 2.806451612903226 3.0 2.161290322580645 2.096774193548387 2.129032258064516 3.0  
80 28.43605056246379 1.978494623655914 1.3333333333333333 1.978494623655914 1.956989247311828 1.7419354838709677 2.0 0.8817204301075269 1.010752688172043 1.010752688172043 1.5913978494623655 1.8064516129032258 1.4408602150537635 1.2258064516129032 1.5698924731182795 1.8709677419354838 2.0 1.4408602150537635 1.3978494623655915 1.4193548387096775 2.0  
9 23.08330599118817 1.978494623655914 1.3333333333333333 1.978494623655914 1.956989247311828 1.7419354838709677 2.0 0.8817204301075269 1.010752688172043 1.010752688172043 1.5913978494623655 1.8064516129032258 1.4408602150537635 1.2258064516129032 1.5698924731182795 1.8709677419354838 2.0 1.4408602150537635 1.3978494623655915 1.4193548387096775 2.0  
61 45.1053637632365 1.978494623655914 1.3333333333333333 1.978494623655914 1.956989247311828 1.7419354838709677 2.0 0.8817204301075269 1.010752688172043 1.010752688172043 1.5913978494623655 1.8064516129032258 1.4408602150537635 1.2258064516129032 1.5698924731182795 1.8709677419354838 2.0 1.4408602150537635 1.3978494623655915 1.4193548387096775 2.0  
59 54.53887445887444 2.967741935483871 2.0 2.967741935483871 2.935483870967742 2.6129032258064515 3.0 1.3225806451612903 1.5161290322580645 1.5161290322580645 2.3870967741935485 2.7096774193548385 2.161290322580645 1.8387096774193548 2.3548387096774195 2.806451612903226 3.0 2.161290322580645 2.096774193548387 2.129032258064516 3.0  
79 54.72446619394786 1.978494623655914 1.3333333333333333 1.978494623655914 1.956989247311828 1.7419354838709677 2.0 0.8817204301075269 1.010752688172043 1.010752688172043 1.5913978494623655 1.8064516129032258 1.4408602150537635 1.2258064516129032 1.5698924731182795 1.8709677419354838 2.0 1.4408602150537635 1.3978494623655915 1.4193548387096775 2.0  
95 9.099638448874444 2.967741935483871 2.0 2.967741935483871 2.935483870967742 2.6129032258064515 3.0 1.3225806451612903 1.5161290322580645 1.5161290322580645 2.3870967741935485 2.7096774193548385 2.161290322580645 1.8387096774193548 2.3548387096774195 2.806451612903226 3.0 2.161290322580645 2.096774193548387 2.129032258064516 3.0  
35 130.79430459380015 2.967741935483871 2.0 2.967741935483871 2.935483870967742 2.6129032258064515 3.0 1.3225806451612903 1.5161290322580645 1.5161290322580645 2.3870967741935485 2.7096774193548385 2.161290322580645 1.8387096774193548 2.3548387096774195 2.806451612903226 3.0 2.161290322580645 2.096774193548387 2.129032258064516 3.0  
89 59.0 1.978494623655914 1.3333333333333333 1.978494623655914 1.956989247311828 1.7419354838709677 2.0 0.8817204301075269 1.010752688172043 1.010752688172043 1.5913978494623655 1.8064516129032258 1.4408602150537635 1.2258064516129032 1.5698924731182795 1.8709677419354838 2.0 1.4408602150537635 1.3978494623655915 1.4193548387096775 2.0  
2 1.2392268078106001 2.967741935483871 2.0 2.967741935483871 2.935483870967742 2.6129032258064515 3.0 1.3225806451612903 1.5161290322580645 1.5161290322580645 2.3870967741935485 2.7096774193548385 2.161290322580645 1.8387096774193548 2.3548387096774195 2.806451612903226 3.0 2.161290322580645 2.096774193548387 2.129032258064516 3.0  
27 59.51351268647202 1.978494623655914 1.3333333333333333 1.978494623655914 1.956989247311828 1.7419354838709677 2.0 0.8817204301075269 1.010752688172043 1.010752688172043 1.5913978494623655 1.8064516129032258 1.4408602150537635 1.2258064516129032 1.5698924731182795 1.8709677419354838 2.0 1.4408602150537635 1.3978494623655915 1.4193548387096775 2.0  
4 50.021610110319784 1.978494623655914 1.3333333333333333 1.978494623655914 1.956989247311828 1.7419354838709677 2.0 0.8817204301075269 1.010752688172043 1.010752688172043 1.5913978494623655 1.8064516129032258 1.4408602150537635 1.2258064516129032 1.5698924731182795 1.8709677419354838 2.0 1.4408602150537635 1.3978494623655915 1.4193548387096775 2.0  
94 22.92759448752658 2.967741935483871 2.0 2.967741935483871 2.935483870967742 2.6129032258064515 3.0 1.3225806451612903 1.5161290322580645 1.5161290322580645 2.3870967741935485 2.7096774193548385 2.161290322580645 1.8387096774193548 2.3548387096774195 2.806451612903226 3.0 2.161290322580645 2.096774193548387 2.129032258064516 3.0  
14 64.70665239181363 2.967741935483871 2.0 2.967741935483871 2.935483870967742 2.6129032258064515 3.0 1.3225806451612903 1.5161290322580645 1.5161290322580645 2.3870967741935485 2.7096774193548385 2.161290322580645 1.8387096774193548 2.3548387096774195 2.806451612903226 3.0 2.161290322580645 2.096774193548387 2.129032258064516 3.0  
83 22.769721686758867 2.967741935483871 2.0 2.967741935483871 2.935483870967742 2.6129032258064515 3.0 1.3225806451612903 1.5161290322580645 1.5161290322580645 2.3870967741935485 2.7096774193548385 2.161290322580645 1.8387096774193548 2.3548387096774195 2.806451612903226 3.0 2.161290322580645 2.096774193548387 2.129032258064516 3.0  
69 50.60148926604473 1.978494623655914 1.3333333333333333 1.978494623655914 1.956989247311828 1.7419354838709677 2.0 0.8817204301075269 1.010752688172043 1.010752688172043 1.5913978494623655 1.8064516129032258 1.4408602150537635 1.2258064516129032 1.5698924731182795 1.8709677419354838 2.0 1.4408602150537635 1.3978494623655915 1.4193548387096775 2.0  
45 46.39895600846362 2.967741935483871 2.0 2.967741935483871 2.935483870967742 2.6129032258064515 3.0 1.3225806451612903 1.5161290322580645 1.5161290322580645 2.3870967741935485 2.7096774193548385 2.161290322580645 1.8387096774193548 2.3548387096774195 2.806451612903226 3.0 2.161290322580645 2.096774193548387 2.129032258064516 3.0  
73 54.1125713844729 1.978494623655914 1.3333333333333333 1.978494623655914 1.956989247311828 1.7419354838709677 2.0 0.8817204301075269 1.010752688172043 1.010752688172043 1.5913978494623655 1.8064516129032258 1.4408602150537635 1.2258064516129032 1.5698924731182795 1.8709677419354838 2.0 1.4408602150537635 1.3978494623655915 1.4193548387096775 2.0  
30 33.94095558408705 1.978494623655914 1.3333333333333333 1.978494623655914 1.956989247311828 1.7419354838709677 2.0 0.8817204301075269 1.010752688172043 1.010752688172043 1.5913978494623655 1.8064516129032258 1.4408602150537635 1.2258064516129032 1.5698924731182795 1.8709677419354838 2.0 1.4408602150537635 1.3978494623655915 1.4193548387096775 2.0  
37 113.94302308393982 1.978494623655914 1.3333333333333333 1.978494623655914 1.956989247311828 1.7419354838709677 2.0 0.8817204301075269 1.010752688172043 1.010752688172043 1.5913978494623655 1.8064516129032258 1.4408602150537635 1.2258064516129032 1.5698924731182795 1.8709677419354838 2.0 1.4408602150537635 1.3978494623655915 1.4193548387096775 2.0  
84 1.5274483519587012 1.978494623655914 1.3333333333333333 1.978494623655914 1.956989247311828 1.7419354838709677 2.0 0.8817204301075269 1.010752688172043 1.010752688172043 1.5913978494623655 1.8064516129032258 1.4408602150537635 1.2258064516129032 1.5698924731182795 1.8709677419354838 2.0 1.4408602150537635 1.3978494623655915 1.4193548387096775 2.0  
42 151.07317998919552 2.967741935483871 2.0 2.967741935483871 2.935483870967742 2.6129032258064515 3.0 1.3225806451612903 1.5161290322580645 1.5161290322580645 2.3870967741935485 2.7096774193548385 2.161290322580645 1.8387096774193548 2.3548387096774195 2.806451612903226 3.0 2.161290322580645 2.096774193548387 2.129032258064516 3.0  
47 228.02309163889188 2.967741935483871 2.0 2.967741935483871 2.935483870967742 2.6129032258064515 3.0 1.3225806451612903 1.5161290322580645 1.5161290322580645 2.3870967741935485 2.7096774193548385 2.161290322580645 1.8387096774193548 2.3548387096774195 2.806451612903226 3.0 2.161290322580645 2.096774193548387 2.129032258064516 3.0  
3 6.299468150896712 2.967741935483871 2.0 2.967741935483871 2.935483870967742 2.6129032258064515 3.0 1.3225806451612903 1.5161290322580645 1.5161290322580645 2.3870967741935485 2.7096774193548385 2.161290322580645 1.8387096774193548 2.3548387096774195 2.806451612903226 3.0 2.161290322580645 2.096774193548387 2.129032258064516 3.0  
33 73.27259786438756 1.978494623655914 1.3333333333333333 1.978494623655914 1.956989247311828 1.7419354838709677 2.0 0.8817204301075269 1.010752688172043 1.010752688172043 1.5913978494623655 1.8064516129032258 1.4408602150537635 1.2258064516129032 1.5698924731182795 1.8709677419354838 2.0 1.4408602150537635 1.3978494623655915 1.4193548387096775 2.0  
50 5.644107385212575 2.967741935483871 2.0 2.967741935483871 2.935483870967742 2.6129032258064515 3.0 1.3225806451612903 1.5161290322580645 1.5161290322580645 2.3870967741935485 2.7096774193548385 2.161290322580645 1.8387096774193548 2.3548387096774195 2.806451612903226 3.0 2.161290322580645 2.096774193548387 2.129032258064516 3.0  
29 53.77195468168753 1.978494623655914 1.3333333333333333 1.978494623655914 1.956989247311828 1.7419354838709677 2.0 0.8817204301075269 1.010752688172043 1.010752688172043 1.5913978494623655 1.8064516129032258 1.4408602150537635 1.2258064516129032 1.5698924731182795 1.8709677419354838 2.0 1.4408602150537635 1.3978494623655915 1.4193548387096775 2.0  
87 47.3135715740643 1.978494623655914 1.3333333333333333 1.978494623655914 1.956989247311828 1.7419354838709677 2.0 0.8817204301075269 1.010752688172043 1.010752688172043 1.5913978494623655 1.8064516129032258 1.4408602150537635 1.2258064516129032 1.5698924731182795 1.8709677419354838 2.0 1.4408602150537635 1.3978494623655915 1.4193548387096775 2.0  
44 75.06487341058829 2.967741935483871 2.0 2.967741935483871 2.935483870967742 2.6129032258064515 3.0 1.3225806451612903 1.5161290322580645 1.5161290322580645 2.3870967741935485 2.7096774193548385 2.161290322580645 1.8387096774193548 2.3548387096774195 2.806451612903226 3.0 2.161290322580645 2.096774193548387 2.129032258064516 3.0  
71 18.686581948517453 2.967741935483871 2.0 2.967741935483871 2.935483870967742 2.6129032258064515 3.0 1.3225806451612903 1.5161290322580645 1.5161290322580645 2.3870967741935485 2.7096774193548385 2.161290322580645 1.8387096774193548 2.3548387096774195 2.806451612903226 3.0 2.161290322580645 2.096774193548387 2.129032258064516 3.0  
98 15.868398268398268 1.978494623655914 1.3333333333333333 1.978494623655914 1.956989247311828 1.7419354838709677 2.0 0.8817204301075269 1.010752688172043 1.010752688172043 1.5913978494623655 1.8064516129032258 1.4408602150537635 1.2258064516129032 1.5698924731182795 1.8709677419354838 2.0 1.4408602150537635 1.3978494623655915 1.4193548387096775 2.0  
8 30.47343978851855 1.978494623655914 1.3333333333333333 1.978494623655914 1.956989247311828 1.7419354838709677 2.0 0.8817204301075269 1.010752688172043 1.010752688172043 1.5913978494623655 1.8064516129032258 1.4408602150537635 1.2258064516129032 1.5698924731182795 1.8709677419354838 2.0 1.4408602150537635 1.3978494623655915 1.4193548387096775 2.0  
76 34.4766774708031 2.967741935483871 2.0 2.967741935483871 2.935483870967742 2.6129032258064515 3.0 1.3225806451612903 1.5161290322580645 1.5161290322580645 2.3870967741935485 2.7096774193548385 2.161290322580645 1.8387096774193548 2.3548387096774195 2.806451612903226 3.0 2.161290322580645 2.096774193548387 2.129032258064516 3.0  
57 17.568070841239717 1.978494623655914 1.3333333333333333 1.978494623655914 1.956989247311828 1.7419354838709677 2.0 0.8817204301075269 1.010752688172043 1.010752688172043 1.5913978494623655 1.8064516129032258 1.4408602150537635 1.2258064516129032 1.5698924731182795 1.8709677419354838 2.0 1.4408602150537635 1.3978494623655915 1.4193548387096775 2.0  
82 64.76546830786644 2.967741935483871 2.0 2.967741935483871 2.935483870967742 2.6129032258064515 3.0 1.3225806451612903 1.5161290322580645 1.5161290322580645 2.3870967741935485 2.7096774193548385 2.161290322580645 1.8387096774193548 2.3548387096774195 2.806451612903226 3.0 2.161290322580645 2.096774193548387 2.129032258064516 3.0  
6 36.12506253006252 2.967741935483871 2.0 2.967741935483871 2.935483870967742 2.6129032258064515 3.0 1.3225806451612903 1.5161290322580645 1.5161290322580645 2.3870967741935485 2.7096774193548385 2.161290322580645 1.8387096774193548 2.3548387096774195 2.806451612903226 3.0 2.161290322580645 2.096774193548387 2.129032258064516 3.0  
48 9.690365456667553 2.967741935483871 2.0 2.967741935483871 2.935483870967742 2.6129032258064515 3.0 1.3225806451612903 1.5161290322580645 1.5161290322580645 2.3870967741935485 2.7096774193548385 2.161290322580645 1.8387096774193548 2.3548387096774195 2.806451612903226 3.0 2.161290322580645 2.096774193548387 2.129032258064516 3.0  
31 136.8107972766715 2.967741935483871 2.0 2.967741935483871 2.935483870967742 2.6129032258064515 3.0 1.3225806451612903 1.5161290322580645 1.5161290322580645 2.3870967741935485 2.7096774193548385 2.161290322580645 1.8387096774193548 2.3548387096774195 2.806451612903226 3.0 2.161290322580645 2.096774193548387 2.129032258064516 3.0  
92 62.0 1.978494623655914 1.3333333333333333 1.978494623655914 1.956989247311828 1.7419354838709677 2.0 0.8817204301075269 1.010752688172043 1.010752688172043 1.5913978494623655 1.8064516129032258 1.4408602150537635 1.2258064516129032 1.5698924731182795 1.8709677419354838 2.0 1.4408602150537635 1.3978494623655915 1.4193548387096775 2.0  
20 218.23905442084725 1.978494623655914 1.3333333333333333 1.978494623655914 1.956989247311828 1.7419354838709677 2.0 0.8817204301075269 1.010752688172043 1.010752688172043 1.5913978494623655 1.8064516129032258 1.4408602150537635 1.2258064516129032 1.5698924731182795 1.8709677419354838 2.0 1.4408602150537635 1.3978494623655915 1.4193548387096775 2.0  
41 95.2041866759851 2.967741935483871 2.0 2.967741935483871 2.935483870967742 2.6129032258064515 3.0 1.3225806451612903 1.5161290322580645 1.5161290322580645 2.3870967741935485 2.7096774193548385 2.161290322580645 1.8387096774193548 2.3548387096774195 2.806451612903226 3.0 2.161290322580645 2.096774193548387 2.129032258064516 3.0  
38 134.7682578146999 2.967741935483871 2.0 2.967741935483871 2.935483870967742 2.6129032258064515 3.0 1.3225806451612903 1.5161290322580645 1.5161290322580645 2.3870967741935485 2.7096774193548385 2.161290322580645 1.8387096774193548 2.3548387096774195 2.806451612903226 3.0 2.161290322580645 2.096774193548387 2.129032258064516 3.0  
18 168.46318394089116 2.967741935483871 2.0 2.967741935483871 2.935483870967742 2.6129032258064515 3.0 1.3225806451612903 1.5161290322580645 1.5161290322580645 2.3870967741935485 2.7096774193548385 2.161290322580645 1.8387096774193548 2.3548387096774195 2.806451612903226 3.0 2.161290322580645 2.096774193548387 2.129032258064516 3.0  
19 31.06880758032313 2.967741935483871 2.0 2.967741935483871 2.935483870967742 2.6129032258064515 3.0 1.3225806451612903 1.5161290322580645 1.5161290322580645 2.3870967741935485 2.7096774193548385 2.161290322580645 1.8387096774193548 2.3548387096774195 2.806451612903226 3.0 2.161290322580645 2.096774193548387 2.129032258064516 3.0  
10 0.5426728110599088 2.967741935483871 2.0 2.967741935483871 2.935483870967742 2.6129032258064515 3.0 1.3225806451612903 1.5161290322580645 1.5161290322580645 2.3870967741935485 2.7096774193548385 2.161290322580645 1.8387096774193548 2.3548387096774195 2.806451612903226 3.0 2.161290322580645 2.096774193548387 2.129032258064516 3.0  
66 108.509492116112 1.978494623655914 1.3333333333333333 1.978494623655914 1.956989247311828 1.7419354838709677 2.0 0.8817204301075269 1.010752688172043 1.010752688172043 1.5913978494623655 1.8064516129032258 1.4408602150537635 1.2258064516129032 1.5698924731182795 1.8709677419354838 2.0 1.4408602150537635 1.3978494623655915 1.4193548387096775 2.0  
70 39.252718731114385 1.978494623655914 1.3333333333333333 1.978494623655914 1.956989247311828 1.7419354838709677 2.0 0.8817204301075269 1.010752688172043 1.010752688172043 1.5913978494623655 1.8064516129032258 1.4408602150537635 1.2258064516129032 1.5698924731182795 1.8709677419354838 2.0 1.4408602150537635 1.3978494623655915 1.4193548387096775 2.0  
24 51.91910023008734 2.967741935483871 2.0 2.967741935483871 2.935483870967742 2.6129032258064515 3.0 1.3225806451612903 1.5161290322580645 1.5161290322580645 2.3870967741935485 2.7096774193548385 2.161290322580645 1.8387096774193548 2.3548387096774195 2.806451612903226 3.0 2.161290322580645 2.096774193548387 2.129032258064516 3.0  
90 13.325590947710765 1.978494623655914 1.3333333333333333 1.978494623655914 1.956989247311828 1.7419354838709677 2.0 0.8817204301075269 1.010752688172043 1.010752688172043 1.5913978494623655 1.8064516129032258 1.4408602150537635 1.2258064516129032 1.5698924731182795 1.8709677419354838 2.0 1.4408602150537635 1.3978494623655915 1.4193548387096775 2.0  
16 260.3755743757263 1.978494623655914 1.3333333333333333 1.978494623655914 1.956989247311828 1.7419354838709677 2.0 0.8817204301075269 1.010752688172043 1.010752688172043 1.5913978494623655 1.8064516129032258 1.4408602150537635 1.2258064516129032 1.5698924731182795 1.8709677419354838 2.0 1.4408602150537635 1.3978494623655915 1.4193548387096775 2.0  
12 94.91221151608244 1.978494623655914 1.3333333333333333 1.978494623655914 1.956989247311828 1.7419354838709677 2.0 0.8817204301075269 1.010752688172043 1.010752688172043 1.5913978494623655 1.8064516129032258 1.4408602150537635 1.2258064516129032 1.5698924731182795 1.8709677419354838 2.0 1.4408602150537635 1.3978494623655915 1.4193548387096775 2.0  
32 23.583243160921974 2.967741935483871 2.0 2.967741935483871 2.935483870967742 2.6129032258064515 3.0 1.3225806451612903 1.5161290322580645 1.5161290322580645 2.3870967741935485 2.7096774193548385 2.161290322580645 1.8387096774193548 2.3548387096774195 2.806451612903226 3.0 2.161290322580645 2.096774193548387 2.129032258064516 3.0  
15 220.09794564420739 2.967741935483871 2.0 2.967741935483871 2.935483870967742 2.6129032258064515 3.0 1.3225806451612903 1.5161290322580645 1.5161290322580645 2.3870967741935485 2.7096774193548385 2.161290322580645 1.8387096774193548 2.3548387096774195 2.806451612903226 3.0 2.161290322580645 2.096774193548387 2.129032258064516 3.0  
23 45.95660749182158 2.967741935483871 2.0 2.967741935483871 2.935483870967742 2.6129032258064515 3.0 1.3225806451612903 1.5161290322580645 1.5161290322580645 2.3870967741935485 2.7096774193548385 2.161290322580645 1.8387096774193548 2.3548387096774195 2.806451612903226 3.0 2.161290322580645 2.096774193548387 2.129032258064516 3.0  
49 30.0052043709813 1.978494623655914 1.3333333333333333 1.978494623655914 1.956989247311828 1.7419354838709677 2.0 0.8817204301075269 1.010752688172043 1.010752688172043 1.5913978494623655 1.8064516129032258 1.4408602150537635 1.2258064516129032 1.5698924731182795 1.8709677419354838 2.0 1.4408602150537635 1.3978494623655915 1.4193548387096775 2.0  
5 48.79398305637015 2.967741935483871 2.0 2.967741935483871 2.935483870967742 2.6129032258064515 3.0 1.3225806451612903 1.5161290322580645 1.5161290322580645 2.3870967741935485 2.7096774193548385 2.161290322580645 1.8387096774193548 2.3548387096774195 2.806451612903226 3.0 2.161290322580645 2.096774193548387 2.129032258064516 3.0  
21 265.57263846787816 2.967741935483871 2.0 2.967741935483871 2.935483870967742 2.6129032258064515 3.0 1.3225806451612903 1.5161290322580645 1.5161290322580645 2.3870967741935485 2.7096774193548385 2.161290322580645 1.8387096774193548 2.3548387096774195 2.806451612903226 3.0 2.161290322580645 2.096774193548387 2.129032258064516 3.0  
56 30.336039330688294 2.967741935483871 2.0 2.967741935483871 2.935483870967742 2.6129032258064515 3.0 1.3225806451612903 1.5161290322580645 1.5161290322580645 2.3870967741935485 2.7096774193548385 2.161290322580645 1.8387096774193548 2.3548387096774195 2.806451612903226 3.0 2.161290322580645 2.096774193548387 2.129032258064516 3.0  
96 34.0 2.967741935483871 2.0 2.967741935483871 2.935483870967742 2.6129032258064515 3.0 1.3225806451612903 1.5161290322580645 1.5161290322580645 2.3870967741935485 2.7096774193548385 2.161290322580645 1.8387096774193548 2.3548387096774195 2.806451612903226 3.0 2.161290322580645 2.096774193548387 2.129032258064516 3.0  
55 55.714919206086094 1.978494623655914 1.3333333333333333 1.978494623655914 1.956989247311828 1.7419354838709677 2.0 0.8817204301075269 1.010752688172043 1.010752688172043 1.5913978494623655 1.8064516129032258 1.4408602150537635 1.2258064516129032 1.5698924731182795 1.8709677419354838 2.0 1.4408602150537635 1.3978494623655915 1.4193548387096775 2.0  
25 57.43126331139365 2.967741935483871 2.0 2.967741935483871 2.935483870967742 2.6129032258064515 3.0 1.3225806451612903 1.5161290322580645 1.5161290322580645 2.3870967741935485 2.7096774193548385 2.161290322580645 1.8387096774193548 2.3548387096774195 2.806451612903226 3.0 2.161290322580645 2.096774193548387 2.129032258064516 3.0  
62 72.8755650397989 1.978494623655914 1.3333333333333333 1.978494623655914 1.956989247311828 1.7419354838709677 2.0 0.8817204301075269 1.010752688172043 1.010752688172043 1.5913978494623655 1.8064516129032258 1.4408602150537635 1.2258064516129032 1.5698924731182795 1.8709677419354838 2.0 1.4408602150537635 1.3978494623655915 1.4193548387096775 2.0  
43 72.35299863828962 2.967741935483871 2.0 2.967741935483871 2.935483870967742 2.6129032258064515 3.0 1.3225806451612903 1.5161290322580645 1.5161290322580645 2.3870967741935485 2.7096774193548385 2.161290322580645 1.8387096774193548 2.3548387096774195 2.806451612903226 3.0 2.161290322580645 2.096774193548387 2.129032258064516 3.0  
39 56.0 1.978494623655914 1.3333333333333333 1.978494623655914 1.956989247311828 1.7419354838709677 2.0 0.8817204301075269 1.010752688172043 1.010752688172043 1.5913978494623655 1.8064516129032258 1.4408602150537635 1.2258064516129032 1.5698924731182795 1.8709677419354838 2.0 1.4408602150537635 1.3978494623655915 1.4193548387096775 2.0  
51 159.2793557696783 1.978494623655914 1.3333333333333333 1.978494623655914 1.956989247311828 1.7419354838709677 2.0 0.8817204301075269 1.010752688172043 1.010752688172043 1.5913978494623655 1.8064516129032258 1.4408602150537635 1.2258064516129032 1.5698924731182795 1.8709677419354838 2.0 1.4408602150537635 1.3978494623655915 1.4193548387096775 2.0  
63 74.82964414617638 1.978494623655914 1.3333333333333333 1.978494623655914 1.956989247311828 1.7419354838709677 2.0 0.8817204301075269 1.010752688172043 1.010752688172043 1.5913978494623655 1.8064516129032258 1.4408602150537635 1.2258064516129032 1.5698924731182795 1.8709677419354838 2.0 1.4408602150537635 1.3978494623655915 1.4193548387096775 2.0  
91 22.865593720680565 2.967741935483871 2.0 2.967741935483871 2.935483870967742 2.6129032258064515 3.0 1.3225806451612903 1.5161290322580645 1.5161290322580645 2.3870967741935485 2.7096774193548385 2.161290322580645 1.8387096774193548 2.3548387096774195 2.806451612903226 3.0 2.161290322580645 2.096774193548387 2.129032258064516 3.0  
36 224.11842520743133 1.978494623655914 1.3333333333333333 1.978494623655914 1.956989247311828 1.7419354838709677 2.0 0.8817204301075269 1.010752688172043 1.010752688172043 1.5913978494623655 1.8064516129032258 1.4408602150537635 1.2258064516129032 1.5698924731182795 1.8709677419354838 2.0 1.4408602150537635 1.3978494623655915 1.4193548387096775 2.0  
60 43.941502217294904 2.967741935483871 2.0 2.967741935483871 2.935483870967742 2.6129032258064515 3.0 1.3225806451612903 1.5161290322580645 1.5161290322580645 2.3870967741935485 2.7096774193548385 2.161290322580645 1.8387096774193548 2.3548387096774195 2.806451612903226 3.0 2.161290322580645 2.096774193548387 2.129032258064516 3.0  
22 175.1880757757011 1.978494623655914 1.3333333333333333 1.978494623655914 1.956989247311828 1.7419354838709677 2.0 0.8817204301075269 1.010752688172043 1.010752688172043 1.5913978494623655 1.8064516129032258 1.4408602150537635 1.2258064516129032 1.5698924731182795 1.8709677419354838 2.0 1.4408602150537635 1.3978494623655915 1.4193548387096775 2.0  
