80 20
TREE NETWORK (nID nID Weight):
1 0 47.0 
2 1 36.0 
3 2 34.0 
4 3 55.0 
5 4 52.0 
52 1 36.0 
37 2 32.0 
39 2 53.0 
18 3 34.0 
6 5 58.0 
65 0 53.0 
53 52 42.0 
7 5 34.0 
54 53 50.0 
15 4 59.0 
67 0 42.0 
68 67 31.0 
19 18 47.0 
45 2 32.0 
31 18 51.0 
73 0 52.0 
20 19 33.0 
74 73 39.0 
69 67 50.0 
40 39 55.0 
9 5 39.0 
41 40 54.0 
59 52 48.0 
46 45 35.0 
48 2 58.0 
21 20 35.0 
44 40 35.0 
49 48 34.0 
25 19 48.0 
10 9 34.0 
12 9 45.0 
36 3 53.0 
32 31 40.0 
47 46 57.0 
60 1 46.0 
13 12 53.0 
55 54 32.0 
27 19 49.0 
56 54 43.0 
38 37 48.0 
33 31 58.0 
70 69 40.0 
28 19 51.0 
22 21 47.0 
17 4 33.0 
42 41 33.0 
57 54 44.0 
26 25 47.0 
76 73 38.0 
78 73 50.0 
35 31 52.0 
29 19 49.0 
16 15 30.0 
11 10 35.0 
71 70 44.0 
43 41 55.0 
30 19 31.0 
77 76 30.0 
8 7 46.0 
75 74 41.0 
23 22 36.0 
62 1 46.0 
63 62 59.0 
14 9 54.0 
66 65 40.0 
58 57 37.0 
24 20 53.0 
79 73 42.0 
50 2 53.0 
34 33 32.0 
64 63 32.0 
61 60 47.0 
51 2 43.0 
72 70 53.0 
PROGRAMS ASSIGNED TO NODES (nID pID1 pID2 ...):
0 1 2 3 4 5 6 7 8 9 10 11 12 13 14 15 16 17 18 19 20  
13 4 6 7 8 11 14 19  
75 1 2 6 8 9 10 13 14 15 19 20  
64 1 2 6 7 8 9 12 13 14 15 16 17 18  
47 2 7 8 9 11 12 14 16 17 18 19  
8 1 17 19  
25 1 2 5 6 8 9 10 12 13 14 15 18 19 20  
51 1 2 4 7 8 15 18  
62 4 6 9 11 13 16 17 18  
67 1 3 4 5 6 7 8 9 10 11 12 13 14 15 16 17 18 20  
41 4 7 8 9 10 11 12 15 16 17 18 20  
24 1 2 7 13 14 17 18 20  
1 1 3 4 5 6 7 8 9 10 11 12 13 14 15 16 18 19 20  
37 1 3 4 5 7 8 9 10 11 12 13 14 15 17 18 19 20  
54 5 11 18  
5 17  
15 3 6 14 15 16 17 18 20  
79 1 2 3 4 7 8 10 11 12 14 17  
69 4 10 12 13 14 16 19  
6 6 13 17  
32 2 3 5 9 10 11 12 14 15 19 20  
35 1 2 4 5 6 8 9 10 12 13 14 15 16 18 19 20  
61 1 3 4 6 7 10 11 12 13 14 15 18 20  
19 1 2 3 4 6 7 8 9 10 11 12 13 14 15 16 17 18 19 20  
17 1 2 4 5 6 7 8 9 10 11 12 13 14 15 16 17 18 19 20  
45 1 2 5 6 7 9 10 11 12 13 14 15 16 17 18 19 20  
14  
65 1 12 13  
74 3 5 20  
30 1 2 4 5 6 7 8 9 10 11 12 13 14 15 16 17 18 19  
33 1 4 5 6 7 8 9 11 12 13 15 16 17 18 19 20  
72 1 6 7 8 11 13 14 15 18 19 20  
2 1 2 3 4 5 6 7 8 9 10 11 12 13 14 15 16 17 19 20  
11 2 8 10 13 16 18  
7 1 4 8  
16 5 7 11 12 13 15 16 17 18 19 20  
53 1 12 13 16 18 19  
70 1 4 6 7 13 14 15 16 17 20  
26 6 11 13  
34 1 3 7 13  
66 1 2 3 4 5 6 7 8 9 10 11 12 13 14 15 18 20  
36 1 2 3 4 6 7 9 10 11 12 15 16 17 18 19  
78  
68 1 3 5 6 8 9 10 11 12 15 16 17 18 20  
28 6 9 11 14 18 19 20  
59 1 2 4 5 6 7 8 9 10 14 15 16 18 19 20  
20 4 8 15 17  
21 2 3 5 6 8 9 10 11 12 13 14 16 17 18 19 20  
77 1 2 3 4 6 7 8 9 11 14 15 16 20  
40 2 4 6 7 10 11 12 13 14 16 18 19  
48 4 6 7 9 12 17 18 20  
42 15  
23 2 3 5 7 10 12 14 15  
58 1 2 3 6 7 8 9 11 13 17 18 19 20  
10 2 3 4 5 6 7 8 9 10 11 12 13 14 15 16 17 18 19 20  
73 2 3 5 6 8 9 11 12 13 15 16 17 19 20  
57 1 4 6 7 8 10 11 12 14 16 17 19 20  
52 1 2 3 4 6 7 8 9 10 11 12 13 14 15 16 17 18 19 20  
29 1 2 3 4 5 6 7 8 9 10 11 12 13 14 16 17 18 19  
38  
49 1 7 15 18 19  
71 5 7 8 9 10 11 12 14 18  
18 1 3 4 5 6 7 8 9 10 11 12 13 14 15 16 17 18 19 20  
22 19  
27 1 7 12 16 19  
4 1 2 3 4 7 9 10 13  
12 2 5 12 13 14 15 17 18 20  
50 5 6 7 9 12 13 14 16 17 19 20  
56 1 2 3 4 5 6 7 8 9 10 12 13 14 15 16 17 18 19 20  
76 2 3 4 5 6 7 8 9 11 12 13 14 15 16 17 18 19 20  
31 5 13 15 18  
3 1 2 3 4 6 7 8 11 12 13 14 15 16 17 18 19 20  
43 1 5 9 10 13 14 19  
39 1 9 10 11 12 14 15 17  
63 3 4 5 7 12 16 17 18 19  
46 3  
9 2 6 8 13  
44 1 2 3 4 6 7 8 10 11 12 13 14 15 16 17 18 19 20  
60 6 7 13 15 18 19 20  
55  
SIZE OF PROGRAMS (pID SIZE):
1 56.0 
2 52.0 
3 96.0 
4 46.0 
5 90.0 
6 75.0 
7 85.0 
8 40.0 
9 97.0 
10 63.0 
11 53.0 
12 99.0 
13 98.0 
14 45.0 
15 89.0 
16 74.0 
17 99.0 
18 46.0 
19 85.0 
20 59.0 
COST_INSTALL_SERVER_AND_PROGRAMS :
0 3923.2323232323233 1.1313131313131313 1.0505050505050506 1.9393939393939394 0.9292929292929293 1.8181818181818181 1.5151515151515151 1.7171717171717171 0.8080808080808081 1.9595959595959596 1.2727272727272727 1.0707070707070707 2.0 1.97979797979798 0.9090909090909091 1.797979797979798 1.494949494949495 2.0 0.9292929292929293 1.7171717171717171 1.1919191919191918  
13 70.24011972512812 1.696969696969697 1.5757575757575757 2.909090909090909 1.393939393939394 2.727272727272727 2.272727272727273 2.5757575757575757 1.2121212121212122 2.9393939393939394 1.9090909090909092 1.606060606060606 3.0 2.9696969696969697 1.3636363636363635 2.696969696969697 2.242424242424242 3.0 1.393939393939394 2.5757575757575757 1.7878787878787878  
75 22.962541692724624 1.1313131313131313 1.0505050505050506 1.9393939393939394 0.9292929292929293 1.8181818181818181 1.5151515151515151 1.7171717171717171 0.8080808080808081 1.9595959595959596 1.2727272727272727 1.0707070707070707 2.0 1.97979797979798 0.9090909090909091 1.797979797979798 1.494949494949495 2.0 0.9292929292929293 1.7171717171717171 1.1919191919191918  
64 23.251638818202657 1.1313131313131313 1.0505050505050506 1.9393939393939394 0.9292929292929293 1.8181818181818181 1.5151515151515151 1.7171717171717171 0.8080808080808081 1.9595959595959596 1.2727272727272727 1.0707070707070707 2.0 1.97979797979798 0.9090909090909091 1.797979797979798 1.494949494949495 2.0 0.9292929292929293 1.7171717171717171 1.1919191919191918  
47 71.3428492350315 1.1313131313131313 1.0505050505050506 1.9393939393939394 0.9292929292929293 1.8181818181818181 1.5151515151515151 1.7171717171717171 0.8080808080808081 1.9595959595959596 1.2727272727272727 1.0707070707070707 2.0 1.97979797979798 0.9090909090909091 1.797979797979798 1.494949494949495 2.0 0.9292929292929293 1.7171717171717171 1.1919191919191918  
8 6.562876342971028 1.696969696969697 1.5757575757575757 2.909090909090909 1.393939393939394 2.727272727272727 2.272727272727273 2.5757575757575757 1.2121212121212122 2.9393939393939394 1.9090909090909092 1.606060606060606 3.0 2.9696969696969697 1.3636363636363635 2.696969696969697 2.242424242424242 3.0 1.393939393939394 2.5757575757575757 1.7878787878787878  
25 119.04448802006297 1.696969696969697 1.5757575757575757 2.909090909090909 1.393939393939394 2.727272727272727 2.272727272727273 2.5757575757575757 1.2121212121212122 2.9393939393939394 1.9090909090909092 1.606060606060606 3.0 2.9696969696969697 1.3636363636363635 2.696969696969697 2.242424242424242 3.0 1.393939393939394 2.5757575757575757 1.7878787878787878  
51 3.478192613917502 1.696969696969697 1.5757575757575757 2.909090909090909 1.393939393939394 2.727272727272727 2.272727272727273 2.5757575757575757 1.2121212121212122 2.9393939393939394 1.9090909090909092 1.606060606060606 3.0 2.9696969696969697 1.3636363636363635 2.696969696969697 2.242424242424242 3.0 1.393939393939394 2.5757575757575757 1.7878787878787878  
62 9.227543707192183 1.1313131313131313 1.0505050505050506 1.9393939393939394 0.9292929292929293 1.8181818181818181 1.5151515151515151 1.7171717171717171 0.8080808080808081 1.9595959595959596 1.2727272727272727 1.0707070707070707 2.0 1.97979797979798 0.9090909090909091 1.797979797979798 1.494949494949495 2.0 0.9292929292929293 1.7171717171717171 1.1919191919191918  
67 6.944805194805202 1.696969696969697 1.5757575757575757 2.909090909090909 1.393939393939394 2.727272727272727 2.272727272727273 2.5757575757575757 1.2121212121212122 2.9393939393939394 1.9090909090909092 1.606060606060606 3.0 2.9696969696969697 1.3636363636363635 2.696969696969697 2.242424242424242 3.0 1.393939393939394 2.5757575757575757 1.7878787878787878  
41 20.666166441614052 1.1313131313131313 1.0505050505050506 1.9393939393939394 0.9292929292929293 1.8181818181818181 1.5151515151515151 1.7171717171717171 0.8080808080808081 1.9595959595959596 1.2727272727272727 1.0707070707070707 2.0 1.97979797979798 0.9090909090909091 1.797979797979798 1.494949494949495 2.0 0.9292929292929293 1.7171717171717171 1.1919191919191918  
24 92.9765787852311 1.1313131313131313 1.0505050505050506 1.9393939393939394 0.9292929292929293 1.8181818181818181 1.5151515151515151 1.7171717171717171 0.8080808080808081 1.9595959595959596 1.2727272727272727 1.0707070707070707 2.0 1.97979797979798 0.9090909090909091 1.797979797979798 1.494949494949495 2.0 0.9292929292929293 1.7171717171717171 1.1919191919191918  
1 1.1995026250345397 1.1313131313131313 1.0505050505050506 1.9393939393939394 0.9292929292929293 1.8181818181818181 1.5151515151515151 1.7171717171717171 0.8080808080808081 1.9595959595959596 1.2727272727272727 1.0707070707070707 2.0 1.97979797979798 0.9090909090909091 1.797979797979798 1.494949494949495 2.0 0.9292929292929293 1.7171717171717171 1.1919191919191918  
37 35.77959873558277 1.1313131313131313 1.0505050505050506 1.9393939393939394 0.9292929292929293 1.8181818181818181 1.5151515151515151 1.7171717171717171 0.8080808080808081 1.9595959595959596 1.2727272727272727 1.0707070707070707 2.0 1.97979797979798 0.9090909090909091 1.797979797979798 1.494949494949495 2.0 0.9292929292929293 1.7171717171717171 1.1919191919191918  
54 52.591048095662075 1.696969696969697 1.5757575757575757 2.909090909090909 1.393939393939394 2.727272727272727 2.272727272727273 2.5757575757575757 1.2121212121212122 2.9393939393939394 1.9090909090909092 1.606060606060606 3.0 2.9696969696969697 1.3636363636363635 2.696969696969697 2.242424242424242 3.0 1.393939393939394 2.5757575757575757 1.7878787878787878  
5 42.45532496706464 1.696969696969697 1.5757575757575757 2.909090909090909 1.393939393939394 2.727272727272727 2.272727272727273 2.5757575757575757 1.2121212121212122 2.9393939393939394 1.9090909090909092 1.606060606060606 3.0 2.9696969696969697 1.3636363636363635 2.696969696969697 2.242424242424242 3.0 1.393939393939394 2.5757575757575757 1.7878787878787878  
15 48.5548949140829 1.696969696969697 1.5757575757575757 2.909090909090909 1.393939393939394 2.727272727272727 2.272727272727273 2.5757575757575757 1.2121212121212122 2.9393939393939394 1.9090909090909092 1.606060606060606 3.0 2.9696969696969697 1.3636363636363635 2.696969696969697 2.242424242424242 3.0 1.393939393939394 2.5757575757575757 1.7878787878787878  
79 5.765309690309689 1.696969696969697 1.5757575757575757 2.909090909090909 1.393939393939394 2.727272727272727 2.272727272727273 2.5757575757575757 1.2121212121212122 2.9393939393939394 1.9090909090909092 1.606060606060606 3.0 2.9696969696969697 1.3636363636363635 2.696969696969697 2.242424242424242 3.0 1.393939393939394 2.5757575757575757 1.7878787878787878  
69 7.74723718386876 1.1313131313131313 1.0505050505050506 1.9393939393939394 0.9292929292929293 1.8181818181818181 1.5151515151515151 1.7171717171717171 0.8080808080808081 1.9595959595959596 1.2727272727272727 1.0707070707070707 2.0 1.97979797979798 0.9090909090909091 1.797979797979798 1.494949494949495 2.0 0.9292929292929293 1.7171717171717171 1.1919191919191918  
6 21.49960333625777 1.1313131313131313 1.0505050505050506 1.9393939393939394 0.9292929292929293 1.8181818181818181 1.5151515151515151 1.7171717171717171 0.8080808080808081 1.9595959595959596 1.2727272727272727 1.0707070707070707 2.0 1.97979797979798 0.9090909090909091 1.797979797979798 1.494949494949495 2.0 0.9292929292929293 1.7171717171717171 1.1919191919191918  
32 53.95588728334661 1.696969696969697 1.5757575757575757 2.909090909090909 1.393939393939394 2.727272727272727 2.272727272727273 2.5757575757575757 1.2121212121212122 2.9393939393939394 1.9090909090909092 1.606060606060606 3.0 2.9696969696969697 1.3636363636363635 2.696969696969697 2.242424242424242 3.0 1.393939393939394 2.5757575757575757 1.7878787878787878  
35 41.19393884478179 1.696969696969697 1.5757575757575757 2.909090909090909 1.393939393939394 2.727272727272727 2.272727272727273 2.5757575757575757 1.2121212121212122 2.9393939393939394 1.9090909090909092 1.606060606060606 3.0 2.9696969696969697 1.3636363636363635 2.696969696969697 2.242424242424242 3.0 1.393939393939394 2.5757575757575757 1.7878787878787878  
61 8.395355030415162 1.696969696969697 1.5757575757575757 2.909090909090909 1.393939393939394 2.727272727272727 2.272727272727273 2.5757575757575757 1.2121212121212122 2.9393939393939394 1.9090909090909092 1.606060606060606 3.0 2.9696969696969697 1.3636363636363635 2.696969696969697 2.242424242424242 3.0 1.393939393939394 2.5757575757575757 1.7878787878787878  
19 159.15570527372776 1.1313131313131313 1.0505050505050506 1.9393939393939394 0.9292929292929293 1.8181818181818181 1.5151515151515151 1.7171717171717171 0.8080808080808081 1.9595959595959596 1.2727272727272727 1.0707070707070707 2.0 1.97979797979798 0.9090909090909091 1.797979797979798 1.494949494949495 2.0 0.9292929292929293 1.7171717171717171 1.1919191919191918  
17 39.1714167330375 1.696969696969697 1.5757575757575757 2.909090909090909 1.393939393939394 2.727272727272727 2.272727272727273 2.5757575757575757 1.2121212121212122 2.9393939393939394 1.9090909090909092 1.606060606060606 3.0 2.9696969696969697 1.3636363636363635 2.696969696969697 2.242424242424242 3.0 1.393939393939394 2.5757575757575757 1.7878787878787878  
45 73.55447594294004 1.696969696969697 1.5757575757575757 2.909090909090909 1.393939393939394 2.727272727272727 2.272727272727273 2.5757575757575757 1.2121212121212122 2.9393939393939394 1.9090909090909092 1.606060606060606 3.0 2.9696969696969697 1.3636363636363635 2.696969696969697 2.242424242424242 3.0 1.393939393939394 2.5757575757575757 1.7878787878787878  
14 40.0 1.696969696969697 1.5757575757575757 2.909090909090909 1.393939393939394 2.727272727272727 2.272727272727273 2.5757575757575757 1.2121212121212122 2.9393939393939394 1.9090909090909092 1.606060606060606 3.0 2.9696969696969697 1.3636363636363635 2.696969696969697 2.242424242424242 3.0 1.393939393939394 2.5757575757575757 1.7878787878787878  
65 40.0 1.1313131313131313 1.0505050505050506 1.9393939393939394 0.9292929292929293 1.8181818181818181 1.5151515151515151 1.7171717171717171 0.8080808080808081 1.9595959595959596 1.2727272727272727 1.0707070707070707 2.0 1.97979797979798 0.9090909090909091 1.797979797979798 1.494949494949495 2.0 0.9292929292929293 1.7171717171717171 1.1919191919191918  
74 21.31468531468531 1.1313131313131313 1.0505050505050506 1.9393939393939394 0.9292929292929293 1.8181818181818181 1.5151515151515151 1.7171717171717171 0.8080808080808081 1.9595959595959596 1.2727272727272727 1.0707070707070707 2.0 1.97979797979798 0.9090909090909091 1.797979797979798 1.494949494949495 2.0 0.9292929292929293 1.7171717171717171 1.1919191919191918  
30 209.33050893284252 1.1313131313131313 1.0505050505050506 1.9393939393939394 0.9292929292929293 1.8181818181818181 1.5151515151515151 1.7171717171717171 0.8080808080808081 1.9595959595959596 1.2727272727272727 1.0707070707070707 2.0 1.97979797979798 0.9090909090909091 1.797979797979798 1.494949494949495 2.0 0.9292929292929293 1.7171717171717171 1.1919191919191918  
33 67.66694215470487 1.1313131313131313 1.0505050505050506 1.9393939393939394 0.9292929292929293 1.8181818181818181 1.5151515151515151 1.7171717171717171 0.8080808080808081 1.9595959595959596 1.2727272727272727 1.0707070707070707 2.0 1.97979797979798 0.9090909090909091 1.797979797979798 1.494949494949495 2.0 0.9292929292929293 1.7171717171717171 1.1919191919191918  
72 55.07906739678911 1.1313131313131313 1.0505050505050506 1.9393939393939394 0.9292929292929293 1.8181818181818181 1.5151515151515151 1.7171717171717171 0.8080808080808081 1.9595959595959596 1.2727272727272727 1.0707070707070707 2.0 1.97979797979798 0.9090909090909091 1.797979797979798 1.494949494949495 2.0 0.9292929292929293 1.7171717171717171 1.1919191919191918  
2 17.055150287065178 1.696969696969697 1.5757575757575757 2.909090909090909 1.393939393939394 2.727272727272727 2.272727272727273 2.5757575757575757 1.2121212121212122 2.9393939393939394 1.9090909090909092 1.606060606060606 3.0 2.9696969696969697 1.3636363636363635 2.696969696969697 2.242424242424242 3.0 1.393939393939394 2.5757575757575757 1.7878787878787878  
11 12.622313603515108 1.696969696969697 1.5757575757575757 2.909090909090909 1.393939393939394 2.727272727272727 2.272727272727273 2.5757575757575757 1.2121212121212122 2.9393939393939394 1.9090909090909092 1.606060606060606 3.0 2.9696969696969697 1.3636363636363635 2.696969696969697 2.242424242424242 3.0 1.393939393939394 2.5757575757575757 1.7878787878787878  
7 32.48779037770277 1.696969696969697 1.5757575757575757 2.909090909090909 1.393939393939394 2.727272727272727 2.272727272727273 2.5757575757575757 1.2121212121212122 2.9393939393939394 1.9090909090909092 1.606060606060606 3.0 2.9696969696969697 1.3636363636363635 2.696969696969697 2.242424242424242 3.0 1.393939393939394 2.5757575757575757 1.7878787878787878  
16 80.121088242008 1.696969696969697 1.5757575757575757 2.909090909090909 1.393939393939394 2.727272727272727 2.272727272727273 2.5757575757575757 1.2121212121212122 2.9393939393939394 1.9090909090909092 1.606060606060606 3.0 2.9696969696969697 1.3636363636363635 2.696969696969697 2.242424242424242 3.0 1.393939393939394 2.5757575757575757 1.7878787878787878  
53 26.1263095567047 1.1313131313131313 1.0505050505050506 1.9393939393939394 0.9292929292929293 1.8181818181818181 1.5151515151515151 1.7171717171717171 0.8080808080808081 1.9595959595959596 1.2727272727272727 1.0707070707070707 2.0 1.97979797979798 0.9090909090909091 1.797979797979798 1.494949494949495 2.0 0.9292929292929293 1.7171717171717171 1.1919191919191918  
70 72.44615835042148 1.1313131313131313 1.0505050505050506 1.9393939393939394 0.9292929292929293 1.8181818181818181 1.5151515151515151 1.7171717171717171 0.8080808080808081 1.9595959595959596 1.2727272727272727 1.0707070707070707 2.0 1.97979797979798 0.9090909090909091 1.797979797979798 1.494949494949495 2.0 0.9292929292929293 1.7171717171717171 1.1919191919191918  
26 6.371455164915741 1.696969696969697 1.5757575757575757 2.909090909090909 1.393939393939394 2.727272727272727 2.272727272727273 2.5757575757575757 1.2121212121212122 2.9393939393939394 1.9090909090909092 1.606060606060606 3.0 2.9696969696969697 1.3636363636363635 2.696969696969697 2.242424242424242 3.0 1.393939393939394 2.5757575757575757 1.7878787878787878  
34 10.436932047046792 1.1313131313131313 1.0505050505050506 1.9393939393939394 0.9292929292929293 1.8181818181818181 1.5151515151515151 1.7171717171717171 0.8080808080808081 1.9595959595959596 1.2727272727272727 1.0707070707070707 2.0 1.97979797979798 0.9090909090909091 1.797979797979798 1.494949494949495 2.0 0.9292929292929293 1.7171717171717171 1.1919191919191918  
66 12.1860980877962 1.696969696969697 1.5757575757575757 2.909090909090909 1.393939393939394 2.727272727272727 2.272727272727273 2.5757575757575757 1.2121212121212122 2.9393939393939394 1.9090909090909092 1.606060606060606 3.0 2.9696969696969697 1.3636363636363635 2.696969696969697 2.242424242424242 3.0 1.393939393939394 2.5757575757575757 1.7878787878787878  
36 80.34507127471139 1.696969696969697 1.5757575757575757 2.909090909090909 1.393939393939394 2.727272727272727 2.272727272727273 2.5757575757575757 1.2121212121212122 2.9393939393939394 1.9090909090909092 1.606060606060606 3.0 2.9696969696969697 1.3636363636363635 2.696969696969697 2.242424242424242 3.0 1.393939393939394 2.5757575757575757 1.7878787878787878  
78 12.0 1.1313131313131313 1.0505050505050506 1.9393939393939394 0.9292929292929293 1.8181818181818181 1.5151515151515151 1.7171717171717171 0.8080808080808081 1.9595959595959596 1.2727272727272727 1.0707070707070707 2.0 1.97979797979798 0.9090909090909091 1.797979797979798 1.494949494949495 2.0 0.9292929292929293 1.7171717171717171 1.1919191919191918  
68 12.456304985337244 1.696969696969697 1.5757575757575757 2.909090909090909 1.393939393939394 2.727272727272727 2.272727272727273 2.5757575757575757 1.2121212121212122 2.9393939393939394 1.9090909090909092 1.606060606060606 3.0 2.9696969696969697 1.3636363636363635 2.696969696969697 2.242424242424242 3.0 1.393939393939394 2.5757575757575757 1.7878787878787878  
28 48.788642052565706 1.1313131313131313 1.0505050505050506 1.9393939393939394 0.9292929292929293 1.8181818181818181 1.5151515151515151 1.7171717171717171 0.8080808080808081 1.9595959595959596 1.2727272727272727 1.0707070707070707 2.0 1.97979797979798 0.9090909090909091 1.797979797979798 1.494949494949495 2.0 0.9292929292929293 1.7171717171717171 1.1919191919191918  
59 40.15964397969053 1.696969696969697 1.5757575757575757 2.909090909090909 1.393939393939394 2.727272727272727 2.272727272727273 2.5757575757575757 1.2121212121212122 2.9393939393939394 1.9090909090909092 1.606060606060606 3.0 2.9696969696969697 1.3636363636363635 2.696969696969697 2.242424242424242 3.0 1.393939393939394 2.5757575757575757 1.7878787878787878  
20 188.6664315844541 1.696969696969697 1.5757575757575757 2.909090909090909 1.393939393939394 2.727272727272727 2.272727272727273 2.5757575757575757 1.2121212121212122 2.9393939393939394 1.9090909090909092 1.606060606060606 3.0 2.9696969696969697 1.3636363636363635 2.696969696969697 2.242424242424242 3.0 1.393939393939394 2.5757575757575757 1.7878787878787878  
21 247.11191575479836 1.1313131313131313 1.0505050505050506 1.9393939393939394 0.9292929292929293 1.8181818181818181 1.5151515151515151 1.7171717171717171 0.8080808080808081 1.9595959595959596 1.2727272727272727 1.0707070707070707 2.0 1.97979797979798 0.9090909090909091 1.797979797979798 1.494949494949495 2.0 0.9292929292929293 1.7171717171717171 1.1919191919191918  
77 42.879273971642405 1.1313131313131313 1.0505050505050506 1.9393939393939394 0.9292929292929293 1.8181818181818181 1.5151515151515151 1.7171717171717171 0.8080808080808081 1.9595959595959596 1.2727272727272727 1.0707070707070707 2.0 1.97979797979798 0.9090909090909091 1.797979797979798 1.494949494949495 2.0 0.9292929292929293 1.7171717171717171 1.1919191919191918  
40 77.66820290805438 1.696969696969697 1.5757575757575757 2.909090909090909 1.393939393939394 2.727272727272727 2.272727272727273 2.5757575757575757 1.2121212121212122 2.9393939393939394 1.9090909090909092 1.606060606060606 3.0 2.9696969696969697 1.3636363636363635 2.696969696969697 2.242424242424242 3.0 1.393939393939394 2.5757575757575757 1.7878787878787878  
48 10.91806880247819 1.1313131313131313 1.0505050505050506 1.9393939393939394 0.9292929292929293 1.8181818181818181 1.5151515151515151 1.7171717171717171 0.8080808080808081 1.9595959595959596 1.2727272727272727 1.0707070707070707 2.0 1.97979797979798 0.9090909090909091 1.797979797979798 1.494949494949495 2.0 0.9292929292929293 1.7171717171717171 1.1919191919191918  
42 7.147283074286285 1.1313131313131313 1.0505050505050506 1.9393939393939394 0.9292929292929293 1.8181818181818181 1.5151515151515151 1.7171717171717171 0.8080808080808081 1.9595959595959596 1.2727272727272727 1.0707070707070707 2.0 1.97979797979798 0.9090909090909091 1.797979797979798 1.494949494949495 2.0 0.9292929292929293 1.7171717171717171 1.1919191919191918  
23 96.70884911253708 1.696969696969697 1.5757575757575757 2.909090909090909 1.393939393939394 2.727272727272727 2.272727272727273 2.5757575757575757 1.2121212121212122 2.9393939393939394 1.9090909090909092 1.606060606060606 3.0 2.9696969696969697 1.3636363636363635 2.696969696969697 2.242424242424242 3.0 1.393939393939394 2.5757575757575757 1.7878787878787878  
58 97.09176749196203 1.1313131313131313 1.0505050505050506 1.9393939393939394 0.9292929292929293 1.8181818181818181 1.5151515151515151 1.7171717171717171 0.8080808080808081 1.9595959595959596 1.2727272727272727 1.0707070707070707 2.0 1.97979797979798 0.9090909090909091 1.797979797979798 1.494949494949495 2.0 0.9292929292929293 1.7171717171717171 1.1919191919191918  
10 78.24568943502612 1.696969696969697 1.5757575757575757 2.909090909090909 1.393939393939394 2.727272727272727 2.272727272727273 2.5757575757575757 1.2121212121212122 2.9393939393939394 1.9090909090909092 1.606060606060606 3.0 2.9696969696969697 1.3636363636363635 2.696969696969697 2.242424242424242 3.0 1.393939393939394 2.5757575757575757 1.7878787878787878  
73 84.0 1.1313131313131313 1.0505050505050506 1.9393939393939394 0.9292929292929293 1.8181818181818181 1.5151515151515151 1.7171717171717171 0.8080808080808081 1.9595959595959596 1.2727272727272727 1.0707070707070707 2.0 1.97979797979798 0.9090909090909091 1.797979797979798 1.494949494949495 2.0 0.9292929292929293 1.7171717171717171 1.1919191919191918  
57 101.31512787125774 1.696969696969697 1.5757575757575757 2.909090909090909 1.393939393939394 2.727272727272727 2.272727272727273 2.5757575757575757 1.2121212121212122 2.9393939393939394 1.9090909090909092 1.606060606060606 3.0 2.9696969696969697 1.3636363636363635 2.696969696969697 2.242424242424242 3.0 1.393939393939394 2.5757575757575757 1.7878787878787878  
52 23.515434486711083 1.696969696969697 1.5757575757575757 2.909090909090909 1.393939393939394 2.727272727272727 2.272727272727273 2.5757575757575757 1.2121212121212122 2.9393939393939394 1.9090909090909092 1.606060606060606 3.0 2.9696969696969697 1.3636363636363635 2.696969696969697 2.242424242424242 3.0 1.393939393939394 2.5757575757575757 1.7878787878787878  
29 130.89390576957646 1.1313131313131313 1.0505050505050506 1.9393939393939394 0.9292929292929293 1.8181818181818181 1.5151515151515151 1.7171717171717171 0.8080808080808081 1.9595959595959596 1.2727272727272727 1.0707070707070707 2.0 1.97979797979798 0.9090909090909091 1.797979797979798 1.494949494949495 2.0 0.9292929292929293 1.7171717171717171 1.1919191919191918  
38 18.0 1.1313131313131313 1.0505050505050506 1.9393939393939394 0.9292929292929293 1.8181818181818181 1.5151515151515151 1.7171717171717171 0.8080808080808081 1.9595959595959596 1.2727272727272727 1.0707070707070707 2.0 1.97979797979798 0.9090909090909091 1.797979797979798 1.494949494949495 2.0 0.9292929292929293 1.7171717171717171 1.1919191919191918  
49 16.527713924450147 1.696969696969697 1.5757575757575757 2.909090909090909 1.393939393939394 2.727272727272727 2.272727272727273 2.5757575757575757 1.2121212121212122 2.9393939393939394 1.9090909090909092 1.606060606060606 3.0 2.9696969696969697 1.3636363636363635 2.696969696969697 2.242424242424242 3.0 1.393939393939394 2.5757575757575757 1.7878787878787878  
71 22.042445887445883 1.1313131313131313 1.0505050505050506 1.9393939393939394 0.9292929292929293 1.8181818181818181 1.5151515151515151 1.7171717171717171 0.8080808080808081 1.9595959595959596 1.2727272727272727 1.0707070707070707 2.0 1.97979797979798 0.9090909090909091 1.797979797979798 1.494949494949495 2.0 0.9292929292929293 1.7171717171717171 1.1919191919191918  
18 97.86883035612694 1.1313131313131313 1.0505050505050506 1.9393939393939394 0.9292929292929293 1.8181818181818181 1.5151515151515151 1.7171717171717171 0.8080808080808081 1.9595959595959596 1.2727272727272727 1.0707070707070707 2.0 1.97979797979798 0.9090909090909091 1.797979797979798 1.494949494949495 2.0 0.9292929292929293 1.7171717171717171 1.1919191919191918  
22 50.407110475395854 1.696969696969697 1.5757575757575757 2.909090909090909 1.393939393939394 2.727272727272727 2.272727272727273 2.5757575757575757 1.2121212121212122 2.9393939393939394 1.9090909090909092 1.606060606060606 3.0 2.9696969696969697 1.3636363636363635 2.696969696969697 2.242424242424242 3.0 1.393939393939394 2.5757575757575757 1.7878787878787878  
27 44.732909914449344 1.1313131313131313 1.0505050505050506 1.9393939393939394 0.9292929292929293 1.8181818181818181 1.5151515151515151 1.7171717171717171 0.8080808080808081 1.9595959595959596 1.2727272727272727 1.0707070707070707 2.0 1.97979797979798 0.9090909090909091 1.797979797979798 1.494949494949495 2.0 0.9292929292929293 1.7171717171717171 1.1919191919191918  
4 111.67076749977875 1.1313131313131313 1.0505050505050506 1.9393939393939394 0.9292929292929293 1.8181818181818181 1.5151515151515151 1.7171717171717171 0.8080808080808081 1.9595959595959596 1.2727272727272727 1.0707070707070707 2.0 1.97979797979798 0.9090909090909091 1.797979797979798 1.494949494949495 2.0 0.9292929292929293 1.7171717171717171 1.1919191919191918  
12 37.16441366830917 1.696969696969697 1.5757575757575757 2.909090909090909 1.393939393939394 2.727272727272727 2.272727272727273 2.5757575757575757 1.2121212121212122 2.9393939393939394 1.9090909090909092 1.606060606060606 3.0 2.9696969696969697 1.3636363636363635 2.696969696969697 2.242424242424242 3.0 1.393939393939394 2.5757575757575757 1.7878787878787878  
50 9.656866030842346 1.696969696969697 1.5757575757575757 2.909090909090909 1.393939393939394 2.727272727272727 2.272727272727273 2.5757575757575757 1.2121212121212122 2.9393939393939394 1.9090909090909092 1.606060606060606 3.0 2.9696969696969697 1.3636363636363635 2.696969696969697 2.242424242424242 3.0 1.393939393939394 2.5757575757575757 1.7878787878787878  
56 71.77707197371323 1.696969696969697 1.5757575757575757 2.909090909090909 1.393939393939394 2.727272727272727 2.272727272727273 2.5757575757575757 1.2121212121212122 2.9393939393939394 1.9090909090909092 1.606060606060606 3.0 2.9696969696969697 1.3636363636363635 2.696969696969697 2.242424242424242 3.0 1.393939393939394 2.5757575757575757 1.7878787878787878  
76 13.713078149920253 1.696969696969697 1.5757575757575757 2.909090909090909 1.393939393939394 2.727272727272727 2.272727272727273 2.5757575757575757 1.2121212121212122 2.9393939393939394 1.9090909090909092 1.606060606060606 3.0 2.9696969696969697 1.3636363636363635 2.696969696969697 2.242424242424242 3.0 1.393939393939394 2.5757575757575757 1.7878787878787878  
31 53.224989028493404 1.1313131313131313 1.0505050505050506 1.9393939393939394 0.9292929292929293 1.8181818181818181 1.5151515151515151 1.7171717171717171 0.8080808080808081 1.9595959595959596 1.2727272727272727 1.0707070707070707 2.0 1.97979797979798 0.9090909090909091 1.797979797979798 1.494949494949495 2.0 0.9292929292929293 1.7171717171717171 1.1919191919191918  
3 53.7624132438275 1.696969696969697 1.5757575757575757 2.909090909090909 1.393939393939394 2.727272727272727 2.272727272727273 2.5757575757575757 1.2121212121212122 2.9393939393939394 1.9090909090909092 1.606060606060606 3.0 2.9696969696969697 1.3636363636363635 2.696969696969697 2.242424242424242 3.0 1.393939393939394 2.5757575757575757 1.7878787878787878  
43 40.75150173959588 1.696969696969697 1.5757575757575757 2.909090909090909 1.393939393939394 2.727272727272727 2.272727272727273 2.5757575757575757 1.2121212121212122 2.9393939393939394 1.9090909090909092 1.606060606060606 3.0 2.9696969696969697 1.3636363636363635 2.696969696969697 2.242424242424242 3.0 1.393939393939394 2.5757575757575757 1.7878787878787878  
39 13.479162773381963 1.696969696969697 1.5757575757575757 2.909090909090909 1.393939393939394 2.727272727272727 2.272727272727273 2.5757575757575757 1.2121212121212122 2.9393939393939394 1.9090909090909092 1.606060606060606 3.0 2.9696969696969697 1.3636363636363635 2.696969696969697 2.242424242424242 3.0 1.393939393939394 2.5757575757575757 1.7878787878787878  
63 38.214757894777954 1.1313131313131313 1.0505050505050506 1.9393939393939394 0.9292929292929293 1.8181818181818181 1.5151515151515151 1.7171717171717171 0.8080808080808081 1.9595959595959596 1.2727272727272727 1.0707070707070707 2.0 1.97979797979798 0.9090909090909091 1.797979797979798 1.494949494949495 2.0 0.9292929292929293 1.7171717171717171 1.1919191919191918  
46 21.388116192318325 1.1313131313131313 1.0505050505050506 1.9393939393939394 0.9292929292929293 1.8181818181818181 1.5151515151515151 1.7171717171717171 0.8080808080808081 1.9595959595959596 1.2727272727272727 1.0707070707070707 2.0 1.97979797979798 0.9090909090909091 1.797979797979798 1.494949494949495 2.0 0.9292929292929293 1.7171717171717171 1.1919191919191918  
9 75.93883376948459 1.1313131313131313 1.0505050505050506 1.9393939393939394 0.9292929292929293 1.8181818181818181 1.5151515151515151 1.7171717171717171 0.8080808080808081 1.9595959595959596 1.2727272727272727 1.0707070707070707 2.0 1.97979797979798 0.9090909090909091 1.797979797979798 1.494949494949495 2.0 0.9292929292929293 1.7171717171717171 1.1919191919191918  
44 48.86767367306994 1.1313131313131313 1.0505050505050506 1.9393939393939394 0.9292929292929293 1.8181818181818181 1.5151515151515151 1.7171717171717171 0.8080808080808081 1.9595959595959596 1.2727272727272727 1.0707070707070707 2.0 1.97979797979798 0.9090909090909091 1.797979797979798 1.494949494949495 2.0 0.9292929292929293 1.7171717171717171 1.1919191919191918  
60 25.726255773896852 1.1313131313131313 1.0505050505050506 1.9393939393939394 0.9292929292929293 1.8181818181818181 1.5151515151515151 1.7171717171717171 0.8080808080808081 1.9595959595959596 1.2727272727272727 1.0707070707070707 2.0 1.97979797979798 0.9090909090909091 1.797979797979798 1.494949494949495 2.0 0.9292929292929293 1.7171717171717171 1.1919191919191918  
55 45.0 1.696969696969697 1.5757575757575757 2.909090909090909 1.393939393939394 2.727272727272727 2.272727272727273 2.5757575757575757 1.2121212121212122 2.9393939393939394 1.9090909090909092 1.606060606060606 3.0 2.9696969696969697 1.3636363636363635 2.696969696969697 2.242424242424242 3.0 1.393939393939394 2.5757575757575757 1.7878787878787878  
