60 40
TREE NETWORK (nID nID Weight):
1 0 48.0 
2 1 52.0 
17 0 44.0 
45 0 46.0 
3 1 56.0 
46 45 43.0 
18 17 59.0 
19 18 52.0 
21 18 46.0 
41 17 30.0 
4 3 31.0 
7 3 42.0 
42 17 39.0 
10 3 37.0 
22 21 31.0 
23 22 49.0 
5 4 54.0 
20 19 39.0 
8 7 46.0 
27 22 35.0 
28 21 48.0 
53 0 49.0 
24 23 58.0 
48 45 31.0 
30 21 45.0 
32 21 46.0 
54 53 32.0 
49 45 45.0 
6 5 49.0 
9 7 30.0 
34 21 30.0 
47 46 49.0 
58 0 43.0 
11 3 45.0 
29 28 31.0 
35 21 44.0 
44 17 38.0 
55 54 31.0 
50 49 39.0 
56 53 51.0 
25 24 38.0 
59 0 41.0 
33 32 44.0 
31 30 44.0 
37 21 44.0 
51 49 59.0 
26 24 50.0 
36 35 59.0 
16 1 35.0 
52 51 56.0 
12 11 53.0 
57 56 30.0 
13 3 59.0 
14 3 51.0 
38 37 59.0 
39 37 55.0 
15 14 52.0 
43 42 44.0 
40 21 58.0 
PROGRAMS ASSIGNED TO NODES (nID pID1 pID2 ...):
0 1 2 3 4 5 6 7 8 9 10 11 12 13 14 15 16 17 18 19 20 21 22 23 24 25 26 27 28 29 30 31 32 33 34 35 36 37 38 39 40  
35 1 2 3 5 6 7 8 11 12 13 15 16 17 18 20 21 22 23 24 25 26 27 30 31 32 33 34 35 36 37 38 39 40  
5 1 2 3 4 5 6 7 8 11 14 15 17 21 22 24 25 28 32 33 36 38  
40 1 2 3 4 5 6 7 8 9 10 11 12 13 14 15 16 17 18 19 20 21 22 23 25 26 27 28 29 31 32 33 34 35 36 37 38 39 40  
42 1 2 4 5 7 8 9 11 12 14 15 18 19 20 21 22 23 27 29 30 31 32 33 35 36 37 38 39  
18 1 3 4 5 7 8 9 10 11 12 13 14 16 17 18 19 20 21 22 23 24 25 26 27 28 30 31 33 34 35 36 38 40  
1  
31 15 22 24 25 27 30 39  
43 1 2 3 4 5 6 7 8 9 10 11 12 13 14 15 16 17 19 20 21 22 23 24 25 26 27 28 29 30 31 32 33 34 36 38 39  
48 1 3 4 6 7 8 9 10 11 12 14 15 16 17 18 19 20 21 22 24 25 26 27 31 32 33 36 37 38 40  
55 4 8 14 17 19 20 30 32 33 35 37 39  
39 1 2 3 4 5 6 7 8 9 10 11 12 13 14 15 17 18 19 20 21 22 23 24 25 26 27 28 29 30 31 32 33 34 35 36 37 38 39 40  
8 3 30 39  
47 1 2 3 4 6 7 8 10 11 12 15 18 19 21 22 23 24 27 28 30 31 32 34 38 39 40  
45  
27 1 3 4 5 6 8 9 10 11 13 16 18 19 24 25 27 29 30 31 37 38  
34 15 17 40  
13 15 25  
7 1 3 5 7 8 12 15 18 22 25 26 27 28 29 30 35 36  
22 1 2 3 4 5 6 7 8 9 10 11 12 13 14 16 18 20 21 22 23 25 26 29 30 31 32 34 35 36 37 38 39 40  
16 1 2 3 4 6 7 8 9 10 11 12 13 14 15 16 17 18 19 20 22 23 24 25 26 27 28 29 30 31 32 33 34 35 36 37 38 39 40  
38 1 3 7 8 9 10 11 12 13 14 15 16 17 18 19 20 21 22 23 25 26 28 29 30 31 32 36 37 38 39 40  
32 1 2 3 4 5 11 16 19 21 22 23 24 26 27 28 29 30 31 33 34 35 36 37 38  
15 1 4 8 11 16 19 21 24 28 29 37 38 39 40  
30 2 9 10 11 27 37 38  
37 1 2 3 4 5 6 8 10 11 12 13 15 16 17 18 19 20 21 22 23 24 25 26 27 28 29 30 31 32 33 34 35 36 37 38 39 40  
28 7 21 23 30 38 39  
44 1 4 6 7 8 9 13 14 15 16 18 20 22 23 24 25 26 27 29 30 31 32 33 34 35 36 37 39 40  
23 1 4 9 15 18 20 26  
4 5 9 11 12 15 16 17 20 23 24 25 26 27 28 29 32 33 34 35 36 37 38  
20 5 9 10 15 16 18 20 27 37 40  
46 1 9 11 12 16 20 26 30 31 32 33 34 37 38  
3 1 2 5 6 9 12 13 14 15 16 18 19 20 22 24 26 27 29 32 35 36  
53 14 15 16  
50 1 3 4 5 6 7 8 9 10 11 12 14 15 16 17 18 20 21 23 25 26 27 30 31 32 33 34 35 36 37 38 39 40  
10 1 2 3 4 5 6 7 8 9 10 11 12 13 14 15 18 19 20 21 23 24 26 27 29 31 32 33 34 35 37 38 39 40  
54 1 3 8 11 12 13 17 19 21 23 24 31 33 34 35 37 38  
26 1 2 3 4 6 7 10 11 13 14 15 16 18 19 20 22 23 25 26 28 29 30 31 34 35  
24 2 4 5 13 14 25 28 31 34 37  
6 7 8 9 12 14 24 26 29 33 37  
12 2  
33 4 8 12 25 37 38  
21 2 4 5 6 7 8 10 11 12 14 15 16 17 18 20 21 22 23 24 25 26 27 29 30 31 34 36 37 39 40  
17 2 3 4 5 6 7 8 9 10 11 12 13 14 15 16 18 21 22 23 24 25 27 29 30 31 33 34 35 36 37 38 39 40  
56 12 13 18 21 23 27 34 37 38  
59 1 2 3 5 6 9 10 11 12 15 16 17 20 23 24 25 26 27 28 31 33 36 37 38 39  
41 1 2 4 5 6 7 8 9 10 11 13 15 16 17 18 19 20 21 22 23 24 25 26 27 28 29 32 34 35 36 38 40  
9 1 4 5 6 7 8 9 12 13 17 18 19 20 21 23 24 25 28 30 31 38 39 40  
29 2 3 4 8 9 14 17 18 21 24 28 29 31 37 39  
25 3 6 8 9 10 11 12 14 16 20 23 24 25 26 27 28 29 30 34 36 37 38 40  
14  
19 1 2 3 4 5 7 8 9 10 12 13 14 15 16 17 18 19 21 22 23 26 27 28 29 30 31 32 33 34 35 36 37 38 39 40  
49 1 2 4 7 8 9 10 12 13 14 15 16 17 18 19 20 21 22 23 25 26 27 28 29 30 31 32 34 35 36 37 38 39 40  
57 1 2 4 5 6 7 8 9 11 12 13 14 18 20 21 22 25 26 27 30 31 32 33 34 35 37 38 39 40  
58 5 26 28 31 34  
36 1 2 4 5 7 11 13 17 18 23 24 25 26 27 28 30 31 32 33 35 36 37 38  
2 5 7 12 15 23 24 26 27 29 30 31 35 37 38 39 40  
52 1 2 4 5 7 8 9 10 11 12 13 14 17 18 20 21 22 23 26 28 29 30 32 34 36 37 39 40  
51  
11 7  
SIZE OF PROGRAMS (pID SIZE):
1 71.0 
2 70.0 
3 49.0 
4 42.0 
5 93.0 
6 40.0 
7 92.0 
8 60.0 
9 51.0 
10 45.0 
11 92.0 
12 57.0 
13 67.0 
14 99.0 
15 73.0 
16 49.0 
17 95.0 
18 72.0 
19 85.0 
20 67.0 
21 69.0 
22 46.0 
23 54.0 
24 55.0 
25 76.0 
26 58.0 
27 75.0 
28 80.0 
29 49.0 
30 42.0 
31 60.0 
32 45.0 
33 44.0 
34 99.0 
35 70.0 
36 70.0 
37 49.0 
38 53.0 
39 51.0 
40 92.0 
COST_INSTALL_SERVER_AND_PROGRAMS :
0 6264.646464646465 1.4343434343434343 1.4141414141414141 0.98989898989899 0.8484848484848485 1.878787878787879 0.8080808080808081 1.8585858585858586 1.2121212121212122 1.0303030303030303 0.9090909090909091 1.8585858585858586 1.1515151515151516 1.3535353535353536 2.0 1.4747474747474747 0.98989898989899 1.9191919191919191 1.4545454545454546 1.7171717171717171 1.3535353535353536 1.393939393939394 0.9292929292929293 1.0909090909090908 1.1111111111111112 1.5353535353535352 1.1717171717171717 1.5151515151515151 1.6161616161616161 0.98989898989899 0.8484848484848485 1.2121212121212122 0.9090909090909091 0.8888888888888888 2.0 1.4141414141414141 1.4141414141414141 0.98989898989899 1.0707070707070707 1.0303030303030303 1.8585858585858586  
35 96.0313559322035 2.1515151515151514 2.121212121212121 1.4848484848484849 1.2727272727272727 2.8181818181818183 1.2121212121212122 2.787878787878788 1.8181818181818181 1.5454545454545454 1.3636363636363635 2.787878787878788 1.7272727272727273 2.0303030303030303 3.0 2.212121212121212 1.4848484848484849 2.878787878787879 2.1818181818181817 2.5757575757575757 2.0303030303030303 2.090909090909091 1.393939393939394 1.6363636363636365 1.6666666666666667 2.303030303030303 1.7575757575757576 2.272727272727273 2.4242424242424243 1.4848484848484849 1.2727272727272727 1.8181818181818181 1.3636363636363635 1.3333333333333333 3.0 2.121212121212121 2.121212121212121 1.4848484848484849 1.606060606060606 1.5454545454545454 2.787878787878788  
5 36.159428816238865 1.4343434343434343 1.4141414141414141 0.98989898989899 0.8484848484848485 1.878787878787879 0.8080808080808081 1.8585858585858586 1.2121212121212122 1.0303030303030303 0.9090909090909091 1.8585858585858586 1.1515151515151516 1.3535353535353536 2.0 1.4747474747474747 0.98989898989899 1.9191919191919191 1.4545454545454546 1.7171717171717171 1.3535353535353536 1.393939393939394 0.9292929292929293 1.0909090909090908 1.1111111111111112 1.5353535353535352 1.1717171717171717 1.5151515151515151 1.6161616161616161 0.98989898989899 0.8484848484848485 1.2121212121212122 0.9090909090909091 0.8888888888888888 2.0 1.4141414141414141 1.4141414141414141 0.98989898989899 1.0707070707070707 1.0303030303030303 1.8585858585858586  
40 30.485525123930096 2.1515151515151514 2.121212121212121 1.4848484848484849 1.2727272727272727 2.8181818181818183 1.2121212121212122 2.787878787878788 1.8181818181818181 1.5454545454545454 1.3636363636363635 2.787878787878788 1.7272727272727273 2.0303030303030303 3.0 2.212121212121212 1.4848484848484849 2.878787878787879 2.1818181818181817 2.5757575757575757 2.0303030303030303 2.090909090909091 1.393939393939394 1.6363636363636365 1.6666666666666667 2.303030303030303 1.7575757575757576 2.272727272727273 2.4242424242424243 1.4848484848484849 1.2727272727272727 1.8181818181818181 1.3636363636363635 1.3333333333333333 3.0 2.121212121212121 2.121212121212121 1.4848484848484849 1.606060606060606 1.5454545454545454 2.787878787878788  
42 31.7912587412587 2.1515151515151514 2.121212121212121 1.4848484848484849 1.2727272727272727 2.8181818181818183 1.2121212121212122 2.787878787878788 1.8181818181818181 1.5454545454545454 1.3636363636363635 2.787878787878788 1.7272727272727273 2.0303030303030303 3.0 2.212121212121212 1.4848484848484849 2.878787878787879 2.1818181818181817 2.5757575757575757 2.0303030303030303 2.090909090909091 1.393939393939394 1.6363636363636365 1.6666666666666667 2.303030303030303 1.7575757575757576 2.272727272727273 2.4242424242424243 1.4848484848484849 1.2727272727272727 1.8181818181818181 1.3636363636363635 1.3333333333333333 3.0 2.121212121212121 2.121212121212121 1.4848484848484849 1.606060606060606 1.5454545454545454 2.787878787878788  
18 53.47348641437108 1.4343434343434343 1.4141414141414141 0.98989898989899 0.8484848484848485 1.878787878787879 0.8080808080808081 1.8585858585858586 1.2121212121212122 1.0303030303030303 0.9090909090909091 1.8585858585858586 1.1515151515151516 1.3535353535353536 2.0 1.4747474747474747 0.98989898989899 1.9191919191919191 1.4545454545454546 1.7171717171717171 1.3535353535353536 1.393939393939394 0.9292929292929293 1.0909090909090908 1.1111111111111112 1.5353535353535352 1.1717171717171717 1.5151515151515151 1.6161616161616161 0.98989898989899 0.8484848484848485 1.2121212121212122 0.9090909090909091 0.8888888888888888 2.0 1.4141414141414141 1.4141414141414141 0.98989898989899 1.0707070707070707 1.0303030303030303 1.8585858585858586  
1 105.0 2.1515151515151514 2.121212121212121 1.4848484848484849 1.2727272727272727 2.8181818181818183 1.2121212121212122 2.787878787878788 1.8181818181818181 1.5454545454545454 1.3636363636363635 2.787878787878788 1.7272727272727273 2.0303030303030303 3.0 2.212121212121212 1.4848484848484849 2.878787878787879 2.1818181818181817 2.5757575757575757 2.0303030303030303 2.090909090909091 1.393939393939394 1.6363636363636365 1.6666666666666667 2.303030303030303 1.7575757575757576 2.272727272727273 2.4242424242424243 1.4848484848484849 1.2727272727272727 1.8181818181818181 1.3636363636363635 1.3333333333333333 3.0 2.121212121212121 2.121212121212121 1.4848484848484849 1.606060606060606 1.5454545454545454 2.787878787878788  
31 26.22998771800539 2.1515151515151514 2.121212121212121 1.4848484848484849 1.2727272727272727 2.8181818181818183 1.2121212121212122 2.787878787878788 1.8181818181818181 1.5454545454545454 1.3636363636363635 2.787878787878788 1.7272727272727273 2.0303030303030303 3.0 2.212121212121212 1.4848484848484849 2.878787878787879 2.1818181818181817 2.5757575757575757 2.0303030303030303 2.090909090909091 1.393939393939394 1.6363636363636365 1.6666666666666667 2.303030303030303 1.7575757575757576 2.272727272727273 2.4242424242424243 1.4848484848484849 1.2727272727272727 1.8181818181818181 1.3636363636363635 1.3333333333333333 3.0 2.121212121212121 2.121212121212121 1.4848484848484849 1.606060606060606 1.5454545454545454 2.787878787878788  
43 23.645143745143756 1.4343434343434343 1.4141414141414141 0.98989898989899 0.8484848484848485 1.878787878787879 0.8080808080808081 1.8585858585858586 1.2121212121212122 1.0303030303030303 0.9090909090909091 1.8585858585858586 1.1515151515151516 1.3535353535353536 2.0 1.4747474747474747 0.98989898989899 1.9191919191919191 1.4545454545454546 1.7171717171717171 1.3535353535353536 1.393939393939394 0.9292929292929293 1.0909090909090908 1.1111111111111112 1.5353535353535352 1.1717171717171717 1.5151515151515151 1.6161616161616161 0.98989898989899 0.8484848484848485 1.2121212121212122 0.9090909090909091 0.8888888888888888 2.0 1.4141414141414141 1.4141414141414141 0.98989898989899 1.0707070707070707 1.0303030303030303 1.8585858585858586  
48 36.20793219257681 1.4343434343434343 1.4141414141414141 0.98989898989899 0.8484848484848485 1.878787878787879 0.8080808080808081 1.8585858585858586 1.2121212121212122 1.0303030303030303 0.9090909090909091 1.8585858585858586 1.1515151515151516 1.3535353535353536 2.0 1.4747474747474747 0.98989898989899 1.9191919191919191 1.4545454545454546 1.7171717171717171 1.3535353535353536 1.393939393939394 0.9292929292929293 1.0909090909090908 1.1111111111111112 1.5353535353535352 1.1717171717171717 1.5151515151515151 1.6161616161616161 0.98989898989899 0.8484848484848485 1.2121212121212122 0.9090909090909091 0.8888888888888888 2.0 1.4141414141414141 1.4141414141414141 0.98989898989899 1.0707070707070707 1.0303030303030303 1.8585858585858586  
55 20.5571440208537 1.4343434343434343 1.4141414141414141 0.98989898989899 0.8484848484848485 1.878787878787879 0.8080808080808081 1.8585858585858586 1.2121212121212122 1.0303030303030303 0.9090909090909091 1.8585858585858586 1.1515151515151516 1.3535353535353536 2.0 1.4747474747474747 0.98989898989899 1.9191919191919191 1.4545454545454546 1.7171717171717171 1.3535353535353536 1.393939393939394 0.9292929292929293 1.0909090909090908 1.1111111111111112 1.5353535353535352 1.1717171717171717 1.5151515151515151 1.6161616161616161 0.98989898989899 0.8484848484848485 1.2121212121212122 0.9090909090909091 0.8888888888888888 2.0 1.4141414141414141 1.4141414141414141 0.98989898989899 1.0707070707070707 1.0303030303030303 1.8585858585858586  
39 124.30750921149595 2.1515151515151514 2.121212121212121 1.4848484848484849 1.2727272727272727 2.8181818181818183 1.2121212121212122 2.787878787878788 1.8181818181818181 1.5454545454545454 1.3636363636363635 2.787878787878788 1.7272727272727273 2.0303030303030303 3.0 2.212121212121212 1.4848484848484849 2.878787878787879 2.1818181818181817 2.5757575757575757 2.0303030303030303 2.090909090909091 1.393939393939394 1.6363636363636365 1.6666666666666667 2.303030303030303 1.7575757575757576 2.272727272727273 2.4242424242424243 1.4848484848484849 1.2727272727272727 1.8181818181818181 1.3636363636363635 1.3333333333333333 3.0 2.121212121212121 2.121212121212121 1.4848484848484849 1.606060606060606 1.5454545454545454 2.787878787878788  
8 1.8186539306104526 1.4343434343434343 1.4141414141414141 0.98989898989899 0.8484848484848485 1.878787878787879 0.8080808080808081 1.8585858585858586 1.2121212121212122 1.0303030303030303 0.9090909090909091 1.8585858585858586 1.1515151515151516 1.3535353535353536 2.0 1.4747474747474747 0.98989898989899 1.9191919191919191 1.4545454545454546 1.7171717171717171 1.3535353535353536 1.393939393939394 0.9292929292929293 1.0909090909090908 1.1111111111111112 1.5353535353535352 1.1717171717171717 1.5151515151515151 1.6161616161616161 0.98989898989899 0.8484848484848485 1.2121212121212122 0.9090909090909091 0.8888888888888888 2.0 1.4141414141414141 1.4141414141414141 0.98989898989899 1.0707070707070707 1.0303030303030303 1.8585858585858586  
47 68.17596314600823 1.4343434343434343 1.4141414141414141 0.98989898989899 0.8484848484848485 1.878787878787879 0.8080808080808081 1.8585858585858586 1.2121212121212122 1.0303030303030303 0.9090909090909091 1.8585858585858586 1.1515151515151516 1.3535353535353536 2.0 1.4747474747474747 0.98989898989899 1.9191919191919191 1.4545454545454546 1.7171717171717171 1.3535353535353536 1.393939393939394 0.9292929292929293 1.0909090909090908 1.1111111111111112 1.5353535353535352 1.1717171717171717 1.5151515151515151 1.6161616161616161 0.98989898989899 0.8484848484848485 1.2121212121212122 0.9090909090909091 0.8888888888888888 2.0 1.4141414141414141 1.4141414141414141 0.98989898989899 1.0707070707070707 1.0303030303030303 1.8585858585858586  
45 103.0 2.1515151515151514 2.121212121212121 1.4848484848484849 1.2727272727272727 2.8181818181818183 1.2121212121212122 2.787878787878788 1.8181818181818181 1.5454545454545454 1.3636363636363635 2.787878787878788 1.7272727272727273 2.0303030303030303 3.0 2.212121212121212 1.4848484848484849 2.878787878787879 2.1818181818181817 2.5757575757575757 2.0303030303030303 2.090909090909091 1.393939393939394 1.6363636363636365 1.6666666666666667 2.303030303030303 1.7575757575757576 2.272727272727273 2.4242424242424243 1.4848484848484849 1.2727272727272727 1.8181818181818181 1.3636363636363635 1.3333333333333333 3.0 2.121212121212121 2.121212121212121 1.4848484848484849 1.606060606060606 1.5454545454545454 2.787878787878788  
27 124.6859146189996 2.1515151515151514 2.121212121212121 1.4848484848484849 1.2727272727272727 2.8181818181818183 1.2121212121212122 2.787878787878788 1.8181818181818181 1.5454545454545454 1.3636363636363635 2.787878787878788 1.7272727272727273 2.0303030303030303 3.0 2.212121212121212 1.4848484848484849 2.878787878787879 2.1818181818181817 2.5757575757575757 2.0303030303030303 2.090909090909091 1.393939393939394 1.6363636363636365 1.6666666666666667 2.303030303030303 1.7575757575757576 2.272727272727273 2.4242424242424243 1.4848484848484849 1.2727272727272727 1.8181818181818181 1.3636363636363635 1.3333333333333333 3.0 2.121212121212121 2.121212121212121 1.4848484848484849 1.606060606060606 1.5454545454545454 2.787878787878788  
34 3.3511846542060257 2.1515151515151514 2.121212121212121 1.4848484848484849 1.2727272727272727 2.8181818181818183 1.2121212121212122 2.787878787878788 1.8181818181818181 1.5454545454545454 1.3636363636363635 2.787878787878788 1.7272727272727273 2.0303030303030303 3.0 2.212121212121212 1.4848484848484849 2.878787878787879 2.1818181818181817 2.5757575757575757 2.0303030303030303 2.090909090909091 1.393939393939394 1.6363636363636365 1.6666666666666667 2.303030303030303 1.7575757575757576 2.272727272727273 2.4242424242424243 1.4848484848484849 1.2727272727272727 1.8181818181818181 1.3636363636363635 1.3333333333333333 3.0 2.121212121212121 2.121212121212121 1.4848484848484849 1.606060606060606 1.5454545454545454 2.787878787878788  
13 0.7550306332085992 2.1515151515151514 2.121212121212121 1.4848484848484849 1.2727272727272727 2.8181818181818183 1.2121212121212122 2.787878787878788 1.8181818181818181 1.5454545454545454 1.3636363636363635 2.787878787878788 1.7272727272727273 2.0303030303030303 3.0 2.212121212121212 1.4848484848484849 2.878787878787879 2.1818181818181817 2.5757575757575757 2.0303030303030303 2.090909090909091 1.393939393939394 1.6363636363636365 1.6666666666666667 2.303030303030303 1.7575757575757576 2.272727272727273 2.4242424242424243 1.4848484848484849 1.2727272727272727 1.8181818181818181 1.3636363636363635 1.3333333333333333 3.0 2.121212121212121 2.121212121212121 1.4848484848484849 1.606060606060606 1.5454545454545454 2.787878787878788  
7 72.94233743686866 1.4343434343434343 1.4141414141414141 0.98989898989899 0.8484848484848485 1.878787878787879 0.8080808080808081 1.8585858585858586 1.2121212121212122 1.0303030303030303 0.9090909090909091 1.8585858585858586 1.1515151515151516 1.3535353535353536 2.0 1.4747474747474747 0.98989898989899 1.9191919191919191 1.4545454545454546 1.7171717171717171 1.3535353535353536 1.393939393939394 0.9292929292929293 1.0909090909090908 1.1111111111111112 1.5353535353535352 1.1717171717171717 1.5151515151515151 1.6161616161616161 0.98989898989899 0.8484848484848485 1.2121212121212122 0.9090909090909091 0.8888888888888888 2.0 1.4141414141414141 1.4141414141414141 0.98989898989899 1.0707070707070707 1.0303030303030303 1.8585858585858586  
22 119.45616181361189 2.1515151515151514 2.121212121212121 1.4848484848484849 1.2727272727272727 2.8181818181818183 1.2121212121212122 2.787878787878788 1.8181818181818181 1.5454545454545454 1.3636363636363635 2.787878787878788 1.7272727272727273 2.0303030303030303 3.0 2.212121212121212 1.4848484848484849 2.878787878787879 2.1818181818181817 2.5757575757575757 2.0303030303030303 2.090909090909091 1.393939393939394 1.6363636363636365 1.6666666666666667 2.303030303030303 1.7575757575757576 2.272727272727273 2.4242424242424243 1.4848484848484849 1.2727272727272727 1.8181818181818181 1.3636363636363635 1.3333333333333333 3.0 2.121212121212121 2.121212121212121 1.4848484848484849 1.606060606060606 1.5454545454545454 2.787878787878788  
16 23.42449254449254 1.4343434343434343 1.4141414141414141 0.98989898989899 0.8484848484848485 1.878787878787879 0.8080808080808081 1.8585858585858586 1.2121212121212122 1.0303030303030303 0.9090909090909091 1.8585858585858586 1.1515151515151516 1.3535353535353536 2.0 1.4747474747474747 0.98989898989899 1.9191919191919191 1.4545454545454546 1.7171717171717171 1.3535353535353536 1.393939393939394 0.9292929292929293 1.0909090909090908 1.1111111111111112 1.5353535353535352 1.1717171717171717 1.5151515151515151 1.6161616161616161 0.98989898989899 0.8484848484848485 1.2121212121212122 0.9090909090909091 0.8888888888888888 2.0 1.4141414141414141 1.4141414141414141 0.98989898989899 1.0707070707070707 1.0303030303030303 1.8585858585858586  
38 41.962805095911236 2.1515151515151514 2.121212121212121 1.4848484848484849 1.2727272727272727 2.8181818181818183 1.2121212121212122 2.787878787878788 1.8181818181818181 1.5454545454545454 1.3636363636363635 2.787878787878788 1.7272727272727273 2.0303030303030303 3.0 2.212121212121212 1.4848484848484849 2.878787878787879 2.1818181818181817 2.5757575757575757 2.0303030303030303 2.090909090909091 1.393939393939394 1.6363636363636365 1.6666666666666667 2.303030303030303 1.7575757575757576 2.272727272727273 2.4242424242424243 1.4848484848484849 1.2727272727272727 1.8181818181818181 1.3636363636363635 1.3333333333333333 3.0 2.121212121212121 2.121212121212121 1.4848484848484849 1.606060606060606 1.5454545454545454 2.787878787878788  
32 106.545588451097 1.4343434343434343 1.4141414141414141 0.98989898989899 0.8484848484848485 1.878787878787879 0.8080808080808081 1.8585858585858586 1.2121212121212122 1.0303030303030303 0.9090909090909091 1.8585858585858586 1.1515151515151516 1.3535353535353536 2.0 1.4747474747474747 0.98989898989899 1.9191919191919191 1.4545454545454546 1.7171717171717171 1.3535353535353536 1.393939393939394 0.9292929292929293 1.0909090909090908 1.1111111111111112 1.5353535353535352 1.1717171717171717 1.5151515151515151 1.6161616161616161 0.98989898989899 0.8484848484848485 1.2121212121212122 0.9090909090909091 0.8888888888888888 2.0 1.4141414141414141 1.4141414141414141 0.98989898989899 1.0707070707070707 1.0303030303030303 1.8585858585858586  
15 54.85053900348018 1.4343434343434343 1.4141414141414141 0.98989898989899 0.8484848484848485 1.878787878787879 0.8080808080808081 1.8585858585858586 1.2121212121212122 1.0303030303030303 0.9090909090909091 1.8585858585858586 1.1515151515151516 1.3535353535353536 2.0 1.4747474747474747 0.98989898989899 1.9191919191919191 1.4545454545454546 1.7171717171717171 1.3535353535353536 1.393939393939394 0.9292929292929293 1.0909090909090908 1.1111111111111112 1.5353535353535352 1.1717171717171717 1.5151515151515151 1.6161616161616161 0.98989898989899 0.8484848484848485 1.2121212121212122 0.9090909090909091 0.8888888888888888 2.0 1.4141414141414141 1.4141414141414141 0.98989898989899 1.0707070707070707 1.0303030303030303 1.8585858585858586  
30 34.97387979170588 2.1515151515151514 2.121212121212121 1.4848484848484849 1.2727272727272727 2.8181818181818183 1.2121212121212122 2.787878787878788 1.8181818181818181 1.5454545454545454 1.3636363636363635 2.787878787878788 1.7272727272727273 2.0303030303030303 3.0 2.212121212121212 1.4848484848484849 2.878787878787879 2.1818181818181817 2.5757575757575757 2.0303030303030303 2.090909090909091 1.393939393939394 1.6363636363636365 1.6666666666666667 2.303030303030303 1.7575757575757576 2.272727272727273 2.4242424242424243 1.4848484848484849 1.2727272727272727 1.8181818181818181 1.3636363636363635 1.3333333333333333 3.0 2.121212121212121 2.121212121212121 1.4848484848484849 1.606060606060606 1.5454545454545454 2.787878787878788  
37 90.22391138227734 1.4343434343434343 1.4141414141414141 0.98989898989899 0.8484848484848485 1.878787878787879 0.8080808080808081 1.8585858585858586 1.2121212121212122 1.0303030303030303 0.9090909090909091 1.8585858585858586 1.1515151515151516 1.3535353535353536 2.0 1.4747474747474747 0.98989898989899 1.9191919191919191 1.4545454545454546 1.7171717171717171 1.3535353535353536 1.393939393939394 0.9292929292929293 1.0909090909090908 1.1111111111111112 1.5353535353535352 1.1717171717171717 1.5151515151515151 1.6161616161616161 0.98989898989899 0.8484848484848485 1.2121212121212122 0.9090909090909091 0.8888888888888888 2.0 1.4141414141414141 1.4141414141414141 0.98989898989899 1.0707070707070707 1.0303030303030303 1.8585858585858586  
28 37.15167816707977 2.1515151515151514 2.121212121212121 1.4848484848484849 1.2727272727272727 2.8181818181818183 1.2121212121212122 2.787878787878788 1.8181818181818181 1.5454545454545454 1.3636363636363635 2.787878787878788 1.7272727272727273 2.0303030303030303 3.0 2.212121212121212 1.4848484848484849 2.878787878787879 2.1818181818181817 2.5757575757575757 2.0303030303030303 2.090909090909091 1.393939393939394 1.6363636363636365 1.6666666666666667 2.303030303030303 1.7575757575757576 2.272727272727273 2.4242424242424243 1.4848484848484849 1.2727272727272727 1.8181818181818181 1.3636363636363635 1.3333333333333333 3.0 2.121212121212121 2.121212121212121 1.4848484848484849 1.606060606060606 1.5454545454545454 2.787878787878788  
44 27.964274322169057 1.4343434343434343 1.4141414141414141 0.98989898989899 0.8484848484848485 1.878787878787879 0.8080808080808081 1.8585858585858586 1.2121212121212122 1.0303030303030303 0.9090909090909091 1.8585858585858586 1.1515151515151516 1.3535353535353536 2.0 1.4747474747474747 0.98989898989899 1.9191919191919191 1.4545454545454546 1.7171717171717171 1.3535353535353536 1.393939393939394 0.9292929292929293 1.0909090909090908 1.1111111111111112 1.5353535353535352 1.1717171717171717 1.5151515151515151 1.6161616161616161 0.98989898989899 0.8484848484848485 1.2121212121212122 0.9090909090909091 0.8888888888888888 2.0 1.4141414141414141 1.4141414141414141 0.98989898989899 1.0707070707070707 1.0303030303030303 1.8585858585858586  
23 210.00168447816003 2.1515151515151514 2.121212121212121 1.4848484848484849 1.2727272727272727 2.8181818181818183 1.2121212121212122 2.787878787878788 1.8181818181818181 1.5454545454545454 1.3636363636363635 2.787878787878788 1.7272727272727273 2.0303030303030303 3.0 2.212121212121212 1.4848484848484849 2.878787878787879 2.1818181818181817 2.5757575757575757 2.0303030303030303 2.090909090909091 1.393939393939394 1.6363636363636365 1.6666666666666667 2.303030303030303 1.7575757575757576 2.272727272727273 2.4242424242424243 1.4848484848484849 1.2727272727272727 1.8181818181818181 1.3636363636363635 1.3333333333333333 3.0 2.121212121212121 2.121212121212121 1.4848484848484849 1.606060606060606 1.5454545454545454 2.787878787878788  
4 56.61958447764901 1.4343434343434343 1.4141414141414141 0.98989898989899 0.8484848484848485 1.878787878787879 0.8080808080808081 1.8585858585858586 1.2121212121212122 1.0303030303030303 0.9090909090909091 1.8585858585858586 1.1515151515151516 1.3535353535353536 2.0 1.4747474747474747 0.98989898989899 1.9191919191919191 1.4545454545454546 1.7171717171717171 1.3535353535353536 1.393939393939394 0.9292929292929293 1.0909090909090908 1.1111111111111112 1.5353535353535352 1.1717171717171717 1.5151515151515151 1.6161616161616161 0.98989898989899 0.8484848484848485 1.2121212121212122 0.9090909090909091 0.8888888888888888 2.0 1.4141414141414141 1.4141414141414141 0.98989898989899 1.0707070707070707 1.0303030303030303 1.8585858585858586  
20 10.509758962147254 2.1515151515151514 2.121212121212121 1.4848484848484849 1.2727272727272727 2.8181818181818183 1.2121212121212122 2.787878787878788 1.8181818181818181 1.5454545454545454 1.3636363636363635 2.787878787878788 1.7272727272727273 2.0303030303030303 3.0 2.212121212121212 1.4848484848484849 2.878787878787879 2.1818181818181817 2.5757575757575757 2.0303030303030303 2.090909090909091 1.393939393939394 1.6363636363636365 1.6666666666666667 2.303030303030303 1.7575757575757576 2.272727272727273 2.4242424242424243 1.4848484848484849 1.2727272727272727 1.8181818181818181 1.3636363636363635 1.3333333333333333 3.0 2.121212121212121 2.121212121212121 1.4848484848484849 1.606060606060606 1.5454545454545454 2.787878787878788  
46 20.877298957030558 2.1515151515151514 2.121212121212121 1.4848484848484849 1.2727272727272727 2.8181818181818183 1.2121212121212122 2.787878787878788 1.8181818181818181 1.5454545454545454 1.3636363636363635 2.787878787878788 1.7272727272727273 2.0303030303030303 3.0 2.212121212121212 1.4848484848484849 2.878787878787879 2.1818181818181817 2.5757575757575757 2.0303030303030303 2.090909090909091 1.393939393939394 1.6363636363636365 1.6666666666666667 2.303030303030303 1.7575757575757576 2.272727272727273 2.4242424242424243 1.4848484848484849 1.2727272727272727 1.8181818181818181 1.3636363636363635 1.3333333333333333 3.0 2.121212121212121 2.121212121212121 1.4848484848484849 1.606060606060606 1.5454545454545454 2.787878787878788  
3 13.967593179178525 2.1515151515151514 2.121212121212121 1.4848484848484849 1.2727272727272727 2.8181818181818183 1.2121212121212122 2.787878787878788 1.8181818181818181 1.5454545454545454 1.3636363636363635 2.787878787878788 1.7272727272727273 2.0303030303030303 3.0 2.212121212121212 1.4848484848484849 2.878787878787879 2.1818181818181817 2.5757575757575757 2.0303030303030303 2.090909090909091 1.393939393939394 1.6363636363636365 1.6666666666666667 2.303030303030303 1.7575757575757576 2.272727272727273 2.4242424242424243 1.4848484848484849 1.2727272727272727 1.8181818181818181 1.3636363636363635 1.3333333333333333 3.0 2.121212121212121 2.121212121212121 1.4848484848484849 1.606060606060606 1.5454545454545454 2.787878787878788  
53 16.0 2.1515151515151514 2.121212121212121 1.4848484848484849 1.2727272727272727 2.8181818181818183 1.2121212121212122 2.787878787878788 1.8181818181818181 1.5454545454545454 1.3636363636363635 2.787878787878788 1.7272727272727273 2.0303030303030303 3.0 2.212121212121212 1.4848484848484849 2.878787878787879 2.1818181818181817 2.5757575757575757 2.0303030303030303 2.090909090909091 1.393939393939394 1.6363636363636365 1.6666666666666667 2.303030303030303 1.7575757575757576 2.272727272727273 2.4242424242424243 1.4848484848484849 1.2727272727272727 1.8181818181818181 1.3636363636363635 1.3333333333333333 3.0 2.121212121212121 2.121212121212121 1.4848484848484849 1.606060606060606 1.5454545454545454 2.787878787878788  
50 96.60149613387459 2.1515151515151514 2.121212121212121 1.4848484848484849 1.2727272727272727 2.8181818181818183 1.2121212121212122 2.787878787878788 1.8181818181818181 1.5454545454545454 1.3636363636363635 2.787878787878788 1.7272727272727273 2.0303030303030303 3.0 2.212121212121212 1.4848484848484849 2.878787878787879 2.1818181818181817 2.5757575757575757 2.0303030303030303 2.090909090909091 1.393939393939394 1.6363636363636365 1.6666666666666667 2.303030303030303 1.7575757575757576 2.272727272727273 2.4242424242424243 1.4848484848484849 1.2727272727272727 1.8181818181818181 1.3636363636363635 1.3333333333333333 3.0 2.121212121212121 2.121212121212121 1.4848484848484849 1.606060606060606 1.5454545454545454 2.787878787878788  
10 37.58767162884808 2.1515151515151514 2.121212121212121 1.4848484848484849 1.2727272727272727 2.8181818181818183 1.2121212121212122 2.787878787878788 1.8181818181818181 1.5454545454545454 1.3636363636363635 2.787878787878788 1.7272727272727273 2.0303030303030303 3.0 2.212121212121212 1.4848484848484849 2.878787878787879 2.1818181818181817 2.5757575757575757 2.0303030303030303 2.090909090909091 1.393939393939394 1.6363636363636365 1.6666666666666667 2.303030303030303 1.7575757575757576 2.272727272727273 2.4242424242424243 1.4848484848484849 1.2727272727272727 1.8181818181818181 1.3636363636363635 1.3333333333333333 3.0 2.121212121212121 2.121212121212121 1.4848484848484849 1.606060606060606 1.5454545454545454 2.787878787878788  
54 19.424273023603394 2.1515151515151514 2.121212121212121 1.4848484848484849 1.2727272727272727 2.8181818181818183 1.2121212121212122 2.787878787878788 1.8181818181818181 1.5454545454545454 1.3636363636363635 2.787878787878788 1.7272727272727273 2.0303030303030303 3.0 2.212121212121212 1.4848484848484849 2.878787878787879 2.1818181818181817 2.5757575757575757 2.0303030303030303 2.090909090909091 1.393939393939394 1.6363636363636365 1.6666666666666667 2.303030303030303 1.7575757575757576 2.272727272727273 2.4242424242424243 1.4848484848484849 1.2727272727272727 1.8181818181818181 1.3636363636363635 1.3333333333333333 3.0 2.121212121212121 2.121212121212121 1.4848484848484849 1.606060606060606 1.5454545454545454 2.787878787878788  
26 217.61772586687874 1.4343434343434343 1.4141414141414141 0.98989898989899 0.8484848484848485 1.878787878787879 0.8080808080808081 1.8585858585858586 1.2121212121212122 1.0303030303030303 0.9090909090909091 1.8585858585858586 1.1515151515151516 1.3535353535353536 2.0 1.4747474747474747 0.98989898989899 1.9191919191919191 1.4545454545454546 1.7171717171717171 1.3535353535353536 1.393939393939394 0.9292929292929293 1.0909090909090908 1.1111111111111112 1.5353535353535352 1.1717171717171717 1.5151515151515151 1.6161616161616161 0.98989898989899 0.8484848484848485 1.2121212121212122 0.9090909090909091 0.8888888888888888 2.0 1.4141414141414141 1.4141414141414141 0.98989898989899 1.0707070707070707 1.0303030303030303 1.8585858585858586  
24 149.86448899954596 2.1515151515151514 2.121212121212121 1.4848484848484849 1.2727272727272727 2.8181818181818183 1.2121212121212122 2.787878787878788 1.8181818181818181 1.5454545454545454 1.3636363636363635 2.787878787878788 1.7272727272727273 2.0303030303030303 3.0 2.212121212121212 1.4848484848484849 2.878787878787879 2.1818181818181817 2.5757575757575757 2.0303030303030303 2.090909090909091 1.393939393939394 1.6363636363636365 1.6666666666666667 2.303030303030303 1.7575757575757576 2.272727272727273 2.4242424242424243 1.4848484848484849 1.2727272727272727 1.8181818181818181 1.3636363636363635 1.3333333333333333 3.0 2.121212121212121 2.121212121212121 1.4848484848484849 1.606060606060606 1.5454545454545454 2.787878787878788  
6 21.022659460122803 1.4343434343434343 1.4141414141414141 0.98989898989899 0.8484848484848485 1.878787878787879 0.8080808080808081 1.8585858585858586 1.2121212121212122 1.0303030303030303 0.9090909090909091 1.8585858585858586 1.1515151515151516 1.3535353535353536 2.0 1.4747474747474747 0.98989898989899 1.9191919191919191 1.4545454545454546 1.7171717171717171 1.3535353535353536 1.393939393939394 0.9292929292929293 1.0909090909090908 1.1111111111111112 1.5353535353535352 1.1717171717171717 1.5151515151515151 1.6161616161616161 0.98989898989899 0.8484848484848485 1.2121212121212122 0.9090909090909091 0.8888888888888888 2.0 1.4141414141414141 1.4141414141414141 0.98989898989899 1.0707070707070707 1.0303030303030303 1.8585858585858586  
12 0.8341004383457213 1.4343434343434343 1.4141414141414141 0.98989898989899 0.8484848484848485 1.878787878787879 0.8080808080808081 1.8585858585858586 1.2121212121212122 1.0303030303030303 0.9090909090909091 1.8585858585858586 1.1515151515151516 1.3535353535353536 2.0 1.4747474747474747 0.98989898989899 1.9191919191919191 1.4545454545454546 1.7171717171717171 1.3535353535353536 1.393939393939394 0.9292929292929293 1.0909090909090908 1.1111111111111112 1.5353535353535352 1.1717171717171717 1.5151515151515151 1.6161616161616161 0.98989898989899 0.8484848484848485 1.2121212121212122 0.9090909090909091 0.8888888888888888 2.0 1.4141414141414141 1.4141414141414141 0.98989898989899 1.0707070707070707 1.0303030303030303 1.8585858585858586  
33 18.149459007380887 1.4343434343434343 1.4141414141414141 0.98989898989899 0.8484848484848485 1.878787878787879 0.8080808080808081 1.8585858585858586 1.2121212121212122 1.0303030303030303 0.9090909090909091 1.8585858585858586 1.1515151515151516 1.3535353535353536 2.0 1.4747474747474747 0.98989898989899 1.9191919191919191 1.4545454545454546 1.7171717171717171 1.3535353535353536 1.393939393939394 0.9292929292929293 1.0909090909090908 1.1111111111111112 1.5353535353535352 1.1717171717171717 1.5151515151515151 1.6161616161616161 0.98989898989899 0.8484848484848485 1.2121212121212122 0.9090909090909091 0.8888888888888888 2.0 1.4141414141414141 1.4141414141414141 0.98989898989899 1.0707070707070707 1.0303030303030303 1.8585858585858586  
21 18.19339070740477 2.1515151515151514 2.121212121212121 1.4848484848484849 1.2727272727272727 2.8181818181818183 1.2121212121212122 2.787878787878788 1.8181818181818181 1.5454545454545454 1.3636363636363635 2.787878787878788 1.7272727272727273 2.0303030303030303 3.0 2.212121212121212 1.4848484848484849 2.878787878787879 2.1818181818181817 2.5757575757575757 2.0303030303030303 2.090909090909091 1.393939393939394 1.6363636363636365 1.6666666666666667 2.303030303030303 1.7575757575757576 2.272727272727273 2.4242424242424243 1.4848484848484849 1.2727272727272727 1.8181818181818181 1.3636363636363635 1.3333333333333333 3.0 2.121212121212121 2.121212121212121 1.4848484848484849 1.606060606060606 1.5454545454545454 2.787878787878788  
17 23.498300073909856 2.1515151515151514 2.121212121212121 1.4848484848484849 1.2727272727272727 2.8181818181818183 1.2121212121212122 2.787878787878788 1.8181818181818181 1.5454545454545454 1.3636363636363635 2.787878787878788 1.7272727272727273 2.0303030303030303 3.0 2.212121212121212 1.4848484848484849 2.878787878787879 2.1818181818181817 2.5757575757575757 2.0303030303030303 2.090909090909091 1.393939393939394 1.6363636363636365 1.6666666666666667 2.303030303030303 1.7575757575757576 2.272727272727273 2.4242424242424243 1.4848484848484849 1.2727272727272727 1.8181818181818181 1.3636363636363635 1.3333333333333333 3.0 2.121212121212121 2.121212121212121 1.4848484848484849 1.606060606060606 1.5454545454545454 2.787878787878788  
56 16.50262169383882 1.4343434343434343 1.4141414141414141 0.98989898989899 0.8484848484848485 1.878787878787879 0.8080808080808081 1.8585858585858586 1.2121212121212122 1.0303030303030303 0.9090909090909091 1.8585858585858586 1.1515151515151516 1.3535353535353536 2.0 1.4747474747474747 0.98989898989899 1.9191919191919191 1.4545454545454546 1.7171717171717171 1.3535353535353536 1.393939393939394 0.9292929292929293 1.0909090909090908 1.1111111111111112 1.5353535353535352 1.1717171717171717 1.5151515151515151 1.6161616161616161 0.98989898989899 0.8484848484848485 1.2121212121212122 0.9090909090909091 0.8888888888888888 2.0 1.4141414141414141 1.4141414141414141 0.98989898989899 1.0707070707070707 1.0303030303030303 1.8585858585858586  
59 1.5749976310951916 1.4343434343434343 1.4141414141414141 0.98989898989899 0.8484848484848485 1.878787878787879 0.8080808080808081 1.8585858585858586 1.2121212121212122 1.0303030303030303 0.9090909090909091 1.8585858585858586 1.1515151515151516 1.3535353535353536 2.0 1.4747474747474747 0.98989898989899 1.9191919191919191 1.4545454545454546 1.7171717171717171 1.3535353535353536 1.393939393939394 0.9292929292929293 1.0909090909090908 1.1111111111111112 1.5353535353535352 1.1717171717171717 1.5151515151515151 1.6161616161616161 0.98989898989899 0.8484848484848485 1.2121212121212122 0.9090909090909091 0.8888888888888888 2.0 1.4141414141414141 1.4141414141414141 0.98989898989899 1.0707070707070707 1.0303030303030303 1.8585858585858586  
41 24.55789715335168 2.1515151515151514 2.121212121212121 1.4848484848484849 1.2727272727272727 2.8181818181818183 1.2121212121212122 2.787878787878788 1.8181818181818181 1.5454545454545454 1.3636363636363635 2.787878787878788 1.7272727272727273 2.0303030303030303 3.0 2.212121212121212 1.4848484848484849 2.878787878787879 2.1818181818181817 2.5757575757575757 2.0303030303030303 2.090909090909091 1.393939393939394 1.6363636363636365 1.6666666666666667 2.303030303030303 1.7575757575757576 2.272727272727273 2.4242424242424243 1.4848484848484849 1.2727272727272727 1.8181818181818181 1.3636363636363635 1.3333333333333333 3.0 2.121212121212121 2.121212121212121 1.4848484848484849 1.606060606060606 1.5454545454545454 2.787878787878788  
9 69.90772727272729 2.1515151515151514 2.121212121212121 1.4848484848484849 1.2727272727272727 2.8181818181818183 1.2121212121212122 2.787878787878788 1.8181818181818181 1.5454545454545454 1.3636363636363635 2.787878787878788 1.7272727272727273 2.0303030303030303 3.0 2.212121212121212 1.4848484848484849 2.878787878787879 2.1818181818181817 2.5757575757575757 2.0303030303030303 2.090909090909091 1.393939393939394 1.6363636363636365 1.6666666666666667 2.303030303030303 1.7575757575757576 2.272727272727273 2.4242424242424243 1.4848484848484849 1.2727272727272727 1.8181818181818181 1.3636363636363635 1.3333333333333333 3.0 2.121212121212121 2.121212121212121 1.4848484848484849 1.606060606060606 1.5454545454545454 2.787878787878788  
29 21.020456890536625 2.1515151515151514 2.121212121212121 1.4848484848484849 1.2727272727272727 2.8181818181818183 1.2121212121212122 2.787878787878788 1.8181818181818181 1.5454545454545454 1.3636363636363635 2.787878787878788 1.7272727272727273 2.0303030303030303 3.0 2.212121212121212 1.4848484848484849 2.878787878787879 2.1818181818181817 2.5757575757575757 2.0303030303030303 2.090909090909091 1.393939393939394 1.6363636363636365 1.6666666666666667 2.303030303030303 1.7575757575757576 2.272727272727273 2.4242424242424243 1.4848484848484849 1.2727272727272727 1.8181818181818181 1.3636363636363635 1.3333333333333333 3.0 2.121212121212121 2.121212121212121 1.4848484848484849 1.606060606060606 1.5454545454545454 2.787878787878788  
25 192.2390413933718 2.1515151515151514 2.121212121212121 1.4848484848484849 1.2727272727272727 2.8181818181818183 1.2121212121212122 2.787878787878788 1.8181818181818181 1.5454545454545454 1.3636363636363635 2.787878787878788 1.7272727272727273 2.0303030303030303 3.0 2.212121212121212 1.4848484848484849 2.878787878787879 2.1818181818181817 2.5757575757575757 2.0303030303030303 2.090909090909091 1.393939393939394 1.6363636363636365 1.6666666666666667 2.303030303030303 1.7575757575757576 2.272727272727273 2.4242424242424243 1.4848484848484849 1.2727272727272727 1.8181818181818181 1.3636363636363635 1.3333333333333333 3.0 2.121212121212121 2.121212121212121 1.4848484848484849 1.606060606060606 1.5454545454545454 2.787878787878788  
14 16.741182836771078 2.1515151515151514 2.121212121212121 1.4848484848484849 1.2727272727272727 2.8181818181818183 1.2121212121212122 2.787878787878788 1.8181818181818181 1.5454545454545454 1.3636363636363635 2.787878787878788 1.7272727272727273 2.0303030303030303 3.0 2.212121212121212 1.4848484848484849 2.878787878787879 2.1818181818181817 2.5757575757575757 2.0303030303030303 2.090909090909091 1.393939393939394 1.6363636363636365 1.6666666666666667 2.303030303030303 1.7575757575757576 2.272727272727273 2.4242424242424243 1.4848484848484849 1.2727272727272727 1.8181818181818181 1.3636363636363635 1.3333333333333333 3.0 2.121212121212121 2.121212121212121 1.4848484848484849 1.606060606060606 1.5454545454545454 2.787878787878788  
19 69.55543183339792 2.1515151515151514 2.121212121212121 1.4848484848484849 1.2727272727272727 2.8181818181818183 1.2121212121212122 2.787878787878788 1.8181818181818181 1.5454545454545454 1.3636363636363635 2.787878787878788 1.7272727272727273 2.0303030303030303 3.0 2.212121212121212 1.4848484848484849 2.878787878787879 2.1818181818181817 2.5757575757575757 2.0303030303030303 2.090909090909091 1.393939393939394 1.6363636363636365 1.6666666666666667 2.303030303030303 1.7575757575757576 2.272727272727273 2.4242424242424243 1.4848484848484849 1.2727272727272727 1.8181818181818181 1.3636363636363635 1.3333333333333333 3.0 2.121212121212121 2.121212121212121 1.4848484848484849 1.606060606060606 1.5454545454545454 2.787878787878788  
49 12.194833113746153 2.1515151515151514 2.121212121212121 1.4848484848484849 1.2727272727272727 2.8181818181818183 1.2121212121212122 2.787878787878788 1.8181818181818181 1.5454545454545454 1.3636363636363635 2.787878787878788 1.7272727272727273 2.0303030303030303 3.0 2.212121212121212 1.4848484848484849 2.878787878787879 2.1818181818181817 2.5757575757575757 2.0303030303030303 2.090909090909091 1.393939393939394 1.6363636363636365 1.6666666666666667 2.303030303030303 1.7575757575757576 2.272727272727273 2.4242424242424243 1.4848484848484849 1.2727272727272727 1.8181818181818181 1.3636363636363635 1.3333333333333333 3.0 2.121212121212121 2.121212121212121 1.4848484848484849 1.606060606060606 1.5454545454545454 2.787878787878788  
57 16.374816108261474 2.1515151515151514 2.121212121212121 1.4848484848484849 1.2727272727272727 2.8181818181818183 1.2121212121212122 2.787878787878788 1.8181818181818181 1.5454545454545454 1.3636363636363635 2.787878787878788 1.7272727272727273 2.0303030303030303 3.0 2.212121212121212 1.4848484848484849 2.878787878787879 2.1818181818181817 2.5757575757575757 2.0303030303030303 2.090909090909091 1.393939393939394 1.6363636363636365 1.6666666666666667 2.303030303030303 1.7575757575757576 2.272727272727273 2.4242424242424243 1.4848484848484849 1.2727272727272727 1.8181818181818181 1.3636363636363635 1.3333333333333333 3.0 2.121212121212121 2.121212121212121 1.4848484848484849 1.606060606060606 1.5454545454545454 2.787878787878788  
58 1.0321822879962423 1.4343434343434343 1.4141414141414141 0.98989898989899 0.8484848484848485 1.878787878787879 0.8080808080808081 1.8585858585858586 1.2121212121212122 1.0303030303030303 0.9090909090909091 1.8585858585858586 1.1515151515151516 1.3535353535353536 2.0 1.4747474747474747 0.98989898989899 1.9191919191919191 1.4545454545454546 1.7171717171717171 1.3535353535353536 1.393939393939394 0.9292929292929293 1.0909090909090908 1.1111111111111112 1.5353535353535352 1.1717171717171717 1.5151515151515151 1.6161616161616161 0.98989898989899 0.8484848484848485 1.2121212121212122 0.9090909090909091 0.8888888888888888 2.0 1.4141414141414141 1.4141414141414141 0.98989898989899 1.0707070707070707 1.0303030303030303 1.8585858585858586  
36 112.04944774445522 1.4343434343434343 1.4141414141414141 0.98989898989899 0.8484848484848485 1.878787878787879 0.8080808080808081 1.8585858585858586 1.2121212121212122 1.0303030303030303 0.9090909090909091 1.8585858585858586 1.1515151515151516 1.3535353535353536 2.0 1.4747474747474747 0.98989898989899 1.9191919191919191 1.4545454545454546 1.7171717171717171 1.3535353535353536 1.393939393939394 0.9292929292929293 1.0909090909090908 1.1111111111111112 1.5353535353535352 1.1717171717171717 1.5151515151515151 1.6161616161616161 0.98989898989899 0.8484848484848485 1.2121212121212122 0.9090909090909091 0.8888888888888888 2.0 1.4141414141414141 1.4141414141414141 0.98989898989899 1.0707070707070707 1.0303030303030303 1.8585858585858586  
2 19.601772247360493 1.4343434343434343 1.4141414141414141 0.98989898989899 0.8484848484848485 1.878787878787879 0.8080808080808081 1.8585858585858586 1.2121212121212122 1.0303030303030303 0.9090909090909091 1.8585858585858586 1.1515151515151516 1.3535353535353536 2.0 1.4747474747474747 0.98989898989899 1.9191919191919191 1.4545454545454546 1.7171717171717171 1.3535353535353536 1.393939393939394 0.9292929292929293 1.0909090909090908 1.1111111111111112 1.5353535353535352 1.1717171717171717 1.5151515151515151 1.6161616161616161 0.98989898989899 0.8484848484848485 1.2121212121212122 0.9090909090909091 0.8888888888888888 2.0 1.4141414141414141 1.4141414141414141 0.98989898989899 1.0707070707070707 1.0303030303030303 1.8585858585858586  
52 37.01460113017086 2.1515151515151514 2.121212121212121 1.4848484848484849 1.2727272727272727 2.8181818181818183 1.2121212121212122 2.787878787878788 1.8181818181818181 1.5454545454545454 1.3636363636363635 2.787878787878788 1.7272727272727273 2.0303030303030303 3.0 2.212121212121212 1.4848484848484849 2.878787878787879 2.1818181818181817 2.5757575757575757 2.0303030303030303 2.090909090909091 1.393939393939394 1.6363636363636365 1.6666666666666667 2.303030303030303 1.7575757575757576 2.272727272727273 2.4242424242424243 1.4848484848484849 1.2727272727272727 1.8181818181818181 1.3636363636363635 1.3333333333333333 3.0 2.121212121212121 2.121212121212121 1.4848484848484849 1.606060606060606 1.5454545454545454 2.787878787878788  
51 54.804289236994244 1.4343434343434343 1.4141414141414141 0.98989898989899 0.8484848484848485 1.878787878787879 0.8080808080808081 1.8585858585858586 1.2121212121212122 1.0303030303030303 0.9090909090909091 1.8585858585858586 1.1515151515151516 1.3535353535353536 2.0 1.4747474747474747 0.98989898989899 1.9191919191919191 1.4545454545454546 1.7171717171717171 1.3535353535353536 1.393939393939394 0.9292929292929293 1.0909090909090908 1.1111111111111112 1.5353535353535352 1.1717171717171717 1.5151515151515151 1.6161616161616161 0.98989898989899 0.8484848484848485 1.2121212121212122 0.9090909090909091 0.8888888888888888 2.0 1.4141414141414141 1.4141414141414141 0.98989898989899 1.0707070707070707 1.0303030303030303 1.8585858585858586  
11 2.6446753246753243 2.1515151515151514 2.121212121212121 1.4848484848484849 1.2727272727272727 2.8181818181818183 1.2121212121212122 2.787878787878788 1.8181818181818181 1.5454545454545454 1.3636363636363635 2.787878787878788 1.7272727272727273 2.0303030303030303 3.0 2.212121212121212 1.4848484848484849 2.878787878787879 2.1818181818181817 2.5757575757575757 2.0303030303030303 2.090909090909091 1.393939393939394 1.6363636363636365 1.6666666666666667 2.303030303030303 1.7575757575757576 2.272727272727273 2.4242424242424243 1.4848484848484849 1.2727272727272727 1.8181818181818181 1.3636363636363635 1.3333333333333333 3.0 2.121212121212121 2.121212121212121 1.4848484848484849 1.606060606060606 1.5454545454545454 2.787878787878788  
