20 10
TREE NETWORK (nID nID Weight):
1 0 58.0 
14 0 32.0 
2 1 47.0 
3 2 39.0 
4 3 50.0 
6 2 35.0 
7 6 38.0 
17 0 38.0 
18 0 53.0 
19 18 57.0 
5 4 59.0 
12 1 37.0 
8 7 59.0 
13 12 50.0 
15 14 41.0 
10 6 40.0 
11 2 43.0 
16 15 34.0 
9 8 46.0 
PROGRAMS ASSIGNED TO NODES (nID pID1 pID2 ...):
0 1 2 3 4 5 6 7 8 9 10  
6 1 2 3 4 5 6 9 10  
7 1 2 3 5 6 7 9 10  
5 1 2 3 4 6 7 8  
11 2 7 8 9  
2 1 4 5 6 9  
19 2 3 4 5 7 8  
18  
14 2 3 4 5  
10 1 2 4 8  
15 2 3 4 5 6 7 8 9 10  
1 7  
4 1 2 3 4 5 9  
17 1 3 6 7 9 10  
9 3 4 5 6 10  
13 1 3 6 7 8 9 10  
3 2 4 7 8  
12 1 2 3 4 5 6 7 8 9  
8 1 3 4 5 6 7 8 9 10  
16 6  
SIZE OF PROGRAMS (pID SIZE):
1 58.0 
2 52.0 
3 93.0 
4 78.0 
5 93.0 
6 61.0 
7 45.0 
8 40.0 
9 44.0 
10 81.0 
COST_INSTALL_SERVER_AND_PROGRAMS :
0 2387.0967741935483 1.2473118279569892 1.118279569892473 2.0 1.6774193548387097 2.0 1.3118279569892473 0.967741935483871 0.8602150537634409 0.946236559139785 1.7419354838709677  
6 10.620391943275525 1.8709677419354838 1.6774193548387097 3.0 2.5161290322580645 3.0 1.967741935483871 1.4516129032258065 1.2903225806451613 1.4193548387096775 2.6129032258064515  
7 15.058870121280142 1.8709677419354838 1.6774193548387097 3.0 2.5161290322580645 3.0 1.967741935483871 1.4516129032258065 1.2903225806451613 1.4193548387096775 2.6129032258064515  
5 6.798077146776482 1.2473118279569892 1.118279569892473 2.0 1.6774193548387097 2.0 1.3118279569892473 0.967741935483871 0.8602150537634409 0.946236559139785 1.7419354838709677  
11 2.136938453248676 1.8709677419354838 1.6774193548387097 3.0 2.5161290322580645 3.0 1.967741935483871 1.4516129032258065 1.2903225806451613 1.4193548387096775 2.6129032258064515  
2 11.172637553438918 1.2473118279569892 1.118279569892473 2.0 1.6774193548387097 2.0 1.3118279569892473 0.967741935483871 0.8602150537634409 0.946236559139785 1.7419354838709677  
19 2.903342348567707 1.2473118279569892 1.118279569892473 2.0 1.6774193548387097 2.0 1.3118279569892473 0.967741935483871 0.8602150537634409 0.946236559139785 1.7419354838709677  
18 103.0 1.8709677419354838 1.6774193548387097 3.0 2.5161290322580645 3.0 1.967741935483871 1.4516129032258065 1.2903225806451613 1.4193548387096775 2.6129032258064515  
14 2.288037634408603 1.2473118279569892 1.118279569892473 2.0 1.6774193548387097 2.0 1.3118279569892473 0.967741935483871 0.8602150537634409 0.946236559139785 1.7419354838709677  
10 3.218631644075992 1.2473118279569892 1.118279569892473 2.0 1.6774193548387097 2.0 1.3118279569892473 0.967741935483871 0.8602150537634409 0.946236559139785 1.7419354838709677  
15 22.040883982428543 1.2473118279569892 1.118279569892473 2.0 1.6774193548387097 2.0 1.3118279569892473 0.967741935483871 0.8602150537634409 0.946236559139785 1.7419354838709677  
1 0.4761350996056244 1.8709677419354838 1.6774193548387097 3.0 2.5161290322580645 3.0 1.967741935483871 1.4516129032258065 1.2903225806451613 1.4193548387096775 2.6129032258064515  
4 29.27212800547618 1.8709677419354838 1.6774193548387097 3.0 2.5161290322580645 3.0 1.967741935483871 1.4516129032258065 1.2903225806451613 1.4193548387096775 2.6129032258064515  
17 1.4175600291050219 1.2473118279569892 1.118279569892473 2.0 1.6774193548387097 2.0 1.3118279569892473 0.967741935483871 0.8602150537634409 0.946236559139785 1.7419354838709677  
9 46.395394108071834 1.2473118279569892 1.118279569892473 2.0 1.6774193548387097 2.0 1.3118279569892473 0.967741935483871 0.8602150537634409 0.946236559139785 1.7419354838709677  
13 3.609199731433325 1.2473118279569892 1.118279569892473 2.0 1.6774193548387097 2.0 1.3118279569892473 0.967741935483871 0.8602150537634409 0.946236559139785 1.7419354838709677  
3 7.196851202190469 1.8709677419354838 1.6774193548387097 3.0 2.5161290322580645 3.0 1.967741935483871 1.4516129032258065 1.2903225806451613 1.4193548387096775 2.6129032258064515  
12 4.271172173285632 1.2473118279569892 1.118279569892473 2.0 1.6774193548387097 2.0 1.3118279569892473 0.967741935483871 0.8602150537634409 0.946236559139785 1.7419354838709677  
8 37.04887576635578 1.8709677419354838 1.6774193548387097 3.0 2.5161290322580645 3.0 1.967741935483871 1.4516129032258065 1.2903225806451613 1.4193548387096775 2.6129032258064515  
16 0.7752689136236715 1.2473118279569892 1.118279569892473 2.0 1.6774193548387097 2.0 1.3118279569892473 0.967741935483871 0.8602150537634409 0.946236559139785 1.7419354838709677  
