60 50
TREE NETWORK (nID nID Weight):
1 0 55.0 
2 0 37.0 
3 2 51.0 
6 2 41.0 
22 0 43.0 
23 22 54.0 
47 0 46.0 
33 22 40.0 
51 0 43.0 
7 6 48.0 
16 2 35.0 
34 33 58.0 
8 7 30.0 
9 8 53.0 
11 7 48.0 
12 11 31.0 
41 22 52.0 
35 34 34.0 
24 23 38.0 
18 2 52.0 
13 11 33.0 
25 24 56.0 
38 33 50.0 
19 18 38.0 
39 38 53.0 
42 41 33.0 
26 25 58.0 
53 0 45.0 
32 23 51.0 
20 19 35.0 
37 34 44.0 
15 6 45.0 
28 25 56.0 
17 16 56.0 
59 0 51.0 
30 24 50.0 
52 51 40.0 
54 53 40.0 
29 28 58.0 
43 42 45.0 
57 53 39.0 
27 26 56.0 
48 47 35.0 
36 35 35.0 
10 8 50.0 
14 11 31.0 
58 57 45.0 
4 3 32.0 
31 30 59.0 
21 19 40.0 
55 54 31.0 
56 54 41.0 
50 47 43.0 
5 3 30.0 
49 48 47.0 
40 39 42.0 
46 22 31.0 
45 41 33.0 
44 43 51.0 
PROGRAMS ASSIGNED TO NODES (nID pID1 pID2 ...):
0 1 2 3 4 5 6 7 8 9 10 11 12 13 14 15 16 17 18 19 20 21 22 23 24 25 26 27 28 29 30 31 32 33 34 35 36 37 38 39 40 41 42 43 44 45 46 47 48 49 50  
21 2 3 16 17 19 20 26 27 33 36 37 39 42 44 48  
52 1 3 5 8 9 10 12 14 15 16 17 21 22 24 25 26 27 28 29 30 31 33 36 37 38 39 40 41 43 44 46 47 48  
30 8 17 21 24 25 32 45  
56 1 2 4 6 8 9 10 12 13 14 15 17 18 19 20 21 23 24 25 27 28 29 30 31 32 33 34 35 36 37 38 39 40 41 42 43 44 46 47 48 49 50  
27 14 19 33 36  
15 2 3 4 5 6 7 8 10 13 14 17 18 19 20 21 27 30 31 32 34 35 39 41 42 45 46 48  
6  
40 18 38  
28 1 2 3 4 5 6 7 13 16 17 18 19 20 21 24 25 27 29 30 32 33 35 40 42 43 44 46 47  
41 1 2 3 4 5 6 7 8 9 10 11 12 13 14 15 16 17 18 19 20 21 22 23 24 25 26 27 28 29 30 32 33 34 36 37 38 39 41 44 45 46 47 48 49 50  
7 4 7 9 10 13 14 16 17 19 21 24 29 30 31 32 34 36 37 38 40 41 42 43 45 46 49 50  
14 1 13 15 17 18 19 21 22 24 28 29 30 31 32 33 35 38 40 41 42 43 44 45 47 49  
4 1 2 3 4 5 6 7 9 10 11 12 13 14 15 16 17 18 19 20 21 22 24 25 26 27 28 29 30 31 32 33 34 35 36 37 38 40 42 43 44 45 46 48 49 50  
2 1 2 3 6 7 8 10 13 14 15 21 22 24 25 28 30 34 35 37 38 39 40 43 45 47 50  
31 1 2 3 4 5 6 7 8 9 10 11 12 13 14 15 16 17 18 19 20 21 23 24 25 26 27 28 29 30 31 34 35 36 37 38 39 40 41 42 43 44 45 46 48 49 50  
8 2 13 16 17 20 22 30 32 33 38 41 44 45 47  
17 3 4 6 8 11 12 13 14 17 19 25 26 28 29 30 31 32 33 35 36 37 38 39 42 45 46 48 50  
13 1 2 3 4 5 6 7 8 9 10 11 12 13 14 15 16 17 18 19 20 21 22 23 25 26 27 28 29 30 31 32 33 36 37 38 41 42 43 44 46 47 48 50  
1 1 5 7 8 14 20 21 23 26 28 29 31 33 37 38 48  
35 21 31 38  
26 21 27 28 42 50  
38 2 3 5 6 10 11 12 13 14 15 16 17 19 21 23 25 27 28 31 32 35 36 37 38 39 40 41 42 44 45 46 49 50  
11 1 3 5 10 12 14 15 16 17 22 23 24 25 26 27 28 29 30 31 32 33 34 35 36 39 42 43 44 45 46 48 49  
50 1 3 4 9 16 18 20 21 23 24 30 31 33 34 37 40 41 46 49  
54 3 8 9 12 13 16 17 20 21 25 33 36 37 39 47 48  
53 1 2 3 4 5 6 7 8 11 12 13 14 16 17 21 22 23 24 25 26 27 28 29 30 31 32 33 34 35 37 38 39 40 41 43 44 45 47 48 49 50  
59 1 3 4 5 6 7 8 10 11 12 13 14 16 18 19 20 22 25 26 27 30 32 33 34 35 38 40 41 42 43 44 47  
48 1 4 5 6 7 8 10 11 12 13 14 15 17 18 19 20 21 22 23 24 26 28 30 31 33 34 35 37 38 41 42 43 44 45 46 47 48 49 50  
51 6 28 31 34 39 41 45  
57 2 6 8 12 13 19 22 23 24 25 26 27 28 29 30 33 34 35 37 38 39 41 42 43 44 46 47 48 50  
20 4 6 8 13 16 17 19 20 24 26 27 29 30 31 37 38 40 44 45 47 50  
12 11 12 30  
29 4 5 6 9 11 12 15 16 17 22 23 27 28 29 30 32 33 34 35 36 38 40 41 42 43 44 49  
25 4 12 15 17 25 26 27 30 32 33 36 40 43 44 45 46 48 49 50  
16 1 3 4 5 6 7 8 12 13 14 15 16 17 18 19 20 21 22 28 30 31 33 34 35 39 40 41 42 43 44 45 46 50  
42 1 3 4 5 6 9 10 12 14 15 24 25 26 27 29 30 32 33 34 35 36 37 39 41 43 44 46 49  
37 1 4 7 8 9 13 17 19 20 31 39 42 48 50  
47 5 10 12 14 23 24 28 33 37 39 42 47  
49 1 2 3 5 6 7 8 9 10 11 12 13 14 15 16 17 18 19 20 21 22 23 24 25 26 27 29 30 32 33 37 38 39 41 42 43 45 46 47 48 49 50  
22 1 2 3 4 5 6 7 8 9 10 11 12 13 14 15 16 17 18 20 21 22 23 24 25 26 27 28 29 30 31 32 33 34 35 36 37 38 39 40 41 42 43 44 45 46 47 48 49 50  
36 1 2 3 6 10 11 14 15 16 20 21 22 24 27 31 35 36 37 41 42 43 44 46 47 48 49 50  
32 2 4 9 10 13 15 16 18 24 25 26 32 33 34 35 36 39 42 43 44 45 46 47 49  
45 1 2 3 4 5 8 9 10 11 12 14 15 17 18 19 21 22 23 24 26 28 29 30 31 32 33 34 35 36 37 38 39 41 42 44 46 47 48 50  
5 1 9 10 12 14 15 17 23 26 34 36 38 46  
23 2 3 4 5 6 9 10 11 15 17 19 20 21 22 23 27 29 30 31 32 34 36 38 39 41 42 43 44 45 46 47 50  
55 12 24 27 30 43 47  
18 1 2 5 6 7 8 11 12 13 15 16 17 18 19 22 23 24 25 26 31 33 34 35 37 39 40 41 43 45 46 49  
58 4 5 6 8 9 10 11 12 14 15 16 17 18 20 21 22 23 25 26 27 29 31 32 33 34 35 36 37 38 39 40 41 43 45 46 48 49  
46 1 3 4 5 6 8 9 11 13 15 16 18 20 23 25 29 30 31 35 37 38 40 43 44 46 48  
33 1 3 5 6 7 9 11 13 14 15 17 18 20 21 22 24 26 27 29 31 32 33 34 36 38 39 40 41 43 44 45 49  
9 1 2 10 12 13 14 20 23 31 33 35 39 42 48  
34 3 20 42  
19 3 4 5 7 8 9 10 11 12 13 14 15 16 20 22 23 24 25 26 27 29 30 31 32 33 34 35 39 40 41 43 45 46 47 50  
43 1 2 3 4 5 6 7 8 9 10 11 12 13 14 15 16 17 18 19 20 21 22 23 24 25 26 28 29 30 31 32 33 34 35 36 37 38 39 40 41 42 44 45 46 47 48 49 50  
44 1 3 14 20 21 24 30 31 35 38  
39 2 14 15 19 21 23 24 27 28 29 30 31 32 36 38 41 43 50  
10 1 2 3 4 5 6 7 8 9 11 12 13 14 16 17 19 20 21 22 23 24 26 27 28 29 31 32 33 34 35 36 37 40 41 42 43 44 45 48 49 50  
3 2 5 7 9 10 13 14 18 22 24 25 26 29 30 32 34 35 39 43 44 45 46 47 49  
24 1 2 3 4 5 6 7 8 9 10 11 12 13 15 16 17 18 20 23 24 25 26 28 29 30 31 32 33 34 35 36 37 38 40 41 42 43 44 45 46 47 48 49  
SIZE OF PROGRAMS (pID SIZE):
1 43.0 
2 88.0 
3 61.0 
4 44.0 
5 93.0 
6 69.0 
7 94.0 
8 60.0 
9 90.0 
10 73.0 
11 54.0 
12 41.0 
13 86.0 
14 75.0 
15 81.0 
16 90.0 
17 43.0 
18 74.0 
19 77.0 
20 81.0 
21 48.0 
22 90.0 
23 50.0 
24 85.0 
25 59.0 
26 47.0 
27 83.0 
28 70.0 
29 70.0 
30 78.0 
31 43.0 
32 83.0 
33 69.0 
34 93.0 
35 64.0 
36 54.0 
37 50.0 
38 68.0 
39 95.0 
40 76.0 
41 61.0 
42 70.0 
43 80.0 
44 85.0 
45 87.0 
46 57.0 
47 45.0 
48 82.0 
49 59.0 
50 49.0 
COST_INSTALL_SERVER_AND_PROGRAMS :
0 8298.947368421053 0.9052631578947369 1.8526315789473684 1.2842105263157895 0.9263157894736842 1.9578947368421054 1.4526315789473685 1.9789473684210526 1.263157894736842 1.894736842105263 1.5368421052631578 1.1368421052631579 0.8631578947368421 1.8105263157894738 1.5789473684210527 1.7052631578947368 1.894736842105263 0.9052631578947369 1.5578947368421052 1.6210526315789473 1.7052631578947368 1.0105263157894737 1.894736842105263 1.0526315789473684 1.7894736842105263 1.2421052631578948 0.9894736842105263 1.7473684210526317 1.4736842105263157 1.4736842105263157 1.6421052631578947 0.9052631578947369 1.7473684210526317 1.4526315789473685 1.9578947368421054 1.3473684210526315 1.1368421052631579 1.0526315789473684 1.431578947368421 2.0 1.6 1.2842105263157895 1.4736842105263157 1.6842105263157894 1.7894736842105263 1.831578947368421 1.2 0.9473684210526315 1.7263157894736842 1.2421052631578948 1.0315789473684212  
21 42.15826317841119 0.9052631578947369 1.8526315789473684 1.2842105263157895 0.9263157894736842 1.9578947368421054 1.4526315789473685 1.9789473684210526 1.263157894736842 1.894736842105263 1.5368421052631578 1.1368421052631579 0.8631578947368421 1.8105263157894738 1.5789473684210527 1.7052631578947368 1.894736842105263 0.9052631578947369 1.5578947368421052 1.6210526315789473 1.7052631578947368 1.0105263157894737 1.894736842105263 1.0526315789473684 1.7894736842105263 1.2421052631578948 0.9894736842105263 1.7473684210526317 1.4736842105263157 1.4736842105263157 1.6421052631578947 0.9052631578947369 1.7473684210526317 1.4526315789473685 1.9578947368421054 1.3473684210526315 1.1368421052631579 1.0526315789473684 1.431578947368421 2.0 1.6 1.2842105263157895 1.4736842105263157 1.6842105263157894 1.7894736842105263 1.831578947368421 1.2 0.9473684210526315 1.7263157894736842 1.2421052631578948 1.0315789473684212  
52 25.10653214774282 1.3578947368421053 2.778947368421053 1.9263157894736842 1.3894736842105264 2.9368421052631577 2.1789473684210527 2.968421052631579 1.894736842105263 2.8421052631578947 2.305263157894737 1.7052631578947368 1.2947368421052632 2.7157894736842105 2.3684210526315788 2.557894736842105 2.8421052631578947 1.3578947368421053 2.336842105263158 2.431578947368421 2.557894736842105 1.5157894736842106 2.8421052631578947 1.5789473684210527 2.6842105263157894 1.8631578947368421 1.4842105263157894 2.6210526315789475 2.210526315789474 2.210526315789474 2.463157894736842 1.3578947368421053 2.6210526315789475 2.1789473684210527 2.9368421052631577 2.0210526315789474 1.7052631578947368 1.5789473684210527 2.1473684210526316 3.0 2.4 1.9263157894736842 2.210526315789474 2.526315789473684 2.6842105263157894 2.7473684210526317 1.8 1.4210526315789473 2.5894736842105264 1.8631578947368421 1.5473684210526315  
30 67.61185297006514 1.3578947368421053 2.778947368421053 1.9263157894736842 1.3894736842105264 2.9368421052631577 2.1789473684210527 2.968421052631579 1.894736842105263 2.8421052631578947 2.305263157894737 1.7052631578947368 1.2947368421052632 2.7157894736842105 2.3684210526315788 2.557894736842105 2.8421052631578947 1.3578947368421053 2.336842105263158 2.431578947368421 2.557894736842105 1.5157894736842106 2.8421052631578947 1.5789473684210527 2.6842105263157894 1.8631578947368421 1.4842105263157894 2.6210526315789475 2.210526315789474 2.210526315789474 2.463157894736842 1.3578947368421053 2.6210526315789475 2.1789473684210527 2.9368421052631577 2.0210526315789474 1.7052631578947368 1.5789473684210527 2.1473684210526316 3.0 2.4 1.9263157894736842 2.210526315789474 2.526315789473684 2.6842105263157894 2.7473684210526317 1.8 1.4210526315789473 2.5894736842105264 1.8631578947368421 1.5473684210526315  
56 62.641843315985135 1.3578947368421053 2.778947368421053 1.9263157894736842 1.3894736842105264 2.9368421052631577 2.1789473684210527 2.968421052631579 1.894736842105263 2.8421052631578947 2.305263157894737 1.7052631578947368 1.2947368421052632 2.7157894736842105 2.3684210526315788 2.557894736842105 2.8421052631578947 1.3578947368421053 2.336842105263158 2.431578947368421 2.557894736842105 1.5157894736842106 2.8421052631578947 1.5789473684210527 2.6842105263157894 1.8631578947368421 1.4842105263157894 2.6210526315789475 2.210526315789474 2.210526315789474 2.463157894736842 1.3578947368421053 2.6210526315789475 2.1789473684210527 2.9368421052631577 2.0210526315789474 1.7052631578947368 1.5789473684210527 2.1473684210526316 3.0 2.4 1.9263157894736842 2.210526315789474 2.526315789473684 2.6842105263157894 2.7473684210526317 1.8 1.4210526315789473 2.5894736842105264 1.8631578947368421 1.5473684210526315  
27 19.682704712418133 1.3578947368421053 2.778947368421053 1.9263157894736842 1.3894736842105264 2.9368421052631577 2.1789473684210527 2.968421052631579 1.894736842105263 2.8421052631578947 2.305263157894737 1.7052631578947368 1.2947368421052632 2.7157894736842105 2.3684210526315788 2.557894736842105 2.8421052631578947 1.3578947368421053 2.336842105263158 2.431578947368421 2.557894736842105 1.5157894736842106 2.8421052631578947 1.5789473684210527 2.6842105263157894 1.8631578947368421 1.4842105263157894 2.6210526315789475 2.210526315789474 2.210526315789474 2.463157894736842 1.3578947368421053 2.6210526315789475 2.1789473684210527 2.9368421052631577 2.0210526315789474 1.7052631578947368 1.5789473684210527 2.1473684210526316 3.0 2.4 1.9263157894736842 2.210526315789474 2.526315789473684 2.6842105263157894 2.7473684210526317 1.8 1.4210526315789473 2.5894736842105264 1.8631578947368421 1.5473684210526315  
15 120.12567037237136 0.9052631578947369 1.8526315789473684 1.2842105263157895 0.9263157894736842 1.9578947368421054 1.4526315789473685 1.9789473684210526 1.263157894736842 1.894736842105263 1.5368421052631578 1.1368421052631579 0.8631578947368421 1.8105263157894738 1.5789473684210527 1.7052631578947368 1.894736842105263 0.9052631578947369 1.5578947368421052 1.6210526315789473 1.7052631578947368 1.0105263157894737 1.894736842105263 1.0526315789473684 1.7894736842105263 1.2421052631578948 0.9894736842105263 1.7473684210526317 1.4736842105263157 1.4736842105263157 1.6421052631578947 0.9052631578947369 1.7473684210526317 1.4526315789473685 1.9578947368421054 1.3473684210526315 1.1368421052631579 1.0526315789473684 1.431578947368421 2.0 1.6 1.2842105263157895 1.4736842105263157 1.6842105263157894 1.7894736842105263 1.831578947368421 1.2 0.9473684210526315 1.7263157894736842 1.2421052631578948 1.0315789473684212  
6 54.2144040196657 1.3578947368421053 2.778947368421053 1.9263157894736842 1.3894736842105264 2.9368421052631577 2.1789473684210527 2.968421052631579 1.894736842105263 2.8421052631578947 2.305263157894737 1.7052631578947368 1.2947368421052632 2.7157894736842105 2.3684210526315788 2.557894736842105 2.8421052631578947 1.3578947368421053 2.336842105263158 2.431578947368421 2.557894736842105 1.5157894736842106 2.8421052631578947 1.5789473684210527 2.6842105263157894 1.8631578947368421 1.4842105263157894 2.6210526315789475 2.210526315789474 2.210526315789474 2.463157894736842 1.3578947368421053 2.6210526315789475 2.1789473684210527 2.9368421052631577 2.0210526315789474 1.7052631578947368 1.5789473684210527 2.1473684210526316 3.0 2.4 1.9263157894736842 2.210526315789474 2.526315789473684 2.6842105263157894 2.7473684210526317 1.8 1.4210526315789473 2.5894736842105264 1.8631578947368421 1.5473684210526315  
40 2.5526099122312136 0.9052631578947369 1.8526315789473684 1.2842105263157895 0.9263157894736842 1.9578947368421054 1.4526315789473685 1.9789473684210526 1.263157894736842 1.894736842105263 1.5368421052631578 1.1368421052631579 0.8631578947368421 1.8105263157894738 1.5789473684210527 1.7052631578947368 1.894736842105263 0.9052631578947369 1.5578947368421052 1.6210526315789473 1.7052631578947368 1.0105263157894737 1.894736842105263 1.0526315789473684 1.7894736842105263 1.2421052631578948 0.9894736842105263 1.7473684210526317 1.4736842105263157 1.4736842105263157 1.6421052631578947 0.9052631578947369 1.7473684210526317 1.4526315789473685 1.9578947368421054 1.3473684210526315 1.1368421052631579 1.0526315789473684 1.431578947368421 2.0 1.6 1.2842105263157895 1.4736842105263157 1.6842105263157894 1.7894736842105263 1.831578947368421 1.2 0.9473684210526315 1.7263157894736842 1.2421052631578948 1.0315789473684212  
28 188.02656727531308 0.9052631578947369 1.8526315789473684 1.2842105263157895 0.9263157894736842 1.9578947368421054 1.4526315789473685 1.9789473684210526 1.263157894736842 1.894736842105263 1.5368421052631578 1.1368421052631579 0.8631578947368421 1.8105263157894738 1.5789473684210527 1.7052631578947368 1.894736842105263 0.9052631578947369 1.5578947368421052 1.6210526315789473 1.7052631578947368 1.0105263157894737 1.894736842105263 1.0526315789473684 1.7894736842105263 1.2421052631578948 0.9894736842105263 1.7473684210526317 1.4736842105263157 1.4736842105263157 1.6421052631578947 0.9052631578947369 1.7473684210526317 1.4526315789473685 1.9578947368421054 1.3473684210526315 1.1368421052631579 1.0526315789473684 1.431578947368421 2.0 1.6 1.2842105263157895 1.4736842105263157 1.6842105263157894 1.7894736842105263 1.831578947368421 1.2 0.9473684210526315 1.7263157894736842 1.2421052631578948 1.0315789473684212  
41 87.71672382313253 0.9052631578947369 1.8526315789473684 1.2842105263157895 0.9263157894736842 1.9578947368421054 1.4526315789473685 1.9789473684210526 1.263157894736842 1.894736842105263 1.5368421052631578 1.1368421052631579 0.8631578947368421 1.8105263157894738 1.5789473684210527 1.7052631578947368 1.894736842105263 0.9052631578947369 1.5578947368421052 1.6210526315789473 1.7052631578947368 1.0105263157894737 1.894736842105263 1.0526315789473684 1.7894736842105263 1.2421052631578948 0.9894736842105263 1.7473684210526317 1.4736842105263157 1.4736842105263157 1.6421052631578947 0.9052631578947369 1.7473684210526317 1.4526315789473685 1.9578947368421054 1.3473684210526315 1.1368421052631579 1.0526315789473684 1.431578947368421 2.0 1.6 1.2842105263157895 1.4736842105263157 1.6842105263157894 1.7894736842105263 1.831578947368421 1.2 0.9473684210526315 1.7263157894736842 1.2421052631578948 1.0315789473684212  
7 87.70754816925209 0.9052631578947369 1.8526315789473684 1.2842105263157895 0.9263157894736842 1.9578947368421054 1.4526315789473685 1.9789473684210526 1.263157894736842 1.894736842105263 1.5368421052631578 1.1368421052631579 0.8631578947368421 1.8105263157894738 1.5789473684210527 1.7052631578947368 1.894736842105263 0.9052631578947369 1.5578947368421052 1.6210526315789473 1.7052631578947368 1.0105263157894737 1.894736842105263 1.0526315789473684 1.7894736842105263 1.2421052631578948 0.9894736842105263 1.7473684210526317 1.4736842105263157 1.4736842105263157 1.6421052631578947 0.9052631578947369 1.7473684210526317 1.4526315789473685 1.9578947368421054 1.3473684210526315 1.1368421052631579 1.0526315789473684 1.431578947368421 2.0 1.6 1.2842105263157895 1.4736842105263157 1.6842105263157894 1.7894736842105263 1.831578947368421 1.2 0.9473684210526315 1.7263157894736842 1.2421052631578948 1.0315789473684212  
14 45.049541533079164 1.3578947368421053 2.778947368421053 1.9263157894736842 1.3894736842105264 2.9368421052631577 2.1789473684210527 2.968421052631579 1.894736842105263 2.8421052631578947 2.305263157894737 1.7052631578947368 1.2947368421052632 2.7157894736842105 2.3684210526315788 2.557894736842105 2.8421052631578947 1.3578947368421053 2.336842105263158 2.431578947368421 2.557894736842105 1.5157894736842106 2.8421052631578947 1.5789473684210527 2.6842105263157894 1.8631578947368421 1.4842105263157894 2.6210526315789475 2.210526315789474 2.210526315789474 2.463157894736842 1.3578947368421053 2.6210526315789475 2.1789473684210527 2.9368421052631577 2.0210526315789474 1.7052631578947368 1.5789473684210527 2.1473684210526316 3.0 2.4 1.9263157894736842 2.210526315789474 2.526315789473684 2.6842105263157894 2.7473684210526317 1.8 1.4210526315789473 2.5894736842105264 1.8631578947368421 1.5473684210526315  
4 130.89194531656437 1.3578947368421053 2.778947368421053 1.9263157894736842 1.3894736842105264 2.9368421052631577 2.1789473684210527 2.968421052631579 1.894736842105263 2.8421052631578947 2.305263157894737 1.7052631578947368 1.2947368421052632 2.7157894736842105 2.3684210526315788 2.557894736842105 2.8421052631578947 1.3578947368421053 2.336842105263158 2.431578947368421 2.557894736842105 1.5157894736842106 2.8421052631578947 1.5789473684210527 2.6842105263157894 1.8631578947368421 1.4842105263157894 2.6210526315789475 2.210526315789474 2.210526315789474 2.463157894736842 1.3578947368421053 2.6210526315789475 2.1789473684210527 2.9368421052631577 2.0210526315789474 1.7052631578947368 1.5789473684210527 2.1473684210526316 3.0 2.4 1.9263157894736842 2.210526315789474 2.526315789473684 2.6842105263157894 2.7473684210526317 1.8 1.4210526315789473 2.5894736842105264 1.8631578947368421 1.5473684210526315  
2 5.36107104008032 0.9052631578947369 1.8526315789473684 1.2842105263157895 0.9263157894736842 1.9578947368421054 1.4526315789473685 1.9789473684210526 1.263157894736842 1.894736842105263 1.5368421052631578 1.1368421052631579 0.8631578947368421 1.8105263157894738 1.5789473684210527 1.7052631578947368 1.894736842105263 0.9052631578947369 1.5578947368421052 1.6210526315789473 1.7052631578947368 1.0105263157894737 1.894736842105263 1.0526315789473684 1.7894736842105263 1.2421052631578948 0.9894736842105263 1.7473684210526317 1.4736842105263157 1.4736842105263157 1.6421052631578947 0.9052631578947369 1.7473684210526317 1.4526315789473685 1.9578947368421054 1.3473684210526315 1.1368421052631579 1.0526315789473684 1.431578947368421 2.0 1.6 1.2842105263157895 1.4736842105263157 1.6842105263157894 1.7894736842105263 1.831578947368421 1.2 0.9473684210526315 1.7263157894736842 1.2421052631578948 1.0315789473684212  
31 260.4434303957521 1.3578947368421053 2.778947368421053 1.9263157894736842 1.3894736842105264 2.9368421052631577 2.1789473684210527 2.968421052631579 1.894736842105263 2.8421052631578947 2.305263157894737 1.7052631578947368 1.2947368421052632 2.7157894736842105 2.3684210526315788 2.557894736842105 2.8421052631578947 1.3578947368421053 2.336842105263158 2.431578947368421 2.557894736842105 1.5157894736842106 2.8421052631578947 1.5789473684210527 2.6842105263157894 1.8631578947368421 1.4842105263157894 2.6210526315789475 2.210526315789474 2.210526315789474 2.463157894736842 1.3578947368421053 2.6210526315789475 2.1789473684210527 2.9368421052631577 2.0210526315789474 1.7052631578947368 1.5789473684210527 2.1473684210526316 3.0 2.4 1.9263157894736842 2.210526315789474 2.526315789473684 2.6842105263157894 2.7473684210526317 1.8 1.4210526315789473 2.5894736842105264 1.8631578947368421 1.5473684210526315  
8 272.4613055545918 0.9052631578947369 1.8526315789473684 1.2842105263157895 0.9263157894736842 1.9578947368421054 1.4526315789473685 1.9789473684210526 1.263157894736842 1.894736842105263 1.5368421052631578 1.1368421052631579 0.8631578947368421 1.8105263157894738 1.5789473684210527 1.7052631578947368 1.894736842105263 0.9052631578947369 1.5578947368421052 1.6210526315789473 1.7052631578947368 1.0105263157894737 1.894736842105263 1.0526315789473684 1.7894736842105263 1.2421052631578948 0.9894736842105263 1.7473684210526317 1.4736842105263157 1.4736842105263157 1.6421052631578947 0.9052631578947369 1.7473684210526317 1.4526315789473685 1.9578947368421054 1.3473684210526315 1.1368421052631579 1.0526315789473684 1.431578947368421 2.0 1.6 1.2842105263157895 1.4736842105263157 1.6842105263157894 1.7894736842105263 1.831578947368421 1.2 0.9473684210526315 1.7263157894736842 1.2421052631578948 1.0315789473684212  
17 17.72393156703502 1.3578947368421053 2.778947368421053 1.9263157894736842 1.3894736842105264 2.9368421052631577 2.1789473684210527 2.968421052631579 1.894736842105263 2.8421052631578947 2.305263157894737 1.7052631578947368 1.2947368421052632 2.7157894736842105 2.3684210526315788 2.557894736842105 2.8421052631578947 1.3578947368421053 2.336842105263158 2.431578947368421 2.557894736842105 1.5157894736842106 2.8421052631578947 1.5789473684210527 2.6842105263157894 1.8631578947368421 1.4842105263157894 2.6210526315789475 2.210526315789474 2.210526315789474 2.463157894736842 1.3578947368421053 2.6210526315789475 2.1789473684210527 2.9368421052631577 2.0210526315789474 1.7052631578947368 1.5789473684210527 2.1473684210526316 3.0 2.4 1.9263157894736842 2.210526315789474 2.526315789473684 2.6842105263157894 2.7473684210526317 1.8 1.4210526315789473 2.5894736842105264 1.8631578947368421 1.5473684210526315  
13 147.44145114586996 0.9052631578947369 1.8526315789473684 1.2842105263157895 0.9263157894736842 1.9578947368421054 1.4526315789473685 1.9789473684210526 1.263157894736842 1.894736842105263 1.5368421052631578 1.1368421052631579 0.8631578947368421 1.8105263157894738 1.5789473684210527 1.7052631578947368 1.894736842105263 0.9052631578947369 1.5578947368421052 1.6210526315789473 1.7052631578947368 1.0105263157894737 1.894736842105263 1.0526315789473684 1.7894736842105263 1.2421052631578948 0.9894736842105263 1.7473684210526317 1.4736842105263157 1.4736842105263157 1.6421052631578947 0.9052631578947369 1.7473684210526317 1.4526315789473685 1.9578947368421054 1.3473684210526315 1.1368421052631579 1.0526315789473684 1.431578947368421 2.0 1.6 1.2842105263157895 1.4736842105263157 1.6842105263157894 1.7894736842105263 1.831578947368421 1.2 0.9473684210526315 1.7263157894736842 1.2421052631578948 1.0315789473684212  
1 30.0 0.9052631578947369 1.8526315789473684 1.2842105263157895 0.9263157894736842 1.9578947368421054 1.4526315789473685 1.9789473684210526 1.263157894736842 1.894736842105263 1.5368421052631578 1.1368421052631579 0.8631578947368421 1.8105263157894738 1.5789473684210527 1.7052631578947368 1.894736842105263 0.9052631578947369 1.5578947368421052 1.6210526315789473 1.7052631578947368 1.0105263157894737 1.894736842105263 1.0526315789473684 1.7894736842105263 1.2421052631578948 0.9894736842105263 1.7473684210526317 1.4736842105263157 1.4736842105263157 1.6421052631578947 0.9052631578947369 1.7473684210526317 1.4526315789473685 1.9578947368421054 1.3473684210526315 1.1368421052631579 1.0526315789473684 1.431578947368421 2.0 1.6 1.2842105263157895 1.4736842105263157 1.6842105263157894 1.7894736842105263 1.831578947368421 1.2 0.9473684210526315 1.7263157894736842 1.2421052631578948 1.0315789473684212  
35 56.8974285589782 1.3578947368421053 2.778947368421053 1.9263157894736842 1.3894736842105264 2.9368421052631577 2.1789473684210527 2.968421052631579 1.894736842105263 2.8421052631578947 2.305263157894737 1.7052631578947368 1.2947368421052632 2.7157894736842105 2.3684210526315788 2.557894736842105 2.8421052631578947 1.3578947368421053 2.336842105263158 2.431578947368421 2.557894736842105 1.5157894736842106 2.8421052631578947 1.5789473684210527 2.6842105263157894 1.8631578947368421 1.4842105263157894 2.6210526315789475 2.210526315789474 2.210526315789474 2.463157894736842 1.3578947368421053 2.6210526315789475 2.1789473684210527 2.9368421052631577 2.0210526315789474 1.7052631578947368 1.5789473684210527 2.1473684210526316 3.0 2.4 1.9263157894736842 2.210526315789474 2.526315789473684 2.6842105263157894 2.7473684210526317 1.8 1.4210526315789473 2.5894736842105264 1.8631578947368421 1.5473684210526315  
26 42.60776956313084 1.3578947368421053 2.778947368421053 1.9263157894736842 1.3894736842105264 2.9368421052631577 2.1789473684210527 2.968421052631579 1.894736842105263 2.8421052631578947 2.305263157894737 1.7052631578947368 1.2947368421052632 2.7157894736842105 2.3684210526315788 2.557894736842105 2.8421052631578947 1.3578947368421053 2.336842105263158 2.431578947368421 2.557894736842105 1.5157894736842106 2.8421052631578947 1.5789473684210527 2.6842105263157894 1.8631578947368421 1.4842105263157894 2.6210526315789475 2.210526315789474 2.210526315789474 2.463157894736842 1.3578947368421053 2.6210526315789475 2.1789473684210527 2.9368421052631577 2.0210526315789474 1.7052631578947368 1.5789473684210527 2.1473684210526316 3.0 2.4 1.9263157894736842 2.210526315789474 2.526315789473684 2.6842105263157894 2.7473684210526317 1.8 1.4210526315789473 2.5894736842105264 1.8631578947368421 1.5473684210526315  
38 120.27879210997085 0.9052631578947369 1.8526315789473684 1.2842105263157895 0.9263157894736842 1.9578947368421054 1.4526315789473685 1.9789473684210526 1.263157894736842 1.894736842105263 1.5368421052631578 1.1368421052631579 0.8631578947368421 1.8105263157894738 1.5789473684210527 1.7052631578947368 1.894736842105263 0.9052631578947369 1.5578947368421052 1.6210526315789473 1.7052631578947368 1.0105263157894737 1.894736842105263 1.0526315789473684 1.7894736842105263 1.2421052631578948 0.9894736842105263 1.7473684210526317 1.4736842105263157 1.4736842105263157 1.6421052631578947 0.9052631578947369 1.7473684210526317 1.4526315789473685 1.9578947368421054 1.3473684210526315 1.1368421052631579 1.0526315789473684 1.431578947368421 2.0 1.6 1.2842105263157895 1.4736842105263157 1.6842105263157894 1.7894736842105263 1.831578947368421 1.2 0.9473684210526315 1.7263157894736842 1.2421052631578948 1.0315789473684212  
11 126.27022732957221 1.3578947368421053 2.778947368421053 1.9263157894736842 1.3894736842105264 2.9368421052631577 2.1789473684210527 2.968421052631579 1.894736842105263 2.8421052631578947 2.305263157894737 1.7052631578947368 1.2947368421052632 2.7157894736842105 2.3684210526315788 2.557894736842105 2.8421052631578947 1.3578947368421053 2.336842105263158 2.431578947368421 2.557894736842105 1.5157894736842106 2.8421052631578947 1.5789473684210527 2.6842105263157894 1.8631578947368421 1.4842105263157894 2.6210526315789475 2.210526315789474 2.210526315789474 2.463157894736842 1.3578947368421053 2.6210526315789475 2.1789473684210527 2.9368421052631577 2.0210526315789474 1.7052631578947368 1.5789473684210527 2.1473684210526316 3.0 2.4 1.9263157894736842 2.210526315789474 2.526315789473684 2.6842105263157894 2.7473684210526317 1.8 1.4210526315789473 2.5894736842105264 1.8631578947368421 1.5473684210526315  
50 15.956986855409511 1.3578947368421053 2.778947368421053 1.9263157894736842 1.3894736842105264 2.9368421052631577 2.1789473684210527 2.968421052631579 1.894736842105263 2.8421052631578947 2.305263157894737 1.7052631578947368 1.2947368421052632 2.7157894736842105 2.3684210526315788 2.557894736842105 2.8421052631578947 1.3578947368421053 2.336842105263158 2.431578947368421 2.557894736842105 1.5157894736842106 2.8421052631578947 1.5789473684210527 2.6842105263157894 1.8631578947368421 1.4842105263157894 2.6210526315789475 2.210526315789474 2.210526315789474 2.463157894736842 1.3578947368421053 2.6210526315789475 2.1789473684210527 2.9368421052631577 2.0210526315789474 1.7052631578947368 1.5789473684210527 2.1473684210526316 3.0 2.4 1.9263157894736842 2.210526315789474 2.526315789473684 2.6842105263157894 2.7473684210526317 1.8 1.4210526315789473 2.5894736842105264 1.8631578947368421 1.5473684210526315  
54 44.87395061728386 1.3578947368421053 2.778947368421053 1.9263157894736842 1.3894736842105264 2.9368421052631577 2.1789473684210527 2.968421052631579 1.894736842105263 2.8421052631578947 2.305263157894737 1.7052631578947368 1.2947368421052632 2.7157894736842105 2.3684210526315788 2.557894736842105 2.8421052631578947 1.3578947368421053 2.336842105263158 2.431578947368421 2.557894736842105 1.5157894736842106 2.8421052631578947 1.5789473684210527 2.6842105263157894 1.8631578947368421 1.4842105263157894 2.6210526315789475 2.210526315789474 2.210526315789474 2.463157894736842 1.3578947368421053 2.6210526315789475 2.1789473684210527 2.9368421052631577 2.0210526315789474 1.7052631578947368 1.5789473684210527 2.1473684210526316 3.0 2.4 1.9263157894736842 2.210526315789474 2.526315789473684 2.6842105263157894 2.7473684210526317 1.8 1.4210526315789473 2.5894736842105264 1.8631578947368421 1.5473684210526315  
53 52.030840499942684 1.3578947368421053 2.778947368421053 1.9263157894736842 1.3894736842105264 2.9368421052631577 2.1789473684210527 2.968421052631579 1.894736842105263 2.8421052631578947 2.305263157894737 1.7052631578947368 1.2947368421052632 2.7157894736842105 2.3684210526315788 2.557894736842105 2.8421052631578947 1.3578947368421053 2.336842105263158 2.431578947368421 2.557894736842105 1.5157894736842106 2.8421052631578947 1.5789473684210527 2.6842105263157894 1.8631578947368421 1.4842105263157894 2.6210526315789475 2.210526315789474 2.210526315789474 2.463157894736842 1.3578947368421053 2.6210526315789475 2.1789473684210527 2.9368421052631577 2.0210526315789474 1.7052631578947368 1.5789473684210527 2.1473684210526316 3.0 2.4 1.9263157894736842 2.210526315789474 2.526315789473684 2.6842105263157894 2.7473684210526317 1.8 1.4210526315789473 2.5894736842105264 1.8631578947368421 1.5473684210526315  
59 8.472432060543522 0.9052631578947369 1.8526315789473684 1.2842105263157895 0.9263157894736842 1.9578947368421054 1.4526315789473685 1.9789473684210526 1.263157894736842 1.894736842105263 1.5368421052631578 1.1368421052631579 0.8631578947368421 1.8105263157894738 1.5789473684210527 1.7052631578947368 1.894736842105263 0.9052631578947369 1.5578947368421052 1.6210526315789473 1.7052631578947368 1.0105263157894737 1.894736842105263 1.0526315789473684 1.7894736842105263 1.2421052631578948 0.9894736842105263 1.7473684210526317 1.4736842105263157 1.4736842105263157 1.6421052631578947 0.9052631578947369 1.7473684210526317 1.4526315789473685 1.9578947368421054 1.3473684210526315 1.1368421052631579 1.0526315789473684 1.431578947368421 2.0 1.6 1.2842105263157895 1.4736842105263157 1.6842105263157894 1.7894736842105263 1.831578947368421 1.2 0.9473684210526315 1.7263157894736842 1.2421052631578948 1.0315789473684212  
48 32.912053292058914 1.3578947368421053 2.778947368421053 1.9263157894736842 1.3894736842105264 2.9368421052631577 2.1789473684210527 2.968421052631579 1.894736842105263 2.8421052631578947 2.305263157894737 1.7052631578947368 1.2947368421052632 2.7157894736842105 2.3684210526315788 2.557894736842105 2.8421052631578947 1.3578947368421053 2.336842105263158 2.431578947368421 2.557894736842105 1.5157894736842106 2.8421052631578947 1.5789473684210527 2.6842105263157894 1.8631578947368421 1.4842105263157894 2.6210526315789475 2.210526315789474 2.210526315789474 2.463157894736842 1.3578947368421053 2.6210526315789475 2.1789473684210527 2.9368421052631577 2.0210526315789474 1.7052631578947368 1.5789473684210527 2.1473684210526316 3.0 2.4 1.9263157894736842 2.210526315789474 2.526315789473684 2.6842105263157894 2.7473684210526317 1.8 1.4210526315789473 2.5894736842105264 1.8631578947368421 1.5473684210526315  
51 21.0 1.3578947368421053 2.778947368421053 1.9263157894736842 1.3894736842105264 2.9368421052631577 2.1789473684210527 2.968421052631579 1.894736842105263 2.8421052631578947 2.305263157894737 1.7052631578947368 1.2947368421052632 2.7157894736842105 2.3684210526315788 2.557894736842105 2.8421052631578947 1.3578947368421053 2.336842105263158 2.431578947368421 2.557894736842105 1.5157894736842106 2.8421052631578947 1.5789473684210527 2.6842105263157894 1.8631578947368421 1.4842105263157894 2.6210526315789475 2.210526315789474 2.210526315789474 2.463157894736842 1.3578947368421053 2.6210526315789475 2.1789473684210527 2.9368421052631577 2.0210526315789474 1.7052631578947368 1.5789473684210527 2.1473684210526316 3.0 2.4 1.9263157894736842 2.210526315789474 2.526315789473684 2.6842105263157894 2.7473684210526317 1.8 1.4210526315789473 2.5894736842105264 1.8631578947368421 1.5473684210526315  
57 44.91750112460638 0.9052631578947369 1.8526315789473684 1.2842105263157895 0.9263157894736842 1.9578947368421054 1.4526315789473685 1.9789473684210526 1.263157894736842 1.894736842105263 1.5368421052631578 1.1368421052631579 0.8631578947368421 1.8105263157894738 1.5789473684210527 1.7052631578947368 1.894736842105263 0.9052631578947369 1.5578947368421052 1.6210526315789473 1.7052631578947368 1.0105263157894737 1.894736842105263 1.0526315789473684 1.7894736842105263 1.2421052631578948 0.9894736842105263 1.7473684210526317 1.4736842105263157 1.4736842105263157 1.6421052631578947 0.9052631578947369 1.7473684210526317 1.4526315789473685 1.9578947368421054 1.3473684210526315 1.1368421052631579 1.0526315789473684 1.431578947368421 2.0 1.6 1.2842105263157895 1.4736842105263157 1.6842105263157894 1.7894736842105263 1.831578947368421 1.2 0.9473684210526315 1.7263157894736842 1.2421052631578948 1.0315789473684212  
20 64.47636051004474 1.3578947368421053 2.778947368421053 1.9263157894736842 1.3894736842105264 2.9368421052631577 2.1789473684210527 2.968421052631579 1.894736842105263 2.8421052631578947 2.305263157894737 1.7052631578947368 1.2947368421052632 2.7157894736842105 2.3684210526315788 2.557894736842105 2.8421052631578947 1.3578947368421053 2.336842105263158 2.431578947368421 2.557894736842105 1.5157894736842106 2.8421052631578947 1.5789473684210527 2.6842105263157894 1.8631578947368421 1.4842105263157894 2.6210526315789475 2.210526315789474 2.210526315789474 2.463157894736842 1.3578947368421053 2.6210526315789475 2.1789473684210527 2.9368421052631577 2.0210526315789474 1.7052631578947368 1.5789473684210527 2.1473684210526316 3.0 2.4 1.9263157894736842 2.210526315789474 2.526315789473684 2.6842105263157894 2.7473684210526317 1.8 1.4210526315789473 2.5894736842105264 1.8631578947368421 1.5473684210526315  
12 3.608412220452678 0.9052631578947369 1.8526315789473684 1.2842105263157895 0.9263157894736842 1.9578947368421054 1.4526315789473685 1.9789473684210526 1.263157894736842 1.894736842105263 1.5368421052631578 1.1368421052631579 0.8631578947368421 1.8105263157894738 1.5789473684210527 1.7052631578947368 1.894736842105263 0.9052631578947369 1.5578947368421052 1.6210526315789473 1.7052631578947368 1.0105263157894737 1.894736842105263 1.0526315789473684 1.7894736842105263 1.2421052631578948 0.9894736842105263 1.7473684210526317 1.4736842105263157 1.4736842105263157 1.6421052631578947 0.9052631578947369 1.7473684210526317 1.4526315789473685 1.9578947368421054 1.3473684210526315 1.1368421052631579 1.0526315789473684 1.431578947368421 2.0 1.6 1.2842105263157895 1.4736842105263157 1.6842105263157894 1.7894736842105263 1.831578947368421 1.2 0.9473684210526315 1.7263157894736842 1.2421052631578948 1.0315789473684212  
29 85.85412321903395 0.9052631578947369 1.8526315789473684 1.2842105263157895 0.9263157894736842 1.9578947368421054 1.4526315789473685 1.9789473684210526 1.263157894736842 1.894736842105263 1.5368421052631578 1.1368421052631579 0.8631578947368421 1.8105263157894738 1.5789473684210527 1.7052631578947368 1.894736842105263 0.9052631578947369 1.5578947368421052 1.6210526315789473 1.7052631578947368 1.0105263157894737 1.894736842105263 1.0526315789473684 1.7894736842105263 1.2421052631578948 0.9894736842105263 1.7473684210526317 1.4736842105263157 1.4736842105263157 1.6421052631578947 0.9052631578947369 1.7473684210526317 1.4526315789473685 1.9578947368421054 1.3473684210526315 1.1368421052631579 1.0526315789473684 1.431578947368421 2.0 1.6 1.2842105263157895 1.4736842105263157 1.6842105263157894 1.7894736842105263 1.831578947368421 1.2 0.9473684210526315 1.7263157894736842 1.2421052631578948 1.0315789473684212  
25 222.79907629003972 0.9052631578947369 1.8526315789473684 1.2842105263157895 0.9263157894736842 1.9578947368421054 1.4526315789473685 1.9789473684210526 1.263157894736842 1.894736842105263 1.5368421052631578 1.1368421052631579 0.8631578947368421 1.8105263157894738 1.5789473684210527 1.7052631578947368 1.894736842105263 0.9052631578947369 1.5578947368421052 1.6210526315789473 1.7052631578947368 1.0105263157894737 1.894736842105263 1.0526315789473684 1.7894736842105263 1.2421052631578948 0.9894736842105263 1.7473684210526317 1.4736842105263157 1.4736842105263157 1.6421052631578947 0.9052631578947369 1.7473684210526317 1.4526315789473685 1.9578947368421054 1.3473684210526315 1.1368421052631579 1.0526315789473684 1.431578947368421 2.0 1.6 1.2842105263157895 1.4736842105263157 1.6842105263157894 1.7894736842105263 1.831578947368421 1.2 0.9473684210526315 1.7263157894736842 1.2421052631578948 1.0315789473684212  
16 23.60190394276075 1.3578947368421053 2.778947368421053 1.9263157894736842 1.3894736842105264 2.9368421052631577 2.1789473684210527 2.968421052631579 1.894736842105263 2.8421052631578947 2.305263157894737 1.7052631578947368 1.2947368421052632 2.7157894736842105 2.3684210526315788 2.557894736842105 2.8421052631578947 1.3578947368421053 2.336842105263158 2.431578947368421 2.557894736842105 1.5157894736842106 2.8421052631578947 1.5789473684210527 2.6842105263157894 1.8631578947368421 1.4842105263157894 2.6210526315789475 2.210526315789474 2.210526315789474 2.463157894736842 1.3578947368421053 2.6210526315789475 2.1789473684210527 2.9368421052631577 2.0210526315789474 1.7052631578947368 1.5789473684210527 2.1473684210526316 3.0 2.4 1.9263157894736842 2.210526315789474 2.526315789473684 2.6842105263157894 2.7473684210526317 1.8 1.4210526315789473 2.5894736842105264 1.8631578947368421 1.5473684210526315  
42 109.73352995721484 0.9052631578947369 1.8526315789473684 1.2842105263157895 0.9263157894736842 1.9578947368421054 1.4526315789473685 1.9789473684210526 1.263157894736842 1.894736842105263 1.5368421052631578 1.1368421052631579 0.8631578947368421 1.8105263157894738 1.5789473684210527 1.7052631578947368 1.894736842105263 0.9052631578947369 1.5578947368421052 1.6210526315789473 1.7052631578947368 1.0105263157894737 1.894736842105263 1.0526315789473684 1.7894736842105263 1.2421052631578948 0.9894736842105263 1.7473684210526317 1.4736842105263157 1.4736842105263157 1.6421052631578947 0.9052631578947369 1.7473684210526317 1.4526315789473685 1.9578947368421054 1.3473684210526315 1.1368421052631579 1.0526315789473684 1.431578947368421 2.0 1.6 1.2842105263157895 1.4736842105263157 1.6842105263157894 1.7894736842105263 1.831578947368421 1.2 0.9473684210526315 1.7263157894736842 1.2421052631578948 1.0315789473684212  
37 72.85457160342717 0.9052631578947369 1.8526315789473684 1.2842105263157895 0.9263157894736842 1.9578947368421054 1.4526315789473685 1.9789473684210526 1.263157894736842 1.894736842105263 1.5368421052631578 1.1368421052631579 0.8631578947368421 1.8105263157894738 1.5789473684210527 1.7052631578947368 1.894736842105263 0.9052631578947369 1.5578947368421052 1.6210526315789473 1.7052631578947368 1.0105263157894737 1.894736842105263 1.0526315789473684 1.7894736842105263 1.2421052631578948 0.9894736842105263 1.7473684210526317 1.4736842105263157 1.4736842105263157 1.6421052631578947 0.9052631578947369 1.7473684210526317 1.4526315789473685 1.9578947368421054 1.3473684210526315 1.1368421052631579 1.0526315789473684 1.431578947368421 2.0 1.6 1.2842105263157895 1.4736842105263157 1.6842105263157894 1.7894736842105263 1.831578947368421 1.2 0.9473684210526315 1.7263157894736842 1.2421052631578948 1.0315789473684212  
47 2.671043478260842 0.9052631578947369 1.8526315789473684 1.2842105263157895 0.9263157894736842 1.9578947368421054 1.4526315789473685 1.9789473684210526 1.263157894736842 1.894736842105263 1.5368421052631578 1.1368421052631579 0.8631578947368421 1.8105263157894738 1.5789473684210527 1.7052631578947368 1.894736842105263 0.9052631578947369 1.5578947368421052 1.6210526315789473 1.7052631578947368 1.0105263157894737 1.894736842105263 1.0526315789473684 1.7894736842105263 1.2421052631578948 0.9894736842105263 1.7473684210526317 1.4736842105263157 1.4736842105263157 1.6421052631578947 0.9052631578947369 1.7473684210526317 1.4526315789473685 1.9578947368421054 1.3473684210526315 1.1368421052631579 1.0526315789473684 1.431578947368421 2.0 1.6 1.2842105263157895 1.4736842105263157 1.6842105263157894 1.7894736842105263 1.831578947368421 1.2 0.9473684210526315 1.7263157894736842 1.2421052631578948 1.0315789473684212  
49 84.93889663599225 0.9052631578947369 1.8526315789473684 1.2842105263157895 0.9263157894736842 1.9578947368421054 1.4526315789473685 1.9789473684210526 1.263157894736842 1.894736842105263 1.5368421052631578 1.1368421052631579 0.8631578947368421 1.8105263157894738 1.5789473684210527 1.7052631578947368 1.894736842105263 0.9052631578947369 1.5578947368421052 1.6210526315789473 1.7052631578947368 1.0105263157894737 1.894736842105263 1.0526315789473684 1.7894736842105263 1.2421052631578948 0.9894736842105263 1.7473684210526317 1.4736842105263157 1.4736842105263157 1.6421052631578947 0.9052631578947369 1.7473684210526317 1.4526315789473685 1.9578947368421054 1.3473684210526315 1.1368421052631579 1.0526315789473684 1.431578947368421 2.0 1.6 1.2842105263157895 1.4736842105263157 1.6842105263157894 1.7894736842105263 1.831578947368421 1.2 0.9473684210526315 1.7263157894736842 1.2421052631578948 1.0315789473684212  
22 80.0 1.3578947368421053 2.778947368421053 1.9263157894736842 1.3894736842105264 2.9368421052631577 2.1789473684210527 2.968421052631579 1.894736842105263 2.8421052631578947 2.305263157894737 1.7052631578947368 1.2947368421052632 2.7157894736842105 2.3684210526315788 2.557894736842105 2.8421052631578947 1.3578947368421053 2.336842105263158 2.431578947368421 2.557894736842105 1.5157894736842106 2.8421052631578947 1.5789473684210527 2.6842105263157894 1.8631578947368421 1.4842105263157894 2.6210526315789475 2.210526315789474 2.210526315789474 2.463157894736842 1.3578947368421053 2.6210526315789475 2.1789473684210527 2.9368421052631577 2.0210526315789474 1.7052631578947368 1.5789473684210527 2.1473684210526316 3.0 2.4 1.9263157894736842 2.210526315789474 2.526315789473684 2.6842105263157894 2.7473684210526317 1.8 1.4210526315789473 2.5894736842105264 1.8631578947368421 1.5473684210526315  
36 63.91491909641073 0.9052631578947369 1.8526315789473684 1.2842105263157895 0.9263157894736842 1.9578947368421054 1.4526315789473685 1.9789473684210526 1.263157894736842 1.894736842105263 1.5368421052631578 1.1368421052631579 0.8631578947368421 1.8105263157894738 1.5789473684210527 1.7052631578947368 1.894736842105263 0.9052631578947369 1.5578947368421052 1.6210526315789473 1.7052631578947368 1.0105263157894737 1.894736842105263 1.0526315789473684 1.7894736842105263 1.2421052631578948 0.9894736842105263 1.7473684210526317 1.4736842105263157 1.4736842105263157 1.6421052631578947 0.9052631578947369 1.7473684210526317 1.4526315789473685 1.9578947368421054 1.3473684210526315 1.1368421052631579 1.0526315789473684 1.431578947368421 2.0 1.6 1.2842105263157895 1.4736842105263157 1.6842105263157894 1.7894736842105263 1.831578947368421 1.2 0.9473684210526315 1.7263157894736842 1.2421052631578948 1.0315789473684212  
32 50.29831223750212 1.3578947368421053 2.778947368421053 1.9263157894736842 1.3894736842105264 2.9368421052631577 2.1789473684210527 2.968421052631579 1.894736842105263 2.8421052631578947 2.305263157894737 1.7052631578947368 1.2947368421052632 2.7157894736842105 2.3684210526315788 2.557894736842105 2.8421052631578947 1.3578947368421053 2.336842105263158 2.431578947368421 2.557894736842105 1.5157894736842106 2.8421052631578947 1.5789473684210527 2.6842105263157894 1.8631578947368421 1.4842105263157894 2.6210526315789475 2.210526315789474 2.210526315789474 2.463157894736842 1.3578947368421053 2.6210526315789475 2.1789473684210527 2.9368421052631577 2.0210526315789474 1.7052631578947368 1.5789473684210527 2.1473684210526316 3.0 2.4 1.9263157894736842 2.210526315789474 2.526315789473684 2.6842105263157894 2.7473684210526317 1.8 1.4210526315789473 2.5894736842105264 1.8631578947368421 1.5473684210526315  
45 50.50176146527888 0.9052631578947369 1.8526315789473684 1.2842105263157895 0.9263157894736842 1.9578947368421054 1.4526315789473685 1.9789473684210526 1.263157894736842 1.894736842105263 1.5368421052631578 1.1368421052631579 0.8631578947368421 1.8105263157894738 1.5789473684210527 1.7052631578947368 1.894736842105263 0.9052631578947369 1.5578947368421052 1.6210526315789473 1.7052631578947368 1.0105263157894737 1.894736842105263 1.0526315789473684 1.7894736842105263 1.2421052631578948 0.9894736842105263 1.7473684210526317 1.4736842105263157 1.4736842105263157 1.6421052631578947 0.9052631578947369 1.7473684210526317 1.4526315789473685 1.9578947368421054 1.3473684210526315 1.1368421052631579 1.0526315789473684 1.431578947368421 2.0 1.6 1.2842105263157895 1.4736842105263157 1.6842105263157894 1.7894736842105263 1.831578947368421 1.2 0.9473684210526315 1.7263157894736842 1.2421052631578948 1.0315789473684212  
5 33.611333779600024 0.9052631578947369 1.8526315789473684 1.2842105263157895 0.9263157894736842 1.9578947368421054 1.4526315789473685 1.9789473684210526 1.263157894736842 1.894736842105263 1.5368421052631578 1.1368421052631579 0.8631578947368421 1.8105263157894738 1.5789473684210527 1.7052631578947368 1.894736842105263 0.9052631578947369 1.5578947368421052 1.6210526315789473 1.7052631578947368 1.0105263157894737 1.894736842105263 1.0526315789473684 1.7894736842105263 1.2421052631578948 0.9894736842105263 1.7473684210526317 1.4736842105263157 1.4736842105263157 1.6421052631578947 0.9052631578947369 1.7473684210526317 1.4526315789473685 1.9578947368421054 1.3473684210526315 1.1368421052631579 1.0526315789473684 1.431578947368421 2.0 1.6 1.2842105263157895 1.4736842105263157 1.6842105263157894 1.7894736842105263 1.831578947368421 1.2 0.9473684210526315 1.7263157894736842 1.2421052631578948 1.0315789473684212  
23 18.59443545784968 0.9052631578947369 1.8526315789473684 1.2842105263157895 0.9263157894736842 1.9578947368421054 1.4526315789473685 1.9789473684210526 1.263157894736842 1.894736842105263 1.5368421052631578 1.1368421052631579 0.8631578947368421 1.8105263157894738 1.5789473684210527 1.7052631578947368 1.894736842105263 0.9052631578947369 1.5578947368421052 1.6210526315789473 1.7052631578947368 1.0105263157894737 1.894736842105263 1.0526315789473684 1.7894736842105263 1.2421052631578948 0.9894736842105263 1.7473684210526317 1.4736842105263157 1.4736842105263157 1.6421052631578947 0.9052631578947369 1.7473684210526317 1.4526315789473685 1.9578947368421054 1.3473684210526315 1.1368421052631579 1.0526315789473684 1.431578947368421 2.0 1.6 1.2842105263157895 1.4736842105263157 1.6842105263157894 1.7894736842105263 1.831578947368421 1.2 0.9473684210526315 1.7263157894736842 1.2421052631578948 1.0315789473684212  
55 20.863086210149028 1.3578947368421053 2.778947368421053 1.9263157894736842 1.3894736842105264 2.9368421052631577 2.1789473684210527 2.968421052631579 1.894736842105263 2.8421052631578947 2.305263157894737 1.7052631578947368 1.2947368421052632 2.7157894736842105 2.3684210526315788 2.557894736842105 2.8421052631578947 1.3578947368421053 2.336842105263158 2.431578947368421 2.557894736842105 1.5157894736842106 2.8421052631578947 1.5789473684210527 2.6842105263157894 1.8631578947368421 1.4842105263157894 2.6210526315789475 2.210526315789474 2.210526315789474 2.463157894736842 1.3578947368421053 2.6210526315789475 2.1789473684210527 2.9368421052631577 2.0210526315789474 1.7052631578947368 1.5789473684210527 2.1473684210526316 3.0 2.4 1.9263157894736842 2.210526315789474 2.526315789473684 2.6842105263157894 2.7473684210526317 1.8 1.4210526315789473 2.5894736842105264 1.8631578947368421 1.5473684210526315  
18 61.672511327323406 0.9052631578947369 1.8526315789473684 1.2842105263157895 0.9263157894736842 1.9578947368421054 1.4526315789473685 1.9789473684210526 1.263157894736842 1.894736842105263 1.5368421052631578 1.1368421052631579 0.8631578947368421 1.8105263157894738 1.5789473684210527 1.7052631578947368 1.894736842105263 0.9052631578947369 1.5578947368421052 1.6210526315789473 1.7052631578947368 1.0105263157894737 1.894736842105263 1.0526315789473684 1.7894736842105263 1.2421052631578948 0.9894736842105263 1.7473684210526317 1.4736842105263157 1.4736842105263157 1.6421052631578947 0.9052631578947369 1.7473684210526317 1.4526315789473685 1.9578947368421054 1.3473684210526315 1.1368421052631579 1.0526315789473684 1.431578947368421 2.0 1.6 1.2842105263157895 1.4736842105263157 1.6842105263157894 1.7894736842105263 1.831578947368421 1.2 0.9473684210526315 1.7263157894736842 1.2421052631578948 1.0315789473684212  
58 29.809723228448973 1.3578947368421053 2.778947368421053 1.9263157894736842 1.3894736842105264 2.9368421052631577 2.1789473684210527 2.968421052631579 1.894736842105263 2.8421052631578947 2.305263157894737 1.7052631578947368 1.2947368421052632 2.7157894736842105 2.3684210526315788 2.557894736842105 2.8421052631578947 1.3578947368421053 2.336842105263158 2.431578947368421 2.557894736842105 1.5157894736842106 2.8421052631578947 1.5789473684210527 2.6842105263157894 1.8631578947368421 1.4842105263157894 2.6210526315789475 2.210526315789474 2.210526315789474 2.463157894736842 1.3578947368421053 2.6210526315789475 2.1789473684210527 2.9368421052631577 2.0210526315789474 1.7052631578947368 1.5789473684210527 2.1473684210526316 3.0 2.4 1.9263157894736842 2.210526315789474 2.526315789473684 2.6842105263157894 2.7473684210526317 1.8 1.4210526315789473 2.5894736842105264 1.8631578947368421 1.5473684210526315  
46 29.164447603128867 1.3578947368421053 2.778947368421053 1.9263157894736842 1.3894736842105264 2.9368421052631577 2.1789473684210527 2.968421052631579 1.894736842105263 2.8421052631578947 2.305263157894737 1.7052631578947368 1.2947368421052632 2.7157894736842105 2.3684210526315788 2.557894736842105 2.8421052631578947 1.3578947368421053 2.336842105263158 2.431578947368421 2.557894736842105 1.5157894736842106 2.8421052631578947 1.5789473684210527 2.6842105263157894 1.8631578947368421 1.4842105263157894 2.6210526315789475 2.210526315789474 2.210526315789474 2.463157894736842 1.3578947368421053 2.6210526315789475 2.1789473684210527 2.9368421052631577 2.0210526315789474 1.7052631578947368 1.5789473684210527 2.1473684210526316 3.0 2.4 1.9263157894736842 2.210526315789474 2.526315789473684 2.6842105263157894 2.7473684210526317 1.8 1.4210526315789473 2.5894736842105264 1.8631578947368421 1.5473684210526315  
33 53.99906376748986 0.9052631578947369 1.8526315789473684 1.2842105263157895 0.9263157894736842 1.9578947368421054 1.4526315789473685 1.9789473684210526 1.263157894736842 1.894736842105263 1.5368421052631578 1.1368421052631579 0.8631578947368421 1.8105263157894738 1.5789473684210527 1.7052631578947368 1.894736842105263 0.9052631578947369 1.5578947368421052 1.6210526315789473 1.7052631578947368 1.0105263157894737 1.894736842105263 1.0526315789473684 1.7894736842105263 1.2421052631578948 0.9894736842105263 1.7473684210526317 1.4736842105263157 1.4736842105263157 1.6421052631578947 0.9052631578947369 1.7473684210526317 1.4526315789473685 1.9578947368421054 1.3473684210526315 1.1368421052631579 1.0526315789473684 1.431578947368421 2.0 1.6 1.2842105263157895 1.4736842105263157 1.6842105263157894 1.7894736842105263 1.831578947368421 1.2 0.9473684210526315 1.7263157894736842 1.2421052631578948 1.0315789473684212  
9 66.17550754911181 0.9052631578947369 1.8526315789473684 1.2842105263157895 0.9263157894736842 1.9578947368421054 1.4526315789473685 1.9789473684210526 1.263157894736842 1.894736842105263 1.5368421052631578 1.1368421052631579 0.8631578947368421 1.8105263157894738 1.5789473684210527 1.7052631578947368 1.894736842105263 0.9052631578947369 1.5578947368421052 1.6210526315789473 1.7052631578947368 1.0105263157894737 1.894736842105263 1.0526315789473684 1.7894736842105263 1.2421052631578948 0.9894736842105263 1.7473684210526317 1.4736842105263157 1.4736842105263157 1.6421052631578947 0.9052631578947369 1.7473684210526317 1.4526315789473685 1.9578947368421054 1.3473684210526315 1.1368421052631579 1.0526315789473684 1.431578947368421 2.0 1.6 1.2842105263157895 1.4736842105263157 1.6842105263157894 1.7894736842105263 1.831578947368421 1.2 0.9473684210526315 1.7263157894736842 1.2421052631578948 1.0315789473684212  
34 82.65308164915852 1.3578947368421053 2.778947368421053 1.9263157894736842 1.3894736842105264 2.9368421052631577 2.1789473684210527 2.968421052631579 1.894736842105263 2.8421052631578947 2.305263157894737 1.7052631578947368 1.2947368421052632 2.7157894736842105 2.3684210526315788 2.557894736842105 2.8421052631578947 1.3578947368421053 2.336842105263158 2.431578947368421 2.557894736842105 1.5157894736842106 2.8421052631578947 1.5789473684210527 2.6842105263157894 1.8631578947368421 1.4842105263157894 2.6210526315789475 2.210526315789474 2.210526315789474 2.463157894736842 1.3578947368421053 2.6210526315789475 2.1789473684210527 2.9368421052631577 2.0210526315789474 1.7052631578947368 1.5789473684210527 2.1473684210526316 3.0 2.4 1.9263157894736842 2.210526315789474 2.526315789473684 2.6842105263157894 2.7473684210526317 1.8 1.4210526315789473 2.5894736842105264 1.8631578947368421 1.5473684210526315  
19 107.32553963662657 0.9052631578947369 1.8526315789473684 1.2842105263157895 0.9263157894736842 1.9578947368421054 1.4526315789473685 1.9789473684210526 1.263157894736842 1.894736842105263 1.5368421052631578 1.1368421052631579 0.8631578947368421 1.8105263157894738 1.5789473684210527 1.7052631578947368 1.894736842105263 0.9052631578947369 1.5578947368421052 1.6210526315789473 1.7052631578947368 1.0105263157894737 1.894736842105263 1.0526315789473684 1.7894736842105263 1.2421052631578948 0.9894736842105263 1.7473684210526317 1.4736842105263157 1.4736842105263157 1.6421052631578947 0.9052631578947369 1.7473684210526317 1.4526315789473685 1.9578947368421054 1.3473684210526315 1.1368421052631579 1.0526315789473684 1.431578947368421 2.0 1.6 1.2842105263157895 1.4736842105263157 1.6842105263157894 1.7894736842105263 1.831578947368421 1.2 0.9473684210526315 1.7263157894736842 1.2421052631578948 1.0315789473684212  
43 103.72884035317327 0.9052631578947369 1.8526315789473684 1.2842105263157895 0.9263157894736842 1.9578947368421054 1.4526315789473685 1.9789473684210526 1.263157894736842 1.894736842105263 1.5368421052631578 1.1368421052631579 0.8631578947368421 1.8105263157894738 1.5789473684210527 1.7052631578947368 1.894736842105263 0.9052631578947369 1.5578947368421052 1.6210526315789473 1.7052631578947368 1.0105263157894737 1.894736842105263 1.0526315789473684 1.7894736842105263 1.2421052631578948 0.9894736842105263 1.7473684210526317 1.4736842105263157 1.4736842105263157 1.6421052631578947 0.9052631578947369 1.7473684210526317 1.4526315789473685 1.9578947368421054 1.3473684210526315 1.1368421052631579 1.0526315789473684 1.431578947368421 2.0 1.6 1.2842105263157895 1.4736842105263157 1.6842105263157894 1.7894736842105263 1.831578947368421 1.2 0.9473684210526315 1.7263157894736842 1.2421052631578948 1.0315789473684212  
44 30.235885247005772 1.3578947368421053 2.778947368421053 1.9263157894736842 1.3894736842105264 2.9368421052631577 2.1789473684210527 2.968421052631579 1.894736842105263 2.8421052631578947 2.305263157894737 1.7052631578947368 1.2947368421052632 2.7157894736842105 2.3684210526315788 2.557894736842105 2.8421052631578947 1.3578947368421053 2.336842105263158 2.431578947368421 2.557894736842105 1.5157894736842106 2.8421052631578947 1.5789473684210527 2.6842105263157894 1.8631578947368421 1.4842105263157894 2.6210526315789475 2.210526315789474 2.210526315789474 2.463157894736842 1.3578947368421053 2.6210526315789475 2.1789473684210527 2.9368421052631577 2.0210526315789474 1.7052631578947368 1.5789473684210527 2.1473684210526316 3.0 2.4 1.9263157894736842 2.210526315789474 2.526315789473684 2.6842105263157894 2.7473684210526317 1.8 1.4210526315789473 2.5894736842105264 1.8631578947368421 1.5473684210526315  
39 40.233869442969 1.3578947368421053 2.778947368421053 1.9263157894736842 1.3894736842105264 2.9368421052631577 2.1789473684210527 2.968421052631579 1.894736842105263 2.8421052631578947 2.305263157894737 1.7052631578947368 1.2947368421052632 2.7157894736842105 2.3684210526315788 2.557894736842105 2.8421052631578947 1.3578947368421053 2.336842105263158 2.431578947368421 2.557894736842105 1.5157894736842106 2.8421052631578947 1.5789473684210527 2.6842105263157894 1.8631578947368421 1.4842105263157894 2.6210526315789475 2.210526315789474 2.210526315789474 2.463157894736842 1.3578947368421053 2.6210526315789475 2.1789473684210527 2.9368421052631577 2.0210526315789474 1.7052631578947368 1.5789473684210527 2.1473684210526316 3.0 2.4 1.9263157894736842 2.210526315789474 2.526315789473684 2.6842105263157894 2.7473684210526317 1.8 1.4210526315789473 2.5894736842105264 1.8631578947368421 1.5473684210526315  
10 242.89292480652296 0.9052631578947369 1.8526315789473684 1.2842105263157895 0.9263157894736842 1.9578947368421054 1.4526315789473685 1.9789473684210526 1.263157894736842 1.894736842105263 1.5368421052631578 1.1368421052631579 0.8631578947368421 1.8105263157894738 1.5789473684210527 1.7052631578947368 1.894736842105263 0.9052631578947369 1.5578947368421052 1.6210526315789473 1.7052631578947368 1.0105263157894737 1.894736842105263 1.0526315789473684 1.7894736842105263 1.2421052631578948 0.9894736842105263 1.7473684210526317 1.4736842105263157 1.4736842105263157 1.6421052631578947 0.9052631578947369 1.7473684210526317 1.4526315789473685 1.9578947368421054 1.3473684210526315 1.1368421052631579 1.0526315789473684 1.431578947368421 2.0 1.6 1.2842105263157895 1.4736842105263157 1.6842105263157894 1.7894736842105263 1.831578947368421 1.2 0.9473684210526315 1.7263157894736842 1.2421052631578948 1.0315789473684212  
3 53.804564192675684 0.9052631578947369 1.8526315789473684 1.2842105263157895 0.9263157894736842 1.9578947368421054 1.4526315789473685 1.9789473684210526 1.263157894736842 1.894736842105263 1.5368421052631578 1.1368421052631579 0.8631578947368421 1.8105263157894738 1.5789473684210527 1.7052631578947368 1.894736842105263 0.9052631578947369 1.5578947368421052 1.6210526315789473 1.7052631578947368 1.0105263157894737 1.894736842105263 1.0526315789473684 1.7894736842105263 1.2421052631578948 0.9894736842105263 1.7473684210526317 1.4736842105263157 1.4736842105263157 1.6421052631578947 0.9052631578947369 1.7473684210526317 1.4526315789473685 1.9578947368421054 1.3473684210526315 1.1368421052631579 1.0526315789473684 1.431578947368421 2.0 1.6 1.2842105263157895 1.4736842105263157 1.6842105263157894 1.7894736842105263 1.831578947368421 1.2 0.9473684210526315 1.7263157894736842 1.2421052631578948 1.0315789473684212  
24 179.7066397157712 0.9052631578947369 1.8526315789473684 1.2842105263157895 0.9263157894736842 1.9578947368421054 1.4526315789473685 1.9789473684210526 1.263157894736842 1.894736842105263 1.5368421052631578 1.1368421052631579 0.8631578947368421 1.8105263157894738 1.5789473684210527 1.7052631578947368 1.894736842105263 0.9052631578947369 1.5578947368421052 1.6210526315789473 1.7052631578947368 1.0105263157894737 1.894736842105263 1.0526315789473684 1.7894736842105263 1.2421052631578948 0.9894736842105263 1.7473684210526317 1.4736842105263157 1.4736842105263157 1.6421052631578947 0.9052631578947369 1.7473684210526317 1.4526315789473685 1.9578947368421054 1.3473684210526315 1.1368421052631579 1.0526315789473684 1.431578947368421 2.0 1.6 1.2842105263157895 1.4736842105263157 1.6842105263157894 1.7894736842105263 1.831578947368421 1.2 0.9473684210526315 1.7263157894736842 1.2421052631578948 1.0315789473684212  
