60 20
TREE NETWORK (nID nID Weight):
1 0 44.0 
2 1 37.0 
27 0 48.0 
45 0 47.0 
3 2 51.0 
28 27 38.0 
46 45 52.0 
47 46 47.0 
43 27 45.0 
15 1 37.0 
48 46 53.0 
4 3 48.0 
29 28 35.0 
30 29 49.0 
16 15 39.0 
34 29 54.0 
44 43 55.0 
31 30 47.0 
54 45 47.0 
6 3 54.0 
37 29 31.0 
12 2 33.0 
39 28 55.0 
55 54 38.0 
49 48 59.0 
23 1 46.0 
40 39 54.0 
17 15 32.0 
41 39 41.0 
7 6 57.0 
35 34 34.0 
13 2 57.0 
56 45 55.0 
42 28 49.0 
32 31 33.0 
58 0 31.0 
57 56 36.0 
33 31 42.0 
19 15 51.0 
20 19 45.0 
26 1 38.0 
50 46 40.0 
22 19 34.0 
51 50 58.0 
8 3 41.0 
52 51 41.0 
24 23 57.0 
53 46 48.0 
9 3 49.0 
38 29 56.0 
18 17 44.0 
36 34 30.0 
21 20 47.0 
10 9 46.0 
25 23 42.0 
5 4 30.0 
14 13 34.0 
59 58 31.0 
11 10 40.0 
PROGRAMS ASSIGNED TO NODES (nID pID1 pID2 ...):
0 1 2 3 4 5 6 7 8 9 10 11 12 13 14 15 16 17 18 19 20  
27 1 2 3 4 5 6 7 8 9 10 11 12 13 14 15 17 18 20  
20 1 2 3 4 5 6 8 9 10 11 12 13 14 15 17 18 19 20  
29 2 3 5 7 8 9 10 11 12 13 14 15 16 18 20  
42 1 2 4 5 6 7 8 9 10 11 12 13 14 17 19 20  
40 1 2 3 4 5 6 7 8 9 10 11 12 14 15 17 18 19  
15 2 4 5 7 10 14 18  
2 3 4 8 9 10 12 15 16 17  
19 3 5 8 9 11 12 15  
50 2 18  
44 1 2 3 4 6 7 8 11 12 13 14 15 16 17 18 19 20  
57 1 5 7 8 10 11 12 13 14 15 16 17 19 20  
1 1 2 4 5 12  
10 1 2 3 7 8 12 13 14 19  
11 3 7 8 9 10 11 13 15 16 19  
7 1 2 3 4 7 8 10 13 14 17 18 19 20  
41 1 5 7 8 9 11 13 15 16 17 18  
3 1 2 3 4 5 6 7 8 9 10 11 13 14 16 17 18 19 20  
35 1 2 3 5 7 8 9 11 12 13 14 15 17 18 20  
9 4 7 10 13 15  
14 1 3 5 6 7 8 9 10 11 12 13 14 15 16 17 18  
53 3 4 5 14 15 17  
49 1 2 3 4 8 11 12 14 15 18  
22 5 6 7 8 9 12 13 14 16 17 19 20  
16 2 3 4 5 6 7 8 11 14 16 17 18 20  
33 4 5 8 9 11 13 14 16 18 20  
34 1 2 3 4 5 6 7 8 9 10 11 12 13 14 15 16 17 19 20  
4 1 2 11 13 14 16 17  
38 2 5 7 8 9 13 14 15 18 19 20  
25 1 2 3 4 5 6 7 8 10 13 14 15 16 17 18 19 20  
12 1 5 6 9 10 14 18  
5 2 12 14 15 17  
13 1 2 3 4 5 7 8 9 10 11 12 13 14 15 16 17 18 19 20  
32 1 3 4 6 7 9 10 11 13 14 15 20  
56 1 3 4 6 7 9 10 16 18 19 20  
52 3 7 11 12 13 15 16 20  
18 1 3 7 9 10 13 14 15 18 19 20  
6 1 3 20  
54 1 2 3 6 7 8 10 11 14 16 17 19 20  
21 5 8 12 13 19 20  
36 2 3 5 6 10 11 13 16 20  
55  
31 1 2 7 8 9 10 11 16 17 19 20  
24 1 7 8 12 13 15 18 19  
47 2 3 4 5 6 7 8 9 10 11 12 13 14 15 16 17 18 19 20  
17 1 2 3 4 5 6 7 8 9 11 12 13 14 15 16 17 18 19 20  
48 1 7 9 11 12 13 14 16 17 18 19  
23 1 2 3 4 5 6 8 9 10 11 13 14 16 17 18 19 20  
45 2 3 6 14 15 18  
43 1 4 5 6 10 15 18 19 20  
28 4 5 7 9 10 11 15 17 18 19 20  
8 2 3 4 5 6 7 9 10 13 14 17 18 19  
26 1 2 3 4 5 6 7 8 9 13 14 15 16 17 18 19 20  
39 2 3 4 5 9 10 11 15 17 19  
59 1 2 3 4 5 6 7 8 9 10 11 15 18 19  
51 2 8 12 14 15 18  
30 1 2 4 5 6 8 10 16 18 19 20  
58 1 2 3 4 5 6 7 8 9 10 12 13 15 16 17 18 19 20  
37 2 3 4 5 6 7 8 9 10 11 12 13 14 15 16 17 18 20  
46 1 3 4 6 7 10 13 15 19 20  
SIZE OF PROGRAMS (pID SIZE):
1 59.0 
2 45.0 
3 41.0 
4 85.0 
5 83.0 
6 75.0 
7 58.0 
8 69.0 
9 62.0 
10 90.0 
11 99.0 
12 72.0 
13 66.0 
14 97.0 
15 43.0 
16 92.0 
17 60.0 
18 94.0 
19 62.0 
20 82.0 
COST_INSTALL_SERVER_AND_PROGRAMS :
0 5345.454545454545 1.7878787878787878 1.3636363636363635 1.2424242424242424 2.5757575757575757 2.515151515151515 2.272727272727273 1.7575757575757576 2.090909090909091 1.878787878787879 2.727272727272727 3.0 2.1818181818181817 2.0 2.9393939393939394 1.303030303030303 2.787878787878788 1.8181818181818181 2.8484848484848486 1.878787878787879 2.484848484848485  
27 1.000144300144305 1.1919191919191918 0.9090909090909091 0.8282828282828283 1.7171717171717171 1.6767676767676767 1.5151515151515151 1.1717171717171717 1.393939393939394 1.2525252525252526 1.8181818181818181 2.0 1.4545454545454546 1.3333333333333333 1.9595959595959596 0.8686868686868687 1.8585858585858586 1.2121212121212122 1.898989898989899 1.2525252525252526 1.6565656565656566  
20 61.291655877662095 1.7878787878787878 1.3636363636363635 1.2424242424242424 2.5757575757575757 2.515151515151515 2.272727272727273 1.7575757575757576 2.090909090909091 1.878787878787879 2.727272727272727 3.0 2.1818181818181817 2.0 2.9393939393939394 1.303030303030303 2.787878787878788 1.8181818181818181 2.8484848484848486 1.878787878787879 2.484848484848485  
29 71.95173453113304 1.7878787878787878 1.3636363636363635 1.2424242424242424 2.5757575757575757 2.515151515151515 2.272727272727273 1.7575757575757576 2.090909090909091 1.878787878787879 2.727272727272727 3.0 2.1818181818181817 2.0 2.9393939393939394 1.303030303030303 2.787878787878788 1.8181818181818181 2.8484848484848486 1.878787878787879 2.484848484848485  
42 14.26674880478507 1.1919191919191918 0.9090909090909091 0.8282828282828283 1.7171717171717171 1.6767676767676767 1.5151515151515151 1.1717171717171717 1.393939393939394 1.2525252525252526 1.8181818181818181 2.0 1.4545454545454546 1.3333333333333333 1.9595959595959596 0.8686868686868687 1.8585858585858586 1.2121212121212122 1.898989898989899 1.2525252525252526 1.6565656565656566  
40 62.513671215074744 1.7878787878787878 1.3636363636363635 1.2424242424242424 2.5757575757575757 2.515151515151515 2.272727272727273 1.7575757575757576 2.090909090909091 1.878787878787879 2.727272727272727 3.0 2.1818181818181817 2.0 2.9393939393939394 1.303030303030303 2.787878787878788 1.8181818181818181 2.8484848484848486 1.878787878787879 2.484848484848485  
15 16.547587847587845 1.1919191919191918 0.9090909090909091 0.8282828282828283 1.7171717171717171 1.6767676767676767 1.5151515151515151 1.1717171717171717 1.393939393939394 1.2525252525252526 1.8181818181818181 2.0 1.4545454545454546 1.3333333333333333 1.9595959595959596 0.8686868686868687 1.8585858585858586 1.2121212121212122 1.898989898989899 1.2525252525252526 1.6565656565656566  
2 18.565586365586363 1.1919191919191918 0.9090909090909091 0.8282828282828283 1.7171717171717171 1.6767676767676767 1.5151515151515151 1.1717171717171717 1.393939393939394 1.2525252525252526 1.8181818181818181 2.0 1.4545454545454546 1.3333333333333333 1.9595959595959596 0.8686868686868687 1.8585858585858586 1.2121212121212122 1.898989898989899 1.2525252525252526 1.6565656565656566  
19 11.202153490388781 1.7878787878787878 1.3636363636363635 1.2424242424242424 2.5757575757575757 2.515151515151515 2.272727272727273 1.7575757575757576 2.090909090909091 1.878787878787879 2.727272727272727 3.0 2.1818181818181817 2.0 2.9393939393939394 1.303030303030303 2.787878787878788 1.8181818181818181 2.8484848484848486 1.878787878787879 2.484848484848485  
50 8.364549918166942 1.7878787878787878 1.3636363636363635 1.2424242424242424 2.5757575757575757 2.515151515151515 2.272727272727273 1.7575757575757576 2.090909090909091 1.878787878787879 2.727272727272727 3.0 2.1818181818181817 2.0 2.9393939393939394 1.303030303030303 2.787878787878788 1.8181818181818181 2.8484848484848486 1.878787878787879 2.484848484848485  
44 32.144907407407416 1.7878787878787878 1.3636363636363635 1.2424242424242424 2.5757575757575757 2.515151515151515 2.272727272727273 1.7575757575757576 2.090909090909091 1.878787878787879 2.727272727272727 3.0 2.1818181818181817 2.0 2.9393939393939394 1.303030303030303 2.787878787878788 1.8181818181818181 2.8484848484848486 1.878787878787879 2.484848484848485  
57 29.12355899419729 1.1919191919191918 0.9090909090909091 0.8282828282828283 1.7171717171717171 1.6767676767676767 1.5151515151515151 1.1717171717171717 1.393939393939394 1.2525252525252526 1.8181818181818181 2.0 1.4545454545454546 1.3333333333333333 1.9595959595959596 0.8686868686868687 1.8585858585858586 1.2121212121212122 1.898989898989899 1.2525252525252526 1.6565656565656566  
1 85.0 1.7878787878787878 1.3636363636363635 1.2424242424242424 2.5757575757575757 2.515151515151515 2.272727272727273 1.7575757575757576 2.090909090909091 1.878787878787879 2.727272727272727 3.0 2.1818181818181817 2.0 2.9393939393939394 1.303030303030303 2.787878787878788 1.8181818181818181 2.8484848484848486 1.878787878787879 2.484848484848485  
10 17.439716530418035 1.1919191919191918 0.9090909090909091 0.8282828282828283 1.7171717171717171 1.6767676767676767 1.5151515151515151 1.1717171717171717 1.393939393939394 1.2525252525252526 1.8181818181818181 2.0 1.4545454545454546 1.3333333333333333 1.9595959595959596 0.8686868686868687 1.8585858585858586 1.2121212121212122 1.898989898989899 1.2525252525252526 1.6565656565656566  
11 47.4105397672369 1.7878787878787878 1.3636363636363635 1.2424242424242424 2.5757575757575757 2.515151515151515 2.272727272727273 1.7575757575757576 2.090909090909091 1.878787878787879 2.727272727272727 3.0 2.1818181818181817 2.0 2.9393939393939394 1.303030303030303 2.787878787878788 1.8181818181818181 2.8484848484848486 1.878787878787879 2.484848484848485  
7 72.1080458126898 1.7878787878787878 1.3636363636363635 1.2424242424242424 2.5757575757575757 2.515151515151515 2.272727272727273 1.7575757575757576 2.090909090909091 1.878787878787879 2.727272727272727 3.0 2.1818181818181817 2.0 2.9393939393939394 1.303030303030303 2.787878787878788 1.8181818181818181 2.8484848484848486 1.878787878787879 2.484848484848485  
41 24.876400720945007 1.7878787878787878 1.3636363636363635 1.2424242424242424 2.5757575757575757 2.515151515151515 2.272727272727273 1.7575757575757576 2.090909090909091 1.878787878787879 2.727272727272727 3.0 2.1818181818181817 2.0 2.9393939393939394 1.303030303030303 2.787878787878788 1.8181818181818181 2.8484848484848486 1.878787878787879 2.484848484848485  
3 45.87548572254453 1.7878787878787878 1.3636363636363635 1.2424242424242424 2.5757575757575757 2.515151515151515 2.272727272727273 1.7575757575757576 2.090909090909091 1.878787878787879 2.727272727272727 3.0 2.1818181818181817 2.0 2.9393939393939394 1.303030303030303 2.787878787878788 1.8181818181818181 2.8484848484848486 1.878787878787879 2.484848484848485  
35 97.35009140917133 1.7878787878787878 1.3636363636363635 1.2424242424242424 2.5757575757575757 2.515151515151515 2.272727272727273 1.7575757575757576 2.090909090909091 1.878787878787879 2.727272727272727 3.0 2.1818181818181817 2.0 2.9393939393939394 1.303030303030303 2.787878787878788 1.8181818181818181 2.8484848484848486 1.878787878787879 2.484848484848485  
9 23.965312169093686 1.7878787878787878 1.3636363636363635 1.2424242424242424 2.5757575757575757 2.515151515151515 2.272727272727273 1.7575757575757576 2.090909090909091 1.878787878787879 2.727272727272727 3.0 2.1818181818181817 2.0 2.9393939393939394 1.303030303030303 2.787878787878788 1.8181818181818181 2.8484848484848486 1.878787878787879 2.484848484848485  
14 78.84451438740277 1.7878787878787878 1.3636363636363635 1.2424242424242424 2.5757575757575757 2.515151515151515 2.272727272727273 1.7575757575757576 2.090909090909091 1.878787878787879 2.727272727272727 3.0 2.1818181818181817 2.0 2.9393939393939394 1.303030303030303 2.787878787878788 1.8181818181818181 2.8484848484848486 1.878787878787879 2.484848484848485  
53 5.768818061371252 1.1919191919191918 0.9090909090909091 0.8282828282828283 1.7171717171717171 1.6767676767676767 1.5151515151515151 1.1717171717171717 1.393939393939394 1.2525252525252526 1.8181818181818181 2.0 1.4545454545454546 1.3333333333333333 1.9595959595959596 0.8686868686868687 1.8585858585858586 1.2121212121212122 1.898989898989899 1.2525252525252526 1.6565656565656566  
49 9.425185124985763 1.7878787878787878 1.3636363636363635 1.2424242424242424 2.5757575757575757 2.515151515151515 2.272727272727273 1.7575757575757576 2.090909090909091 1.878787878787879 2.727272727272727 3.0 2.1818181818181817 2.0 2.9393939393939394 1.303030303030303 2.787878787878788 1.8181818181818181 2.8484848484848486 1.878787878787879 2.484848484848485  
22 66.86346737523209 1.1919191919191918 0.9090909090909091 0.8282828282828283 1.7171717171717171 1.6767676767676767 1.5151515151515151 1.1717171717171717 1.393939393939394 1.2525252525252526 1.8181818181818181 2.0 1.4545454545454546 1.3333333333333333 1.9595959595959596 0.8686868686868687 1.8585858585858586 1.2121212121212122 1.898989898989899 1.2525252525252526 1.6565656565656566  
16 14.68141918141918 1.1919191919191918 0.9090909090909091 0.8282828282828283 1.7171717171717171 1.6767676767676767 1.5151515151515151 1.1717171717171717 1.393939393939394 1.2525252525252526 1.8181818181818181 2.0 1.4545454545454546 1.3333333333333333 1.9595959595959596 0.8686868686868687 1.8585858585858586 1.2121212121212122 1.898989898989899 1.2525252525252526 1.6565656565656566  
33 102.14361594449757 1.1919191919191918 0.9090909090909091 0.8282828282828283 1.7171717171717171 1.6767676767676767 1.5151515151515151 1.1717171717171717 1.393939393939394 1.2525252525252526 1.8181818181818181 2.0 1.4545454545454546 1.3333333333333333 1.9595959595959596 0.8686868686868687 1.8585858585858586 1.2121212121212122 1.898989898989899 1.2525252525252526 1.6565656565656566  
34 40.16644681689797 1.7878787878787878 1.3636363636363635 1.2424242424242424 2.5757575757575757 2.515151515151515 2.272727272727273 1.7575757575757576 2.090909090909091 1.878787878787879 2.727272727272727 3.0 2.1818181818181817 2.0 2.9393939393939394 1.303030303030303 2.787878787878788 1.8181818181818181 2.8484848484848486 1.878787878787879 2.484848484848485  
4 22.74715096112155 1.7878787878787878 1.3636363636363635 1.2424242424242424 2.5757575757575757 2.515151515151515 2.272727272727273 1.7575757575757576 2.090909090909091 1.878787878787879 2.727272727272727 3.0 2.1818181818181817 2.0 2.9393939393939394 1.303030303030303 2.787878787878788 1.8181818181818181 2.8484848484848486 1.878787878787879 2.484848484848485  
38 53.04694354256851 1.1919191919191918 0.9090909090909091 0.8282828282828283 1.7171717171717171 1.6767676767676767 1.5151515151515151 1.1717171717171717 1.393939393939394 1.2525252525252526 1.8181818181818181 2.0 1.4545454545454546 1.3333333333333333 1.9595959595959596 0.8686868686868687 1.8585858585858586 1.2121212121212122 1.898989898989899 1.2525252525252526 1.6565656565656566  
25 14.188361879666221 1.7878787878787878 1.3636363636363635 1.2424242424242424 2.5757575757575757 2.515151515151515 2.272727272727273 1.7575757575757576 2.090909090909091 1.878787878787879 2.727272727272727 3.0 2.1818181818181817 2.0 2.9393939393939394 1.303030303030303 2.787878787878788 1.8181818181818181 2.8484848484848486 1.878787878787879 2.484848484848485  
12 5.572481572481571 1.7878787878787878 1.3636363636363635 1.2424242424242424 2.5757575757575757 2.515151515151515 2.272727272727273 1.7575757575757576 2.090909090909091 1.878787878787879 2.727272727272727 3.0 2.1818181818181817 2.0 2.9393939393939394 1.303030303030303 2.787878787878788 1.8181818181818181 2.8484848484848486 1.878787878787879 2.484848484848485  
5 25.612229087376143 1.7878787878787878 1.3636363636363635 1.2424242424242424 2.5757575757575757 2.515151515151515 2.272727272727273 1.7575757575757576 2.090909090909091 1.878787878787879 2.727272727272727 3.0 2.1818181818181817 2.0 2.9393939393939394 1.303030303030303 2.787878787878788 1.8181818181818181 2.8484848484848486 1.878787878787879 2.484848484848485  
13 52.099094788568465 1.1919191919191918 0.9090909090909091 0.8282828282828283 1.7171717171717171 1.6767676767676767 1.5151515151515151 1.1717171717171717 1.393939393939394 1.2525252525252526 1.8181818181818181 2.0 1.4545454545454546 1.3333333333333333 1.9595959595959596 0.8686868686868687 1.8585858585858586 1.2121212121212122 1.898989898989899 1.2525252525252526 1.6565656565656566  
32 105.91067306993124 1.1919191919191918 0.9090909090909091 0.8282828282828283 1.7171717171717171 1.6767676767676767 1.5151515151515151 1.1717171717171717 1.393939393939394 1.2525252525252526 1.8181818181818181 2.0 1.4545454545454546 1.3333333333333333 1.9595959595959596 0.8686868686868687 1.8585858585858586 1.2121212121212122 1.898989898989899 1.2525252525252526 1.6565656565656566  
56 16.048278529980664 1.1919191919191918 0.9090909090909091 0.8282828282828283 1.7171717171717171 1.6767676767676767 1.5151515151515151 1.1717171717171717 1.393939393939394 1.2525252525252526 1.8181818181818181 2.0 1.4545454545454546 1.3333333333333333 1.9595959595959596 0.8686868686868687 1.8585858585858586 1.2121212121212122 1.898989898989899 1.2525252525252526 1.6565656565656566  
52 13.21919968771659 1.7878787878787878 1.3636363636363635 1.2424242424242424 2.5757575757575757 2.515151515151515 2.272727272727273 1.7575757575757576 2.090909090909091 1.878787878787879 2.727272727272727 3.0 2.1818181818181817 2.0 2.9393939393939394 1.303030303030303 2.787878787878788 1.8181818181818181 2.8484848484848486 1.878787878787879 2.484848484848485  
18 44.08689769314769 1.1919191919191918 0.9090909090909091 0.8282828282828283 1.7171717171717171 1.6767676767676767 1.5151515151515151 1.1717171717171717 1.393939393939394 1.2525252525252526 1.8181818181818181 2.0 1.4545454545454546 1.3333333333333333 1.9595959595959596 0.8686868686868687 1.8585858585858586 1.2121212121212122 1.898989898989899 1.2525252525252526 1.6565656565656566  
6 43.01654435183845 1.1919191919191918 0.9090909090909091 0.8282828282828283 1.7171717171717171 1.6767676767676767 1.5151515151515151 1.1717171717171717 1.393939393939394 1.2525252525252526 1.8181818181818181 2.0 1.4545454545454546 1.3333333333333333 1.9595959595959596 0.8686868686868687 1.8585858585858586 1.2121212121212122 1.898989898989899 1.2525252525252526 1.6565656565656566  
54 4.152847625188051 1.1919191919191918 0.9090909090909091 0.8282828282828283 1.7171717171717171 1.6767676767676767 1.5151515151515151 1.1717171717171717 1.393939393939394 1.2525252525252526 1.8181818181818181 2.0 1.4545454545454546 1.3333333333333333 1.9595959595959596 0.8686868686868687 1.8585858585858586 1.2121212121212122 1.898989898989899 1.2525252525252526 1.6565656565656566  
21 27.640395149957094 1.7878787878787878 1.3636363636363635 1.2424242424242424 2.5757575757575757 2.515151515151515 2.272727272727273 1.7575757575757576 2.090909090909091 1.878787878787879 2.727272727272727 3.0 2.1818181818181817 2.0 2.9393939393939394 1.303030303030303 2.787878787878788 1.8181818181818181 2.8484848484848486 1.878787878787879 2.484848484848485  
36 19.63868639401535 1.7878787878787878 1.3636363636363635 1.2424242424242424 2.5757575757575757 2.515151515151515 2.272727272727273 1.7575757575757576 2.090909090909091 1.878787878787879 2.727272727272727 3.0 2.1818181818181817 2.0 2.9393939393939394 1.303030303030303 2.787878787878788 1.8181818181818181 2.8484848484848486 1.878787878787879 2.484848484848485  
55 103.0 1.7878787878787878 1.3636363636363635 1.2424242424242424 2.5757575757575757 2.515151515151515 2.272727272727273 1.7575757575757576 2.090909090909091 1.878787878787879 2.727272727272727 3.0 2.1818181818181817 2.0 2.9393939393939394 1.303030303030303 2.787878787878788 1.8181818181818181 2.8484848484848486 1.878787878787879 2.484848484848485  
31 59.57589655525246 1.1919191919191918 0.9090909090909091 0.8282828282828283 1.7171717171717171 1.6767676767676767 1.5151515151515151 1.1717171717171717 1.393939393939394 1.2525252525252526 1.8181818181818181 2.0 1.4545454545454546 1.3333333333333333 1.9595959595959596 0.8686868686868687 1.8585858585858586 1.2121212121212122 1.898989898989899 1.2525252525252526 1.6565656565656566  
24 10.686746565579513 1.7878787878787878 1.3636363636363635 1.2424242424242424 2.5757575757575757 2.515151515151515 2.272727272727273 1.7575757575757576 2.090909090909091 1.878787878787879 2.727272727272727 3.0 2.1818181818181817 2.0 2.9393939393939394 1.303030303030303 2.787878787878788 1.8181818181818181 2.8484848484848486 1.878787878787879 2.484848484848485  
47 28.136081560283692 1.7878787878787878 1.3636363636363635 1.2424242424242424 2.5757575757575757 2.515151515151515 2.272727272727273 1.7575757575757576 2.090909090909091 1.878787878787879 2.727272727272727 3.0 2.1818181818181817 2.0 2.9393939393939394 1.303030303030303 2.787878787878788 1.8181818181818181 2.8484848484848486 1.878787878787879 2.484848484848485  
17 66.47371007371008 1.7878787878787878 1.3636363636363635 1.2424242424242424 2.5757575757575757 2.515151515151515 2.272727272727273 1.7575757575757576 2.090909090909091 1.878787878787879 2.727272727272727 3.0 2.1818181818181817 2.0 2.9393939393939394 1.303030303030303 2.787878787878788 1.8181818181818181 2.8484848484848486 1.878787878787879 2.484848484848485  
48 11.193416056476018 1.1919191919191918 0.9090909090909091 0.8282828282828283 1.7171717171717171 1.6767676767676767 1.5151515151515151 1.1717171717171717 1.393939393939394 1.2525252525252526 1.8181818181818181 2.0 1.4545454545454546 1.3333333333333333 1.9595959595959596 0.8686868686868687 1.8585858585858586 1.2121212121212122 1.898989898989899 1.2525252525252526 1.6565656565656566  
23 21.470863918690007 1.7878787878787878 1.3636363636363635 1.2424242424242424 2.5757575757575757 2.515151515151515 2.272727272727273 1.7575757575757576 2.090909090909091 1.878787878787879 2.727272727272727 3.0 2.1818181818181817 2.0 2.9393939393939394 1.303030303030303 2.787878787878788 1.8181818181818181 2.8484848484848486 1.878787878787879 2.484848484848485  
45 1.628995118356825 1.1919191919191918 0.9090909090909091 0.8282828282828283 1.7171717171717171 1.6767676767676767 1.5151515151515151 1.1717171717171717 1.393939393939394 1.2525252525252526 1.8181818181818181 2.0 1.4545454545454546 1.3333333333333333 1.9595959595959596 0.8686868686868687 1.8585858585858586 1.2121212121212122 1.898989898989899 1.2525252525252526 1.6565656565656566  
43 9.406515151515153 1.1919191919191918 0.9090909090909091 0.8282828282828283 1.7171717171717171 1.6767676767676767 1.5151515151515151 1.1717171717171717 1.393939393939394 1.2525252525252526 1.8181818181818181 2.0 1.4545454545454546 1.3333333333333333 1.9595959595959596 0.8686868686868687 1.8585858585858586 1.2121212121212122 1.898989898989899 1.2525252525252526 1.6565656565656566  
28 16.928939773676614 1.1919191919191918 0.9090909090909091 0.8282828282828283 1.7171717171717171 1.6767676767676767 1.5151515151515151 1.1717171717171717 1.393939393939394 1.2525252525252526 1.8181818181818181 2.0 1.4545454545454546 1.3333333333333333 1.9595959595959596 0.8686868686868687 1.8585858585858586 1.2121212121212122 1.898989898989899 1.2525252525252526 1.6565656565656566  
8 11.649301851740876 1.7878787878787878 1.3636363636363635 1.2424242424242424 2.5757575757575757 2.515151515151515 2.272727272727273 1.7575757575757576 2.090909090909091 1.878787878787879 2.727272727272727 3.0 2.1818181818181817 2.0 2.9393939393939394 1.303030303030303 2.787878787878788 1.8181818181818181 2.8484848484848486 1.878787878787879 2.484848484848485  
26 6.766108452950559 1.1919191919191918 0.9090909090909091 0.8282828282828283 1.7171717171717171 1.6767676767676767 1.5151515151515151 1.1717171717171717 1.393939393939394 1.2525252525252526 1.8181818181818181 2.0 1.4545454545454546 1.3333333333333333 1.9595959595959596 0.8686868686868687 1.8585858585858586 1.2121212121212122 1.898989898989899 1.2525252525252526 1.6565656565656566  
39 61.01430090377458 1.1919191919191918 0.9090909090909091 0.8282828282828283 1.7171717171717171 1.6767676767676767 1.5151515151515151 1.1717171717171717 1.393939393939394 1.2525252525252526 1.8181818181818181 2.0 1.4545454545454546 1.3333333333333333 1.9595959595959596 0.8686868686868687 1.8585858585858586 1.2121212121212122 1.898989898989899 1.2525252525252526 1.6565656565656566  
59 22.010426849136532 1.7878787878787878 1.3636363636363635 1.2424242424242424 2.5757575757575757 2.515151515151515 2.272727272727273 1.7575757575757576 2.090909090909091 1.878787878787879 2.727272727272727 3.0 2.1818181818181817 2.0 2.9393939393939394 1.303030303030303 2.787878787878788 1.8181818181818181 2.8484848484848486 1.878787878787879 2.484848484848485  
51 40.15243862520459 1.7878787878787878 1.3636363636363635 1.2424242424242424 2.5757575757575757 2.515151515151515 2.272727272727273 1.7575757575757576 2.090909090909091 1.878787878787879 2.727272727272727 3.0 2.1818181818181817 2.0 2.9393939393939394 1.303030303030303 2.787878787878788 1.8181818181818181 2.8484848484848486 1.878787878787879 2.484848484848485  
30 31.023647348891725 1.1919191919191918 0.9090909090909091 0.8282828282828283 1.7171717171717171 1.6767676767676767 1.5151515151515151 1.1717171717171717 1.393939393939394 1.2525252525252526 1.8181818181818181 2.0 1.4545454545454546 1.3333333333333333 1.9595959595959596 0.8686868686868687 1.8585858585858586 1.2121212121212122 1.898989898989899 1.2525252525252526 1.6565656565656566  
58 1.6990224828934526 1.7878787878787878 1.3636363636363635 1.2424242424242424 2.5757575757575757 2.515151515151515 2.272727272727273 1.7575757575757576 2.090909090909091 1.878787878787879 2.727272727272727 3.0 2.1818181818181817 2.0 2.9393939393939394 1.303030303030303 2.787878787878788 1.8181818181818181 2.8484848484848486 1.878787878787879 2.484848484848485  
37 101.9058557065608 1.1919191919191918 0.9090909090909091 0.8282828282828283 1.7171717171717171 1.6767676767676767 1.5151515151515151 1.1717171717171717 1.393939393939394 1.2525252525252526 1.8181818181818181 2.0 1.4545454545454546 1.3333333333333333 1.9595959595959596 0.8686868686868687 1.8585858585858586 1.2121212121212122 1.898989898989899 1.2525252525252526 1.6565656565656566  
46 16.862808822383304 1.7878787878787878 1.3636363636363635 1.2424242424242424 2.5757575757575757 2.515151515151515 2.272727272727273 1.7575757575757576 2.090909090909091 1.878787878787879 2.727272727272727 3.0 2.1818181818181817 2.0 2.9393939393939394 1.303030303030303 2.787878787878788 1.8181818181818181 2.8484848484848486 1.878787878787879 2.484848484848485  
