40 50
TREE NETWORK (nID nID Weight):
1 0 59.0 
2 1 49.0 
3 2 41.0 
4 3 47.0 
21 2 32.0 
35 0 51.0 
22 21 32.0 
23 21 48.0 
36 35 58.0 
14 3 50.0 
33 1 57.0 
5 4 59.0 
6 5 41.0 
24 21 40.0 
34 33 36.0 
18 3 38.0 
19 18 52.0 
7 5 53.0 
15 14 55.0 
16 15 33.0 
20 18 46.0 
12 4 36.0 
9 5 33.0 
25 21 38.0 
37 0 52.0 
11 5 46.0 
38 0 55.0 
30 2 40.0 
31 30 53.0 
17 16 58.0 
27 21 34.0 
10 9 57.0 
26 25 38.0 
39 0 32.0 
8 7 44.0 
13 12 49.0 
29 21 31.0 
32 30 54.0 
28 27 52.0 
PROGRAMS ASSIGNED TO NODES (nID pID1 pID2 ...):
0 1 2 3 4 5 6 7 8 9 10 11 12 13 14 15 16 17 18 19 20 21 22 23 24 25 26 27 28 29 30 31 32 33 34 35 36 37 38 39 40 41 42 43 44 45 46 47 48 49 50  
8  
5  
33 3 7 10 11 12 13 17 18 20 21 23 25 27 28 33 34 36 37 40 42 45 46  
12 1 2 5 6 7 9 10 13 14 18 20 21 22 27 28 30 33 34 38 39 40 41 42 43 44 49  
31 3 5 11 18 19 22 23 25 28 30 33 37 41 42 45 46 47  
6 8 10 12 13 23 25 30 32 33 37 40 46  
30 2 3 4 5 7 9 10 11 13 14 16 17 18 19 20 22 23 24 27 28 31 32 34 35 36 37 38 39 40 41 43 44 45 46 47 50  
4 6 7 8 10 13 14 16 17 19 23 24 28 32 34 36 37 41 42 43 46 47 49  
7 7 9 10 12 13 15 20 32 33 34 38 39 43 46 47 50  
11 1 2 3 4 5 7 8 9 11 12 13 14 15 16 17 18 19 20 21 22 23 24 25 26 27 28 29 30 31 32 33 34 35 36 37 38 39 40 41 42 43 44 45 46 47 48 50  
20 11 13 16 20 23 26 27 29 30 31 36 37 42 43  
2 1 2 3 4 5 6 7 8 9 10 11 12 13 14 15 16 17 19 20 21 22 23 24 25 26 27 28 32 33 34 35 37 38 40 42 43 45 46 47 48 50  
37 4 11 12 27 31 32 34 35 36 37 38  
28  
21 3 4 5 7 8 9 10 11 12 13 14 15 16 17 18 21 22 24 25 27 28 29 30 32 34 35 38 39 40 44 45 46 47 48 49  
25 47  
19 1 7 10 11 14 15 23 24 31 45  
39 5 10 25 27 38 41  
17 1 2 3 7 8 10 11 12 14 15 16 17 18 19 20 21 22 24 25 31 33 34 36 41 42 43 46 47 48 50  
10 1 4 5 6 7 8 9 10 11 12 13 14 15 16 17 18 19 20 21 22 23 24 25 26 27 28 29 30 31 32 33 34 35 36 37 38 39 41 42 43 44 45 46 47 48 49 50  
16 1 2 3 5 6 8 9 10 11 12 13 14 15 16 18 20 21 22 24 25 27 29 30 31 35 36 37 38 40 41 42 44 45 50  
34 2 3 4 5 7 8 9 10 11 12 13 14 15 16 17 18 19 20 21 22 23 25 26 28 29 30 31 32 33 34 35 37 38 39 40 41 42 45 47 48 49 50  
38 1 2 3 4 6 7 8 9 10 11 12 13 14 15 16 17 18 19 20 21 22 23 24 25 26 27 28 29 30 31 32 33 34 35 36 38 39 40 41 42 43 44 45 46 47 48 49 50  
32 2 3 4 6 7 9 10 11 12 13 14 15 19 20 21 22 23 24 26 27 28 30 31 32 33 34 35 36 37 38 40 41 42 43 44 45 46 47 48 49 50  
35 19 20 22 38  
29 17 20 24 25 45 50  
24 2 4 8 11 13 15 17 19 21 23 24 26 30 31 35 38 39 41 42 44 47 50  
27 1 2 3 4 6 7 8 9 10 11 12 13 14 15 16 17 18 22 23 24 25 26 27 28 29 30 32 34 35 36 37 38 40 41 42 43 44 45 46 47 48 49 50  
36 2 5 6 15 17 20 29 32 38 40 44 45 46 49 50  
18 16 23 24 27 41 50  
14 27 31  
23 2 11 12 15 16 17 18 24 31 32 33 37 40 44 46 50  
9 3 9 11 12 18 24 25 28 31 32 38 42 43 44 48 50  
13 1 10 11 17 20 26 28 32 35 36 47  
15 1 4 5 6 9 10 11 12 16 17 18 20 22 23 24 25 26 27 28 29 31 32 33 35 36 37 41 43 44 47 49  
3 1 2 3 4 5 6 7 8 9 10 11 12 13 14 15 17 18 19 20 21 22 23 24 26 27 28 29 30 32 34 36 39 41 42 44 45 47 48 49 50  
22 1 2 3 4 5 6 7 8 10 11 12 13 14 15 16 17 18 19 20 21 22 23 24 25 26 27 29 30 31 32 33 34 37 38 39 41 42 43 44 47 48 49 50  
26 8 10 39 48  
1 2 22 44 50  
SIZE OF PROGRAMS (pID SIZE):
1 70.0 
2 83.0 
3 70.0 
4 95.0 
5 83.0 
6 70.0 
7 64.0 
8 51.0 
9 55.0 
10 79.0 
11 48.0 
12 67.0 
13 42.0 
14 71.0 
15 85.0 
16 82.0 
17 97.0 
18 99.0 
19 93.0 
20 54.0 
21 74.0 
22 86.0 
23 94.0 
24 57.0 
25 79.0 
26 71.0 
27 59.0 
28 45.0 
29 98.0 
30 85.0 
31 78.0 
32 47.0 
33 82.0 
34 65.0 
35 50.0 
36 87.0 
37 54.0 
38 87.0 
39 78.0 
40 47.0 
41 51.0 
42 84.0 
43 52.0 
44 65.0 
45 65.0 
46 84.0 
47 52.0 
48 83.0 
49 42.0 
50 69.0 
COST_INSTALL_SERVER_AND_PROGRAMS :
0 11690.909090909092 2.121212121212121 2.515151515151515 2.121212121212121 2.878787878787879 2.515151515151515 2.121212121212121 1.9393939393939394 1.5454545454545454 1.6666666666666667 2.393939393939394 1.4545454545454546 2.0303030303030303 1.2727272727272727 2.1515151515151514 2.5757575757575757 2.484848484848485 2.9393939393939394 3.0 2.8181818181818183 1.6363636363636365 2.242424242424242 2.606060606060606 2.8484848484848486 1.7272727272727273 2.393939393939394 2.1515151515151514 1.7878787878787878 1.3636363636363635 2.9696969696969697 2.5757575757575757 2.3636363636363638 1.4242424242424243 2.484848484848485 1.9696969696969697 1.5151515151515151 2.6363636363636362 1.6363636363636365 2.6363636363636362 2.3636363636363638 1.4242424242424243 1.5454545454545454 2.5454545454545454 1.5757575757575757 1.9696969696969697 1.9696969696969697 2.5454545454545454 1.5757575757575757 2.515151515151515 1.2727272727272727 2.090909090909091  
8 106.0 2.121212121212121 2.515151515151515 2.121212121212121 2.878787878787879 2.515151515151515 2.121212121212121 1.9393939393939394 1.5454545454545454 1.6666666666666667 2.393939393939394 1.4545454545454546 2.0303030303030303 1.2727272727272727 2.1515151515151514 2.5757575757575757 2.484848484848485 2.9393939393939394 3.0 2.8181818181818183 1.6363636363636365 2.242424242424242 2.606060606060606 2.8484848484848486 1.7272727272727273 2.393939393939394 2.1515151515151514 1.7878787878787878 1.3636363636363635 2.9696969696969697 2.5757575757575757 2.3636363636363638 1.4242424242424243 2.484848484848485 1.9696969696969697 1.5151515151515151 2.6363636363636362 1.6363636363636365 2.6363636363636362 2.3636363636363638 1.4242424242424243 1.5454545454545454 2.5454545454545454 1.5757575757575757 1.9696969696969697 1.9696969696969697 2.5454545454545454 1.5757575757575757 2.515151515151515 1.2727272727272727 2.090909090909091  
5 63.61797968833514 2.121212121212121 2.515151515151515 2.121212121212121 2.878787878787879 2.515151515151515 2.121212121212121 1.9393939393939394 1.5454545454545454 1.6666666666666667 2.393939393939394 1.4545454545454546 2.0303030303030303 1.2727272727272727 2.1515151515151514 2.5757575757575757 2.484848484848485 2.9393939393939394 3.0 2.8181818181818183 1.6363636363636365 2.242424242424242 2.606060606060606 2.8484848484848486 1.7272727272727273 2.393939393939394 2.1515151515151514 1.7878787878787878 1.3636363636363635 2.9696969696969697 2.5757575757575757 2.3636363636363638 1.4242424242424243 2.484848484848485 1.9696969696969697 1.5151515151515151 2.6363636363636362 1.6363636363636365 2.6363636363636362 2.3636363636363638 1.4242424242424243 1.5454545454545454 2.5454545454545454 1.5757575757575757 1.9696969696969697 1.9696969696969697 2.5454545454545454 1.5757575757575757 2.515151515151515 1.2727272727272727 2.090909090909091  
33 40.13991695256094 1.4141414141414141 1.6767676767676767 1.4141414141414141 1.9191919191919191 1.6767676767676767 1.4141414141414141 1.292929292929293 1.0303030303030303 1.1111111111111112 1.595959595959596 0.9696969696969697 1.3535353535353536 0.8484848484848485 1.4343434343434343 1.7171717171717171 1.6565656565656566 1.9595959595959596 2.0 1.878787878787879 1.0909090909090908 1.494949494949495 1.7373737373737375 1.898989898989899 1.1515151515151516 1.595959595959596 1.4343434343434343 1.1919191919191918 0.9090909090909091 1.97979797979798 1.7171717171717171 1.5757575757575757 0.9494949494949495 1.6565656565656566 1.3131313131313131 1.0101010101010102 1.7575757575757576 1.0909090909090908 1.7575757575757576 1.5757575757575757 0.9494949494949495 1.0303030303030303 1.696969696969697 1.0505050505050506 1.3131313131313131 1.3131313131313131 1.696969696969697 1.0505050505050506 1.6767676767676767 0.8484848484848485 1.393939393939394  
12 176.6037457671393 1.4141414141414141 1.6767676767676767 1.4141414141414141 1.9191919191919191 1.6767676767676767 1.4141414141414141 1.292929292929293 1.0303030303030303 1.1111111111111112 1.595959595959596 0.9696969696969697 1.3535353535353536 0.8484848484848485 1.4343434343434343 1.7171717171717171 1.6565656565656566 1.9595959595959596 2.0 1.878787878787879 1.0909090909090908 1.494949494949495 1.7373737373737375 1.898989898989899 1.1515151515151516 1.595959595959596 1.4343434343434343 1.1919191919191918 0.9090909090909091 1.97979797979798 1.7171717171717171 1.5757575757575757 0.9494949494949495 1.6565656565656566 1.3131313131313131 1.0101010101010102 1.7575757575757576 1.0909090909090908 1.7575757575757576 1.5757575757575757 0.9494949494949495 1.0303030303030303 1.696969696969697 1.0505050505050506 1.3131313131313131 1.3131313131313131 1.696969696969697 1.0505050505050506 1.6767676767676767 0.8484848484848485 1.393939393939394  
31 23.41403217315069 2.121212121212121 2.515151515151515 2.121212121212121 2.878787878787879 2.515151515151515 2.121212121212121 1.9393939393939394 1.5454545454545454 1.6666666666666667 2.393939393939394 1.4545454545454546 2.0303030303030303 1.2727272727272727 2.1515151515151514 2.5757575757575757 2.484848484848485 2.9393939393939394 3.0 2.8181818181818183 1.6363636363636365 2.242424242424242 2.606060606060606 2.8484848484848486 1.7272727272727273 2.393939393939394 2.1515151515151514 1.7878787878787878 1.3636363636363635 2.9696969696969697 2.5757575757575757 2.3636363636363638 1.4242424242424243 2.484848484848485 1.9696969696969697 1.5151515151515151 2.6363636363636362 1.6363636363636365 2.6363636363636362 2.3636363636363638 1.4242424242424243 1.5454545454545454 2.5454545454545454 1.5757575757575757 1.9696969696969697 1.9696969696969697 2.5454545454545454 1.5757575757575757 2.515151515151515 1.2727272727272727 2.090909090909091  
6 50.464193379039294 2.121212121212121 2.515151515151515 2.121212121212121 2.878787878787879 2.515151515151515 2.121212121212121 1.9393939393939394 1.5454545454545454 1.6666666666666667 2.393939393939394 1.4545454545454546 2.0303030303030303 1.2727272727272727 2.1515151515151514 2.5757575757575757 2.484848484848485 2.9393939393939394 3.0 2.8181818181818183 1.6363636363636365 2.242424242424242 2.606060606060606 2.8484848484848486 1.7272727272727273 2.393939393939394 2.1515151515151514 1.7878787878787878 1.3636363636363635 2.9696969696969697 2.5757575757575757 2.3636363636363638 1.4242424242424243 2.484848484848485 1.9696969696969697 1.5151515151515151 2.6363636363636362 1.6363636363636365 2.6363636363636362 2.3636363636363638 1.4242424242424243 1.5454545454545454 2.5454545454545454 1.5757575757575757 1.9696969696969697 1.9696969696969697 2.5454545454545454 1.5757575757575757 2.515151515151515 1.2727272727272727 2.090909090909091  
30 114.0227030399986 2.121212121212121 2.515151515151515 2.121212121212121 2.878787878787879 2.515151515151515 2.121212121212121 1.9393939393939394 1.5454545454545454 1.6666666666666667 2.393939393939394 1.4545454545454546 2.0303030303030303 1.2727272727272727 2.1515151515151514 2.5757575757575757 2.484848484848485 2.9393939393939394 3.0 2.8181818181818183 1.6363636363636365 2.242424242424242 2.606060606060606 2.8484848484848486 1.7272727272727273 2.393939393939394 2.1515151515151514 1.7878787878787878 1.3636363636363635 2.9696969696969697 2.5757575757575757 2.3636363636363638 1.4242424242424243 2.484848484848485 1.9696969696969697 1.5151515151515151 2.6363636363636362 1.6363636363636365 2.6363636363636362 2.3636363636363638 1.4242424242424243 1.5454545454545454 2.5454545454545454 1.5757575757575757 1.9696969696969697 1.9696969696969697 2.5454545454545454 1.5757575757575757 2.515151515151515 1.2727272727272727 2.090909090909091  
4 186.72954180812772 2.121212121212121 2.515151515151515 2.121212121212121 2.878787878787879 2.515151515151515 2.121212121212121 1.9393939393939394 1.5454545454545454 1.6666666666666667 2.393939393939394 1.4545454545454546 2.0303030303030303 1.2727272727272727 2.1515151515151514 2.5757575757575757 2.484848484848485 2.9393939393939394 3.0 2.8181818181818183 1.6363636363636365 2.242424242424242 2.606060606060606 2.8484848484848486 1.7272727272727273 2.393939393939394 2.1515151515151514 1.7878787878787878 1.3636363636363635 2.9696969696969697 2.5757575757575757 2.3636363636363638 1.4242424242424243 2.484848484848485 1.9696969696969697 1.5151515151515151 2.6363636363636362 1.6363636363636365 2.6363636363636362 2.3636363636363638 1.4242424242424243 1.5454545454545454 2.5454545454545454 1.5757575757575757 1.9696969696969697 1.9696969696969697 2.5454545454545454 1.5757575757575757 2.515151515151515 1.2727272727272727 2.090909090909091  
7 119.54376256809688 1.4141414141414141 1.6767676767676767 1.4141414141414141 1.9191919191919191 1.6767676767676767 1.4141414141414141 1.292929292929293 1.0303030303030303 1.1111111111111112 1.595959595959596 0.9696969696969697 1.3535353535353536 0.8484848484848485 1.4343434343434343 1.7171717171717171 1.6565656565656566 1.9595959595959596 2.0 1.878787878787879 1.0909090909090908 1.494949494949495 1.7373737373737375 1.898989898989899 1.1515151515151516 1.595959595959596 1.4343434343434343 1.1919191919191918 0.9090909090909091 1.97979797979798 1.7171717171717171 1.5757575757575757 0.9494949494949495 1.6565656565656566 1.3131313131313131 1.0101010101010102 1.7575757575757576 1.0909090909090908 1.7575757575757576 1.5757575757575757 0.9494949494949495 1.0303030303030303 1.696969696969697 1.0505050505050506 1.3131313131313131 1.3131313131313131 1.696969696969697 1.0505050505050506 1.6767676767676767 0.8484848484848485 1.393939393939394  
11 385.3170521578678 1.4141414141414141 1.6767676767676767 1.4141414141414141 1.9191919191919191 1.6767676767676767 1.4141414141414141 1.292929292929293 1.0303030303030303 1.1111111111111112 1.595959595959596 0.9696969696969697 1.3535353535353536 0.8484848484848485 1.4343434343434343 1.7171717171717171 1.6565656565656566 1.9595959595959596 2.0 1.878787878787879 1.0909090909090908 1.494949494949495 1.7373737373737375 1.898989898989899 1.1515151515151516 1.595959595959596 1.4343434343434343 1.1919191919191918 0.9090909090909091 1.97979797979798 1.7171717171717171 1.5757575757575757 0.9494949494949495 1.6565656565656566 1.3131313131313131 1.0101010101010102 1.7575757575757576 1.0909090909090908 1.7575757575757576 1.5757575757575757 0.9494949494949495 1.0303030303030303 1.696969696969697 1.0505050505050506 1.3131313131313131 1.3131313131313131 1.696969696969697 1.0505050505050506 1.6767676767676767 0.8484848484848485 1.393939393939394  
20 52.36363728251194 2.121212121212121 2.515151515151515 2.121212121212121 2.878787878787879 2.515151515151515 2.121212121212121 1.9393939393939394 1.5454545454545454 1.6666666666666667 2.393939393939394 1.4545454545454546 2.0303030303030303 1.2727272727272727 2.1515151515151514 2.5757575757575757 2.484848484848485 2.9393939393939394 3.0 2.8181818181818183 1.6363636363636365 2.242424242424242 2.606060606060606 2.8484848484848486 1.7272727272727273 2.393939393939394 2.1515151515151514 1.7878787878787878 1.3636363636363635 2.9696969696969697 2.5757575757575757 2.3636363636363638 1.4242424242424243 2.484848484848485 1.9696969696969697 1.5151515151515151 2.6363636363636362 1.6363636363636365 2.6363636363636362 2.3636363636363638 1.4242424242424243 1.5454545454545454 2.5454545454545454 1.5757575757575757 1.9696969696969697 1.9696969696969697 2.5454545454545454 1.5757575757575757 2.515151515151515 1.2727272727272727 2.090909090909091  
2 20.411976192634217 1.4141414141414141 1.6767676767676767 1.4141414141414141 1.9191919191919191 1.6767676767676767 1.4141414141414141 1.292929292929293 1.0303030303030303 1.1111111111111112 1.595959595959596 0.9696969696969697 1.3535353535353536 0.8484848484848485 1.4343434343434343 1.7171717171717171 1.6565656565656566 1.9595959595959596 2.0 1.878787878787879 1.0909090909090908 1.494949494949495 1.7373737373737375 1.898989898989899 1.1515151515151516 1.595959595959596 1.4343434343434343 1.1919191919191918 0.9090909090909091 1.97979797979798 1.7171717171717171 1.5757575757575757 0.9494949494949495 1.6565656565656566 1.3131313131313131 1.0101010101010102 1.7575757575757576 1.0909090909090908 1.7575757575757576 1.5757575757575757 0.9494949494949495 1.0303030303030303 1.696969696969697 1.0505050505050506 1.3131313131313131 1.3131313131313131 1.696969696969697 1.0505050505050506 1.6767676767676767 0.8484848484848485 1.393939393939394  
37 16.0 2.121212121212121 2.515151515151515 2.121212121212121 2.878787878787879 2.515151515151515 2.121212121212121 1.9393939393939394 1.5454545454545454 1.6666666666666667 2.393939393939394 1.4545454545454546 2.0303030303030303 1.2727272727272727 2.1515151515151514 2.5757575757575757 2.484848484848485 2.9393939393939394 3.0 2.8181818181818183 1.6363636363636365 2.242424242424242 2.606060606060606 2.8484848484848486 1.7272727272727273 2.393939393939394 2.1515151515151514 1.7878787878787878 1.3636363636363635 2.9696969696969697 2.5757575757575757 2.3636363636363638 1.4242424242424243 2.484848484848485 1.9696969696969697 1.5151515151515151 2.6363636363636362 1.6363636363636365 2.6363636363636362 2.3636363636363638 1.4242424242424243 1.5454545454545454 2.5454545454545454 1.5757575757575757 1.9696969696969697 1.9696969696969697 2.5454545454545454 1.5757575757575757 2.515151515151515 1.2727272727272727 2.090909090909091  
28 74.0 1.4141414141414141 1.6767676767676767 1.4141414141414141 1.9191919191919191 1.6767676767676767 1.4141414141414141 1.292929292929293 1.0303030303030303 1.1111111111111112 1.595959595959596 0.9696969696969697 1.3535353535353536 0.8484848484848485 1.4343434343434343 1.7171717171717171 1.6565656565656566 1.9595959595959596 2.0 1.878787878787879 1.0909090909090908 1.494949494949495 1.7373737373737375 1.898989898989899 1.1515151515151516 1.595959595959596 1.4343434343434343 1.1919191919191918 0.9090909090909091 1.97979797979798 1.7171717171717171 1.5757575757575757 0.9494949494949495 1.6565656565656566 1.3131313131313131 1.0101010101010102 1.7575757575757576 1.0909090909090908 1.7575757575757576 1.5757575757575757 0.9494949494949495 1.0303030303030303 1.696969696969697 1.0505050505050506 1.3131313131313131 1.3131313131313131 1.696969696969697 1.0505050505050506 1.6767676767676767 0.8484848484848485 1.393939393939394  
21 156.8655125532493 2.121212121212121 2.515151515151515 2.121212121212121 2.878787878787879 2.515151515151515 2.121212121212121 1.9393939393939394 1.5454545454545454 1.6666666666666667 2.393939393939394 1.4545454545454546 2.0303030303030303 1.2727272727272727 2.1515151515151514 2.5757575757575757 2.484848484848485 2.9393939393939394 3.0 2.8181818181818183 1.6363636363636365 2.242424242424242 2.606060606060606 2.8484848484848486 1.7272727272727273 2.393939393939394 2.1515151515151514 1.7878787878787878 1.3636363636363635 2.9696969696969697 2.5757575757575757 2.3636363636363638 1.4242424242424243 2.484848484848485 1.9696969696969697 1.5151515151515151 2.6363636363636362 1.6363636363636365 2.6363636363636362 2.3636363636363638 1.4242424242424243 1.5454545454545454 2.5454545454545454 1.5757575757575757 1.9696969696969697 1.9696969696969697 2.5454545454545454 1.5757575757575757 2.515151515151515 1.2727272727272727 2.090909090909091  
25 4.432937143513637 2.121212121212121 2.515151515151515 2.121212121212121 2.878787878787879 2.515151515151515 2.121212121212121 1.9393939393939394 1.5454545454545454 1.6666666666666667 2.393939393939394 1.4545454545454546 2.0303030303030303 1.2727272727272727 2.1515151515151514 2.5757575757575757 2.484848484848485 2.9393939393939394 3.0 2.8181818181818183 1.6363636363636365 2.242424242424242 2.606060606060606 2.8484848484848486 1.7272727272727273 2.393939393939394 2.1515151515151514 1.7878787878787878 1.3636363636363635 2.9696969696969697 2.5757575757575757 2.3636363636363638 1.4242424242424243 2.484848484848485 1.9696969696969697 1.5151515151515151 2.6363636363636362 1.6363636363636365 2.6363636363636362 2.3636363636363638 1.4242424242424243 1.5454545454545454 2.5454545454545454 1.5757575757575757 1.9696969696969697 1.9696969696969697 2.5454545454545454 1.5757575757575757 2.515151515151515 1.2727272727272727 2.090909090909091  
19 23.643129425665496 1.4141414141414141 1.6767676767676767 1.4141414141414141 1.9191919191919191 1.6767676767676767 1.4141414141414141 1.292929292929293 1.0303030303030303 1.1111111111111112 1.595959595959596 0.9696969696969697 1.3535353535353536 0.8484848484848485 1.4343434343434343 1.7171717171717171 1.6565656565656566 1.9595959595959596 2.0 1.878787878787879 1.0909090909090908 1.494949494949495 1.7373737373737375 1.898989898989899 1.1515151515151516 1.595959595959596 1.4343434343434343 1.1919191919191918 0.9090909090909091 1.97979797979798 1.7171717171717171 1.5757575757575757 0.9494949494949495 1.6565656565656566 1.3131313131313131 1.0101010101010102 1.7575757575757576 1.0909090909090908 1.7575757575757576 1.5757575757575757 0.9494949494949495 1.0303030303030303 1.696969696969697 1.0505050505050506 1.3131313131313131 1.3131313131313131 1.696969696969697 1.0505050505050506 1.6767676767676767 0.8484848484848485 1.393939393939394  
39 5.115530303030304 1.4141414141414141 1.6767676767676767 1.4141414141414141 1.9191919191919191 1.6767676767676767 1.4141414141414141 1.292929292929293 1.0303030303030303 1.1111111111111112 1.595959595959596 0.9696969696969697 1.3535353535353536 0.8484848484848485 1.4343434343434343 1.7171717171717171 1.6565656565656566 1.9595959595959596 2.0 1.878787878787879 1.0909090909090908 1.494949494949495 1.7373737373737375 1.898989898989899 1.1515151515151516 1.595959595959596 1.4343434343434343 1.1919191919191918 0.9090909090909091 1.97979797979798 1.7171717171717171 1.5757575757575757 0.9494949494949495 1.6565656565656566 1.3131313131313131 1.0101010101010102 1.7575757575757576 1.0909090909090908 1.7575757575757576 1.5757575757575757 0.9494949494949495 1.0303030303030303 1.696969696969697 1.0505050505050506 1.3131313131313131 1.3131313131313131 1.696969696969697 1.0505050505050506 1.6767676767676767 0.8484848484848485 1.393939393939394  
17 300.46815412731524 2.121212121212121 2.515151515151515 2.121212121212121 2.878787878787879 2.515151515151515 2.121212121212121 1.9393939393939394 1.5454545454545454 1.6666666666666667 2.393939393939394 1.4545454545454546 2.0303030303030303 1.2727272727272727 2.1515151515151514 2.5757575757575757 2.484848484848485 2.9393939393939394 3.0 2.8181818181818183 1.6363636363636365 2.242424242424242 2.606060606060606 2.8484848484848486 1.7272727272727273 2.393939393939394 2.1515151515151514 1.7878787878787878 1.3636363636363635 2.9696969696969697 2.5757575757575757 2.3636363636363638 1.4242424242424243 2.484848484848485 1.9696969696969697 1.5151515151515151 2.6363636363636362 1.6363636363636365 2.6363636363636362 2.3636363636363638 1.4242424242424243 1.5454545454545454 2.5454545454545454 1.5757575757575757 1.9696969696969697 1.9696969696969697 2.5454545454545454 1.5757575757575757 2.515151515151515 1.2727272727272727 2.090909090909091  
10 314.9956941944137 1.4141414141414141 1.6767676767676767 1.4141414141414141 1.9191919191919191 1.6767676767676767 1.4141414141414141 1.292929292929293 1.0303030303030303 1.1111111111111112 1.595959595959596 0.9696969696969697 1.3535353535353536 0.8484848484848485 1.4343434343434343 1.7171717171717171 1.6565656565656566 1.9595959595959596 2.0 1.878787878787879 1.0909090909090908 1.494949494949495 1.7373737373737375 1.898989898989899 1.1515151515151516 1.595959595959596 1.4343434343434343 1.1919191919191918 0.9090909090909091 1.97979797979798 1.7171717171717171 1.5757575757575757 0.9494949494949495 1.6565656565656566 1.3131313131313131 1.0101010101010102 1.7575757575757576 1.0909090909090908 1.7575757575757576 1.5757575757575757 0.9494949494949495 1.0303030303030303 1.696969696969697 1.0505050505050506 1.3131313131313131 1.3131313131313131 1.696969696969697 1.0505050505050506 1.6767676767676767 0.8484848484848485 1.393939393939394  
16 61.07683576755143 2.121212121212121 2.515151515151515 2.121212121212121 2.878787878787879 2.515151515151515 2.121212121212121 1.9393939393939394 1.5454545454545454 1.6666666666666667 2.393939393939394 1.4545454545454546 2.0303030303030303 1.2727272727272727 2.1515151515151514 2.5757575757575757 2.484848484848485 2.9393939393939394 3.0 2.8181818181818183 1.6363636363636365 2.242424242424242 2.606060606060606 2.8484848484848486 1.7272727272727273 2.393939393939394 2.1515151515151514 1.7878787878787878 1.3636363636363635 2.9696969696969697 2.5757575757575757 2.3636363636363638 1.4242424242424243 2.484848484848485 1.9696969696969697 1.5151515151515151 2.6363636363636362 1.6363636363636365 2.6363636363636362 2.3636363636363638 1.4242424242424243 1.5454545454545454 2.5454545454545454 1.5757575757575757 1.9696969696969697 1.9696969696969697 2.5454545454545454 1.5757575757575757 2.515151515151515 1.2727272727272727 2.090909090909091  
34 107.81491231213442 2.121212121212121 2.515151515151515 2.121212121212121 2.878787878787879 2.515151515151515 2.121212121212121 1.9393939393939394 1.5454545454545454 1.6666666666666667 2.393939393939394 1.4545454545454546 2.0303030303030303 1.2727272727272727 2.1515151515151514 2.5757575757575757 2.484848484848485 2.9393939393939394 3.0 2.8181818181818183 1.6363636363636365 2.242424242424242 2.606060606060606 2.8484848484848486 1.7272727272727273 2.393939393939394 2.1515151515151514 1.7878787878787878 1.3636363636363635 2.9696969696969697 2.5757575757575757 2.3636363636363638 1.4242424242424243 2.484848484848485 1.9696969696969697 1.5151515151515151 2.6363636363636362 1.6363636363636365 2.6363636363636362 2.3636363636363638 1.4242424242424243 1.5454545454545454 2.5454545454545454 1.5757575757575757 1.9696969696969697 1.9696969696969697 2.5454545454545454 1.5757575757575757 2.515151515151515 1.2727272727272727 2.090909090909091  
38 33.0 1.4141414141414141 1.6767676767676767 1.4141414141414141 1.9191919191919191 1.6767676767676767 1.4141414141414141 1.292929292929293 1.0303030303030303 1.1111111111111112 1.595959595959596 0.9696969696969697 1.3535353535353536 0.8484848484848485 1.4343434343434343 1.7171717171717171 1.6565656565656566 1.9595959595959596 2.0 1.878787878787879 1.0909090909090908 1.494949494949495 1.7373737373737375 1.898989898989899 1.1515151515151516 1.595959595959596 1.4343434343434343 1.1919191919191918 0.9090909090909091 1.97979797979798 1.7171717171717171 1.5757575757575757 0.9494949494949495 1.6565656565656566 1.3131313131313131 1.0101010101010102 1.7575757575757576 1.0909090909090908 1.7575757575757576 1.5757575757575757 0.9494949494949495 1.0303030303030303 1.696969696969697 1.0505050505050506 1.3131313131313131 1.3131313131313131 1.696969696969697 1.0505050505050506 1.6767676767676767 0.8484848484848485 1.393939393939394  
32 82.25115596428115 1.4141414141414141 1.6767676767676767 1.4141414141414141 1.9191919191919191 1.6767676767676767 1.4141414141414141 1.292929292929293 1.0303030303030303 1.1111111111111112 1.595959595959596 0.9696969696969697 1.3535353535353536 0.8484848484848485 1.4343434343434343 1.7171717171717171 1.6565656565656566 1.9595959595959596 2.0 1.878787878787879 1.0909090909090908 1.494949494949495 1.7373737373737375 1.898989898989899 1.1515151515151516 1.595959595959596 1.4343434343434343 1.1919191919191918 0.9090909090909091 1.97979797979798 1.7171717171717171 1.5757575757575757 0.9494949494949495 1.6565656565656566 1.3131313131313131 1.0101010101010102 1.7575757575757576 1.0909090909090908 1.7575757575757576 1.5757575757575757 0.9494949494949495 1.0303030303030303 1.696969696969697 1.0505050505050506 1.3131313131313131 1.3131313131313131 1.696969696969697 1.0505050505050506 1.6767676767676767 0.8484848484848485 1.393939393939394  
35 93.0 2.121212121212121 2.515151515151515 2.121212121212121 2.878787878787879 2.515151515151515 2.121212121212121 1.9393939393939394 1.5454545454545454 1.6666666666666667 2.393939393939394 1.4545454545454546 2.0303030303030303 1.2727272727272727 2.1515151515151514 2.5757575757575757 2.484848484848485 2.9393939393939394 3.0 2.8181818181818183 1.6363636363636365 2.242424242424242 2.606060606060606 2.8484848484848486 1.7272727272727273 2.393939393939394 2.1515151515151514 1.7878787878787878 1.3636363636363635 2.9696969696969697 2.5757575757575757 2.3636363636363638 1.4242424242424243 2.484848484848485 1.9696969696969697 1.5151515151515151 2.6363636363636362 1.6363636363636365 2.6363636363636362 2.3636363636363638 1.4242424242424243 1.5454545454545454 2.5454545454545454 1.5757575757575757 1.9696969696969697 1.9696969696969697 2.5454545454545454 1.5757575757575757 2.515151515151515 1.2727272727272727 2.090909090909091  
29 16.494504811189586 1.4141414141414141 1.6767676767676767 1.4141414141414141 1.9191919191919191 1.6767676767676767 1.4141414141414141 1.292929292929293 1.0303030303030303 1.1111111111111112 1.595959595959596 0.9696969696969697 1.3535353535353536 0.8484848484848485 1.4343434343434343 1.7171717171717171 1.6565656565656566 1.9595959595959596 2.0 1.878787878787879 1.0909090909090908 1.494949494949495 1.7373737373737375 1.898989898989899 1.1515151515151516 1.595959595959596 1.4343434343434343 1.1919191919191918 0.9090909090909091 1.97979797979798 1.7171717171717171 1.5757575757575757 0.9494949494949495 1.6565656565656566 1.3131313131313131 1.0101010101010102 1.7575757575757576 1.0909090909090908 1.7575757575757576 1.5757575757575757 0.9494949494949495 1.0303030303030303 1.696969696969697 1.0505050505050506 1.3131313131313131 1.3131313131313131 1.696969696969697 1.0505050505050506 1.6767676767676767 0.8484848484848485 1.393939393939394  
24 89.2557330011346 1.4141414141414141 1.6767676767676767 1.4141414141414141 1.9191919191919191 1.6767676767676767 1.4141414141414141 1.292929292929293 1.0303030303030303 1.1111111111111112 1.595959595959596 0.9696969696969697 1.3535353535353536 0.8484848484848485 1.4343434343434343 1.7171717171717171 1.6565656565656566 1.9595959595959596 2.0 1.878787878787879 1.0909090909090908 1.494949494949495 1.7373737373737375 1.898989898989899 1.1515151515151516 1.595959595959596 1.4343434343434343 1.1919191919191918 0.9090909090909091 1.97979797979798 1.7171717171717171 1.5757575757575757 0.9494949494949495 1.6565656565656566 1.3131313131313131 1.0101010101010102 1.7575757575757576 1.0909090909090908 1.7575757575757576 1.5757575757575757 0.9494949494949495 1.0303030303030303 1.696969696969697 1.0505050505050506 1.3131313131313131 1.3131313131313131 1.696969696969697 1.0505050505050506 1.6767676767676767 0.8484848484848485 1.393939393939394  
27 136.94463074258277 2.121212121212121 2.515151515151515 2.121212121212121 2.878787878787879 2.515151515151515 2.121212121212121 1.9393939393939394 1.5454545454545454 1.6666666666666667 2.393939393939394 1.4545454545454546 2.0303030303030303 1.2727272727272727 2.1515151515151514 2.5757575757575757 2.484848484848485 2.9393939393939394 3.0 2.8181818181818183 1.6363636363636365 2.242424242424242 2.606060606060606 2.8484848484848486 1.7272727272727273 2.393939393939394 2.1515151515151514 1.7878787878787878 1.3636363636363635 2.9696969696969697 2.5757575757575757 2.3636363636363638 1.4242424242424243 2.484848484848485 1.9696969696969697 1.5151515151515151 2.6363636363636362 1.6363636363636365 2.6363636363636362 2.3636363636363638 1.4242424242424243 1.5454545454545454 2.5454545454545454 1.5757575757575757 1.9696969696969697 1.9696969696969697 2.5454545454545454 1.5757575757575757 2.515151515151515 1.2727272727272727 2.090909090909091  
36 11.419148380355274 1.4141414141414141 1.6767676767676767 1.4141414141414141 1.9191919191919191 1.6767676767676767 1.4141414141414141 1.292929292929293 1.0303030303030303 1.1111111111111112 1.595959595959596 0.9696969696969697 1.3535353535353536 0.8484848484848485 1.4343434343434343 1.7171717171717171 1.6565656565656566 1.9595959595959596 2.0 1.878787878787879 1.0909090909090908 1.494949494949495 1.7373737373737375 1.898989898989899 1.1515151515151516 1.595959595959596 1.4343434343434343 1.1919191919191918 0.9090909090909091 1.97979797979798 1.7171717171717171 1.5757575757575757 0.9494949494949495 1.6565656565656566 1.3131313131313131 1.0101010101010102 1.7575757575757576 1.0909090909090908 1.7575757575757576 1.5757575757575757 0.9494949494949495 1.0303030303030303 1.696969696969697 1.0505050505050506 1.3131313131313131 1.3131313131313131 1.696969696969697 1.0505050505050506 1.6767676767676767 0.8484848484848485 1.393939393939394  
18 95.43737488669957 2.121212121212121 2.515151515151515 2.121212121212121 2.878787878787879 2.515151515151515 2.121212121212121 1.9393939393939394 1.5454545454545454 1.6666666666666667 2.393939393939394 1.4545454545454546 2.0303030303030303 1.2727272727272727 2.1515151515151514 2.5757575757575757 2.484848484848485 2.9393939393939394 3.0 2.8181818181818183 1.6363636363636365 2.242424242424242 2.606060606060606 2.8484848484848486 1.7272727272727273 2.393939393939394 2.1515151515151514 1.7878787878787878 1.3636363636363635 2.9696969696969697 2.5757575757575757 2.3636363636363638 1.4242424242424243 2.484848484848485 1.9696969696969697 1.5151515151515151 2.6363636363636362 1.6363636363636365 2.6363636363636362 2.3636363636363638 1.4242424242424243 1.5454545454545454 2.5454545454545454 1.5757575757575757 1.9696969696969697 1.9696969696969697 2.5454545454545454 1.5757575757575757 2.515151515151515 1.2727272727272727 2.090909090909091  
14 169.8656890423502 1.4141414141414141 1.6767676767676767 1.4141414141414141 1.9191919191919191 1.6767676767676767 1.4141414141414141 1.292929292929293 1.0303030303030303 1.1111111111111112 1.595959595959596 0.9696969696969697 1.3535353535353536 0.8484848484848485 1.4343434343434343 1.7171717171717171 1.6565656565656566 1.9595959595959596 2.0 1.878787878787879 1.0909090909090908 1.494949494949495 1.7373737373737375 1.898989898989899 1.1515151515151516 1.595959595959596 1.4343434343434343 1.1919191919191918 0.9090909090909091 1.97979797979798 1.7171717171717171 1.5757575757575757 0.9494949494949495 1.6565656565656566 1.3131313131313131 1.0101010101010102 1.7575757575757576 1.0909090909090908 1.7575757575757576 1.5757575757575757 0.9494949494949495 1.0303030303030303 1.696969696969697 1.0505050505050506 1.3131313131313131 1.3131313131313131 1.696969696969697 1.0505050505050506 1.6767676767676767 0.8484848484848485 1.393939393939394  
23 20.501150742782997 1.4141414141414141 1.6767676767676767 1.4141414141414141 1.9191919191919191 1.6767676767676767 1.4141414141414141 1.292929292929293 1.0303030303030303 1.1111111111111112 1.595959595959596 0.9696969696969697 1.3535353535353536 0.8484848484848485 1.4343434343434343 1.7171717171717171 1.6565656565656566 1.9595959595959596 2.0 1.878787878787879 1.0909090909090908 1.494949494949495 1.7373737373737375 1.898989898989899 1.1515151515151516 1.595959595959596 1.4343434343434343 1.1919191919191918 0.9090909090909091 1.97979797979798 1.7171717171717171 1.5757575757575757 0.9494949494949495 1.6565656565656566 1.3131313131313131 1.0101010101010102 1.7575757575757576 1.0909090909090908 1.7575757575757576 1.5757575757575757 0.9494949494949495 1.0303030303030303 1.696969696969697 1.0505050505050506 1.3131313131313131 1.3131313131313131 1.696969696969697 1.0505050505050506 1.6767676767676767 0.8484848484848485 1.393939393939394  
9 151.13967655863092 1.4141414141414141 1.6767676767676767 1.4141414141414141 1.9191919191919191 1.6767676767676767 1.4141414141414141 1.292929292929293 1.0303030303030303 1.1111111111111112 1.595959595959596 0.9696969696969697 1.3535353535353536 0.8484848484848485 1.4343434343434343 1.7171717171717171 1.6565656565656566 1.9595959595959596 2.0 1.878787878787879 1.0909090909090908 1.494949494949495 1.7373737373737375 1.898989898989899 1.1515151515151516 1.595959595959596 1.4343434343434343 1.1919191919191918 0.9090909090909091 1.97979797979798 1.7171717171717171 1.5757575757575757 0.9494949494949495 1.6565656565656566 1.3131313131313131 1.0101010101010102 1.7575757575757576 1.0909090909090908 1.7575757575757576 1.5757575757575757 0.9494949494949495 1.0303030303030303 1.696969696969697 1.0505050505050506 1.3131313131313131 1.3131313131313131 1.696969696969697 1.0505050505050506 1.6767676767676767 0.8484848484848485 1.393939393939394  
13 34.967544033196724 1.4141414141414141 1.6767676767676767 1.4141414141414141 1.9191919191919191 1.6767676767676767 1.4141414141414141 1.292929292929293 1.0303030303030303 1.1111111111111112 1.595959595959596 0.9696969696969697 1.3535353535353536 0.8484848484848485 1.4343434343434343 1.7171717171717171 1.6565656565656566 1.9595959595959596 2.0 1.878787878787879 1.0909090909090908 1.494949494949495 1.7373737373737375 1.898989898989899 1.1515151515151516 1.595959595959596 1.4343434343434343 1.1919191919191918 0.9090909090909091 1.97979797979798 1.7171717171717171 1.5757575757575757 0.9494949494949495 1.6565656565656566 1.3131313131313131 1.0101010101010102 1.7575757575757576 1.0909090909090908 1.7575757575757576 1.5757575757575757 0.9494949494949495 1.0303030303030303 1.696969696969697 1.0505050505050506 1.3131313131313131 1.3131313131313131 1.696969696969697 1.0505050505050506 1.6767676767676767 0.8484848484848485 1.393939393939394  
15 139.32232152540084 2.121212121212121 2.515151515151515 2.121212121212121 2.878787878787879 2.515151515151515 2.121212121212121 1.9393939393939394 1.5454545454545454 1.6666666666666667 2.393939393939394 1.4545454545454546 2.0303030303030303 1.2727272727272727 2.1515151515151514 2.5757575757575757 2.484848484848485 2.9393939393939394 3.0 2.8181818181818183 1.6363636363636365 2.242424242424242 2.606060606060606 2.8484848484848486 1.7272727272727273 2.393939393939394 2.1515151515151514 1.7878787878787878 1.3636363636363635 2.9696969696969697 2.5757575757575757 2.3636363636363638 1.4242424242424243 2.484848484848485 1.9696969696969697 1.5151515151515151 2.6363636363636362 1.6363636363636365 2.6363636363636362 2.3636363636363638 1.4242424242424243 1.5454545454545454 2.5454545454545454 1.5757575757575757 1.9696969696969697 1.9696969696969697 2.5454545454545454 1.5757575757575757 2.515151515151515 1.2727272727272727 2.090909090909091  
3 141.39951055923132 1.4141414141414141 1.6767676767676767 1.4141414141414141 1.9191919191919191 1.6767676767676767 1.4141414141414141 1.292929292929293 1.0303030303030303 1.1111111111111112 1.595959595959596 0.9696969696969697 1.3535353535353536 0.8484848484848485 1.4343434343434343 1.7171717171717171 1.6565656565656566 1.9595959595959596 2.0 1.878787878787879 1.0909090909090908 1.494949494949495 1.7373737373737375 1.898989898989899 1.1515151515151516 1.595959595959596 1.4343434343434343 1.1919191919191918 0.9090909090909091 1.97979797979798 1.7171717171717171 1.5757575757575757 0.9494949494949495 1.6565656565656566 1.3131313131313131 1.0101010101010102 1.7575757575757576 1.0909090909090908 1.7575757575757576 1.5757575757575757 0.9494949494949495 1.0303030303030303 1.696969696969697 1.0505050505050506 1.3131313131313131 1.3131313131313131 1.696969696969697 1.0505050505050506 1.6767676767676767 0.8484848484848485 1.393939393939394  
22 165.36689456651843 2.121212121212121 2.515151515151515 2.121212121212121 2.878787878787879 2.515151515151515 2.121212121212121 1.9393939393939394 1.5454545454545454 1.6666666666666667 2.393939393939394 1.4545454545454546 2.0303030303030303 1.2727272727272727 2.1515151515151514 2.5757575757575757 2.484848484848485 2.9393939393939394 3.0 2.8181818181818183 1.6363636363636365 2.242424242424242 2.606060606060606 2.8484848484848486 1.7272727272727273 2.393939393939394 2.1515151515151514 1.7878787878787878 1.3636363636363635 2.9696969696969697 2.5757575757575757 2.3636363636363638 1.4242424242424243 2.484848484848485 1.9696969696969697 1.5151515151515151 2.6363636363636362 1.6363636363636365 2.6363636363636362 2.3636363636363638 1.4242424242424243 1.5454545454545454 2.5454545454545454 1.5757575757575757 1.9696969696969697 1.9696969696969697 2.5454545454545454 1.5757575757575757 2.515151515151515 1.2727272727272727 2.090909090909091  
26 23.521384395944743 1.4141414141414141 1.6767676767676767 1.4141414141414141 1.9191919191919191 1.6767676767676767 1.4141414141414141 1.292929292929293 1.0303030303030303 1.1111111111111112 1.595959595959596 0.9696969696969697 1.3535353535353536 0.8484848484848485 1.4343434343434343 1.7171717171717171 1.6565656565656566 1.9595959595959596 2.0 1.878787878787879 1.0909090909090908 1.494949494949495 1.7373737373737375 1.898989898989899 1.1515151515151516 1.595959595959596 1.4343434343434343 1.1919191919191918 0.9090909090909091 1.97979797979798 1.7171717171717171 1.5757575757575757 0.9494949494949495 1.6565656565656566 1.3131313131313131 1.0101010101010102 1.7575757575757576 1.0909090909090908 1.7575757575757576 1.5757575757575757 0.9494949494949495 1.0303030303030303 1.696969696969697 1.0505050505050506 1.3131313131313131 1.3131313131313131 1.696969696969697 1.0505050505050506 1.6767676767676767 0.8484848484848485 1.393939393939394  
1 15.339387896915323 1.4141414141414141 1.6767676767676767 1.4141414141414141 1.9191919191919191 1.6767676767676767 1.4141414141414141 1.292929292929293 1.0303030303030303 1.1111111111111112 1.595959595959596 0.9696969696969697 1.3535353535353536 0.8484848484848485 1.4343434343434343 1.7171717171717171 1.6565656565656566 1.9595959595959596 2.0 1.878787878787879 1.0909090909090908 1.494949494949495 1.7373737373737375 1.898989898989899 1.1515151515151516 1.595959595959596 1.4343434343434343 1.1919191919191918 0.9090909090909091 1.97979797979798 1.7171717171717171 1.5757575757575757 0.9494949494949495 1.6565656565656566 1.3131313131313131 1.0101010101010102 1.7575757575757576 1.0909090909090908 1.7575757575757576 1.5757575757575757 0.9494949494949495 1.0303030303030303 1.696969696969697 1.0505050505050506 1.3131313131313131 1.3131313131313131 1.696969696969697 1.0505050505050506 1.6767676767676767 0.8484848484848485 1.393939393939394  
