80 50
TREE NETWORK (nID nID Weight):
1 0 37.0 
2 1 42.0 
7 1 57.0 
8 7 56.0 
37 1 47.0 
38 37 56.0 
45 1 59.0 
3 2 41.0 
29 7 56.0 
62 0 41.0 
46 45 50.0 
47 46 40.0 
9 8 31.0 
76 0 57.0 
63 62 46.0 
22 8 50.0 
10 9 55.0 
4 2 48.0 
11 9 36.0 
30 29 50.0 
48 47 59.0 
42 37 59.0 
13 9 52.0 
49 48 58.0 
19 9 37.0 
58 46 57.0 
31 29 34.0 
33 29 38.0 
64 63 45.0 
68 62 40.0 
14 13 54.0 
39 38 45.0 
43 42 43.0 
71 62 38.0 
72 62 51.0 
60 45 43.0 
73 72 55.0 
77 0 47.0 
25 8 47.0 
51 48 52.0 
78 0 46.0 
34 33 56.0 
15 14 44.0 
6 2 42.0 
20 19 57.0 
65 64 50.0 
50 49 31.0 
69 68 44.0 
40 39 49.0 
35 34 53.0 
36 33 35.0 
56 48 30.0 
21 20 51.0 
52 51 32.0 
44 43 47.0 
74 72 31.0 
55 51 40.0 
53 52 55.0 
16 13 54.0 
79 78 56.0 
5 4 56.0 
32 31 36.0 
70 68 34.0 
67 63 53.0 
12 11 53.0 
26 25 55.0 
61 1 51.0 
27 26 47.0 
41 38 47.0 
57 48 49.0 
75 62 55.0 
28 26 45.0 
17 16 41.0 
23 22 46.0 
59 58 57.0 
66 65 39.0 
54 53 58.0 
24 22 32.0 
18 16 36.0 
PROGRAMS ASSIGNED TO NODES (nID pID1 pID2 ...):
0 1 2 3 4 5 6 7 8 9 10 11 12 13 14 15 16 17 18 19 20 21 22 23 24 25 26 27 28 29 30 31 32 33 34 35 36 37 38 39 40 41 42 43 44 45 46 47 48 49 50  
68 1 2 4 5 7 9 11 12 13 14 15 16 17 18 21 22 23 24 25 26 27 28 29 30 31 33 35 39 40 45 47 49  
35 1 3 4 5 7 11 13 17 21 25 28 30 34 36 40 44 46 47 48  
54 1 2 3 6 7 8 9 10 12 13 14 15 17 18 19 20 21 22 23 24 25 26 27 28 29 30 31 32 33 34 35 37 38 39 40 41 42 43 44 45 46 47 48 50  
77 10 11 13 20 22 32 35 41 46  
49 1 4 6 7 8 9 10 13 19 20 22 23 25 28 32 34 35 36 40 41 43 48 50  
16 2 4 11 15 17 24 25 28 35 47  
47 24 25 36 39 40  
76 1 2 3 4 5 7 8 9 10 11 13 15 16 17 18 19 21 23 24 25 26 27 28 29 30 31 32 33 36 37 38 39 40 42 43 45 47 49 50  
36 1 2 3 4 5 6 7 8 9 10 11 12 13 14 15 16 17 18 19 20 21 22 23 24 25 26 27 28 29 30 31 32 33 34 35 36 37 38 39 40 41 42 43 44 45 46 47 48 50  
6 1 4 5 6 8 9 10 11 12 13 14 15 16 17 18 20 21 22 23 24 25 26 29 30 31 32 33 34 35 36 37 38 39 40 41 43 44 46 48 49 50  
18 6 13 14 17 18 20 26 31 37 38 40 43  
46 1 7 9 10 11 12 13 15 17 19 21 27 29 31 32 33 34 35 36 41 42 43 44 45 46 47 48  
41 9 20 44 50  
57 3 4 5 6 7 11 18 21 23 28 29 30 32 35 36 37 38 39 40 41  
31 1 3 5 6 9 10 11 13 16 17 18 19 20 24 26 28 29 30 31 32 33 34 38 39 40 41 44 45 48  
63 1 2 3 4 6 8 9 10 11 12 14 15 16 18 19 20 21 22 23 25 26 27 29 30 31 33 35 36 38 41 42 44 45 48  
67 2 3 9 12 17 19 20 23 24 25 26 27 28 29 31 32 33 35 40 42 44 46 47  
21 1 4 5 7 8 9 10 11 12 13 14 15 19 24 25 28 29 33 36 38 39 42 43 44 48 50  
4 1 2 3 4 5 6 7 8 9 10 11 12 13 14 15 16 17 18 19 20 21 22 24 25 26 27 28 29 30 31 32 33 34 35 36 38 39 40 41 43 44 45 46 47 48 49 50  
8 1 2 3 4 5 6 7 8 9 10 11 12 13 14 15 16 17 18 19 20 21 22 23 24 25 27 28 29 30 31 32 33 34 35 36 37 38 39 40 41 42 43 44 45 47 48 49  
71 1 3 4 7 12 17 21 23 24 27 29 30 31 34 36 37 50  
43 2 3 4 5 6 8 9 10 11 13 15 16 17 18 19 20 21 22 26 27 28 30 31 32 33 34 35 36 39 40 42 43 44 45 47 49 50  
64 1 2 3 5 6 7 8 9 10 11 13 14 15 16 18 19 20 21 22 23 24 25 26 27 28 29 31 32 33 34 35 37 38 39 40 41 42 44 45 46 48 49 50  
45 1 2 3 4 5 6 7 8 9 10 11 12 13 14 15 16 17 18 21 22 23 24 25 26 27 28 29 30 31 32 33 34 35 36 37 38 39 41 42 43 44 45 46 47 48 49 50  
59 1 2 3 4 5 7 8 9 10 12 14 16 17 18 19 21 24 25 27 28 29 30 32 33 37 38 39 40 41 42 43 44 45 46 48 49  
66 1 2 3 4 5 7 8 9 10 11 12 13 14 15 16 17 18 19 20 21 22 23 24 25 26 27 28 29 30 31 32 33 34 35 37 38 39 40 41 42 43 44 45 46 47 48 49 50  
72 2 3 4 10 11 18 23 28 34 38 39 44  
50 1 4 5 6 10 11 13 14 16 18 19 20 22 29 32 33 34 35 36 37 38 39 40 42 43 44 45 47 48 49 50  
79 9 19 26 29 31 33 34 37 40 45 46 47  
38 2 3 4 6 7 8 9 11 14 16 17 22 24 26 28 29 30 32 34 35 36 37 39 40 41 42 43 44 45 47 49  
34 1 2 5 6 7 8 9 10 11 12 13 14 15 16 18 20 22 24 25 26 27 28 29 30 31 33 34 35 36 37 38 39 40 41 42 43 44 48 49 50  
44 4 8 28 35 39 44 45 49  
29 1 2 3 5 6 7 8 9 10 14 16 20 21 23 24 25 27 28 29 30 31 34 35 36 37 39 40 41 42 44 46 47 48 50  
51 4 6 13 17 18 30 37 38 41 44 46 47 48  
33 2 3 4 5 8 9 10 11 16 17 18 19 20 22 23 24 25 26 27 28 29 30 31 32 33 34 35 36 37 38 39 40 41 43 44 46 49 50  
56 4 5 6 7 8 9 10 12 14 15 17 18 20 26 29 31 32 33 34 35 36 38 39 41 42 44 45 46 48 49 50  
12 2 5 11 14 15 16 20 21 22 25 31 38 40 50  
10 3 7 8 12 17 18 26 36 42 46  
14 5 6 7 11 13 17 34 35 36 37 43 45 47 49  
61 1 2 3 4 5 6 7 8 9 10 11 13 14 15 16 17 18 19 20 21 22 23 24 25 26 27 28 29 30 31 32 33 34 35 36 37 38 39 40 41 42 43 44 45 46 47 48 49 50  
19 1 2 3 4 5 6 7 9 10 11 13 14 15 16 17 18 19 20 21 22 23 24 25 26 27 28 29 30 32 33 34 35 36 37 38 39 40 41 42 43 44 45 46 47 48 49 50  
26 1 20 21 23 33 50  
30 1 4 5 10 11 12 14 17 18 19 24 28 29 30 32 35 38 41 44 46 48 49 50  
7 1 2 3 5 8 9 10 11 12 13 15 17 18 19 21 25 28 30 32 33 34 35 36 37 38 39 40 42 43 44 46 48  
69 2 3 5 7 9 11 12 13 15 17 18 19 21 25 27 28 37 44 45 46 49  
60 5 9 13 18 28 31 38 46 49  
75 1 2 3 5 6 8 9 13 14 15 16 17 18 19 20 24 25 30 31 32 33 34 37 38 43 44 45 46 47 48 49 50  
27 3 6 7 8 11 13 14 15 16 18 19 21 22 23 25 26 27 28 29 30 32 33 34 39 41 43 47 49  
55 1 2 3 4 6 7 8 10 11 13 14 15 16 17 18 19 20 24 26 28 30 31 32 33 34 39 40 41 43 44 45 46 47 48 49 50  
11 1 2 3 4 5 6 7 8 9 10 11 13 14 15 16 17 18 19 20 21 22 23 24 25 26 27 28 29 30 31 32 33 34 35 36 37 38 39 40 41 42 43 44 45 46 47 48 49 50  
25 2 5 6 7 8 10 13 14 17 18 19 21 22 23 24 26 27 28 30 32 33 34 37 38 41 42 46 47 48 49  
37 2 3 8 10 16 17 18 20 24 28 29 31 37 41 46 47  
74 11 12 16 18 23 24 25 38 40 41  
42 1 3 5 15 17 22 27 31 36 48  
48 1 2 3 4 5 6 7 8 9 10 11 12 13 14 15 16 17 18 19 20 21 22 23 24 26 27 28 29 30 31 33 34 35 37 38 39 40 41 42 44 45 46 47 48 49 50  
32 1 3 5 6 8 10 11 12 13 15 16 17 18 19 21 22 23 24 29 31 32 34 36 37 38 39 40 42 43 44 45 46 48 50  
24  
23 1 3 7 11 14 16 18 23 27 29 31 47 50  
62 1 2 4 5 6 9 10 11 12 13 14 15 16 17 18 19 20 21 24 25 26 27 30 31 33 34 36 39 40 43 45 46 47 48 50  
52 1 6 14 35 37  
39 1 2 4 5 7 8 9 10 15 16 18 20 23 24 25 26 29 31 32 37 38 39 42 43 45 48 49  
40 4 5 6 7 8 9 13 16 23 24 28 40 49  
1 1 2 3 4 8 11 12 14 16 17 18 20 21 22 24 26 27 28 33 35 36 37 38 40 43 44 45 47 48 49 50  
78 1 3 4 5 6 7 8 9 10 11 12 13 15 16 17 18 19 20 21 22 23 24 25 26 27 28 30 31 32 33 34 35 36 37 38 39 40 41 42 43 44 45 46 47 48 49 50  
65 5 16 23 30 34 37 50  
28 1 2 3 4 5 7 8 9 10 11 12 13 15 16 17 18 19 20 21 22 23 24 25 26 27 28 29 30 31 32 33 34 35 36 37 38 39 40 41 42 43 44 45 46 47 48 49 50  
58 2 3 4 5 6 7 8 9 10 11 12 13 15 18 19 20 21 22 23 24 25 26 27 29 30 31 32 33 34 35 38 39 40 41 42 43 44 45 46 47 48 49  
9 1 2 3 4 5 7 8 11 13 14 16 19 20 27 28 29 32 33 35 36 40 42 43 44 46 47 49 50  
13 3 4 5 6 7 8 9 10 11 13 15 18 20 21 24 25 26 28 30 31 34 36 37 38 40 41 42 44 45 46 48  
17 1 2 3 4 5 6 7 8 9 11 13 14 15 16 17 18 19 21 22 23 24 25 27 28 29 30 31 32 33 34 35 36 37 39 41 42 43 44 45 46 47 49 50  
3 1 3 7 9 11 12 13 15 17 18 19 20 23 28 29 30 32 33 34 36 37 38 39 40 41 42 43 44 48 49  
53 3 5 11 13 14 17 18 22 24 31 32 38 39 40 43 46  
22 2 3 5 7 8 9 10 13 14 15 16 17 19 20 21 22 24 25 26 27 28 29 30 31 32 34 35 36 37 38 40 42 43 44 45 46 48  
2 1 2 4 5 6 7 8 10 11 12 13 14 15 16 18 19 21 22 25 26 27 28 29 30 31 34 35 36 37 38 39 40 41 42 43 45 46 47 48 49 50  
5 2 7 8 11 15 18 20 23 24 25 31 37 41 42 43 44 46  
20 2 8 9 10 13 15 16 17 23 24 27 31 34 36 39 41 42 43 44 45 46 49 50  
15 3 4 5 10 12 13 14 17 18 19 20 22 23 24 25 27 28 29 31 32 33 34 35 37 40 41 42 44 45 46 47 48 49 50  
70 3 10 17 21 27 35  
73 32 38  
SIZE OF PROGRAMS (pID SIZE):
1 76.0 
2 83.0 
3 43.0 
4 57.0 
5 90.0 
6 43.0 
7 90.0 
8 82.0 
9 95.0 
10 72.0 
11 69.0 
12 88.0 
13 92.0 
14 99.0 
15 93.0 
16 95.0 
17 66.0 
18 59.0 
19 46.0 
20 55.0 
21 90.0 
22 62.0 
23 89.0 
24 98.0 
25 89.0 
26 48.0 
27 48.0 
28 71.0 
29 64.0 
30 86.0 
31 55.0 
32 70.0 
33 94.0 
34 63.0 
35 88.0 
36 82.0 
37 93.0 
38 94.0 
39 56.0 
40 86.0 
41 87.0 
42 87.0 
43 67.0 
44 45.0 
45 65.0 
46 43.0 
47 41.0 
48 88.0 
49 99.0 
50 71.0 
COST_INSTALL_SERVER_AND_PROGRAMS :
0 12248.48484848485 2.303030303030303 2.515151515151515 1.303030303030303 1.7272727272727273 2.727272727272727 1.303030303030303 2.727272727272727 2.484848484848485 2.878787878787879 2.1818181818181817 2.090909090909091 2.6666666666666665 2.787878787878788 3.0 2.8181818181818183 2.878787878787879 2.0 1.7878787878787878 1.393939393939394 1.6666666666666667 2.727272727272727 1.878787878787879 2.696969696969697 2.9696969696969697 2.696969696969697 1.4545454545454546 1.4545454545454546 2.1515151515151514 1.9393939393939394 2.606060606060606 1.6666666666666667 2.121212121212121 2.8484848484848486 1.9090909090909092 2.6666666666666665 2.484848484848485 2.8181818181818183 2.8484848484848486 1.696969696969697 2.606060606060606 2.6363636363636362 2.6363636363636362 2.0303030303030303 1.3636363636363635 1.9696969696969697 1.303030303030303 1.2424242424242424 2.6666666666666665 3.0 2.1515151515151514  
68 49.46201802262783 2.303030303030303 2.515151515151515 1.303030303030303 1.7272727272727273 2.727272727272727 1.303030303030303 2.727272727272727 2.484848484848485 2.878787878787879 2.1818181818181817 2.090909090909091 2.6666666666666665 2.787878787878788 3.0 2.8181818181818183 2.878787878787879 2.0 1.7878787878787878 1.393939393939394 1.6666666666666667 2.727272727272727 1.878787878787879 2.696969696969697 2.9696969696969697 2.696969696969697 1.4545454545454546 1.4545454545454546 2.1515151515151514 1.9393939393939394 2.606060606060606 1.6666666666666667 2.121212121212121 2.8484848484848486 1.9090909090909092 2.6666666666666665 2.484848484848485 2.8181818181818183 2.8484848484848486 1.696969696969697 2.606060606060606 2.6363636363636362 2.6363636363636362 2.0303030303030303 1.3636363636363635 1.9696969696969697 1.303030303030303 1.2424242424242424 2.6666666666666665 3.0 2.1515151515151514  
35 64.75491273702542 1.5353535353535352 1.6767676767676767 0.8686868686868687 1.1515151515151516 1.8181818181818181 0.8686868686868687 1.8181818181818181 1.6565656565656566 1.9191919191919191 1.4545454545454546 1.393939393939394 1.7777777777777777 1.8585858585858586 2.0 1.878787878787879 1.9191919191919191 1.3333333333333333 1.1919191919191918 0.9292929292929293 1.1111111111111112 1.8181818181818181 1.2525252525252526 1.797979797979798 1.97979797979798 1.797979797979798 0.9696969696969697 0.9696969696969697 1.4343434343434343 1.292929292929293 1.7373737373737375 1.1111111111111112 1.4141414141414141 1.898989898989899 1.2727272727272727 1.7777777777777777 1.6565656565656566 1.878787878787879 1.898989898989899 1.1313131313131313 1.7373737373737375 1.7575757575757576 1.7575757575757576 1.3535353535353536 0.9090909090909091 1.3131313131313131 0.8686868686868687 0.8282828282828283 1.7777777777777777 2.0 1.4343434343434343  
54 589.4631959615913 2.303030303030303 2.515151515151515 1.303030303030303 1.7272727272727273 2.727272727272727 1.303030303030303 2.727272727272727 2.484848484848485 2.878787878787879 2.1818181818181817 2.090909090909091 2.6666666666666665 2.787878787878788 3.0 2.8181818181818183 2.878787878787879 2.0 1.7878787878787878 1.393939393939394 1.6666666666666667 2.727272727272727 1.878787878787879 2.696969696969697 2.9696969696969697 2.696969696969697 1.4545454545454546 1.4545454545454546 2.1515151515151514 1.9393939393939394 2.606060606060606 1.6666666666666667 2.121212121212121 2.8484848484848486 1.9090909090909092 2.6666666666666665 2.484848484848485 2.8181818181818183 2.8484848484848486 1.696969696969697 2.606060606060606 2.6363636363636362 2.6363636363636362 2.0303030303030303 1.3636363636363635 1.9696969696969697 1.303030303030303 1.2424242424242424 2.6666666666666665 3.0 2.1515151515151514  
77 45.0 2.303030303030303 2.515151515151515 1.303030303030303 1.7272727272727273 2.727272727272727 1.303030303030303 2.727272727272727 2.484848484848485 2.878787878787879 2.1818181818181817 2.090909090909091 2.6666666666666665 2.787878787878788 3.0 2.8181818181818183 2.878787878787879 2.0 1.7878787878787878 1.393939393939394 1.6666666666666667 2.727272727272727 1.878787878787879 2.696969696969697 2.9696969696969697 2.696969696969697 1.4545454545454546 1.4545454545454546 2.1515151515151514 1.9393939393939394 2.606060606060606 1.6666666666666667 2.121212121212121 2.8484848484848486 1.9090909090909092 2.6666666666666665 2.484848484848485 2.8181818181818183 2.8484848484848486 1.696969696969697 2.606060606060606 2.6363636363636362 2.6363636363636362 2.0303030303030303 1.3636363636363635 1.9696969696969697 1.303030303030303 1.2424242424242424 2.6666666666666665 3.0 2.1515151515151514  
49 278.9167805771872 2.303030303030303 2.515151515151515 1.303030303030303 1.7272727272727273 2.727272727272727 1.303030303030303 2.727272727272727 2.484848484848485 2.878787878787879 2.1818181818181817 2.090909090909091 2.6666666666666665 2.787878787878788 3.0 2.8181818181818183 2.878787878787879 2.0 1.7878787878787878 1.393939393939394 1.6666666666666667 2.727272727272727 1.878787878787879 2.696969696969697 2.9696969696969697 2.696969696969697 1.4545454545454546 1.4545454545454546 2.1515151515151514 1.9393939393939394 2.606060606060606 1.6666666666666667 2.121212121212121 2.8484848484848486 1.9090909090909092 2.6666666666666665 2.484848484848485 2.8181818181818183 2.8484848484848486 1.696969696969697 2.606060606060606 2.6363636363636362 2.6363636363636362 2.0303030303030303 1.3636363636363635 1.9696969696969697 1.303030303030303 1.2424242424242424 2.6666666666666665 3.0 2.1515151515151514  
16 291.87383410435194 2.303030303030303 2.515151515151515 1.303030303030303 1.7272727272727273 2.727272727272727 1.303030303030303 2.727272727272727 2.484848484848485 2.878787878787879 2.1818181818181817 2.090909090909091 2.6666666666666665 2.787878787878788 3.0 2.8181818181818183 2.878787878787879 2.0 1.7878787878787878 1.393939393939394 1.6666666666666667 2.727272727272727 1.878787878787879 2.696969696969697 2.9696969696969697 2.696969696969697 1.4545454545454546 1.4545454545454546 2.1515151515151514 1.9393939393939394 2.606060606060606 1.6666666666666667 2.121212121212121 2.8484848484848486 1.9090909090909092 2.6666666666666665 2.484848484848485 2.8181818181818183 2.8484848484848486 1.696969696969697 2.606060606060606 2.6363636363636362 2.6363636363636362 2.0303030303030303 1.3636363636363635 1.9696969696969697 1.303030303030303 1.2424242424242424 2.6666666666666665 3.0 2.1515151515151514  
47 261.29649556163616 1.5353535353535352 1.6767676767676767 0.8686868686868687 1.1515151515151516 1.8181818181818181 0.8686868686868687 1.8181818181818181 1.6565656565656566 1.9191919191919191 1.4545454545454546 1.393939393939394 1.7777777777777777 1.8585858585858586 2.0 1.878787878787879 1.9191919191919191 1.3333333333333333 1.1919191919191918 0.9292929292929293 1.1111111111111112 1.8181818181818181 1.2525252525252526 1.797979797979798 1.97979797979798 1.797979797979798 0.9696969696969697 0.9696969696969697 1.4343434343434343 1.292929292929293 1.7373737373737375 1.1111111111111112 1.4141414141414141 1.898989898989899 1.2727272727272727 1.7777777777777777 1.6565656565656566 1.878787878787879 1.898989898989899 1.1313131313131313 1.7373737373737375 1.7575757575757576 1.7575757575757576 1.3535353535353536 0.9090909090909091 1.3131313131313131 0.8686868686868687 0.8282828282828283 1.7777777777777777 2.0 1.4343434343434343  
76 25.0 2.303030303030303 2.515151515151515 1.303030303030303 1.7272727272727273 2.727272727272727 1.303030303030303 2.727272727272727 2.484848484848485 2.878787878787879 2.1818181818181817 2.090909090909091 2.6666666666666665 2.787878787878788 3.0 2.8181818181818183 2.878787878787879 2.0 1.7878787878787878 1.393939393939394 1.6666666666666667 2.727272727272727 1.878787878787879 2.696969696969697 2.9696969696969697 2.696969696969697 1.4545454545454546 1.4545454545454546 2.1515151515151514 1.9393939393939394 2.606060606060606 1.6666666666666667 2.121212121212121 2.8484848484848486 1.9090909090909092 2.6666666666666665 2.484848484848485 2.8181818181818183 2.8484848484848486 1.696969696969697 2.606060606060606 2.6363636363636362 2.6363636363636362 2.0303030303030303 1.3636363636363635 1.9696969696969697 1.303030303030303 1.2424242424242424 2.6666666666666665 3.0 2.1515151515151514  
36 259.6438669780512 1.5353535353535352 1.6767676767676767 0.8686868686868687 1.1515151515151516 1.8181818181818181 0.8686868686868687 1.8181818181818181 1.6565656565656566 1.9191919191919191 1.4545454545454546 1.393939393939394 1.7777777777777777 1.8585858585858586 2.0 1.878787878787879 1.9191919191919191 1.3333333333333333 1.1919191919191918 0.9292929292929293 1.1111111111111112 1.8181818181818181 1.2525252525252526 1.797979797979798 1.97979797979798 1.797979797979798 0.9696969696969697 0.9696969696969697 1.4343434343434343 1.292929292929293 1.7373737373737375 1.1111111111111112 1.4141414141414141 1.898989898989899 1.2727272727272727 1.7777777777777777 1.6565656565656566 1.878787878787879 1.898989898989899 1.1313131313131313 1.7373737373737375 1.7575757575757576 1.7575757575757576 1.3535353535353536 0.9090909090909091 1.3131313131313131 0.8686868686868687 0.8282828282828283 1.7777777777777777 2.0 1.4343434343434343  
6 133.84757893329336 2.303030303030303 2.515151515151515 1.303030303030303 1.7272727272727273 2.727272727272727 1.303030303030303 2.727272727272727 2.484848484848485 2.878787878787879 2.1818181818181817 2.090909090909091 2.6666666666666665 2.787878787878788 3.0 2.8181818181818183 2.878787878787879 2.0 1.7878787878787878 1.393939393939394 1.6666666666666667 2.727272727272727 1.878787878787879 2.696969696969697 2.9696969696969697 2.696969696969697 1.4545454545454546 1.4545454545454546 2.1515151515151514 1.9393939393939394 2.606060606060606 1.6666666666666667 2.121212121212121 2.8484848484848486 1.9090909090909092 2.6666666666666665 2.484848484848485 2.8181818181818183 2.8484848484848486 1.696969696969697 2.606060606060606 2.6363636363636362 2.6363636363636362 2.0303030303030303 1.3636363636363635 1.9696969696969697 1.303030303030303 1.2424242424242424 2.6666666666666665 3.0 2.1515151515151514  
18 30.8306716026515 2.303030303030303 2.515151515151515 1.303030303030303 1.7272727272727273 2.727272727272727 1.303030303030303 2.727272727272727 2.484848484848485 2.878787878787879 2.1818181818181817 2.090909090909091 2.6666666666666665 2.787878787878788 3.0 2.8181818181818183 2.878787878787879 2.0 1.7878787878787878 1.393939393939394 1.6666666666666667 2.727272727272727 1.878787878787879 2.696969696969697 2.9696969696969697 2.696969696969697 1.4545454545454546 1.4545454545454546 2.1515151515151514 1.9393939393939394 2.606060606060606 1.6666666666666667 2.121212121212121 2.8484848484848486 1.9090909090909092 2.6666666666666665 2.484848484848485 2.8181818181818183 2.8484848484848486 1.696969696969697 2.606060606060606 2.6363636363636362 2.6363636363636362 2.0303030303030303 1.3636363636363635 1.9696969696969697 1.303030303030303 1.2424242424242424 2.6666666666666665 3.0 2.1515151515151514  
46 83.81999546324177 2.303030303030303 2.515151515151515 1.303030303030303 1.7272727272727273 2.727272727272727 1.303030303030303 2.727272727272727 2.484848484848485 2.878787878787879 2.1818181818181817 2.090909090909091 2.6666666666666665 2.787878787878788 3.0 2.8181818181818183 2.878787878787879 2.0 1.7878787878787878 1.393939393939394 1.6666666666666667 2.727272727272727 1.878787878787879 2.696969696969697 2.9696969696969697 2.696969696969697 1.4545454545454546 1.4545454545454546 2.1515151515151514 1.9393939393939394 2.606060606060606 1.6666666666666667 2.121212121212121 2.8484848484848486 1.9090909090909092 2.6666666666666665 2.484848484848485 2.8181818181818183 2.8484848484848486 1.696969696969697 2.606060606060606 2.6363636363636362 2.6363636363636362 2.0303030303030303 1.3636363636363635 1.9696969696969697 1.303030303030303 1.2424242424242424 2.6666666666666665 3.0 2.1515151515151514  
41 3.5769201503244066 1.5353535353535352 1.6767676767676767 0.8686868686868687 1.1515151515151516 1.8181818181818181 0.8686868686868687 1.8181818181818181 1.6565656565656566 1.9191919191919191 1.4545454545454546 1.393939393939394 1.7777777777777777 1.8585858585858586 2.0 1.878787878787879 1.9191919191919191 1.3333333333333333 1.1919191919191918 0.9292929292929293 1.1111111111111112 1.8181818181818181 1.2525252525252526 1.797979797979798 1.97979797979798 1.797979797979798 0.9696969696969697 0.9696969696969697 1.4343434343434343 1.292929292929293 1.7373737373737375 1.1111111111111112 1.4141414141414141 1.898989898989899 1.2727272727272727 1.7777777777777777 1.6565656565656566 1.878787878787879 1.898989898989899 1.1313131313131313 1.7373737373737375 1.7575757575757576 1.7575757575757576 1.3535353535353536 0.9090909090909091 1.3131313131313131 0.8686868686868687 0.8282828282828283 1.7777777777777777 2.0 1.4343434343434343  
57 84.07421488440063 2.303030303030303 2.515151515151515 1.303030303030303 1.7272727272727273 2.727272727272727 1.303030303030303 2.727272727272727 2.484848484848485 2.878787878787879 2.1818181818181817 2.090909090909091 2.6666666666666665 2.787878787878788 3.0 2.8181818181818183 2.878787878787879 2.0 1.7878787878787878 1.393939393939394 1.6666666666666667 2.727272727272727 1.878787878787879 2.696969696969697 2.9696969696969697 2.696969696969697 1.4545454545454546 1.4545454545454546 2.1515151515151514 1.9393939393939394 2.606060606060606 1.6666666666666667 2.121212121212121 2.8484848484848486 1.9090909090909092 2.6666666666666665 2.484848484848485 2.8181818181818183 2.8484848484848486 1.696969696969697 2.606060606060606 2.6363636363636362 2.6363636363636362 2.0303030303030303 1.3636363636363635 1.9696969696969697 1.303030303030303 1.2424242424242424 2.6666666666666665 3.0 2.1515151515151514  
31 130.75121837907105 1.5353535353535352 1.6767676767676767 0.8686868686868687 1.1515151515151516 1.8181818181818181 0.8686868686868687 1.8181818181818181 1.6565656565656566 1.9191919191919191 1.4545454545454546 1.393939393939394 1.7777777777777777 1.8585858585858586 2.0 1.878787878787879 1.9191919191919191 1.3333333333333333 1.1919191919191918 0.9292929292929293 1.1111111111111112 1.8181818181818181 1.2525252525252526 1.797979797979798 1.97979797979798 1.797979797979798 0.9696969696969697 0.9696969696969697 1.4343434343434343 1.292929292929293 1.7373737373737375 1.1111111111111112 1.4141414141414141 1.898989898989899 1.2727272727272727 1.7777777777777777 1.6565656565656566 1.878787878787879 1.898989898989899 1.1313131313131313 1.7373737373737375 1.7575757575757576 1.7575757575757576 1.3535353535353536 0.9090909090909091 1.3131313131313131 0.8686868686868687 0.8282828282828283 1.7777777777777777 2.0 1.4343434343434343  
63 64.73731891934125 2.303030303030303 2.515151515151515 1.303030303030303 1.7272727272727273 2.727272727272727 1.303030303030303 2.727272727272727 2.484848484848485 2.878787878787879 2.1818181818181817 2.090909090909091 2.6666666666666665 2.787878787878788 3.0 2.8181818181818183 2.878787878787879 2.0 1.7878787878787878 1.393939393939394 1.6666666666666667 2.727272727272727 1.878787878787879 2.696969696969697 2.9696969696969697 2.696969696969697 1.4545454545454546 1.4545454545454546 2.1515151515151514 1.9393939393939394 2.606060606060606 1.6666666666666667 2.121212121212121 2.8484848484848486 1.9090909090909092 2.6666666666666665 2.484848484848485 2.8181818181818183 2.8484848484848486 1.696969696969697 2.606060606060606 2.6363636363636362 2.6363636363636362 2.0303030303030303 1.3636363636363635 1.9696969696969697 1.303030303030303 1.2424242424242424 2.6666666666666665 3.0 2.1515151515151514  
67 26.148497331842325 1.5353535353535352 1.6767676767676767 0.8686868686868687 1.1515151515151516 1.8181818181818181 0.8686868686868687 1.8181818181818181 1.6565656565656566 1.9191919191919191 1.4545454545454546 1.393939393939394 1.7777777777777777 1.8585858585858586 2.0 1.878787878787879 1.9191919191919191 1.3333333333333333 1.1919191919191918 0.9292929292929293 1.1111111111111112 1.8181818181818181 1.2525252525252526 1.797979797979798 1.97979797979798 1.797979797979798 0.9696969696969697 0.9696969696969697 1.4343434343434343 1.292929292929293 1.7373737373737375 1.1111111111111112 1.4141414141414141 1.898989898989899 1.2727272727272727 1.7777777777777777 1.6565656565656566 1.878787878787879 1.898989898989899 1.1313131313131313 1.7373737373737375 1.7575757575757576 1.7575757575757576 1.3535353535353536 0.9090909090909091 1.3131313131313131 0.8686868686868687 0.8282828282828283 1.7777777777777777 2.0 1.4343434343434343  
21 173.08199292505512 1.5353535353535352 1.6767676767676767 0.8686868686868687 1.1515151515151516 1.8181818181818181 0.8686868686868687 1.8181818181818181 1.6565656565656566 1.9191919191919191 1.4545454545454546 1.393939393939394 1.7777777777777777 1.8585858585858586 2.0 1.878787878787879 1.9191919191919191 1.3333333333333333 1.1919191919191918 0.9292929292929293 1.1111111111111112 1.8181818181818181 1.2525252525252526 1.797979797979798 1.97979797979798 1.797979797979798 0.9696969696969697 0.9696969696969697 1.4343434343434343 1.292929292929293 1.7373737373737375 1.1111111111111112 1.4141414141414141 1.898989898989899 1.2727272727272727 1.7777777777777777 1.6565656565656566 1.878787878787879 1.898989898989899 1.1313131313131313 1.7373737373737375 1.7575757575757576 1.7575757575757576 1.3535353535353536 0.9090909090909091 1.3131313131313131 0.8686868686868687 0.8282828282828283 1.7777777777777777 2.0 1.4343434343434343  
4 33.72161038043393 2.303030303030303 2.515151515151515 1.303030303030303 1.7272727272727273 2.727272727272727 1.303030303030303 2.727272727272727 2.484848484848485 2.878787878787879 2.1818181818181817 2.090909090909091 2.6666666666666665 2.787878787878788 3.0 2.8181818181818183 2.878787878787879 2.0 1.7878787878787878 1.393939393939394 1.6666666666666667 2.727272727272727 1.878787878787879 2.696969696969697 2.9696969696969697 2.696969696969697 1.4545454545454546 1.4545454545454546 2.1515151515151514 1.9393939393939394 2.606060606060606 1.6666666666666667 2.121212121212121 2.8484848484848486 1.9090909090909092 2.6666666666666665 2.484848484848485 2.8181818181818183 2.8484848484848486 1.696969696969697 2.606060606060606 2.6363636363636362 2.6363636363636362 2.0303030303030303 1.3636363636363635 1.9696969696969697 1.303030303030303 1.2424242424242424 2.6666666666666665 3.0 2.1515151515151514  
8 86.6696293173074 1.5353535353535352 1.6767676767676767 0.8686868686868687 1.1515151515151516 1.8181818181818181 0.8686868686868687 1.8181818181818181 1.6565656565656566 1.9191919191919191 1.4545454545454546 1.393939393939394 1.7777777777777777 1.8585858585858586 2.0 1.878787878787879 1.9191919191919191 1.3333333333333333 1.1919191919191918 0.9292929292929293 1.1111111111111112 1.8181818181818181 1.2525252525252526 1.797979797979798 1.97979797979798 1.797979797979798 0.9696969696969697 0.9696969696969697 1.4343434343434343 1.292929292929293 1.7373737373737375 1.1111111111111112 1.4141414141414141 1.898989898989899 1.2727272727272727 1.7777777777777777 1.6565656565656566 1.878787878787879 1.898989898989899 1.1313131313131313 1.7373737373737375 1.7575757575757576 1.7575757575757576 1.3535353535353536 0.9090909090909091 1.3131313131313131 0.8686868686868687 0.8282828282828283 1.7777777777777777 2.0 1.4343434343434343  
71 39.684704339068915 1.5353535353535352 1.6767676767676767 0.8686868686868687 1.1515151515151516 1.8181818181818181 0.8686868686868687 1.8181818181818181 1.6565656565656566 1.9191919191919191 1.4545454545454546 1.393939393939394 1.7777777777777777 1.8585858585858586 2.0 1.878787878787879 1.9191919191919191 1.3333333333333333 1.1919191919191918 0.9292929292929293 1.1111111111111112 1.8181818181818181 1.2525252525252526 1.797979797979798 1.97979797979798 1.797979797979798 0.9696969696969697 0.9696969696969697 1.4343434343434343 1.292929292929293 1.7373737373737375 1.1111111111111112 1.4141414141414141 1.898989898989899 1.2727272727272727 1.7777777777777777 1.6565656565656566 1.878787878787879 1.898989898989899 1.1313131313131313 1.7373737373737375 1.7575757575757576 1.7575757575757576 1.3535353535353536 0.9090909090909091 1.3131313131313131 0.8686868686868687 0.8282828282828283 1.7777777777777777 2.0 1.4343434343434343  
43 176.6738623632676 1.5353535353535352 1.6767676767676767 0.8686868686868687 1.1515151515151516 1.8181818181818181 0.8686868686868687 1.8181818181818181 1.6565656565656566 1.9191919191919191 1.4545454545454546 1.393939393939394 1.7777777777777777 1.8585858585858586 2.0 1.878787878787879 1.9191919191919191 1.3333333333333333 1.1919191919191918 0.9292929292929293 1.1111111111111112 1.8181818181818181 1.2525252525252526 1.797979797979798 1.97979797979798 1.797979797979798 0.9696969696969697 0.9696969696969697 1.4343434343434343 1.292929292929293 1.7373737373737375 1.1111111111111112 1.4141414141414141 1.898989898989899 1.2727272727272727 1.7777777777777777 1.6565656565656566 1.878787878787879 1.898989898989899 1.1313131313131313 1.7373737373737375 1.7575757575757576 1.7575757575757576 1.3535353535353536 0.9090909090909091 1.3131313131313131 0.8686868686868687 0.8282828282828283 1.7777777777777777 2.0 1.4343434343434343  
64 157.30466595970307 1.5353535353535352 1.6767676767676767 0.8686868686868687 1.1515151515151516 1.8181818181818181 0.8686868686868687 1.8181818181818181 1.6565656565656566 1.9191919191919191 1.4545454545454546 1.393939393939394 1.7777777777777777 1.8585858585858586 2.0 1.878787878787879 1.9191919191919191 1.3333333333333333 1.1919191919191918 0.9292929292929293 1.1111111111111112 1.8181818181818181 1.2525252525252526 1.797979797979798 1.97979797979798 1.797979797979798 0.9696969696969697 0.9696969696969697 1.4343434343434343 1.292929292929293 1.7373737373737375 1.1111111111111112 1.4141414141414141 1.898989898989899 1.2727272727272727 1.7777777777777777 1.6565656565656566 1.878787878787879 1.898989898989899 1.1313131313131313 1.7373737373737375 1.7575757575757576 1.7575757575757576 1.3535353535353536 0.9090909090909091 1.3131313131313131 0.8686868686868687 0.8282828282828283 1.7777777777777777 2.0 1.4343434343434343  
45 92.05652849441489 1.5353535353535352 1.6767676767676767 0.8686868686868687 1.1515151515151516 1.8181818181818181 0.8686868686868687 1.8181818181818181 1.6565656565656566 1.9191919191919191 1.4545454545454546 1.393939393939394 1.7777777777777777 1.8585858585858586 2.0 1.878787878787879 1.9191919191919191 1.3333333333333333 1.1919191919191918 0.9292929292929293 1.1111111111111112 1.8181818181818181 1.2525252525252526 1.797979797979798 1.97979797979798 1.797979797979798 0.9696969696969697 0.9696969696969697 1.4343434343434343 1.292929292929293 1.7373737373737375 1.1111111111111112 1.4141414141414141 1.898989898989899 1.2727272727272727 1.7777777777777777 1.6565656565656566 1.878787878787879 1.898989898989899 1.1313131313131313 1.7373737373737375 1.7575757575757576 1.7575757575757576 1.3535353535353536 0.9090909090909091 1.3131313131313131 0.8686868686868687 0.8282828282828283 1.7777777777777777 2.0 1.4343434343434343  
59 55.31713193947142 1.5353535353535352 1.6767676767676767 0.8686868686868687 1.1515151515151516 1.8181818181818181 0.8686868686868687 1.8181818181818181 1.6565656565656566 1.9191919191919191 1.4545454545454546 1.393939393939394 1.7777777777777777 1.8585858585858586 2.0 1.878787878787879 1.9191919191919191 1.3333333333333333 1.1919191919191918 0.9292929292929293 1.1111111111111112 1.8181818181818181 1.2525252525252526 1.797979797979798 1.97979797979798 1.797979797979798 0.9696969696969697 0.9696969696969697 1.4343434343434343 1.292929292929293 1.7373737373737375 1.1111111111111112 1.4141414141414141 1.898989898989899 1.2727272727272727 1.7777777777777777 1.6565656565656566 1.878787878787879 1.898989898989899 1.1313131313131313 1.7373737373737375 1.7575757575757576 1.7575757575757576 1.3535353535353536 0.9090909090909091 1.3131313131313131 0.8686868686868687 0.8282828282828283 1.7777777777777777 2.0 1.4343434343434343  
66 307.5902988511431 1.5353535353535352 1.6767676767676767 0.8686868686868687 1.1515151515151516 1.8181818181818181 0.8686868686868687 1.8181818181818181 1.6565656565656566 1.9191919191919191 1.4545454545454546 1.393939393939394 1.7777777777777777 1.8585858585858586 2.0 1.878787878787879 1.9191919191919191 1.3333333333333333 1.1919191919191918 0.9292929292929293 1.1111111111111112 1.8181818181818181 1.2525252525252526 1.797979797979798 1.97979797979798 1.797979797979798 0.9696969696969697 0.9696969696969697 1.4343434343434343 1.292929292929293 1.7373737373737375 1.1111111111111112 1.4141414141414141 1.898989898989899 1.2727272727272727 1.7777777777777777 1.6565656565656566 1.878787878787879 1.898989898989899 1.1313131313131313 1.7373737373737375 1.7575757575757576 1.7575757575757576 1.3535353535353536 0.9090909090909091 1.3131313131313131 0.8686868686868687 0.8282828282828283 1.7777777777777777 2.0 1.4343434343434343  
72 13.55536715794966 2.303030303030303 2.515151515151515 1.303030303030303 1.7272727272727273 2.727272727272727 1.303030303030303 2.727272727272727 2.484848484848485 2.878787878787879 2.1818181818181817 2.090909090909091 2.6666666666666665 2.787878787878788 3.0 2.8181818181818183 2.878787878787879 2.0 1.7878787878787878 1.393939393939394 1.6666666666666667 2.727272727272727 1.878787878787879 2.696969696969697 2.9696969696969697 2.696969696969697 1.4545454545454546 1.4545454545454546 2.1515151515151514 1.9393939393939394 2.606060606060606 1.6666666666666667 2.121212121212121 2.8484848484848486 1.9090909090909092 2.6666666666666665 2.484848484848485 2.8181818181818183 2.8484848484848486 1.696969696969697 2.606060606060606 2.6363636363636362 2.6363636363636362 2.0303030303030303 1.3636363636363635 1.9696969696969697 1.303030303030303 1.2424242424242424 2.6666666666666665 3.0 2.1515151515151514  
50 224.26355981963803 1.5353535353535352 1.6767676767676767 0.8686868686868687 1.1515151515151516 1.8181818181818181 0.8686868686868687 1.8181818181818181 1.6565656565656566 1.9191919191919191 1.4545454545454546 1.393939393939394 1.7777777777777777 1.8585858585858586 2.0 1.878787878787879 1.9191919191919191 1.3333333333333333 1.1919191919191918 0.9292929292929293 1.1111111111111112 1.8181818181818181 1.2525252525252526 1.797979797979798 1.97979797979798 1.797979797979798 0.9696969696969697 0.9696969696969697 1.4343434343434343 1.292929292929293 1.7373737373737375 1.1111111111111112 1.4141414141414141 1.898989898989899 1.2727272727272727 1.7777777777777777 1.6565656565656566 1.878787878787879 1.898989898989899 1.1313131313131313 1.7373737373737375 1.7575757575757576 1.7575757575757576 1.3535353535353536 0.9090909090909091 1.3131313131313131 0.8686868686868687 0.8282828282828283 1.7777777777777777 2.0 1.4343434343434343  
79 5.4421230942970045 2.303030303030303 2.515151515151515 1.303030303030303 1.7272727272727273 2.727272727272727 1.303030303030303 2.727272727272727 2.484848484848485 2.878787878787879 2.1818181818181817 2.090909090909091 2.6666666666666665 2.787878787878788 3.0 2.8181818181818183 2.878787878787879 2.0 1.7878787878787878 1.393939393939394 1.6666666666666667 2.727272727272727 1.878787878787879 2.696969696969697 2.9696969696969697 2.696969696969697 1.4545454545454546 1.4545454545454546 2.1515151515151514 1.9393939393939394 2.606060606060606 1.6666666666666667 2.121212121212121 2.8484848484848486 1.9090909090909092 2.6666666666666665 2.484848484848485 2.8181818181818183 2.8484848484848486 1.696969696969697 2.606060606060606 2.6363636363636362 2.6363636363636362 2.0303030303030303 1.3636363636363635 1.9696969696969697 1.303030303030303 1.2424242424242424 2.6666666666666665 3.0 2.1515151515151514  
38 131.59788864576103 2.303030303030303 2.515151515151515 1.303030303030303 1.7272727272727273 2.727272727272727 1.303030303030303 2.727272727272727 2.484848484848485 2.878787878787879 2.1818181818181817 2.090909090909091 2.6666666666666665 2.787878787878788 3.0 2.8181818181818183 2.878787878787879 2.0 1.7878787878787878 1.393939393939394 1.6666666666666667 2.727272727272727 1.878787878787879 2.696969696969697 2.9696969696969697 2.696969696969697 1.4545454545454546 1.4545454545454546 2.1515151515151514 1.9393939393939394 2.606060606060606 1.6666666666666667 2.121212121212121 2.8484848484848486 1.9090909090909092 2.6666666666666665 2.484848484848485 2.8181818181818183 2.8484848484848486 1.696969696969697 2.606060606060606 2.6363636363636362 2.6363636363636362 2.0303030303030303 1.3636363636363635 1.9696969696969697 1.303030303030303 1.2424242424242424 2.6666666666666665 3.0 2.1515151515151514  
34 242.97000077694366 1.5353535353535352 1.6767676767676767 0.8686868686868687 1.1515151515151516 1.8181818181818181 0.8686868686868687 1.8181818181818181 1.6565656565656566 1.9191919191919191 1.4545454545454546 1.393939393939394 1.7777777777777777 1.8585858585858586 2.0 1.878787878787879 1.9191919191919191 1.3333333333333333 1.1919191919191918 0.9292929292929293 1.1111111111111112 1.8181818181818181 1.2525252525252526 1.797979797979798 1.97979797979798 1.797979797979798 0.9696969696969697 0.9696969696969697 1.4343434343434343 1.292929292929293 1.7373737373737375 1.1111111111111112 1.4141414141414141 1.898989898989899 1.2727272727272727 1.7777777777777777 1.6565656565656566 1.878787878787879 1.898989898989899 1.1313131313131313 1.7373737373737375 1.7575757575757576 1.7575757575757576 1.3535353535353536 0.9090909090909091 1.3131313131313131 0.8686868686868687 0.8282828282828283 1.7777777777777777 2.0 1.4343434343434343  
44 15.690989000760693 1.5353535353535352 1.6767676767676767 0.8686868686868687 1.1515151515151516 1.8181818181818181 0.8686868686868687 1.8181818181818181 1.6565656565656566 1.9191919191919191 1.4545454545454546 1.393939393939394 1.7777777777777777 1.8585858585858586 2.0 1.878787878787879 1.9191919191919191 1.3333333333333333 1.1919191919191918 0.9292929292929293 1.1111111111111112 1.8181818181818181 1.2525252525252526 1.797979797979798 1.97979797979798 1.797979797979798 0.9696969696969697 0.9696969696969697 1.4343434343434343 1.292929292929293 1.7373737373737375 1.1111111111111112 1.4141414141414141 1.898989898989899 1.2727272727272727 1.7777777777777777 1.6565656565656566 1.878787878787879 1.898989898989899 1.1313131313131313 1.7373737373737375 1.7575757575757576 1.7575757575757576 1.3535353535353536 0.9090909090909091 1.3131313131313131 0.8686868686868687 0.8282828282828283 1.7777777777777777 2.0 1.4343434343434343  
29 91.65728407833676 2.303030303030303 2.515151515151515 1.303030303030303 1.7272727272727273 2.727272727272727 1.303030303030303 2.727272727272727 2.484848484848485 2.878787878787879 2.1818181818181817 2.090909090909091 2.6666666666666665 2.787878787878788 3.0 2.8181818181818183 2.878787878787879 2.0 1.7878787878787878 1.393939393939394 1.6666666666666667 2.727272727272727 1.878787878787879 2.696969696969697 2.9696969696969697 2.696969696969697 1.4545454545454546 1.4545454545454546 2.1515151515151514 1.9393939393939394 2.606060606060606 1.6666666666666667 2.121212121212121 2.8484848484848486 1.9090909090909092 2.6666666666666665 2.484848484848485 2.8181818181818183 2.8484848484848486 1.696969696969697 2.606060606060606 2.6363636363636362 2.6363636363636362 2.0303030303030303 1.3636363636363635 1.9696969696969697 1.303030303030303 1.2424242424242424 2.6666666666666665 3.0 2.1515151515151514  
51 392.5209785757071 2.303030303030303 2.515151515151515 1.303030303030303 1.7272727272727273 2.727272727272727 1.303030303030303 2.727272727272727 2.484848484848485 2.878787878787879 2.1818181818181817 2.090909090909091 2.6666666666666665 2.787878787878788 3.0 2.8181818181818183 2.878787878787879 2.0 1.7878787878787878 1.393939393939394 1.6666666666666667 2.727272727272727 1.878787878787879 2.696969696969697 2.9696969696969697 2.696969696969697 1.4545454545454546 1.4545454545454546 2.1515151515151514 1.9393939393939394 2.606060606060606 1.6666666666666667 2.121212121212121 2.8484848484848486 1.9090909090909092 2.6666666666666665 2.484848484848485 2.8181818181818183 2.8484848484848486 1.696969696969697 2.606060606060606 2.6363636363636362 2.6363636363636362 2.0303030303030303 1.3636363636363635 1.9696969696969697 1.303030303030303 1.2424242424242424 2.6666666666666665 3.0 2.1515151515151514  
33 75.82927037044678 1.5353535353535352 1.6767676767676767 0.8686868686868687 1.1515151515151516 1.8181818181818181 0.8686868686868687 1.8181818181818181 1.6565656565656566 1.9191919191919191 1.4545454545454546 1.393939393939394 1.7777777777777777 1.8585858585858586 2.0 1.878787878787879 1.9191919191919191 1.3333333333333333 1.1919191919191918 0.9292929292929293 1.1111111111111112 1.8181818181818181 1.2525252525252526 1.797979797979798 1.97979797979798 1.797979797979798 0.9696969696969697 0.9696969696969697 1.4343434343434343 1.292929292929293 1.7373737373737375 1.1111111111111112 1.4141414141414141 1.898989898989899 1.2727272727272727 1.7777777777777777 1.6565656565656566 1.878787878787879 1.898989898989899 1.1313131313131313 1.7373737373737375 1.7575757575757576 1.7575757575757576 1.3535353535353536 0.9090909090909091 1.3131313131313131 0.8686868686868687 0.8282828282828283 1.7777777777777777 2.0 1.4343434343434343  
56 81.01941029164753 2.303030303030303 2.515151515151515 1.303030303030303 1.7272727272727273 2.727272727272727 1.303030303030303 2.727272727272727 2.484848484848485 2.878787878787879 2.1818181818181817 2.090909090909091 2.6666666666666665 2.787878787878788 3.0 2.8181818181818183 2.878787878787879 2.0 1.7878787878787878 1.393939393939394 1.6666666666666667 2.727272727272727 1.878787878787879 2.696969696969697 2.9696969696969697 2.696969696969697 1.4545454545454546 1.4545454545454546 2.1515151515151514 1.9393939393939394 2.606060606060606 1.6666666666666667 2.121212121212121 2.8484848484848486 1.9090909090909092 2.6666666666666665 2.484848484848485 2.8181818181818183 2.8484848484848486 1.696969696969697 2.606060606060606 2.6363636363636362 2.6363636363636362 2.0303030303030303 1.3636363636363635 1.9696969696969697 1.303030303030303 1.2424242424242424 2.6666666666666665 3.0 2.1515151515151514  
12 117.20196544498856 2.303030303030303 2.515151515151515 1.303030303030303 1.7272727272727273 2.727272727272727 1.303030303030303 2.727272727272727 2.484848484848485 2.878787878787879 2.1818181818181817 2.090909090909091 2.6666666666666665 2.787878787878788 3.0 2.8181818181818183 2.878787878787879 2.0 1.7878787878787878 1.393939393939394 1.6666666666666667 2.727272727272727 1.878787878787879 2.696969696969697 2.9696969696969697 2.696969696969697 1.4545454545454546 1.4545454545454546 2.1515151515151514 1.9393939393939394 2.606060606060606 1.6666666666666667 2.121212121212121 2.8484848484848486 1.9090909090909092 2.6666666666666665 2.484848484848485 2.8181818181818183 2.8484848484848486 1.696969696969697 2.606060606060606 2.6363636363636362 2.6363636363636362 2.0303030303030303 1.3636363636363635 1.9696969696969697 1.303030303030303 1.2424242424242424 2.6666666666666665 3.0 2.1515151515151514  
10 57.83745038054652 2.303030303030303 2.515151515151515 1.303030303030303 1.7272727272727273 2.727272727272727 1.303030303030303 2.727272727272727 2.484848484848485 2.878787878787879 2.1818181818181817 2.090909090909091 2.6666666666666665 2.787878787878788 3.0 2.8181818181818183 2.878787878787879 2.0 1.7878787878787878 1.393939393939394 1.6666666666666667 2.727272727272727 1.878787878787879 2.696969696969697 2.9696969696969697 2.696969696969697 1.4545454545454546 1.4545454545454546 2.1515151515151514 1.9393939393939394 2.606060606060606 1.6666666666666667 2.121212121212121 2.8484848484848486 1.9090909090909092 2.6666666666666665 2.484848484848485 2.8181818181818183 2.8484848484848486 1.696969696969697 2.606060606060606 2.6363636363636362 2.6363636363636362 2.0303030303030303 1.3636363636363635 1.9696969696969697 1.303030303030303 1.2424242424242424 2.6666666666666665 3.0 2.1515151515151514  
14 315.82467953308367 1.5353535353535352 1.6767676767676767 0.8686868686868687 1.1515151515151516 1.8181818181818181 0.8686868686868687 1.8181818181818181 1.6565656565656566 1.9191919191919191 1.4545454545454546 1.393939393939394 1.7777777777777777 1.8585858585858586 2.0 1.878787878787879 1.9191919191919191 1.3333333333333333 1.1919191919191918 0.9292929292929293 1.1111111111111112 1.8181818181818181 1.2525252525252526 1.797979797979798 1.97979797979798 1.797979797979798 0.9696969696969697 0.9696969696969697 1.4343434343434343 1.292929292929293 1.7373737373737375 1.1111111111111112 1.4141414141414141 1.898989898989899 1.2727272727272727 1.7777777777777777 1.6565656565656566 1.878787878787879 1.898989898989899 1.1313131313131313 1.7373737373737375 1.7575757575757576 1.7575757575757576 1.3535353535353536 0.9090909090909091 1.3131313131313131 0.8686868686868687 0.8282828282828283 1.7777777777777777 2.0 1.4343434343434343  
61 61.55405116346293 2.303030303030303 2.515151515151515 1.303030303030303 1.7272727272727273 2.727272727272727 1.303030303030303 2.727272727272727 2.484848484848485 2.878787878787879 2.1818181818181817 2.090909090909091 2.6666666666666665 2.787878787878788 3.0 2.8181818181818183 2.878787878787879 2.0 1.7878787878787878 1.393939393939394 1.6666666666666667 2.727272727272727 1.878787878787879 2.696969696969697 2.9696969696969697 2.696969696969697 1.4545454545454546 1.4545454545454546 2.1515151515151514 1.9393939393939394 2.606060606060606 1.6666666666666667 2.121212121212121 2.8484848484848486 1.9090909090909092 2.6666666666666665 2.484848484848485 2.8181818181818183 2.8484848484848486 1.696969696969697 2.606060606060606 2.6363636363636362 2.6363636363636362 2.0303030303030303 1.3636363636363635 1.9696969696969697 1.303030303030303 1.2424242424242424 2.6666666666666665 3.0 2.1515151515151514  
19 314.03201819772283 2.303030303030303 2.515151515151515 1.303030303030303 1.7272727272727273 2.727272727272727 1.303030303030303 2.727272727272727 2.484848484848485 2.878787878787879 2.1818181818181817 2.090909090909091 2.6666666666666665 2.787878787878788 3.0 2.8181818181818183 2.878787878787879 2.0 1.7878787878787878 1.393939393939394 1.6666666666666667 2.727272727272727 1.878787878787879 2.696969696969697 2.9696969696969697 2.696969696969697 1.4545454545454546 1.4545454545454546 2.1515151515151514 1.9393939393939394 2.606060606060606 1.6666666666666667 2.121212121212121 2.8484848484848486 1.9090909090909092 2.6666666666666665 2.484848484848485 2.8181818181818183 2.8484848484848486 1.696969696969697 2.606060606060606 2.6363636363636362 2.6363636363636362 2.0303030303030303 1.3636363636363635 1.9696969696969697 1.303030303030303 1.2424242424242424 2.6666666666666665 3.0 2.1515151515151514  
26 303.2307067632486 2.303030303030303 2.515151515151515 1.303030303030303 1.7272727272727273 2.727272727272727 1.303030303030303 2.727272727272727 2.484848484848485 2.878787878787879 2.1818181818181817 2.090909090909091 2.6666666666666665 2.787878787878788 3.0 2.8181818181818183 2.878787878787879 2.0 1.7878787878787878 1.393939393939394 1.6666666666666667 2.727272727272727 1.878787878787879 2.696969696969697 2.9696969696969697 2.696969696969697 1.4545454545454546 1.4545454545454546 2.1515151515151514 1.9393939393939394 2.606060606060606 1.6666666666666667 2.121212121212121 2.8484848484848486 1.9090909090909092 2.6666666666666665 2.484848484848485 2.8181818181818183 2.8484848484848486 1.696969696969697 2.606060606060606 2.6363636363636362 2.6363636363636362 2.0303030303030303 1.3636363636363635 1.9696969696969697 1.303030303030303 1.2424242424242424 2.6666666666666665 3.0 2.1515151515151514  
30 30.4305927633033 1.5353535353535352 1.6767676767676767 0.8686868686868687 1.1515151515151516 1.8181818181818181 0.8686868686868687 1.8181818181818181 1.6565656565656566 1.9191919191919191 1.4545454545454546 1.393939393939394 1.7777777777777777 1.8585858585858586 2.0 1.878787878787879 1.9191919191919191 1.3333333333333333 1.1919191919191918 0.9292929292929293 1.1111111111111112 1.8181818181818181 1.2525252525252526 1.797979797979798 1.97979797979798 1.797979797979798 0.9696969696969697 0.9696969696969697 1.4343434343434343 1.292929292929293 1.7373737373737375 1.1111111111111112 1.4141414141414141 1.898989898989899 1.2727272727272727 1.7777777777777777 1.6565656565656566 1.878787878787879 1.898989898989899 1.1313131313131313 1.7373737373737375 1.7575757575757576 1.7575757575757576 1.3535353535353536 0.9090909090909091 1.3131313131313131 0.8686868686868687 0.8282828282828283 1.7777777777777777 2.0 1.4343434343434343  
7 92.58563781907439 1.5353535353535352 1.6767676767676767 0.8686868686868687 1.1515151515151516 1.8181818181818181 0.8686868686868687 1.8181818181818181 1.6565656565656566 1.9191919191919191 1.4545454545454546 1.393939393939394 1.7777777777777777 1.8585858585858586 2.0 1.878787878787879 1.9191919191919191 1.3333333333333333 1.1919191919191918 0.9292929292929293 1.1111111111111112 1.8181818181818181 1.2525252525252526 1.797979797979798 1.97979797979798 1.797979797979798 0.9696969696969697 0.9696969696969697 1.4343434343434343 1.292929292929293 1.7373737373737375 1.1111111111111112 1.4141414141414141 1.898989898989899 1.2727272727272727 1.7777777777777777 1.6565656565656566 1.878787878787879 1.898989898989899 1.1313131313131313 1.7373737373737375 1.7575757575757576 1.7575757575757576 1.3535353535353536 0.9090909090909091 1.3131313131313131 0.8686868686868687 0.8282828282828283 1.7777777777777777 2.0 1.4343434343434343  
69 49.23429701673052 1.5353535353535352 1.6767676767676767 0.8686868686868687 1.1515151515151516 1.8181818181818181 0.8686868686868687 1.8181818181818181 1.6565656565656566 1.9191919191919191 1.4545454545454546 1.393939393939394 1.7777777777777777 1.8585858585858586 2.0 1.878787878787879 1.9191919191919191 1.3333333333333333 1.1919191919191918 0.9292929292929293 1.1111111111111112 1.8181818181818181 1.2525252525252526 1.797979797979798 1.97979797979798 1.797979797979798 0.9696969696969697 0.9696969696969697 1.4343434343434343 1.292929292929293 1.7373737373737375 1.1111111111111112 1.4141414141414141 1.898989898989899 1.2727272727272727 1.7777777777777777 1.6565656565656566 1.878787878787879 1.898989898989899 1.1313131313131313 1.7373737373737375 1.7575757575757576 1.7575757575757576 1.3535353535353536 0.9090909090909091 1.3131313131313131 0.8686868686868687 0.8282828282828283 1.7777777777777777 2.0 1.4343434343434343  
60 9.848076413389776 1.5353535353535352 1.6767676767676767 0.8686868686868687 1.1515151515151516 1.8181818181818181 0.8686868686868687 1.8181818181818181 1.6565656565656566 1.9191919191919191 1.4545454545454546 1.393939393939394 1.7777777777777777 1.8585858585858586 2.0 1.878787878787879 1.9191919191919191 1.3333333333333333 1.1919191919191918 0.9292929292929293 1.1111111111111112 1.8181818181818181 1.2525252525252526 1.797979797979798 1.97979797979798 1.797979797979798 0.9696969696969697 0.9696969696969697 1.4343434343434343 1.292929292929293 1.7373737373737375 1.1111111111111112 1.4141414141414141 1.898989898989899 1.2727272727272727 1.7777777777777777 1.6565656565656566 1.878787878787879 1.898989898989899 1.1313131313131313 1.7373737373737375 1.7575757575757576 1.7575757575757576 1.3535353535353536 0.9090909090909091 1.3131313131313131 0.8686868686868687 0.8282828282828283 1.7777777777777777 2.0 1.4343434343434343  
75 62.223152739516344 1.5353535353535352 1.6767676767676767 0.8686868686868687 1.1515151515151516 1.8181818181818181 0.8686868686868687 1.8181818181818181 1.6565656565656566 1.9191919191919191 1.4545454545454546 1.393939393939394 1.7777777777777777 1.8585858585858586 2.0 1.878787878787879 1.9191919191919191 1.3333333333333333 1.1919191919191918 0.9292929292929293 1.1111111111111112 1.8181818181818181 1.2525252525252526 1.797979797979798 1.97979797979798 1.797979797979798 0.9696969696969697 0.9696969696969697 1.4343434343434343 1.292929292929293 1.7373737373737375 1.1111111111111112 1.4141414141414141 1.898989898989899 1.2727272727272727 1.7777777777777777 1.6565656565656566 1.878787878787879 1.898989898989899 1.1313131313131313 1.7373737373737375 1.7575757575757576 1.7575757575757576 1.3535353535353536 0.9090909090909091 1.3131313131313131 0.8686868686868687 0.8282828282828283 1.7777777777777777 2.0 1.4343434343434343  
27 186.4055993339915 1.5353535353535352 1.6767676767676767 0.8686868686868687 1.1515151515151516 1.8181818181818181 0.8686868686868687 1.8181818181818181 1.6565656565656566 1.9191919191919191 1.4545454545454546 1.393939393939394 1.7777777777777777 1.8585858585858586 2.0 1.878787878787879 1.9191919191919191 1.3333333333333333 1.1919191919191918 0.9292929292929293 1.1111111111111112 1.8181818181818181 1.2525252525252526 1.797979797979798 1.97979797979798 1.797979797979798 0.9696969696969697 0.9696969696969697 1.4343434343434343 1.292929292929293 1.7373737373737375 1.1111111111111112 1.4141414141414141 1.898989898989899 1.2727272727272727 1.7777777777777777 1.6565656565656566 1.878787878787879 1.898989898989899 1.1313131313131313 1.7373737373737375 1.7575757575757576 1.7575757575757576 1.3535353535353536 0.9090909090909091 1.3131313131313131 0.8686868686868687 0.8282828282828283 1.7777777777777777 2.0 1.4343434343434343  
55 371.2268281860146 1.5353535353535352 1.6767676767676767 0.8686868686868687 1.1515151515151516 1.8181818181818181 0.8686868686868687 1.8181818181818181 1.6565656565656566 1.9191919191919191 1.4545454545454546 1.393939393939394 1.7777777777777777 1.8585858585858586 2.0 1.878787878787879 1.9191919191919191 1.3333333333333333 1.1919191919191918 0.9292929292929293 1.1111111111111112 1.8181818181818181 1.2525252525252526 1.797979797979798 1.97979797979798 1.797979797979798 0.9696969696969697 0.9696969696969697 1.4343434343434343 1.292929292929293 1.7373737373737375 1.1111111111111112 1.4141414141414141 1.898989898989899 1.2727272727272727 1.7777777777777777 1.6565656565656566 1.878787878787879 1.898989898989899 1.1313131313131313 1.7373737373737375 1.7575757575757576 1.7575757575757576 1.3535353535353536 0.9090909090909091 1.3131313131313131 0.8686868686868687 0.8282828282828283 1.7777777777777777 2.0 1.4343434343434343  
11 340.67070747726103 2.303030303030303 2.515151515151515 1.303030303030303 1.7272727272727273 2.727272727272727 1.303030303030303 2.727272727272727 2.484848484848485 2.878787878787879 2.1818181818181817 2.090909090909091 2.6666666666666665 2.787878787878788 3.0 2.8181818181818183 2.878787878787879 2.0 1.7878787878787878 1.393939393939394 1.6666666666666667 2.727272727272727 1.878787878787879 2.696969696969697 2.9696969696969697 2.696969696969697 1.4545454545454546 1.4545454545454546 2.1515151515151514 1.9393939393939394 2.606060606060606 1.6666666666666667 2.121212121212121 2.8484848484848486 1.9090909090909092 2.6666666666666665 2.484848484848485 2.8181818181818183 2.8484848484848486 1.696969696969697 2.606060606060606 2.6363636363636362 2.6363636363636362 2.0303030303030303 1.3636363636363635 1.9696969696969697 1.303030303030303 1.2424242424242424 2.6666666666666665 3.0 2.1515151515151514  
25 185.80413991541042 1.5353535353535352 1.6767676767676767 0.8686868686868687 1.1515151515151516 1.8181818181818181 0.8686868686868687 1.8181818181818181 1.6565656565656566 1.9191919191919191 1.4545454545454546 1.393939393939394 1.7777777777777777 1.8585858585858586 2.0 1.878787878787879 1.9191919191919191 1.3333333333333333 1.1919191919191918 0.9292929292929293 1.1111111111111112 1.8181818181818181 1.2525252525252526 1.797979797979798 1.97979797979798 1.797979797979798 0.9696969696969697 0.9696969696969697 1.4343434343434343 1.292929292929293 1.7373737373737375 1.1111111111111112 1.4141414141414141 1.898989898989899 1.2727272727272727 1.7777777777777777 1.6565656565656566 1.878787878787879 1.898989898989899 1.1313131313131313 1.7373737373737375 1.7575757575757576 1.7575757575757576 1.3535353535353536 0.9090909090909091 1.3131313131313131 0.8686868686868687 0.8282828282828283 1.7777777777777777 2.0 1.4343434343434343  
37 73.06224475926608 2.303030303030303 2.515151515151515 1.303030303030303 1.7272727272727273 2.727272727272727 1.303030303030303 2.727272727272727 2.484848484848485 2.878787878787879 2.1818181818181817 2.090909090909091 2.6666666666666665 2.787878787878788 3.0 2.8181818181818183 2.878787878787879 2.0 1.7878787878787878 1.393939393939394 1.6666666666666667 2.727272727272727 1.878787878787879 2.696969696969697 2.9696969696969697 2.696969696969697 1.4545454545454546 1.4545454545454546 2.1515151515151514 1.9393939393939394 2.606060606060606 1.6666666666666667 2.121212121212121 2.8484848484848486 1.9090909090909092 2.6666666666666665 2.484848484848485 2.8181818181818183 2.8484848484848486 1.696969696969697 2.606060606060606 2.6363636363636362 2.6363636363636362 2.0303030303030303 1.3636363636363635 1.9696969696969697 1.303030303030303 1.2424242424242424 2.6666666666666665 3.0 2.1515151515151514  
74 25.686959269015592 2.303030303030303 2.515151515151515 1.303030303030303 1.7272727272727273 2.727272727272727 1.303030303030303 2.727272727272727 2.484848484848485 2.878787878787879 2.1818181818181817 2.090909090909091 2.6666666666666665 2.787878787878788 3.0 2.8181818181818183 2.878787878787879 2.0 1.7878787878787878 1.393939393939394 1.6666666666666667 2.727272727272727 1.878787878787879 2.696969696969697 2.9696969696969697 2.696969696969697 1.4545454545454546 1.4545454545454546 2.1515151515151514 1.9393939393939394 2.606060606060606 1.6666666666666667 2.121212121212121 2.8484848484848486 1.9090909090909092 2.6666666666666665 2.484848484848485 2.8181818181818183 2.8484848484848486 1.696969696969697 2.606060606060606 2.6363636363636362 2.6363636363636362 2.0303030303030303 1.3636363636363635 1.9696969696969697 1.303030303030303 1.2424242424242424 2.6666666666666665 3.0 2.1515151515151514  
42 128.2797726438368 1.5353535353535352 1.6767676767676767 0.8686868686868687 1.1515151515151516 1.8181818181818181 0.8686868686868687 1.8181818181818181 1.6565656565656566 1.9191919191919191 1.4545454545454546 1.393939393939394 1.7777777777777777 1.8585858585858586 2.0 1.878787878787879 1.9191919191919191 1.3333333333333333 1.1919191919191918 0.9292929292929293 1.1111111111111112 1.8181818181818181 1.2525252525252526 1.797979797979798 1.97979797979798 1.797979797979798 0.9696969696969697 0.9696969696969697 1.4343434343434343 1.292929292929293 1.7373737373737375 1.1111111111111112 1.4141414141414141 1.898989898989899 1.2727272727272727 1.7777777777777777 1.6565656565656566 1.878787878787879 1.898989898989899 1.1313131313131313 1.7373737373737375 1.7575757575757576 1.7575757575757576 1.3535353535353536 0.9090909090909091 1.3131313131313131 0.8686868686868687 0.8282828282828283 1.7777777777777777 2.0 1.4343434343434343  
48 89.16670089975767 2.303030303030303 2.515151515151515 1.303030303030303 1.7272727272727273 2.727272727272727 1.303030303030303 2.727272727272727 2.484848484848485 2.878787878787879 2.1818181818181817 2.090909090909091 2.6666666666666665 2.787878787878788 3.0 2.8181818181818183 2.878787878787879 2.0 1.7878787878787878 1.393939393939394 1.6666666666666667 2.727272727272727 1.878787878787879 2.696969696969697 2.9696969696969697 2.696969696969697 1.4545454545454546 1.4545454545454546 2.1515151515151514 1.9393939393939394 2.606060606060606 1.6666666666666667 2.121212121212121 2.8484848484848486 1.9090909090909092 2.6666666666666665 2.484848484848485 2.8181818181818183 2.8484848484848486 1.696969696969697 2.606060606060606 2.6363636363636362 2.6363636363636362 2.0303030303030303 1.3636363636363635 1.9696969696969697 1.303030303030303 1.2424242424242424 2.6666666666666665 3.0 2.1515151515151514  
32 126.67353859083175 2.303030303030303 2.515151515151515 1.303030303030303 1.7272727272727273 2.727272727272727 1.303030303030303 2.727272727272727 2.484848484848485 2.878787878787879 2.1818181818181817 2.090909090909091 2.6666666666666665 2.787878787878788 3.0 2.8181818181818183 2.878787878787879 2.0 1.7878787878787878 1.393939393939394 1.6666666666666667 2.727272727272727 1.878787878787879 2.696969696969697 2.9696969696969697 2.696969696969697 1.4545454545454546 1.4545454545454546 2.1515151515151514 1.9393939393939394 2.606060606060606 1.6666666666666667 2.121212121212121 2.8484848484848486 1.9090909090909092 2.6666666666666665 2.484848484848485 2.8181818181818183 2.8484848484848486 1.696969696969697 2.606060606060606 2.6363636363636362 2.6363636363636362 2.0303030303030303 1.3636363636363635 1.9696969696969697 1.303030303030303 1.2424242424242424 2.6666666666666665 3.0 2.1515151515151514  
24 27.0 2.303030303030303 2.515151515151515 1.303030303030303 1.7272727272727273 2.727272727272727 1.303030303030303 2.727272727272727 2.484848484848485 2.878787878787879 2.1818181818181817 2.090909090909091 2.6666666666666665 2.787878787878788 3.0 2.8181818181818183 2.878787878787879 2.0 1.7878787878787878 1.393939393939394 1.6666666666666667 2.727272727272727 1.878787878787879 2.696969696969697 2.9696969696969697 2.696969696969697 1.4545454545454546 1.4545454545454546 2.1515151515151514 1.9393939393939394 2.606060606060606 1.6666666666666667 2.121212121212121 2.8484848484848486 1.9090909090909092 2.6666666666666665 2.484848484848485 2.8181818181818183 2.8484848484848486 1.696969696969697 2.606060606060606 2.6363636363636362 2.6363636363636362 2.0303030303030303 1.3636363636363635 1.9696969696969697 1.303030303030303 1.2424242424242424 2.6666666666666665 3.0 2.1515151515151514  
23 22.76703516647158 2.303030303030303 2.515151515151515 1.303030303030303 1.7272727272727273 2.727272727272727 1.303030303030303 2.727272727272727 2.484848484848485 2.878787878787879 2.1818181818181817 2.090909090909091 2.6666666666666665 2.787878787878788 3.0 2.8181818181818183 2.878787878787879 2.0 1.7878787878787878 1.393939393939394 1.6666666666666667 2.727272727272727 1.878787878787879 2.696969696969697 2.9696969696969697 2.696969696969697 1.4545454545454546 1.4545454545454546 2.1515151515151514 1.9393939393939394 2.606060606060606 1.6666666666666667 2.121212121212121 2.8484848484848486 1.9090909090909092 2.6666666666666665 2.484848484848485 2.8181818181818183 2.8484848484848486 1.696969696969697 2.606060606060606 2.6363636363636362 2.6363636363636362 2.0303030303030303 1.3636363636363635 1.9696969696969697 1.303030303030303 1.2424242424242424 2.6666666666666665 3.0 2.1515151515151514  
62 14.693142810216044 1.5353535353535352 1.6767676767676767 0.8686868686868687 1.1515151515151516 1.8181818181818181 0.8686868686868687 1.8181818181818181 1.6565656565656566 1.9191919191919191 1.4545454545454546 1.393939393939394 1.7777777777777777 1.8585858585858586 2.0 1.878787878787879 1.9191919191919191 1.3333333333333333 1.1919191919191918 0.9292929292929293 1.1111111111111112 1.8181818181818181 1.2525252525252526 1.797979797979798 1.97979797979798 1.797979797979798 0.9696969696969697 0.9696969696969697 1.4343434343434343 1.292929292929293 1.7373737373737375 1.1111111111111112 1.4141414141414141 1.898989898989899 1.2727272727272727 1.7777777777777777 1.6565656565656566 1.878787878787879 1.898989898989899 1.1313131313131313 1.7373737373737375 1.7575757575757576 1.7575757575757576 1.3535353535353536 0.9090909090909091 1.3131313131313131 0.8686868686868687 0.8282828282828283 1.7777777777777777 2.0 1.4343434343434343  
52 395.6050434685628 1.5353535353535352 1.6767676767676767 0.8686868686868687 1.1515151515151516 1.8181818181818181 0.8686868686868687 1.8181818181818181 1.6565656565656566 1.9191919191919191 1.4545454545454546 1.393939393939394 1.7777777777777777 1.8585858585858586 2.0 1.878787878787879 1.9191919191919191 1.3333333333333333 1.1919191919191918 0.9292929292929293 1.1111111111111112 1.8181818181818181 1.2525252525252526 1.797979797979798 1.97979797979798 1.797979797979798 0.9696969696969697 0.9696969696969697 1.4343434343434343 1.292929292929293 1.7373737373737375 1.1111111111111112 1.4141414141414141 1.898989898989899 1.2727272727272727 1.7777777777777777 1.6565656565656566 1.878787878787879 1.898989898989899 1.1313131313131313 1.7373737373737375 1.7575757575757576 1.7575757575757576 1.3535353535353536 0.9090909090909091 1.3131313131313131 0.8686868686868687 0.8282828282828283 1.7777777777777777 2.0 1.4343434343434343  
39 162.98216187264399 2.303030303030303 2.515151515151515 1.303030303030303 1.7272727272727273 2.727272727272727 1.303030303030303 2.727272727272727 2.484848484848485 2.878787878787879 2.1818181818181817 2.090909090909091 2.6666666666666665 2.787878787878788 3.0 2.8181818181818183 2.878787878787879 2.0 1.7878787878787878 1.393939393939394 1.6666666666666667 2.727272727272727 1.878787878787879 2.696969696969697 2.9696969696969697 2.696969696969697 1.4545454545454546 1.4545454545454546 2.1515151515151514 1.9393939393939394 2.606060606060606 1.6666666666666667 2.121212121212121 2.8484848484848486 1.9090909090909092 2.6666666666666665 2.484848484848485 2.8181818181818183 2.8484848484848486 1.696969696969697 2.606060606060606 2.6363636363636362 2.6363636363636362 2.0303030303030303 1.3636363636363635 1.9696969696969697 1.303030303030303 1.2424242424242424 2.6666666666666665 3.0 2.1515151515151514  
40 17.063317464822028 2.303030303030303 2.515151515151515 1.303030303030303 1.7272727272727273 2.727272727272727 1.303030303030303 2.727272727272727 2.484848484848485 2.878787878787879 2.1818181818181817 2.090909090909091 2.6666666666666665 2.787878787878788 3.0 2.8181818181818183 2.878787878787879 2.0 1.7878787878787878 1.393939393939394 1.6666666666666667 2.727272727272727 1.878787878787879 2.696969696969697 2.9696969696969697 2.696969696969697 1.4545454545454546 1.4545454545454546 2.1515151515151514 1.9393939393939394 2.606060606060606 1.6666666666666667 2.121212121212121 2.8484848484848486 1.9090909090909092 2.6666666666666665 2.484848484848485 2.8181818181818183 2.8484848484848486 1.696969696969697 2.606060606060606 2.6363636363636362 2.6363636363636362 2.0303030303030303 1.3636363636363635 1.9696969696969697 1.303030303030303 1.2424242424242424 2.6666666666666665 3.0 2.1515151515151514  
1 89.0 2.303030303030303 2.515151515151515 1.303030303030303 1.7272727272727273 2.727272727272727 1.303030303030303 2.727272727272727 2.484848484848485 2.878787878787879 2.1818181818181817 2.090909090909091 2.6666666666666665 2.787878787878788 3.0 2.8181818181818183 2.878787878787879 2.0 1.7878787878787878 1.393939393939394 1.6666666666666667 2.727272727272727 1.878787878787879 2.696969696969697 2.9696969696969697 2.696969696969697 1.4545454545454546 1.4545454545454546 2.1515151515151514 1.9393939393939394 2.606060606060606 1.6666666666666667 2.121212121212121 2.8484848484848486 1.9090909090909092 2.6666666666666665 2.484848484848485 2.8181818181818183 2.8484848484848486 1.696969696969697 2.606060606060606 2.6363636363636362 2.6363636363636362 2.0303030303030303 1.3636363636363635 1.9696969696969697 1.303030303030303 1.2424242424242424 2.6666666666666665 3.0 2.1515151515151514  
78 4.185770750988158 1.5353535353535352 1.6767676767676767 0.8686868686868687 1.1515151515151516 1.8181818181818181 0.8686868686868687 1.8181818181818181 1.6565656565656566 1.9191919191919191 1.4545454545454546 1.393939393939394 1.7777777777777777 1.8585858585858586 2.0 1.878787878787879 1.9191919191919191 1.3333333333333333 1.1919191919191918 0.9292929292929293 1.1111111111111112 1.8181818181818181 1.2525252525252526 1.797979797979798 1.97979797979798 1.797979797979798 0.9696969696969697 0.9696969696969697 1.4343434343434343 1.292929292929293 1.7373737373737375 1.1111111111111112 1.4141414141414141 1.898989898989899 1.2727272727272727 1.7777777777777777 1.6565656565656566 1.878787878787879 1.898989898989899 1.1313131313131313 1.7373737373737375 1.7575757575757576 1.7575757575757576 1.3535353535353536 0.9090909090909091 1.3131313131313131 0.8686868686868687 0.8282828282828283 1.7777777777777777 2.0 1.4343434343434343  
65 228.4882835112002 1.5353535353535352 1.6767676767676767 0.8686868686868687 1.1515151515151516 1.8181818181818181 0.8686868686868687 1.8181818181818181 1.6565656565656566 1.9191919191919191 1.4545454545454546 1.393939393939394 1.7777777777777777 1.8585858585858586 2.0 1.878787878787879 1.9191919191919191 1.3333333333333333 1.1919191919191918 0.9292929292929293 1.1111111111111112 1.8181818181818181 1.2525252525252526 1.797979797979798 1.97979797979798 1.797979797979798 0.9696969696969697 0.9696969696969697 1.4343434343434343 1.292929292929293 1.7373737373737375 1.1111111111111112 1.4141414141414141 1.898989898989899 1.2727272727272727 1.7777777777777777 1.6565656565656566 1.878787878787879 1.898989898989899 1.1313131313131313 1.7373737373737375 1.7575757575757576 1.7575757575757576 1.3535353535353536 0.9090909090909091 1.3131313131313131 0.8686868686868687 0.8282828282828283 1.7777777777777777 2.0 1.4343434343434343  
28 189.99661405760435 2.303030303030303 2.515151515151515 1.303030303030303 1.7272727272727273 2.727272727272727 1.303030303030303 2.727272727272727 2.484848484848485 2.878787878787879 2.1818181818181817 2.090909090909091 2.6666666666666665 2.787878787878788 3.0 2.8181818181818183 2.878787878787879 2.0 1.7878787878787878 1.393939393939394 1.6666666666666667 2.727272727272727 1.878787878787879 2.696969696969697 2.9696969696969697 2.696969696969697 1.4545454545454546 1.4545454545454546 2.1515151515151514 1.9393939393939394 2.606060606060606 1.6666666666666667 2.121212121212121 2.8484848484848486 1.9090909090909092 2.6666666666666665 2.484848484848485 2.8181818181818183 2.8484848484848486 1.696969696969697 2.606060606060606 2.6363636363636362 2.6363636363636362 2.0303030303030303 1.3636363636363635 1.9696969696969697 1.303030303030303 1.2424242424242424 2.6666666666666665 3.0 2.1515151515151514  
58 172.80318758313507 1.5353535353535352 1.6767676767676767 0.8686868686868687 1.1515151515151516 1.8181818181818181 0.8686868686868687 1.8181818181818181 1.6565656565656566 1.9191919191919191 1.4545454545454546 1.393939393939394 1.7777777777777777 1.8585858585858586 2.0 1.878787878787879 1.9191919191919191 1.3333333333333333 1.1919191919191918 0.9292929292929293 1.1111111111111112 1.8181818181818181 1.2525252525252526 1.797979797979798 1.97979797979798 1.797979797979798 0.9696969696969697 0.9696969696969697 1.4343434343434343 1.292929292929293 1.7373737373737375 1.1111111111111112 1.4141414141414141 1.898989898989899 1.2727272727272727 1.7777777777777777 1.6565656565656566 1.878787878787879 1.898989898989899 1.1313131313131313 1.7373737373737375 1.7575757575757576 1.7575757575757576 1.3535353535353536 0.9090909090909091 1.3131313131313131 0.8686868686868687 0.8282828282828283 1.7777777777777777 2.0 1.4343434343434343  
9 114.93097060739122 1.5353535353535352 1.6767676767676767 0.8686868686868687 1.1515151515151516 1.8181818181818181 0.8686868686868687 1.8181818181818181 1.6565656565656566 1.9191919191919191 1.4545454545454546 1.393939393939394 1.7777777777777777 1.8585858585858586 2.0 1.878787878787879 1.9191919191919191 1.3333333333333333 1.1919191919191918 0.9292929292929293 1.1111111111111112 1.8181818181818181 1.2525252525252526 1.797979797979798 1.97979797979798 1.797979797979798 0.9696969696969697 0.9696969696969697 1.4343434343434343 1.292929292929293 1.7373737373737375 1.1111111111111112 1.4141414141414141 1.898989898989899 1.2727272727272727 1.7777777777777777 1.6565656565656566 1.878787878787879 1.898989898989899 1.1313131313131313 1.7373737373737375 1.7575757575757576 1.7575757575757576 1.3535353535353536 0.9090909090909091 1.3131313131313131 0.8686868686868687 0.8282828282828283 1.7777777777777777 2.0 1.4343434343434343  
13 103.67875219791729 1.5353535353535352 1.6767676767676767 0.8686868686868687 1.1515151515151516 1.8181818181818181 0.8686868686868687 1.8181818181818181 1.6565656565656566 1.9191919191919191 1.4545454545454546 1.393939393939394 1.7777777777777777 1.8585858585858586 2.0 1.878787878787879 1.9191919191919191 1.3333333333333333 1.1919191919191918 0.9292929292929293 1.1111111111111112 1.8181818181818181 1.2525252525252526 1.797979797979798 1.97979797979798 1.797979797979798 0.9696969696969697 0.9696969696969697 1.4343434343434343 1.292929292929293 1.7373737373737375 1.1111111111111112 1.4141414141414141 1.898989898989899 1.2727272727272727 1.7777777777777777 1.6565656565656566 1.878787878787879 1.898989898989899 1.1313131313131313 1.7373737373737375 1.7575757575757576 1.7575757575757576 1.3535353535353536 0.9090909090909091 1.3131313131313131 0.8686868686868687 0.8282828282828283 1.7777777777777777 2.0 1.4343434343434343  
17 412.8697046380907 1.5353535353535352 1.6767676767676767 0.8686868686868687 1.1515151515151516 1.8181818181818181 0.8686868686868687 1.8181818181818181 1.6565656565656566 1.9191919191919191 1.4545454545454546 1.393939393939394 1.7777777777777777 1.8585858585858586 2.0 1.878787878787879 1.9191919191919191 1.3333333333333333 1.1919191919191918 0.9292929292929293 1.1111111111111112 1.8181818181818181 1.2525252525252526 1.797979797979798 1.97979797979798 1.797979797979798 0.9696969696969697 0.9696969696969697 1.4343434343434343 1.292929292929293 1.7373737373737375 1.1111111111111112 1.4141414141414141 1.898989898989899 1.2727272727272727 1.7777777777777777 1.6565656565656566 1.878787878787879 1.898989898989899 1.1313131313131313 1.7373737373737375 1.7575757575757576 1.7575757575757576 1.3535353535353536 0.9090909090909091 1.3131313131313131 0.8686868686868687 0.8282828282828283 1.7777777777777777 2.0 1.4343434343434343  
3 43.86240427231775 2.303030303030303 2.515151515151515 1.303030303030303 1.7272727272727273 2.727272727272727 1.303030303030303 2.727272727272727 2.484848484848485 2.878787878787879 2.1818181818181817 2.090909090909091 2.6666666666666665 2.787878787878788 3.0 2.8181818181818183 2.878787878787879 2.0 1.7878787878787878 1.393939393939394 1.6666666666666667 2.727272727272727 1.878787878787879 2.696969696969697 2.9696969696969697 2.696969696969697 1.4545454545454546 1.4545454545454546 2.1515151515151514 1.9393939393939394 2.606060606060606 1.6666666666666667 2.121212121212121 2.8484848484848486 1.9090909090909092 2.6666666666666665 2.484848484848485 2.8181818181818183 2.8484848484848486 1.696969696969697 2.606060606060606 2.6363636363636362 2.6363636363636362 2.0303030303030303 1.3636363636363635 1.9696969696969697 1.303030303030303 1.2424242424242424 2.6666666666666665 3.0 2.1515151515151514  
53 253.10516665030875 2.303030303030303 2.515151515151515 1.303030303030303 1.7272727272727273 2.727272727272727 1.303030303030303 2.727272727272727 2.484848484848485 2.878787878787879 2.1818181818181817 2.090909090909091 2.6666666666666665 2.787878787878788 3.0 2.8181818181818183 2.878787878787879 2.0 1.7878787878787878 1.393939393939394 1.6666666666666667 2.727272727272727 1.878787878787879 2.696969696969697 2.9696969696969697 2.696969696969697 1.4545454545454546 1.4545454545454546 2.1515151515151514 1.9393939393939394 2.606060606060606 1.6666666666666667 2.121212121212121 2.8484848484848486 1.9090909090909092 2.6666666666666665 2.484848484848485 2.8181818181818183 2.8484848484848486 1.696969696969697 2.606060606060606 2.6363636363636362 2.6363636363636362 2.0303030303030303 1.3636363636363635 1.9696969696969697 1.303030303030303 1.2424242424242424 2.6666666666666665 3.0 2.1515151515151514  
22 138.86356242366764 1.5353535353535352 1.6767676767676767 0.8686868686868687 1.1515151515151516 1.8181818181818181 0.8686868686868687 1.8181818181818181 1.6565656565656566 1.9191919191919191 1.4545454545454546 1.393939393939394 1.7777777777777777 1.8585858585858586 2.0 1.878787878787879 1.9191919191919191 1.3333333333333333 1.1919191919191918 0.9292929292929293 1.1111111111111112 1.8181818181818181 1.2525252525252526 1.797979797979798 1.97979797979798 1.797979797979798 0.9696969696969697 0.9696969696969697 1.4343434343434343 1.292929292929293 1.7373737373737375 1.1111111111111112 1.4141414141414141 1.898989898989899 1.2727272727272727 1.7777777777777777 1.6565656565656566 1.878787878787879 1.898989898989899 1.1313131313131313 1.7373737373737375 1.7575757575757576 1.7575757575757576 1.3535353535353536 0.9090909090909091 1.3131313131313131 0.8686868686868687 0.8282828282828283 1.7777777777777777 2.0 1.4343434343434343  
2 87.40476091064333 1.5353535353535352 1.6767676767676767 0.8686868686868687 1.1515151515151516 1.8181818181818181 0.8686868686868687 1.8181818181818181 1.6565656565656566 1.9191919191919191 1.4545454545454546 1.393939393939394 1.7777777777777777 1.8585858585858586 2.0 1.878787878787879 1.9191919191919191 1.3333333333333333 1.1919191919191918 0.9292929292929293 1.1111111111111112 1.8181818181818181 1.2525252525252526 1.797979797979798 1.97979797979798 1.797979797979798 0.9696969696969697 0.9696969696969697 1.4343434343434343 1.292929292929293 1.7373737373737375 1.1111111111111112 1.4141414141414141 1.898989898989899 1.2727272727272727 1.7777777777777777 1.6565656565656566 1.878787878787879 1.898989898989899 1.1313131313131313 1.7373737373737375 1.7575757575757576 1.7575757575757576 1.3535353535353536 0.9090909090909091 1.3131313131313131 0.8686868686868687 0.8282828282828283 1.7777777777777777 2.0 1.4343434343434343  
5 65.90446355446353 2.303030303030303 2.515151515151515 1.303030303030303 1.7272727272727273 2.727272727272727 1.303030303030303 2.727272727272727 2.484848484848485 2.878787878787879 2.1818181818181817 2.090909090909091 2.6666666666666665 2.787878787878788 3.0 2.8181818181818183 2.878787878787879 2.0 1.7878787878787878 1.393939393939394 1.6666666666666667 2.727272727272727 1.878787878787879 2.696969696969697 2.9696969696969697 2.696969696969697 1.4545454545454546 1.4545454545454546 2.1515151515151514 1.9393939393939394 2.606060606060606 1.6666666666666667 2.121212121212121 2.8484848484848486 1.9090909090909092 2.6666666666666665 2.484848484848485 2.8181818181818183 2.8484848484848486 1.696969696969697 2.606060606060606 2.6363636363636362 2.6363636363636362 2.0303030303030303 1.3636363636363635 1.9696969696969697 1.303030303030303 1.2424242424242424 2.6666666666666665 3.0 2.1515151515151514  
20 210.57940133361458 1.5353535353535352 1.6767676767676767 0.8686868686868687 1.1515151515151516 1.8181818181818181 0.8686868686868687 1.8181818181818181 1.6565656565656566 1.9191919191919191 1.4545454545454546 1.393939393939394 1.7777777777777777 1.8585858585858586 2.0 1.878787878787879 1.9191919191919191 1.3333333333333333 1.1919191919191918 0.9292929292929293 1.1111111111111112 1.8181818181818181 1.2525252525252526 1.797979797979798 1.97979797979798 1.797979797979798 0.9696969696969697 0.9696969696969697 1.4343434343434343 1.292929292929293 1.7373737373737375 1.1111111111111112 1.4141414141414141 1.898989898989899 1.2727272727272727 1.7777777777777777 1.6565656565656566 1.878787878787879 1.898989898989899 1.1313131313131313 1.7373737373737375 1.7575757575757576 1.7575757575757576 1.3535353535353536 0.9090909090909091 1.3131313131313131 0.8686868686868687 0.8282828282828283 1.7777777777777777 2.0 1.4343434343434343  
15 70.292401019687 2.303030303030303 2.515151515151515 1.303030303030303 1.7272727272727273 2.727272727272727 1.303030303030303 2.727272727272727 2.484848484848485 2.878787878787879 2.1818181818181817 2.090909090909091 2.6666666666666665 2.787878787878788 3.0 2.8181818181818183 2.878787878787879 2.0 1.7878787878787878 1.393939393939394 1.6666666666666667 2.727272727272727 1.878787878787879 2.696969696969697 2.9696969696969697 2.696969696969697 1.4545454545454546 1.4545454545454546 2.1515151515151514 1.9393939393939394 2.606060606060606 1.6666666666666667 2.121212121212121 2.8484848484848486 1.9090909090909092 2.6666666666666665 2.484848484848485 2.8181818181818183 2.8484848484848486 1.696969696969697 2.606060606060606 2.6363636363636362 2.6363636363636362 2.0303030303030303 1.3636363636363635 1.9696969696969697 1.303030303030303 1.2424242424242424 2.6666666666666665 3.0 2.1515151515151514  
70 15.227293502766958 2.303030303030303 2.515151515151515 1.303030303030303 1.7272727272727273 2.727272727272727 1.303030303030303 2.727272727272727 2.484848484848485 2.878787878787879 2.1818181818181817 2.090909090909091 2.6666666666666665 2.787878787878788 3.0 2.8181818181818183 2.878787878787879 2.0 1.7878787878787878 1.393939393939394 1.6666666666666667 2.727272727272727 1.878787878787879 2.696969696969697 2.9696969696969697 2.696969696969697 1.4545454545454546 1.4545454545454546 2.1515151515151514 1.9393939393939394 2.606060606060606 1.6666666666666667 2.121212121212121 2.8484848484848486 1.9090909090909092 2.6666666666666665 2.484848484848485 2.8181818181818183 2.8484848484848486 1.696969696969697 2.606060606060606 2.6363636363636362 2.6363636363636362 2.0303030303030303 1.3636363636363635 1.9696969696969697 1.303030303030303 1.2424242424242424 2.6666666666666665 3.0 2.1515151515151514  
73 4.530766488413546 2.303030303030303 2.515151515151515 1.303030303030303 1.7272727272727273 2.727272727272727 1.303030303030303 2.727272727272727 2.484848484848485 2.878787878787879 2.1818181818181817 2.090909090909091 2.6666666666666665 2.787878787878788 3.0 2.8181818181818183 2.878787878787879 2.0 1.7878787878787878 1.393939393939394 1.6666666666666667 2.727272727272727 1.878787878787879 2.696969696969697 2.9696969696969697 2.696969696969697 1.4545454545454546 1.4545454545454546 2.1515151515151514 1.9393939393939394 2.606060606060606 1.6666666666666667 2.121212121212121 2.8484848484848486 1.9090909090909092 2.6666666666666665 2.484848484848485 2.8181818181818183 2.8484848484848486 1.696969696969697 2.606060606060606 2.6363636363636362 2.6363636363636362 2.0303030303030303 1.3636363636363635 1.9696969696969697 1.303030303030303 1.2424242424242424 2.6666666666666665 3.0 2.1515151515151514  
