80 40
TREE NETWORK (nID nID Weight):
1 0 39.0 
23 0 37.0 
34 0 40.0 
2 1 34.0 
35 34 32.0 
39 34 34.0 
40 39 48.0 
41 40 43.0 
55 34 56.0 
3 2 58.0 
42 40 40.0 
24 23 51.0 
43 40 35.0 
5 2 36.0 
36 35 55.0 
16 2 52.0 
64 34 45.0 
56 55 47.0 
69 34 55.0 
60 55 35.0 
44 43 56.0 
25 24 55.0 
49 40 34.0 
70 69 33.0 
45 43 46.0 
46 43 55.0 
32 23 49.0 
71 70 33.0 
73 69 47.0 
6 5 51.0 
50 49 38.0 
17 16 34.0 
72 70 38.0 
57 56 59.0 
61 60 51.0 
27 24 34.0 
28 27 46.0 
7 6 56.0 
26 25 54.0 
65 64 59.0 
54 39 43.0 
4 3 30.0 
20 2 38.0 
62 60 34.0 
47 46 30.0 
74 69 47.0 
33 23 52.0 
48 43 41.0 
8 7 57.0 
19 16 32.0 
59 56 31.0 
58 57 41.0 
75 74 51.0 
51 49 46.0 
9 7 44.0 
76 74 40.0 
66 65 44.0 
63 60 33.0 
22 1 36.0 
10 7 32.0 
77 0 51.0 
12 6 54.0 
78 0 45.0 
79 0 45.0 
18 17 42.0 
68 64 57.0 
67 66 50.0 
11 7 30.0 
52 51 43.0 
15 5 52.0 
30 24 34.0 
13 6 45.0 
14 13 45.0 
31 24 42.0 
53 49 43.0 
37 35 39.0 
21 2 41.0 
38 37 34.0 
29 27 52.0 
PROGRAMS ASSIGNED TO NODES (nID pID1 pID2 ...):
0 1 2 3 4 5 6 7 8 9 10 11 12 13 14 15 16 17 18 19 20 21 22 23 24 25 26 27 28 29 30 31 32 33 34 35 36 37 38 39 40  
13 8 9 13 14 16 17 18 20 22 23 25 27 29 31 33 35 36 39 40  
39  
1 1 2 3 4 5 6 7 8 9 10 11 12 14 15 16 17 18 19 20 21 22 23 24 25 26 27 28 29 30 31 32 34 35 36 37 38 39 40  
30  
3 11 12 26  
17 4 6 8 10 11 12 13 15 17 20 21 22 24 26 29 31 32 35 37 38 39 40  
71 1 4 6 8 10 12 14 26 29 30 31 36 37 38 39  
41 1 2 3 4 5 6 7 8 9 10 11 13 14 15 16 17 18 19 20 21 22 23 24 25 26 27 28 29 30 31 32 33 35 36 37 38 39 40  
61 2 3 4 8 12 13 14 16 17 18 23 24 28 29 30 37 38  
45 1 2 3 8 10 11 13 14 15 17 19 21 23 25 26 28 29 31 32 35 36 40  
52 2 3 5 6 7 10 11 12 13 14 15 18 20 21 22 24 25 26 27 29 30 32 33 35 36 37 40  
62 2 4 5 6 7 8 13 14 18 19 23 24 27 28 29 31 32 34 35 37 38 39  
24  
63 1 3 4 5 6 7 8 9 10 11 12 13 15 16 17 18 20 21 22 23 24 26 28 29 30 31 32 33 34 35 36 37 38 39 40  
23 3 4 5 7 9 10 12 13 14 15 16 17 18 19 20 21 22 23 24 25 26 27 28 29 31 32 33 34 35 36 37 38 39 40  
47 1 2 9 10 12 13 17 19 27 31 34 35 36 37  
65 1 9 20 22 29 32 33 35 36 37  
57 1 2 3 4 9 10 12 13 16 17 19 20 22 24 25 26 27 29 31 33 34 37 40  
49 2 3 4 9 10 13 14 18 21 22 23 25 26 27 28 31 34 35 36 38  
67 1 3 4 5 6 7 9 10 11 12 13 15 16 17 18 19 20 21 22 23 24 25 27 28 30 31 32 33 34 35 36 37 38 40  
2 1 2 3 4 5 6 8 9 10 11 13 15 17 18 19 20 22 23 25 27 28 29 30 31 32 33 34 36 37 38 39 40  
79 1 2 3 4 5 6 7 8 9 10 11 12 13 14 15 16 17 18 19 20 23 24 25 26 27 28 29 30 32 33 34 35 36 37 38 40  
12 2 3 4 5 6 9 12 13 14 15 16 17 19 20 22 23 24 25 26 27 28 30 31 32 33 34 35 37 40  
59 1 2 3 5 6 7 8 9 10 11 12 13 14 15 16 17 18 19 20 21 22 23 24 25 26 27 28 29 30 31 32 33 34 35 36 37 38 39 40  
70 1 2 4 5 8 9 11 12 13 14 17 19 20 21 22 24 25 26 29 31 32 33 34 35 36 38 39 40  
66 1 2 3 6 10 13 14 15 16 17 18 19 21 22 23 26 30 31 32 34 35 38 39  
46 1 21 22 30 35  
10 1 2 3 4 6 7 8 9 10 11 12 13 14 15 16 17 18 19 20 21 22 23 24 25 26 27 29 30 31 32 33 34 35 36 37 39  
5  
56 1 2 3 4 6 8 10 11 12 13 14 16 17 18 19 20 21 23 25 27 28 29 31 32 33 34 37 38 40  
76 24  
19  
6 2 4 8 9 10 11 13 14 15 16 17 20 25 26 28 31 32 34 35 38 40  
9 1 2 3 6 7 9 10 12 18 22 23 26 29 30 31 37  
8 5 8 10 11 15 16 27 34 35 38 39  
14 1 2 3 5 6 8 9 11 12 13 14 16 17 18 19 21 24 25 26 28 29 30 31 32 37 39 40  
27 1 2 17 25 26 30 31 35 40  
77 5 7 12 15 22 25 26 27 32 34 35 36 37 40  
51 2 9 22 24 36 39  
28 2 4 6 7 8 10 11 12 13 14 16 17 18 19 20 21 22 23 25 27 28 29 30 31 32 33 34 35 36 37 38 39 40  
11 1 2 5 6 7 8 9 11 12 14 15 16 17 18 19 20 21 22 23 24 25 26 27 28 29 31 33 34 35 36 37 38 39 40  
7 1 3 7 9 10 12 13 14 15 17 18 19 20 24 25 27 28 30 31 32 34 36 37 38 40  
64 1 2 3 4 5 6 7 8 9 12 13 14 18 19 21 23 24 26 29 31 32 37 38 39  
43  
34  
21 1 2 6 7 9 10 11 12 14 16 19 20 21 22 24 25 26 27 28 31 32 33 34 36 39 40  
26 9 11 13 14 16 24 35 36 38 39  
35 1 3 5 6 8 9 10 11 12 13 14 15 16 18 19 20 22 23 24 26 27 28 30 31 32 33 34 36 37 38 39 40  
50 32  
15 1 5 8 9 12 16 19 25 40  
16 3 8 10 18 24 25 27 29 30 37 38 39  
40  
37 1 2 3 4 5 6 7 8 9 11 12 13 14 15 16 17 18 19 20 21 22 23 24 26 29 30 31 32 33 34 35 36 38 39 40  
4 16 28 40  
29 1 2 3 4 5 6 7 9 10 11 12 14 15 16 17 18 19 20 21 22 23 24 25 26 27 28 29 30 31 33 34 35 37 38 39 40  
72 1 2 4 5 9 10 12 17 18 21 24 25 26 27 28 29 30 31 32 33 34 36 37 39 40  
60 27 30 33 35  
36 5 7 11 12 13 14 16 17 20 22 24 26 28 31 35 38  
48 2 3 4 5 6 7 8 9 10 11 12 13 14 15 16 17 18 19 20 21 22 23 24 25 26 27 28 29 30 31 32 33 34 35 36 37 38 39 40  
78 2 3 5 6 13 18 19 20 22 26 27 31 33 35 36  
69 3 11 24 29 32 36 38  
54 2 6 7 8 10 12 13 20 21 22 24 25 26 27 31 32 34 35 38 40  
42 6 9 11 13 17 19 22 28 31  
53 1 2 5 6 7 8 10 12 14 19 21 22 25 28 31 36  
74 6 11 14 22 27 36 38 40  
44 1 2 3 4 6 7 8 9 10 11 12 13 14 15 16 17 18 19 20 21 24 25 26 27 28 29 30 31 32 33 34 35 36 37 38 40  
38 1 3 4 5 6 7 8 9 10 12 13 15 16 17 21 22 23 24 25 26 27 29 30 32 34 35 37 38 39  
73 2 3 4 5 6 7 8 9 10 12 14 15 16 17 18 20 21 22 24 25 26 27 29 30 31 32 34 36 37 38 40  
20 2 3 4 7 8 11 15 17 18 19 21 22 23 26 27 28 31 32 37 38 39  
58 1 8 15 16 19 20 24 27  
33 1 4 13 19 23 28 36  
32 11 17 20 23 28 37  
55 1 6 10 13 17 19 24 25 28 32 34 35 39  
18 9 17 22 32 40  
75 3 5 18 21 26 29  
31 1 2 3 4 5 6 7 8 9 10 11 12 13 14 15 16 17 18 19 20 21 22 23 24 25 26 27 28 29 30 31 33 34 35 36 37 38 39 40  
22 1 2 3 4 5 6 7 9 10 11 12 13 14 15 16 17 18 19 20 21 22 23 24 25 26 27 30 31 32 33 34 35 37 38 39 40  
25 2 3 5 11 15  
68 2 3 4 5 7 8 9 10 12 13 14 16 17 18 19 20 23 25 26 28 29 31 32 33 34 35 36 37 38 39 40  
SIZE OF PROGRAMS (pID SIZE):
1 57.0 
2 73.0 
3 42.0 
4 80.0 
5 49.0 
6 55.0 
7 43.0 
8 88.0 
9 62.0 
10 43.0 
11 60.0 
12 50.0 
13 90.0 
14 83.0 
15 70.0 
16 69.0 
17 90.0 
18 40.0 
19 48.0 
20 89.0 
21 40.0 
22 55.0 
23 97.0 
24 77.0 
25 97.0 
26 86.0 
27 73.0 
28 64.0 
29 63.0 
30 80.0 
31 73.0 
32 93.0 
33 88.0 
34 44.0 
35 47.0 
36 41.0 
37 70.0 
38 87.0 
39 78.0 
40 75.0 
COST_INSTALL_SERVER_AND_PROGRAMS :
0 6585.567010309279 1.175257731958763 1.5051546391752577 0.865979381443299 1.6494845360824741 1.0103092783505154 1.134020618556701 0.8865979381443299 1.8144329896907216 1.2783505154639174 0.8865979381443299 1.2371134020618557 1.0309278350515463 1.8556701030927836 1.711340206185567 1.443298969072165 1.422680412371134 1.8556701030927836 0.8247422680412371 0.9896907216494846 1.8350515463917525 0.8247422680412371 1.134020618556701 2.0 1.5876288659793814 2.0 1.7731958762886597 1.5051546391752577 1.3195876288659794 1.2989690721649485 1.6494845360824741 1.5051546391752577 1.9175257731958764 1.8144329896907216 0.9072164948453608 0.9690721649484536 0.845360824742268 1.443298969072165 1.7938144329896908 1.6082474226804124 1.5463917525773196  
13 62.720632551196545 1.7628865979381443 2.2577319587628866 1.2989690721649485 2.4742268041237114 1.5154639175257731 1.7010309278350515 1.3298969072164948 2.7216494845360826 1.9175257731958764 1.3298969072164948 1.8556701030927836 1.5463917525773196 2.783505154639175 2.5670103092783507 2.1649484536082473 2.134020618556701 2.783505154639175 1.2371134020618557 1.4845360824742269 2.752577319587629 1.2371134020618557 1.7010309278350515 3.0 2.381443298969072 3.0 2.6597938144329896 2.2577319587628866 1.9793814432989691 1.9484536082474226 2.4742268041237114 2.2577319587628866 2.8762886597938144 2.7216494845360826 1.3608247422680413 1.4536082474226804 1.268041237113402 2.1649484536082473 2.6907216494845363 2.4123711340206184 2.3195876288659796  
39 15.826908473723908 1.7628865979381443 2.2577319587628866 1.2989690721649485 2.4742268041237114 1.5154639175257731 1.7010309278350515 1.3298969072164948 2.7216494845360826 1.9175257731958764 1.3298969072164948 1.8556701030927836 1.5463917525773196 2.783505154639175 2.5670103092783507 2.1649484536082473 2.134020618556701 2.783505154639175 1.2371134020618557 1.4845360824742269 2.752577319587629 1.2371134020618557 1.7010309278350515 3.0 2.381443298969072 3.0 2.6597938144329896 2.2577319587628866 1.9793814432989691 1.9484536082474226 2.4742268041237114 2.2577319587628866 2.8762886597938144 2.7216494845360826 1.3608247422680413 1.4536082474226804 1.268041237113402 2.1649484536082473 2.6907216494845363 2.4123711340206184 2.3195876288659796  
1 2.7211736716891326 1.175257731958763 1.5051546391752577 0.865979381443299 1.6494845360824741 1.0103092783505154 1.134020618556701 0.8865979381443299 1.8144329896907216 1.2783505154639174 0.8865979381443299 1.2371134020618557 1.0309278350515463 1.8556701030927836 1.711340206185567 1.443298969072165 1.422680412371134 1.8556701030927836 0.8247422680412371 0.9896907216494846 1.8350515463917525 0.8247422680412371 1.134020618556701 2.0 1.5876288659793814 2.0 1.7731958762886597 1.5051546391752577 1.3195876288659794 1.2989690721649485 1.6494845360824741 1.5051546391752577 1.9175257731958764 1.8144329896907216 0.9072164948453608 0.9690721649484536 0.845360824742268 1.443298969072165 1.7938144329896908 1.6082474226804124 1.5463917525773196  
30 35.0 1.175257731958763 1.5051546391752577 0.865979381443299 1.6494845360824741 1.0103092783505154 1.134020618556701 0.8865979381443299 1.8144329896907216 1.2783505154639174 0.8865979381443299 1.2371134020618557 1.0309278350515463 1.8556701030927836 1.711340206185567 1.443298969072165 1.422680412371134 1.8556701030927836 0.8247422680412371 0.9896907216494846 1.8350515463917525 0.8247422680412371 1.134020618556701 2.0 1.5876288659793814 2.0 1.7731958762886597 1.5051546391752577 1.3195876288659794 1.2989690721649485 1.6494845360824741 1.5051546391752577 1.9175257731958764 1.8144329896907216 0.9072164948453608 0.9690721649484536 0.845360824742268 1.443298969072165 1.7938144329896908 1.6082474226804124 1.5463917525773196  
3 10.504685199300535 1.7628865979381443 2.2577319587628866 1.2989690721649485 2.4742268041237114 1.5154639175257731 1.7010309278350515 1.3298969072164948 2.7216494845360826 1.9175257731958764 1.3298969072164948 1.8556701030927836 1.5463917525773196 2.783505154639175 2.5670103092783507 2.1649484536082473 2.134020618556701 2.783505154639175 1.2371134020618557 1.4845360824742269 2.752577319587629 1.2371134020618557 1.7010309278350515 3.0 2.381443298969072 3.0 2.6597938144329896 2.2577319587628866 1.9793814432989691 1.9484536082474226 2.4742268041237114 2.2577319587628866 2.8762886597938144 2.7216494845360826 1.3608247422680413 1.4536082474226804 1.268041237113402 2.1649484536082473 2.6907216494845363 2.4123711340206184 2.3195876288659796  
17 131.71764505035432 1.7628865979381443 2.2577319587628866 1.2989690721649485 2.4742268041237114 1.5154639175257731 1.7010309278350515 1.3298969072164948 2.7216494845360826 1.9175257731958764 1.3298969072164948 1.8556701030927836 1.5463917525773196 2.783505154639175 2.5670103092783507 2.1649484536082473 2.134020618556701 2.783505154639175 1.2371134020618557 1.4845360824742269 2.752577319587629 1.2371134020618557 1.7010309278350515 3.0 2.381443298969072 3.0 2.6597938144329896 2.2577319587628866 1.9793814432989691 1.9484536082474226 2.4742268041237114 2.2577319587628866 2.8762886597938144 2.7216494845360826 1.3608247422680413 1.4536082474226804 1.268041237113402 2.1649484536082473 2.6907216494845363 2.4123711340206184 2.3195876288659796  
71 65.57277276632303 1.175257731958763 1.5051546391752577 0.865979381443299 1.6494845360824741 1.0103092783505154 1.134020618556701 0.8865979381443299 1.8144329896907216 1.2783505154639174 0.8865979381443299 1.2371134020618557 1.0309278350515463 1.8556701030927836 1.711340206185567 1.443298969072165 1.422680412371134 1.8556701030927836 0.8247422680412371 0.9896907216494846 1.8350515463917525 0.8247422680412371 1.134020618556701 2.0 1.5876288659793814 2.0 1.7731958762886597 1.5051546391752577 1.3195876288659794 1.2989690721649485 1.6494845360824741 1.5051546391752577 1.9175257731958764 1.8144329896907216 0.9072164948453608 0.9690721649484536 0.845360824742268 1.443298969072165 1.7938144329896908 1.6082474226804124 1.5463917525773196  
41 171.28526610454833 1.175257731958763 1.5051546391752577 0.865979381443299 1.6494845360824741 1.0103092783505154 1.134020618556701 0.8865979381443299 1.8144329896907216 1.2783505154639174 0.8865979381443299 1.2371134020618557 1.0309278350515463 1.8556701030927836 1.711340206185567 1.443298969072165 1.422680412371134 1.8556701030927836 0.8247422680412371 0.9896907216494846 1.8350515463917525 0.8247422680412371 1.134020618556701 2.0 1.5876288659793814 2.0 1.7731958762886597 1.5051546391752577 1.3195876288659794 1.2989690721649485 1.6494845360824741 1.5051546391752577 1.9175257731958764 1.8144329896907216 0.9072164948453608 0.9690721649484536 0.845360824742268 1.443298969072165 1.7938144329896908 1.6082474226804124 1.5463917525773196  
61 90.44704390347205 1.175257731958763 1.5051546391752577 0.865979381443299 1.6494845360824741 1.0103092783505154 1.134020618556701 0.8865979381443299 1.8144329896907216 1.2783505154639174 0.8865979381443299 1.2371134020618557 1.0309278350515463 1.8556701030927836 1.711340206185567 1.443298969072165 1.422680412371134 1.8556701030927836 0.8247422680412371 0.9896907216494846 1.8350515463917525 0.8247422680412371 1.134020618556701 2.0 1.5876288659793814 2.0 1.7731958762886597 1.5051546391752577 1.3195876288659794 1.2989690721649485 1.6494845360824741 1.5051546391752577 1.9175257731958764 1.8144329896907216 0.9072164948453608 0.9690721649484536 0.845360824742268 1.443298969072165 1.7938144329896908 1.6082474226804124 1.5463917525773196  
45 122.05553514840344 1.175257731958763 1.5051546391752577 0.865979381443299 1.6494845360824741 1.0103092783505154 1.134020618556701 0.8865979381443299 1.8144329896907216 1.2783505154639174 0.8865979381443299 1.2371134020618557 1.0309278350515463 1.8556701030927836 1.711340206185567 1.443298969072165 1.422680412371134 1.8556701030927836 0.8247422680412371 0.9896907216494846 1.8350515463917525 0.8247422680412371 1.134020618556701 2.0 1.5876288659793814 2.0 1.7731958762886597 1.5051546391752577 1.3195876288659794 1.2989690721649485 1.6494845360824741 1.5051546391752577 1.9175257731958764 1.8144329896907216 0.9072164948453608 0.9690721649484536 0.845360824742268 1.443298969072165 1.7938144329896908 1.6082474226804124 1.5463917525773196  
52 132.23815221822213 1.7628865979381443 2.2577319587628866 1.2989690721649485 2.4742268041237114 1.5154639175257731 1.7010309278350515 1.3298969072164948 2.7216494845360826 1.9175257731958764 1.3298969072164948 1.8556701030927836 1.5463917525773196 2.783505154639175 2.5670103092783507 2.1649484536082473 2.134020618556701 2.783505154639175 1.2371134020618557 1.4845360824742269 2.752577319587629 1.2371134020618557 1.7010309278350515 3.0 2.381443298969072 3.0 2.6597938144329896 2.2577319587628866 1.9793814432989691 1.9484536082474226 2.4742268041237114 2.2577319587628866 2.8762886597938144 2.7216494845360826 1.3608247422680413 1.4536082474226804 1.268041237113402 2.1649484536082473 2.6907216494845363 2.4123711340206184 2.3195876288659796  
62 104.07539672076803 1.7628865979381443 2.2577319587628866 1.2989690721649485 2.4742268041237114 1.5154639175257731 1.7010309278350515 1.3298969072164948 2.7216494845360826 1.9175257731958764 1.3298969072164948 1.8556701030927836 1.5463917525773196 2.783505154639175 2.5670103092783507 2.1649484536082473 2.134020618556701 2.783505154639175 1.2371134020618557 1.4845360824742269 2.752577319587629 1.2371134020618557 1.7010309278350515 3.0 2.381443298969072 3.0 2.6597938144329896 2.2577319587628866 1.9793814432989691 1.9484536082474226 2.4742268041237114 2.2577319587628866 2.8762886597938144 2.7216494845360826 1.3608247422680413 1.4536082474226804 1.268041237113402 2.1649484536082473 2.6907216494845363 2.4123711340206184 2.3195876288659796  
24 40.68229361755373 1.7628865979381443 2.2577319587628866 1.2989690721649485 2.4742268041237114 1.5154639175257731 1.7010309278350515 1.3298969072164948 2.7216494845360826 1.9175257731958764 1.3298969072164948 1.8556701030927836 1.5463917525773196 2.783505154639175 2.5670103092783507 2.1649484536082473 2.134020618556701 2.783505154639175 1.2371134020618557 1.4845360824742269 2.752577319587629 1.2371134020618557 1.7010309278350515 3.0 2.381443298969072 3.0 2.6597938144329896 2.2577319587628866 1.9793814432989691 1.9484536082474226 2.4742268041237114 2.2577319587628866 2.8762886597938144 2.7216494845360826 1.3608247422680413 1.4536082474226804 1.268041237113402 2.1649484536082473 2.6907216494845363 2.4123711340206184 2.3195876288659796  
63 106.27386097102591 1.175257731958763 1.5051546391752577 0.865979381443299 1.6494845360824741 1.0103092783505154 1.134020618556701 0.8865979381443299 1.8144329896907216 1.2783505154639174 0.8865979381443299 1.2371134020618557 1.0309278350515463 1.8556701030927836 1.711340206185567 1.443298969072165 1.422680412371134 1.8556701030927836 0.8247422680412371 0.9896907216494846 1.8350515463917525 0.8247422680412371 1.134020618556701 2.0 1.5876288659793814 2.0 1.7731958762886597 1.5051546391752577 1.3195876288659794 1.2989690721649485 1.6494845360824741 1.5051546391752577 1.9175257731958764 1.8144329896907216 0.9072164948453608 0.9690721649484536 0.845360824742268 1.443298969072165 1.7938144329896908 1.6082474226804124 1.5463917525773196  
23 17.86865965789778 1.175257731958763 1.5051546391752577 0.865979381443299 1.6494845360824741 1.0103092783505154 1.134020618556701 0.8865979381443299 1.8144329896907216 1.2783505154639174 0.8865979381443299 1.2371134020618557 1.0309278350515463 1.8556701030927836 1.711340206185567 1.443298969072165 1.422680412371134 1.8556701030927836 0.8247422680412371 0.9896907216494846 1.8350515463917525 0.8247422680412371 1.134020618556701 2.0 1.5876288659793814 2.0 1.7731958762886597 1.5051546391752577 1.3195876288659794 1.2989690721649485 1.6494845360824741 1.5051546391752577 1.9175257731958764 1.8144329896907216 0.9072164948453608 0.9690721649484536 0.845360824742268 1.443298969072165 1.7938144329896908 1.6082474226804124 1.5463917525773196  
47 69.59279852803348 1.175257731958763 1.5051546391752577 0.865979381443299 1.6494845360824741 1.0103092783505154 1.134020618556701 0.8865979381443299 1.8144329896907216 1.2783505154639174 0.8865979381443299 1.2371134020618557 1.0309278350515463 1.8556701030927836 1.711340206185567 1.443298969072165 1.422680412371134 1.8556701030927836 0.8247422680412371 0.9896907216494846 1.8350515463917525 0.8247422680412371 1.134020618556701 2.0 1.5876288659793814 2.0 1.7731958762886597 1.5051546391752577 1.3195876288659794 1.2989690721649485 1.6494845360824741 1.5051546391752577 1.9175257731958764 1.8144329896907216 0.9072164948453608 0.9690721649484536 0.845360824742268 1.443298969072165 1.7938144329896908 1.6082474226804124 1.5463917525773196  
65 71.34496009037603 1.175257731958763 1.5051546391752577 0.865979381443299 1.6494845360824741 1.0103092783505154 1.134020618556701 0.8865979381443299 1.8144329896907216 1.2783505154639174 0.8865979381443299 1.2371134020618557 1.0309278350515463 1.8556701030927836 1.711340206185567 1.443298969072165 1.422680412371134 1.8556701030927836 0.8247422680412371 0.9896907216494846 1.8350515463917525 0.8247422680412371 1.134020618556701 2.0 1.5876288659793814 2.0 1.7731958762886597 1.5051546391752577 1.3195876288659794 1.2989690721649485 1.6494845360824741 1.5051546391752577 1.9175257731958764 1.8144329896907216 0.9072164948453608 0.9690721649484536 0.845360824742268 1.443298969072165 1.7938144329896908 1.6082474226804124 1.5463917525773196  
57 64.88983995642322 1.7628865979381443 2.2577319587628866 1.2989690721649485 2.4742268041237114 1.5154639175257731 1.7010309278350515 1.3298969072164948 2.7216494845360826 1.9175257731958764 1.3298969072164948 1.8556701030927836 1.5463917525773196 2.783505154639175 2.5670103092783507 2.1649484536082473 2.134020618556701 2.783505154639175 1.2371134020618557 1.4845360824742269 2.752577319587629 1.2371134020618557 1.7010309278350515 3.0 2.381443298969072 3.0 2.6597938144329896 2.2577319587628866 1.9793814432989691 1.9484536082474226 2.4742268041237114 2.2577319587628866 2.8762886597938144 2.7216494845360826 1.3608247422680413 1.4536082474226804 1.268041237113402 2.1649484536082473 2.6907216494845363 2.4123711340206184 2.3195876288659796  
49 130.77653317472897 1.175257731958763 1.5051546391752577 0.865979381443299 1.6494845360824741 1.0103092783505154 1.134020618556701 0.8865979381443299 1.8144329896907216 1.2783505154639174 0.8865979381443299 1.2371134020618557 1.0309278350515463 1.8556701030927836 1.711340206185567 1.443298969072165 1.422680412371134 1.8556701030927836 0.8247422680412371 0.9896907216494846 1.8350515463917525 0.8247422680412371 1.134020618556701 2.0 1.5876288659793814 2.0 1.7731958762886597 1.5051546391752577 1.3195876288659794 1.2989690721649485 1.6494845360824741 1.5051546391752577 1.9175257731958764 1.8144329896907216 0.9072164948453608 0.9690721649484536 0.845360824742268 1.443298969072165 1.7938144329896908 1.6082474226804124 1.5463917525773196  
67 72.86686210347403 1.7628865979381443 2.2577319587628866 1.2989690721649485 2.4742268041237114 1.5154639175257731 1.7010309278350515 1.3298969072164948 2.7216494845360826 1.9175257731958764 1.3298969072164948 1.8556701030927836 1.5463917525773196 2.783505154639175 2.5670103092783507 2.1649484536082473 2.134020618556701 2.783505154639175 1.2371134020618557 1.4845360824742269 2.752577319587629 1.2371134020618557 1.7010309278350515 3.0 2.381443298969072 3.0 2.6597938144329896 2.2577319587628866 1.9793814432989691 1.9484536082474226 2.4742268041237114 2.2577319587628866 2.8762886597938144 2.7216494845360826 1.3608247422680413 1.4536082474226804 1.268041237113402 2.1649484536082473 2.6907216494845363 2.4123711340206184 2.3195876288659796  
2 14.664913069152158 1.7628865979381443 2.2577319587628866 1.2989690721649485 2.4742268041237114 1.5154639175257731 1.7010309278350515 1.3298969072164948 2.7216494845360826 1.9175257731958764 1.3298969072164948 1.8556701030927836 1.5463917525773196 2.783505154639175 2.5670103092783507 2.1649484536082473 2.134020618556701 2.783505154639175 1.2371134020618557 1.4845360824742269 2.752577319587629 1.2371134020618557 1.7010309278350515 3.0 2.381443298969072 3.0 2.6597938144329896 2.2577319587628866 1.9793814432989691 1.9484536082474226 2.4742268041237114 2.2577319587628866 2.8762886597938144 2.7216494845360826 1.3608247422680413 1.4536082474226804 1.268041237113402 2.1649484536082473 2.6907216494845363 2.4123711340206184 2.3195876288659796  
79 2.177743103928669 1.175257731958763 1.5051546391752577 0.865979381443299 1.6494845360824741 1.0103092783505154 1.134020618556701 0.8865979381443299 1.8144329896907216 1.2783505154639174 0.8865979381443299 1.2371134020618557 1.0309278350515463 1.8556701030927836 1.711340206185567 1.443298969072165 1.422680412371134 1.8556701030927836 0.8247422680412371 0.9896907216494846 1.8350515463917525 0.8247422680412371 1.134020618556701 2.0 1.5876288659793814 2.0 1.7731958762886597 1.5051546391752577 1.3195876288659794 1.2989690721649485 1.6494845360824741 1.5051546391752577 1.9175257731958764 1.8144329896907216 0.9072164948453608 0.9690721649484536 0.845360824742268 1.443298969072165 1.7938144329896908 1.6082474226804124 1.5463917525773196  
12 86.92609193058958 1.7628865979381443 2.2577319587628866 1.2989690721649485 2.4742268041237114 1.5154639175257731 1.7010309278350515 1.3298969072164948 2.7216494845360826 1.9175257731958764 1.3298969072164948 1.8556701030927836 1.5463917525773196 2.783505154639175 2.5670103092783507 2.1649484536082473 2.134020618556701 2.783505154639175 1.2371134020618557 1.4845360824742269 2.752577319587629 1.2371134020618557 1.7010309278350515 3.0 2.381443298969072 3.0 2.6597938144329896 2.2577319587628866 1.9793814432989691 1.9484536082474226 2.4742268041237114 2.2577319587628866 2.8762886597938144 2.7216494845360826 1.3608247422680413 1.4536082474226804 1.268041237113402 2.1649484536082473 2.6907216494845363 2.4123711340206184 2.3195876288659796  
59 94.65762462562024 1.7628865979381443 2.2577319587628866 1.2989690721649485 2.4742268041237114 1.5154639175257731 1.7010309278350515 1.3298969072164948 2.7216494845360826 1.9175257731958764 1.3298969072164948 1.8556701030927836 1.5463917525773196 2.783505154639175 2.5670103092783507 2.1649484536082473 2.134020618556701 2.783505154639175 1.2371134020618557 1.4845360824742269 2.752577319587629 1.2371134020618557 1.7010309278350515 3.0 2.381443298969072 3.0 2.6597938144329896 2.2577319587628866 1.9793814432989691 1.9484536082474226 2.4742268041237114 2.2577319587628866 2.8762886597938144 2.7216494845360826 1.3608247422680413 1.4536082474226804 1.268041237113402 2.1649484536082473 2.6907216494845363 2.4123711340206184 2.3195876288659796  
70 20.32522961574507 1.7628865979381443 2.2577319587628866 1.2989690721649485 2.4742268041237114 1.5154639175257731 1.7010309278350515 1.3298969072164948 2.7216494845360826 1.9175257731958764 1.3298969072164948 1.8556701030927836 1.5463917525773196 2.783505154639175 2.5670103092783507 2.1649484536082473 2.134020618556701 2.783505154639175 1.2371134020618557 1.4845360824742269 2.752577319587629 1.2371134020618557 1.7010309278350515 3.0 2.381443298969072 3.0 2.6597938144329896 2.2577319587628866 1.9793814432989691 1.9484536082474226 2.4742268041237114 2.2577319587628866 2.8762886597938144 2.7216494845360826 1.3608247422680413 1.4536082474226804 1.268041237113402 2.1649484536082473 2.6907216494845363 2.4123711340206184 2.3195876288659796  
66 142.59124845049004 1.175257731958763 1.5051546391752577 0.865979381443299 1.6494845360824741 1.0103092783505154 1.134020618556701 0.8865979381443299 1.8144329896907216 1.2783505154639174 0.8865979381443299 1.2371134020618557 1.0309278350515463 1.8556701030927836 1.711340206185567 1.443298969072165 1.422680412371134 1.8556701030927836 0.8247422680412371 0.9896907216494846 1.8350515463917525 0.8247422680412371 1.134020618556701 2.0 1.5876288659793814 2.0 1.7731958762886597 1.5051546391752577 1.3195876288659794 1.2989690721649485 1.6494845360824741 1.5051546391752577 1.9175257731958764 1.8144329896907216 0.9072164948453608 0.9690721649484536 0.845360824742268 1.443298969072165 1.7938144329896908 1.6082474226804124 1.5463917525773196  
46 108.53044247814711 1.175257731958763 1.5051546391752577 0.865979381443299 1.6494845360824741 1.0103092783505154 1.134020618556701 0.8865979381443299 1.8144329896907216 1.2783505154639174 0.8865979381443299 1.2371134020618557 1.0309278350515463 1.8556701030927836 1.711340206185567 1.443298969072165 1.422680412371134 1.8556701030927836 0.8247422680412371 0.9896907216494846 1.8350515463917525 0.8247422680412371 1.134020618556701 2.0 1.5876288659793814 2.0 1.7731958762886597 1.5051546391752577 1.3195876288659794 1.2989690721649485 1.6494845360824741 1.5051546391752577 1.9175257731958764 1.8144329896907216 0.9072164948453608 0.9690721649484536 0.845360824742268 1.443298969072165 1.7938144329896908 1.6082474226804124 1.5463917525773196  
10 249.14926448124612 1.7628865979381443 2.2577319587628866 1.2989690721649485 2.4742268041237114 1.5154639175257731 1.7010309278350515 1.3298969072164948 2.7216494845360826 1.9175257731958764 1.3298969072164948 1.8556701030927836 1.5463917525773196 2.783505154639175 2.5670103092783507 2.1649484536082473 2.134020618556701 2.783505154639175 1.2371134020618557 1.4845360824742269 2.752577319587629 1.2371134020618557 1.7010309278350515 3.0 2.381443298969072 3.0 2.6597938144329896 2.2577319587628866 1.9793814432989691 1.9484536082474226 2.4742268041237114 2.2577319587628866 2.8762886597938144 2.7216494845360826 1.3608247422680413 1.4536082474226804 1.268041237113402 2.1649484536082473 2.6907216494845363 2.4123711340206184 2.3195876288659796  
5 134.43162323632376 1.7628865979381443 2.2577319587628866 1.2989690721649485 2.4742268041237114 1.5154639175257731 1.7010309278350515 1.3298969072164948 2.7216494845360826 1.9175257731958764 1.3298969072164948 1.8556701030927836 1.5463917525773196 2.783505154639175 2.5670103092783507 2.1649484536082473 2.134020618556701 2.783505154639175 1.2371134020618557 1.4845360824742269 2.752577319587629 1.2371134020618557 1.7010309278350515 3.0 2.381443298969072 3.0 2.6597938144329896 2.2577319587628866 1.9793814432989691 1.9484536082474226 2.4742268041237114 2.2577319587628866 2.8762886597938144 2.7216494845360826 1.3608247422680413 1.4536082474226804 1.268041237113402 2.1649484536082473 2.6907216494845363 2.4123711340206184 2.3195876288659796  
56 17.99095854354025 1.7628865979381443 2.2577319587628866 1.2989690721649485 2.4742268041237114 1.5154639175257731 1.7010309278350515 1.3298969072164948 2.7216494845360826 1.9175257731958764 1.3298969072164948 1.8556701030927836 1.5463917525773196 2.783505154639175 2.5670103092783507 2.1649484536082473 2.134020618556701 2.783505154639175 1.2371134020618557 1.4845360824742269 2.752577319587629 1.2371134020618557 1.7010309278350515 3.0 2.381443298969072 3.0 2.6597938144329896 2.2577319587628866 1.9793814432989691 1.9484536082474226 2.4742268041237114 2.2577319587628866 2.8762886597938144 2.7216494845360826 1.3608247422680413 1.4536082474226804 1.268041237113402 2.1649484536082473 2.6907216494845363 2.4123711340206184 2.3195876288659796  
76 1.0601338012722088 1.175257731958763 1.5051546391752577 0.865979381443299 1.6494845360824741 1.0103092783505154 1.134020618556701 0.8865979381443299 1.8144329896907216 1.2783505154639174 0.8865979381443299 1.2371134020618557 1.0309278350515463 1.8556701030927836 1.711340206185567 1.443298969072165 1.422680412371134 1.8556701030927836 0.8247422680412371 0.9896907216494846 1.8350515463917525 0.8247422680412371 1.134020618556701 2.0 1.5876288659793814 2.0 1.7731958762886597 1.5051546391752577 1.3195876288659794 1.2989690721649485 1.6494845360824741 1.5051546391752577 1.9175257731958764 1.8144329896907216 0.9072164948453608 0.9690721649484536 0.845360824742268 1.443298969072165 1.7938144329896908 1.6082474226804124 1.5463917525773196  
19 67.0 1.7628865979381443 2.2577319587628866 1.2989690721649485 2.4742268041237114 1.5154639175257731 1.7010309278350515 1.3298969072164948 2.7216494845360826 1.9175257731958764 1.3298969072164948 1.8556701030927836 1.5463917525773196 2.783505154639175 2.5670103092783507 2.1649484536082473 2.134020618556701 2.783505154639175 1.2371134020618557 1.4845360824742269 2.752577319587629 1.2371134020618557 1.7010309278350515 3.0 2.381443298969072 3.0 2.6597938144329896 2.2577319587628866 1.9793814432989691 1.9484536082474226 2.4742268041237114 2.2577319587628866 2.8762886597938144 2.7216494845360826 1.3608247422680413 1.4536082474226804 1.268041237113402 2.1649484536082473 2.6907216494845363 2.4123711340206184 2.3195876288659796  
6 114.60926105650474 1.175257731958763 1.5051546391752577 0.865979381443299 1.6494845360824741 1.0103092783505154 1.134020618556701 0.8865979381443299 1.8144329896907216 1.2783505154639174 0.8865979381443299 1.2371134020618557 1.0309278350515463 1.8556701030927836 1.711340206185567 1.443298969072165 1.422680412371134 1.8556701030927836 0.8247422680412371 0.9896907216494846 1.8350515463917525 0.8247422680412371 1.134020618556701 2.0 1.5876288659793814 2.0 1.7731958762886597 1.5051546391752577 1.3195876288659794 1.2989690721649485 1.6494845360824741 1.5051546391752577 1.9175257731958764 1.8144329896907216 0.9072164948453608 0.9690721649484536 0.845360824742268 1.443298969072165 1.7938144329896908 1.6082474226804124 1.5463917525773196  
9 22.172389377013385 1.7628865979381443 2.2577319587628866 1.2989690721649485 2.4742268041237114 1.5154639175257731 1.7010309278350515 1.3298969072164948 2.7216494845360826 1.9175257731958764 1.3298969072164948 1.8556701030927836 1.5463917525773196 2.783505154639175 2.5670103092783507 2.1649484536082473 2.134020618556701 2.783505154639175 1.2371134020618557 1.4845360824742269 2.752577319587629 1.2371134020618557 1.7010309278350515 3.0 2.381443298969072 3.0 2.6597938144329896 2.2577319587628866 1.9793814432989691 1.9484536082474226 2.4742268041237114 2.2577319587628866 2.8762886597938144 2.7216494845360826 1.3608247422680413 1.4536082474226804 1.268041237113402 2.1649484536082473 2.6907216494845363 2.4123711340206184 2.3195876288659796  
8 71.90872784482549 1.7628865979381443 2.2577319587628866 1.2989690721649485 2.4742268041237114 1.5154639175257731 1.7010309278350515 1.3298969072164948 2.7216494845360826 1.9175257731958764 1.3298969072164948 1.8556701030927836 1.5463917525773196 2.783505154639175 2.5670103092783507 2.1649484536082473 2.134020618556701 2.783505154639175 1.2371134020618557 1.4845360824742269 2.752577319587629 1.2371134020618557 1.7010309278350515 3.0 2.381443298969072 3.0 2.6597938144329896 2.2577319587628866 1.9793814432989691 1.9484536082474226 2.4742268041237114 2.2577319587628866 2.8762886597938144 2.7216494845360826 1.3608247422680413 1.4536082474226804 1.268041237113402 2.1649484536082473 2.6907216494845363 2.4123711340206184 2.3195876288659796  
14 255.5553336354367 1.175257731958763 1.5051546391752577 0.865979381443299 1.6494845360824741 1.0103092783505154 1.134020618556701 0.8865979381443299 1.8144329896907216 1.2783505154639174 0.8865979381443299 1.2371134020618557 1.0309278350515463 1.8556701030927836 1.711340206185567 1.443298969072165 1.422680412371134 1.8556701030927836 0.8247422680412371 0.9896907216494846 1.8350515463917525 0.8247422680412371 1.134020618556701 2.0 1.5876288659793814 2.0 1.7731958762886597 1.5051546391752577 1.3195876288659794 1.2989690721649485 1.6494845360824741 1.5051546391752577 1.9175257731958764 1.8144329896907216 0.9072164948453608 0.9690721649484536 0.845360824742268 1.443298969072165 1.7938144329896908 1.6082474226804124 1.5463917525773196  
27 57.23792954160513 1.7628865979381443 2.2577319587628866 1.2989690721649485 2.4742268041237114 1.5154639175257731 1.7010309278350515 1.3298969072164948 2.7216494845360826 1.9175257731958764 1.3298969072164948 1.8556701030927836 1.5463917525773196 2.783505154639175 2.5670103092783507 2.1649484536082473 2.134020618556701 2.783505154639175 1.2371134020618557 1.4845360824742269 2.752577319587629 1.2371134020618557 1.7010309278350515 3.0 2.381443298969072 3.0 2.6597938144329896 2.2577319587628866 1.9793814432989691 1.9484536082474226 2.4742268041237114 2.2577319587628866 2.8762886597938144 2.7216494845360826 1.3608247422680413 1.4536082474226804 1.268041237113402 2.1649484536082473 2.6907216494845363 2.4123711340206184 2.3195876288659796  
77 106.0 1.7628865979381443 2.2577319587628866 1.2989690721649485 2.4742268041237114 1.5154639175257731 1.7010309278350515 1.3298969072164948 2.7216494845360826 1.9175257731958764 1.3298969072164948 1.8556701030927836 1.5463917525773196 2.783505154639175 2.5670103092783507 2.1649484536082473 2.134020618556701 2.783505154639175 1.2371134020618557 1.4845360824742269 2.752577319587629 1.2371134020618557 1.7010309278350515 3.0 2.381443298969072 3.0 2.6597938144329896 2.2577319587628866 1.9793814432989691 1.9484536082474226 2.4742268041237114 2.2577319587628866 2.8762886597938144 2.7216494845360826 1.3608247422680413 1.4536082474226804 1.268041237113402 2.1649484536082473 2.6907216494845363 2.4123711340206184 2.3195876288659796  
51 36.50702366827502 1.7628865979381443 2.2577319587628866 1.2989690721649485 2.4742268041237114 1.5154639175257731 1.7010309278350515 1.3298969072164948 2.7216494845360826 1.9175257731958764 1.3298969072164948 1.8556701030927836 1.5463917525773196 2.783505154639175 2.5670103092783507 2.1649484536082473 2.134020618556701 2.783505154639175 1.2371134020618557 1.4845360824742269 2.752577319587629 1.2371134020618557 1.7010309278350515 3.0 2.381443298969072 3.0 2.6597938144329896 2.2577319587628866 1.9793814432989691 1.9484536082474226 2.4742268041237114 2.2577319587628866 2.8762886597938144 2.7216494845360826 1.3608247422680413 1.4536082474226804 1.268041237113402 2.1649484536082473 2.6907216494845363 2.4123711340206184 2.3195876288659796  
28 30.300013990841116 1.7628865979381443 2.2577319587628866 1.2989690721649485 2.4742268041237114 1.5154639175257731 1.7010309278350515 1.3298969072164948 2.7216494845360826 1.9175257731958764 1.3298969072164948 1.8556701030927836 1.5463917525773196 2.783505154639175 2.5670103092783507 2.1649484536082473 2.134020618556701 2.783505154639175 1.2371134020618557 1.4845360824742269 2.752577319587629 1.2371134020618557 1.7010309278350515 3.0 2.381443298969072 3.0 2.6597938144329896 2.2577319587628866 1.9793814432989691 1.9484536082474226 2.4742268041237114 2.2577319587628866 2.8762886597938144 2.7216494845360826 1.3608247422680413 1.4536082474226804 1.268041237113402 2.1649484536082473 2.6907216494845363 2.4123711340206184 2.3195876288659796  
11 167.92866031583145 1.7628865979381443 2.2577319587628866 1.2989690721649485 2.4742268041237114 1.5154639175257731 1.7010309278350515 1.3298969072164948 2.7216494845360826 1.9175257731958764 1.3298969072164948 1.8556701030927836 1.5463917525773196 2.783505154639175 2.5670103092783507 2.1649484536082473 2.134020618556701 2.783505154639175 1.2371134020618557 1.4845360824742269 2.752577319587629 1.2371134020618557 1.7010309278350515 3.0 2.381443298969072 3.0 2.6597938144329896 2.2577319587628866 1.9793814432989691 1.9484536082474226 2.4742268041237114 2.2577319587628866 2.8762886597938144 2.7216494845360826 1.3608247422680413 1.4536082474226804 1.268041237113402 2.1649484536082473 2.6907216494845363 2.4123711340206184 2.3195876288659796  
7 272.802155465192 1.7628865979381443 2.2577319587628866 1.2989690721649485 2.4742268041237114 1.5154639175257731 1.7010309278350515 1.3298969072164948 2.7216494845360826 1.9175257731958764 1.3298969072164948 1.8556701030927836 1.5463917525773196 2.783505154639175 2.5670103092783507 2.1649484536082473 2.134020618556701 2.783505154639175 1.2371134020618557 1.4845360824742269 2.752577319587629 1.2371134020618557 1.7010309278350515 3.0 2.381443298969072 3.0 2.6597938144329896 2.2577319587628866 1.9793814432989691 1.9484536082474226 2.4742268041237114 2.2577319587628866 2.8762886597938144 2.7216494845360826 1.3608247422680413 1.4536082474226804 1.268041237113402 2.1649484536082473 2.6907216494845363 2.4123711340206184 2.3195876288659796  
64 65.38973346743775 1.175257731958763 1.5051546391752577 0.865979381443299 1.6494845360824741 1.0103092783505154 1.134020618556701 0.8865979381443299 1.8144329896907216 1.2783505154639174 0.8865979381443299 1.2371134020618557 1.0309278350515463 1.8556701030927836 1.711340206185567 1.443298969072165 1.422680412371134 1.8556701030927836 0.8247422680412371 0.9896907216494846 1.8350515463917525 0.8247422680412371 1.134020618556701 2.0 1.5876288659793814 2.0 1.7731958762886597 1.5051546391752577 1.3195876288659794 1.2989690721649485 1.6494845360824741 1.5051546391752577 1.9175257731958764 1.8144329896907216 0.9072164948453608 0.9690721649484536 0.845360824742268 1.443298969072165 1.7938144329896908 1.6082474226804124 1.5463917525773196  
43 130.99484536082474 1.7628865979381443 2.2577319587628866 1.2989690721649485 2.4742268041237114 1.5154639175257731 1.7010309278350515 1.3298969072164948 2.7216494845360826 1.9175257731958764 1.3298969072164948 1.8556701030927836 1.5463917525773196 2.783505154639175 2.5670103092783507 2.1649484536082473 2.134020618556701 2.783505154639175 1.2371134020618557 1.4845360824742269 2.752577319587629 1.2371134020618557 1.7010309278350515 3.0 2.381443298969072 3.0 2.6597938144329896 2.2577319587628866 1.9793814432989691 1.9484536082474226 2.4742268041237114 2.2577319587628866 2.8762886597938144 2.7216494845360826 1.3608247422680413 1.4536082474226804 1.268041237113402 2.1649484536082473 2.6907216494845363 2.4123711340206184 2.3195876288659796  
34 12.506220769424175 1.175257731958763 1.5051546391752577 0.865979381443299 1.6494845360824741 1.0103092783505154 1.134020618556701 0.8865979381443299 1.8144329896907216 1.2783505154639174 0.8865979381443299 1.2371134020618557 1.0309278350515463 1.8556701030927836 1.711340206185567 1.443298969072165 1.422680412371134 1.8556701030927836 0.8247422680412371 0.9896907216494846 1.8350515463917525 0.8247422680412371 1.134020618556701 2.0 1.5876288659793814 2.0 1.7731958762886597 1.5051546391752577 1.3195876288659794 1.2989690721649485 1.6494845360824741 1.5051546391752577 1.9175257731958764 1.8144329896907216 0.9072164948453608 0.9690721649484536 0.845360824742268 1.443298969072165 1.7938144329896908 1.6082474226804124 1.5463917525773196  
21 98.69963006240131 1.175257731958763 1.5051546391752577 0.865979381443299 1.6494845360824741 1.0103092783505154 1.134020618556701 0.8865979381443299 1.8144329896907216 1.2783505154639174 0.8865979381443299 1.2371134020618557 1.0309278350515463 1.8556701030927836 1.711340206185567 1.443298969072165 1.422680412371134 1.8556701030927836 0.8247422680412371 0.9896907216494846 1.8350515463917525 0.8247422680412371 1.134020618556701 2.0 1.5876288659793814 2.0 1.7731958762886597 1.5051546391752577 1.3195876288659794 1.2989690721649485 1.6494845360824741 1.5051546391752577 1.9175257731958764 1.8144329896907216 0.9072164948453608 0.9690721649484536 0.845360824742268 1.443298969072165 1.7938144329896908 1.6082474226804124 1.5463917525773196  
26 37.03200178442253 1.7628865979381443 2.2577319587628866 1.2989690721649485 2.4742268041237114 1.5154639175257731 1.7010309278350515 1.3298969072164948 2.7216494845360826 1.9175257731958764 1.3298969072164948 1.8556701030927836 1.5463917525773196 2.783505154639175 2.5670103092783507 2.1649484536082473 2.134020618556701 2.783505154639175 1.2371134020618557 1.4845360824742269 2.752577319587629 1.2371134020618557 1.7010309278350515 3.0 2.381443298969072 3.0 2.6597938144329896 2.2577319587628866 1.9793814432989691 1.9484536082474226 2.4742268041237114 2.2577319587628866 2.8762886597938144 2.7216494845360826 1.3608247422680413 1.4536082474226804 1.268041237113402 2.1649484536082473 2.6907216494845363 2.4123711340206184 2.3195876288659796  
35 40.49365790797081 1.175257731958763 1.5051546391752577 0.865979381443299 1.6494845360824741 1.0103092783505154 1.134020618556701 0.8865979381443299 1.8144329896907216 1.2783505154639174 0.8865979381443299 1.2371134020618557 1.0309278350515463 1.8556701030927836 1.711340206185567 1.443298969072165 1.422680412371134 1.8556701030927836 0.8247422680412371 0.9896907216494846 1.8350515463917525 0.8247422680412371 1.134020618556701 2.0 1.5876288659793814 2.0 1.7731958762886597 1.5051546391752577 1.3195876288659794 1.2989690721649485 1.6494845360824741 1.5051546391752577 1.9175257731958764 1.8144329896907216 0.9072164948453608 0.9690721649484536 0.845360824742268 1.443298969072165 1.7938144329896908 1.6082474226804124 1.5463917525773196  
50 2.0525861766301747 1.175257731958763 1.5051546391752577 0.865979381443299 1.6494845360824741 1.0103092783505154 1.134020618556701 0.8865979381443299 1.8144329896907216 1.2783505154639174 0.8865979381443299 1.2371134020618557 1.0309278350515463 1.8556701030927836 1.711340206185567 1.443298969072165 1.422680412371134 1.8556701030927836 0.8247422680412371 0.9896907216494846 1.8350515463917525 0.8247422680412371 1.134020618556701 2.0 1.5876288659793814 2.0 1.7731958762886597 1.5051546391752577 1.3195876288659794 1.2989690721649485 1.6494845360824741 1.5051546391752577 1.9175257731958764 1.8144329896907216 0.9072164948453608 0.9690721649484536 0.845360824742268 1.443298969072165 1.7938144329896908 1.6082474226804124 1.5463917525773196  
15 33.859547096660485 1.7628865979381443 2.2577319587628866 1.2989690721649485 2.4742268041237114 1.5154639175257731 1.7010309278350515 1.3298969072164948 2.7216494845360826 1.9175257731958764 1.3298969072164948 1.8556701030927836 1.5463917525773196 2.783505154639175 2.5670103092783507 2.1649484536082473 2.134020618556701 2.783505154639175 1.2371134020618557 1.4845360824742269 2.752577319587629 1.2371134020618557 1.7010309278350515 3.0 2.381443298969072 3.0 2.6597938144329896 2.2577319587628866 1.9793814432989691 1.9484536082474226 2.4742268041237114 2.2577319587628866 2.8762886597938144 2.7216494845360826 1.3608247422680413 1.4536082474226804 1.268041237113402 2.1649484536082473 2.6907216494845363 2.4123711340206184 2.3195876288659796  
16 19.854529792994075 1.7628865979381443 2.2577319587628866 1.2989690721649485 2.4742268041237114 1.5154639175257731 1.7010309278350515 1.3298969072164948 2.7216494845360826 1.9175257731958764 1.3298969072164948 1.8556701030927836 1.5463917525773196 2.783505154639175 2.5670103092783507 2.1649484536082473 2.134020618556701 2.783505154639175 1.2371134020618557 1.4845360824742269 2.752577319587629 1.2371134020618557 1.7010309278350515 3.0 2.381443298969072 3.0 2.6597938144329896 2.2577319587628866 1.9793814432989691 1.9484536082474226 2.4742268041237114 2.2577319587628866 2.8762886597938144 2.7216494845360826 1.3608247422680413 1.4536082474226804 1.268041237113402 2.1649484536082473 2.6907216494845363 2.4123711340206184 2.3195876288659796  
40 65.00564225916666 1.7628865979381443 2.2577319587628866 1.2989690721649485 2.4742268041237114 1.5154639175257731 1.7010309278350515 1.3298969072164948 2.7216494845360826 1.9175257731958764 1.3298969072164948 1.8556701030927836 1.5463917525773196 2.783505154639175 2.5670103092783507 2.1649484536082473 2.134020618556701 2.783505154639175 1.2371134020618557 1.4845360824742269 2.752577319587629 1.2371134020618557 1.7010309278350515 3.0 2.381443298969072 3.0 2.6597938144329896 2.2577319587628866 1.9793814432989691 1.9484536082474226 2.4742268041237114 2.2577319587628866 2.8762886597938144 2.7216494845360826 1.3608247422680413 1.4536082474226804 1.268041237113402 2.1649484536082473 2.6907216494845363 2.4123711340206184 2.3195876288659796  
37 32.41313606925719 1.175257731958763 1.5051546391752577 0.865979381443299 1.6494845360824741 1.0103092783505154 1.134020618556701 0.8865979381443299 1.8144329896907216 1.2783505154639174 0.8865979381443299 1.2371134020618557 1.0309278350515463 1.8556701030927836 1.711340206185567 1.443298969072165 1.422680412371134 1.8556701030927836 0.8247422680412371 0.9896907216494846 1.8350515463917525 0.8247422680412371 1.134020618556701 2.0 1.5876288659793814 2.0 1.7731958762886597 1.5051546391752577 1.3195876288659794 1.2989690721649485 1.6494845360824741 1.5051546391752577 1.9175257731958764 1.8144329896907216 0.9072164948453608 0.9690721649484536 0.845360824742268 1.443298969072165 1.7938144329896908 1.6082474226804124 1.5463917525773196  
4 3.5363721656454987 1.175257731958763 1.5051546391752577 0.865979381443299 1.6494845360824741 1.0103092783505154 1.134020618556701 0.8865979381443299 1.8144329896907216 1.2783505154639174 0.8865979381443299 1.2371134020618557 1.0309278350515463 1.8556701030927836 1.711340206185567 1.443298969072165 1.422680412371134 1.8556701030927836 0.8247422680412371 0.9896907216494846 1.8350515463917525 0.8247422680412371 1.134020618556701 2.0 1.5876288659793814 2.0 1.7731958762886597 1.5051546391752577 1.3195876288659794 1.2989690721649485 1.6494845360824741 1.5051546391752577 1.9175257731958764 1.8144329896907216 0.9072164948453608 0.9690721649484536 0.845360824742268 1.443298969072165 1.7938144329896908 1.6082474226804124 1.5463917525773196  
29 43.35560910590169 1.7628865979381443 2.2577319587628866 1.2989690721649485 2.4742268041237114 1.5154639175257731 1.7010309278350515 1.3298969072164948 2.7216494845360826 1.9175257731958764 1.3298969072164948 1.8556701030927836 1.5463917525773196 2.783505154639175 2.5670103092783507 2.1649484536082473 2.134020618556701 2.783505154639175 1.2371134020618557 1.4845360824742269 2.752577319587629 1.2371134020618557 1.7010309278350515 3.0 2.381443298969072 3.0 2.6597938144329896 2.2577319587628866 1.9793814432989691 1.9484536082474226 2.4742268041237114 2.2577319587628866 2.8762886597938144 2.7216494845360826 1.3608247422680413 1.4536082474226804 1.268041237113402 2.1649484536082473 2.6907216494845363 2.4123711340206184 2.3195876288659796  
72 108.08050022955878 1.7628865979381443 2.2577319587628866 1.2989690721649485 2.4742268041237114 1.5154639175257731 1.7010309278350515 1.3298969072164948 2.7216494845360826 1.9175257731958764 1.3298969072164948 1.8556701030927836 1.5463917525773196 2.783505154639175 2.5670103092783507 2.1649484536082473 2.134020618556701 2.783505154639175 1.2371134020618557 1.4845360824742269 2.752577319587629 1.2371134020618557 1.7010309278350515 3.0 2.381443298969072 3.0 2.6597938144329896 2.2577319587628866 1.9793814432989691 1.9484536082474226 2.4742268041237114 2.2577319587628866 2.8762886597938144 2.7216494845360826 1.3608247422680413 1.4536082474226804 1.268041237113402 2.1649484536082473 2.6907216494845363 2.4123711340206184 2.3195876288659796  
60 116.36671575846827 1.7628865979381443 2.2577319587628866 1.2989690721649485 2.4742268041237114 1.5154639175257731 1.7010309278350515 1.3298969072164948 2.7216494845360826 1.9175257731958764 1.3298969072164948 1.8556701030927836 1.5463917525773196 2.783505154639175 2.5670103092783507 2.1649484536082473 2.134020618556701 2.783505154639175 1.2371134020618557 1.4845360824742269 2.752577319587629 1.2371134020618557 1.7010309278350515 3.0 2.381443298969072 3.0 2.6597938144329896 2.2577319587628866 1.9793814432989691 1.9484536082474226 2.4742268041237114 2.2577319587628866 2.8762886597938144 2.7216494845360826 1.3608247422680413 1.4536082474226804 1.268041237113402 2.1649484536082473 2.6907216494845363 2.4123711340206184 2.3195876288659796  
36 35.28633662274657 1.7628865979381443 2.2577319587628866 1.2989690721649485 2.4742268041237114 1.5154639175257731 1.7010309278350515 1.3298969072164948 2.7216494845360826 1.9175257731958764 1.3298969072164948 1.8556701030927836 1.5463917525773196 2.783505154639175 2.5670103092783507 2.1649484536082473 2.134020618556701 2.783505154639175 1.2371134020618557 1.4845360824742269 2.752577319587629 1.2371134020618557 1.7010309278350515 3.0 2.381443298969072 3.0 2.6597938144329896 2.2577319587628866 1.9793814432989691 1.9484536082474226 2.4742268041237114 2.2577319587628866 2.8762886597938144 2.7216494845360826 1.3608247422680413 1.4536082474226804 1.268041237113402 2.1649484536082473 2.6907216494845363 2.4123711340206184 2.3195876288659796  
48 271.05774587808475 1.175257731958763 1.5051546391752577 0.865979381443299 1.6494845360824741 1.0103092783505154 1.134020618556701 0.8865979381443299 1.8144329896907216 1.2783505154639174 0.8865979381443299 1.2371134020618557 1.0309278350515463 1.8556701030927836 1.711340206185567 1.443298969072165 1.422680412371134 1.8556701030927836 0.8247422680412371 0.9896907216494846 1.8350515463917525 0.8247422680412371 1.134020618556701 2.0 1.5876288659793814 2.0 1.7731958762886597 1.5051546391752577 1.3195876288659794 1.2989690721649485 1.6494845360824741 1.5051546391752577 1.9175257731958764 1.8144329896907216 0.9072164948453608 0.9690721649484536 0.845360824742268 1.443298969072165 1.7938144329896908 1.6082474226804124 1.5463917525773196  
78 0.9701975945017193 1.175257731958763 1.5051546391752577 0.865979381443299 1.6494845360824741 1.0103092783505154 1.134020618556701 0.8865979381443299 1.8144329896907216 1.2783505154639174 0.8865979381443299 1.2371134020618557 1.0309278350515463 1.8556701030927836 1.711340206185567 1.443298969072165 1.422680412371134 1.8556701030927836 0.8247422680412371 0.9896907216494846 1.8350515463917525 0.8247422680412371 1.134020618556701 2.0 1.5876288659793814 2.0 1.7731958762886597 1.5051546391752577 1.3195876288659794 1.2989690721649485 1.6494845360824741 1.5051546391752577 1.9175257731958764 1.8144329896907216 0.9072164948453608 0.9690721649484536 0.845360824742268 1.443298969072165 1.7938144329896908 1.6082474226804124 1.5463917525773196  
69 15.203516869728208 1.7628865979381443 2.2577319587628866 1.2989690721649485 2.4742268041237114 1.5154639175257731 1.7010309278350515 1.3298969072164948 2.7216494845360826 1.9175257731958764 1.3298969072164948 1.8556701030927836 1.5463917525773196 2.783505154639175 2.5670103092783507 2.1649484536082473 2.134020618556701 2.783505154639175 1.2371134020618557 1.4845360824742269 2.752577319587629 1.2371134020618557 1.7010309278350515 3.0 2.381443298969072 3.0 2.6597938144329896 2.2577319587628866 1.9793814432989691 1.9484536082474226 2.4742268041237114 2.2577319587628866 2.8762886597938144 2.7216494845360826 1.3608247422680413 1.4536082474226804 1.268041237113402 2.1649484536082473 2.6907216494845363 2.4123711340206184 2.3195876288659796  
54 64.38824280227556 1.175257731958763 1.5051546391752577 0.865979381443299 1.6494845360824741 1.0103092783505154 1.134020618556701 0.8865979381443299 1.8144329896907216 1.2783505154639174 0.8865979381443299 1.2371134020618557 1.0309278350515463 1.8556701030927836 1.711340206185567 1.443298969072165 1.422680412371134 1.8556701030927836 0.8247422680412371 0.9896907216494846 1.8350515463917525 0.8247422680412371 1.134020618556701 2.0 1.5876288659793814 2.0 1.7731958762886597 1.5051546391752577 1.3195876288659794 1.2989690721649485 1.6494845360824741 1.5051546391752577 1.9175257731958764 1.8144329896907216 0.9072164948453608 0.9690721649484536 0.845360824742268 1.443298969072165 1.7938144329896908 1.6082474226804124 1.5463917525773196  
42 12.414721801091572 1.7628865979381443 2.2577319587628866 1.2989690721649485 2.4742268041237114 1.5154639175257731 1.7010309278350515 1.3298969072164948 2.7216494845360826 1.9175257731958764 1.3298969072164948 1.8556701030927836 1.5463917525773196 2.783505154639175 2.5670103092783507 2.1649484536082473 2.134020618556701 2.783505154639175 1.2371134020618557 1.4845360824742269 2.752577319587629 1.2371134020618557 1.7010309278350515 3.0 2.381443298969072 3.0 2.6597938144329896 2.2577319587628866 1.9793814432989691 1.9484536082474226 2.4742268041237114 2.2577319587628866 2.8762886597938144 2.7216494845360826 1.3608247422680413 1.4536082474226804 1.268041237113402 2.1649484536082473 2.6907216494845363 2.4123711340206184 2.3195876288659796  
53 93.21082003505282 1.175257731958763 1.5051546391752577 0.865979381443299 1.6494845360824741 1.0103092783505154 1.134020618556701 0.8865979381443299 1.8144329896907216 1.2783505154639174 0.8865979381443299 1.2371134020618557 1.0309278350515463 1.8556701030927836 1.711340206185567 1.443298969072165 1.422680412371134 1.8556701030927836 0.8247422680412371 0.9896907216494846 1.8350515463917525 0.8247422680412371 1.134020618556701 2.0 1.5876288659793814 2.0 1.7731958762886597 1.5051546391752577 1.3195876288659794 1.2989690721649485 1.6494845360824741 1.5051546391752577 1.9175257731958764 1.8144329896907216 0.9072164948453608 0.9690721649484536 0.845360824742268 1.443298969072165 1.7938144329896908 1.6082474226804124 1.5463917525773196  
74 23.34253197970049 1.175257731958763 1.5051546391752577 0.865979381443299 1.6494845360824741 1.0103092783505154 1.134020618556701 0.8865979381443299 1.8144329896907216 1.2783505154639174 0.8865979381443299 1.2371134020618557 1.0309278350515463 1.8556701030927836 1.711340206185567 1.443298969072165 1.422680412371134 1.8556701030927836 0.8247422680412371 0.9896907216494846 1.8350515463917525 0.8247422680412371 1.134020618556701 2.0 1.5876288659793814 2.0 1.7731958762886597 1.5051546391752577 1.3195876288659794 1.2989690721649485 1.6494845360824741 1.5051546391752577 1.9175257731958764 1.8144329896907216 0.9072164948453608 0.9690721649484536 0.845360824742268 1.443298969072165 1.7938144329896908 1.6082474226804124 1.5463917525773196  
44 205.01691325736203 1.7628865979381443 2.2577319587628866 1.2989690721649485 2.4742268041237114 1.5154639175257731 1.7010309278350515 1.3298969072164948 2.7216494845360826 1.9175257731958764 1.3298969072164948 1.8556701030927836 1.5463917525773196 2.783505154639175 2.5670103092783507 2.1649484536082473 2.134020618556701 2.783505154639175 1.2371134020618557 1.4845360824742269 2.752577319587629 1.2371134020618557 1.7010309278350515 3.0 2.381443298969072 3.0 2.6597938144329896 2.2577319587628866 1.9793814432989691 1.9484536082474226 2.4742268041237114 2.2577319587628866 2.8762886597938144 2.7216494845360826 1.3608247422680413 1.4536082474226804 1.268041237113402 2.1649484536082473 2.6907216494845363 2.4123711340206184 2.3195876288659796  
38 47.62216101250176 1.7628865979381443 2.2577319587628866 1.2989690721649485 2.4742268041237114 1.5154639175257731 1.7010309278350515 1.3298969072164948 2.7216494845360826 1.9175257731958764 1.3298969072164948 1.8556701030927836 1.5463917525773196 2.783505154639175 2.5670103092783507 2.1649484536082473 2.134020618556701 2.783505154639175 1.2371134020618557 1.4845360824742269 2.752577319587629 1.2371134020618557 1.7010309278350515 3.0 2.381443298969072 3.0 2.6597938144329896 2.2577319587628866 1.9793814432989691 1.9484536082474226 2.4742268041237114 2.2577319587628866 2.8762886597938144 2.7216494845360826 1.3608247422680413 1.4536082474226804 1.268041237113402 2.1649484536082473 2.6907216494845363 2.4123711340206184 2.3195876288659796  
73 31.38462182695567 1.7628865979381443 2.2577319587628866 1.2989690721649485 2.4742268041237114 1.5154639175257731 1.7010309278350515 1.3298969072164948 2.7216494845360826 1.9175257731958764 1.3298969072164948 1.8556701030927836 1.5463917525773196 2.783505154639175 2.5670103092783507 2.1649484536082473 2.134020618556701 2.783505154639175 1.2371134020618557 1.4845360824742269 2.752577319587629 1.2371134020618557 1.7010309278350515 3.0 2.381443298969072 3.0 2.6597938144329896 2.2577319587628866 1.9793814432989691 1.9484536082474226 2.4742268041237114 2.2577319587628866 2.8762886597938144 2.7216494845360826 1.3608247422680413 1.4536082474226804 1.268041237113402 2.1649484536082473 2.6907216494845363 2.4123711340206184 2.3195876288659796  
20 41.22384504306561 1.7628865979381443 2.2577319587628866 1.2989690721649485 2.4742268041237114 1.5154639175257731 1.7010309278350515 1.3298969072164948 2.7216494845360826 1.9175257731958764 1.3298969072164948 1.8556701030927836 1.5463917525773196 2.783505154639175 2.5670103092783507 2.1649484536082473 2.134020618556701 2.783505154639175 1.2371134020618557 1.4845360824742269 2.752577319587629 1.2371134020618557 1.7010309278350515 3.0 2.381443298969072 3.0 2.6597938144329896 2.2577319587628866 1.9793814432989691 1.9484536082474226 2.4742268041237114 2.2577319587628866 2.8762886597938144 2.7216494845360826 1.3608247422680413 1.4536082474226804 1.268041237113402 2.1649484536082473 2.6907216494845363 2.4123711340206184 2.3195876288659796  
58 36.60815075559044 1.175257731958763 1.5051546391752577 0.865979381443299 1.6494845360824741 1.0103092783505154 1.134020618556701 0.8865979381443299 1.8144329896907216 1.2783505154639174 0.8865979381443299 1.2371134020618557 1.0309278350515463 1.8556701030927836 1.711340206185567 1.443298969072165 1.422680412371134 1.8556701030927836 0.8247422680412371 0.9896907216494846 1.8350515463917525 0.8247422680412371 1.134020618556701 2.0 1.5876288659793814 2.0 1.7731958762886597 1.5051546391752577 1.3195876288659794 1.2989690721649485 1.6494845360824741 1.5051546391752577 1.9175257731958764 1.8144329896907216 0.9072164948453608 0.9690721649484536 0.845360824742268 1.443298969072165 1.7938144329896908 1.6082474226804124 1.5463917525773196  
33 6.032722983689477 1.7628865979381443 2.2577319587628866 1.2989690721649485 2.4742268041237114 1.5154639175257731 1.7010309278350515 1.3298969072164948 2.7216494845360826 1.9175257731958764 1.3298969072164948 1.8556701030927836 1.5463917525773196 2.783505154639175 2.5670103092783507 2.1649484536082473 2.134020618556701 2.783505154639175 1.2371134020618557 1.4845360824742269 2.752577319587629 1.2371134020618557 1.7010309278350515 3.0 2.381443298969072 3.0 2.6597938144329896 2.2577319587628866 1.9793814432989691 1.9484536082474226 2.4742268041237114 2.2577319587628866 2.8762886597938144 2.7216494845360826 1.3608247422680413 1.4536082474226804 1.268041237113402 2.1649484536082473 2.6907216494845363 2.4123711340206184 2.3195876288659796  
32 9.722945150675002 1.175257731958763 1.5051546391752577 0.865979381443299 1.6494845360824741 1.0103092783505154 1.134020618556701 0.8865979381443299 1.8144329896907216 1.2783505154639174 0.8865979381443299 1.2371134020618557 1.0309278350515463 1.8556701030927836 1.711340206185567 1.443298969072165 1.422680412371134 1.8556701030927836 0.8247422680412371 0.9896907216494846 1.8350515463917525 0.8247422680412371 1.134020618556701 2.0 1.5876288659793814 2.0 1.7731958762886597 1.5051546391752577 1.3195876288659794 1.2989690721649485 1.6494845360824741 1.5051546391752577 1.9175257731958764 1.8144329896907216 0.9072164948453608 0.9690721649484536 0.845360824742268 1.443298969072165 1.7938144329896908 1.6082474226804124 1.5463917525773196  
55 60.53820467689213 1.175257731958763 1.5051546391752577 0.865979381443299 1.6494845360824741 1.0103092783505154 1.134020618556701 0.8865979381443299 1.8144329896907216 1.2783505154639174 0.8865979381443299 1.2371134020618557 1.0309278350515463 1.8556701030927836 1.711340206185567 1.443298969072165 1.422680412371134 1.8556701030927836 0.8247422680412371 0.9896907216494846 1.8350515463917525 0.8247422680412371 1.134020618556701 2.0 1.5876288659793814 2.0 1.7731958762886597 1.5051546391752577 1.3195876288659794 1.2989690721649485 1.6494845360824741 1.5051546391752577 1.9175257731958764 1.8144329896907216 0.9072164948453608 0.9690721649484536 0.845360824742268 1.443298969072165 1.7938144329896908 1.6082474226804124 1.5463917525773196  
18 13.279339293211336 1.7628865979381443 2.2577319587628866 1.2989690721649485 2.4742268041237114 1.5154639175257731 1.7010309278350515 1.3298969072164948 2.7216494845360826 1.9175257731958764 1.3298969072164948 1.8556701030927836 1.5463917525773196 2.783505154639175 2.5670103092783507 2.1649484536082473 2.134020618556701 2.783505154639175 1.2371134020618557 1.4845360824742269 2.752577319587629 1.2371134020618557 1.7010309278350515 3.0 2.381443298969072 3.0 2.6597938144329896 2.2577319587628866 1.9793814432989691 1.9484536082474226 2.4742268041237114 2.2577319587628866 2.8762886597938144 2.7216494845360826 1.3608247422680413 1.4536082474226804 1.268041237113402 2.1649484536082473 2.6907216494845363 2.4123711340206184 2.3195876288659796  
75 13.117599033870661 1.7628865979381443 2.2577319587628866 1.2989690721649485 2.4742268041237114 1.5154639175257731 1.7010309278350515 1.3298969072164948 2.7216494845360826 1.9175257731958764 1.3298969072164948 1.8556701030927836 1.5463917525773196 2.783505154639175 2.5670103092783507 2.1649484536082473 2.134020618556701 2.783505154639175 1.2371134020618557 1.4845360824742269 2.752577319587629 1.2371134020618557 1.7010309278350515 3.0 2.381443298969072 3.0 2.6597938144329896 2.2577319587628866 1.9793814432989691 1.9484536082474226 2.4742268041237114 2.2577319587628866 2.8762886597938144 2.7216494845360826 1.3608247422680413 1.4536082474226804 1.268041237113402 2.1649484536082473 2.6907216494845363 2.4123711340206184 2.3195876288659796  
31 74.9471056519571 1.7628865979381443 2.2577319587628866 1.2989690721649485 2.4742268041237114 1.5154639175257731 1.7010309278350515 1.3298969072164948 2.7216494845360826 1.9175257731958764 1.3298969072164948 1.8556701030927836 1.5463917525773196 2.783505154639175 2.5670103092783507 2.1649484536082473 2.134020618556701 2.783505154639175 1.2371134020618557 1.4845360824742269 2.752577319587629 1.2371134020618557 1.7010309278350515 3.0 2.381443298969072 3.0 2.6597938144329896 2.2577319587628866 1.9793814432989691 1.9484536082474226 2.4742268041237114 2.2577319587628866 2.8762886597938144 2.7216494845360826 1.3608247422680413 1.4536082474226804 1.268041237113402 2.1649484536082473 2.6907216494845363 2.4123711340206184 2.3195876288659796  
22 46.53574895275927 1.175257731958763 1.5051546391752577 0.865979381443299 1.6494845360824741 1.0103092783505154 1.134020618556701 0.8865979381443299 1.8144329896907216 1.2783505154639174 0.8865979381443299 1.2371134020618557 1.0309278350515463 1.8556701030927836 1.711340206185567 1.443298969072165 1.422680412371134 1.8556701030927836 0.8247422680412371 0.9896907216494846 1.8350515463917525 0.8247422680412371 1.134020618556701 2.0 1.5876288659793814 2.0 1.7731958762886597 1.5051546391752577 1.3195876288659794 1.2989690721649485 1.6494845360824741 1.5051546391752577 1.9175257731958764 1.8144329896907216 0.9072164948453608 0.9690721649484536 0.845360824742268 1.443298969072165 1.7938144329896908 1.6082474226804124 1.5463917525773196  
25 8.203173233324842 1.175257731958763 1.5051546391752577 0.865979381443299 1.6494845360824741 1.0103092783505154 1.134020618556701 0.8865979381443299 1.8144329896907216 1.2783505154639174 0.8865979381443299 1.2371134020618557 1.0309278350515463 1.8556701030927836 1.711340206185567 1.443298969072165 1.422680412371134 1.8556701030927836 0.8247422680412371 0.9896907216494846 1.8350515463917525 0.8247422680412371 1.134020618556701 2.0 1.5876288659793814 2.0 1.7731958762886597 1.5051546391752577 1.3195876288659794 1.2989690721649485 1.6494845360824741 1.5051546391752577 1.9175257731958764 1.8144329896907216 0.9072164948453608 0.9690721649484536 0.845360824742268 1.443298969072165 1.7938144329896908 1.6082474226804124 1.5463917525773196  
68 77.91763903960936 1.7628865979381443 2.2577319587628866 1.2989690721649485 2.4742268041237114 1.5154639175257731 1.7010309278350515 1.3298969072164948 2.7216494845360826 1.9175257731958764 1.3298969072164948 1.8556701030927836 1.5463917525773196 2.783505154639175 2.5670103092783507 2.1649484536082473 2.134020618556701 2.783505154639175 1.2371134020618557 1.4845360824742269 2.752577319587629 1.2371134020618557 1.7010309278350515 3.0 2.381443298969072 3.0 2.6597938144329896 2.2577319587628866 1.9793814432989691 1.9484536082474226 2.4742268041237114 2.2577319587628866 2.8762886597938144 2.7216494845360826 1.3608247422680413 1.4536082474226804 1.268041237113402 2.1649484536082473 2.6907216494845363 2.4123711340206184 2.3195876288659796  
