40 30
TREE NETWORK (nID nID Weight):
1 0 31.0 
16 0 54.0 
18 0 33.0 
19 18 44.0 
2 1 46.0 
34 0 45.0 
3 2 35.0 
20 19 34.0 
38 0 32.0 
24 19 32.0 
7 1 50.0 
27 19 31.0 
21 20 34.0 
8 1 31.0 
22 20 52.0 
5 2 42.0 
15 1 54.0 
9 8 38.0 
35 34 46.0 
10 9 58.0 
28 27 35.0 
30 27 57.0 
31 30 49.0 
11 9 52.0 
23 20 38.0 
25 24 52.0 
32 31 35.0 
6 5 58.0 
13 9 39.0 
14 13 48.0 
29 28 41.0 
39 38 35.0 
26 24 52.0 
36 35 40.0 
33 31 45.0 
37 34 36.0 
17 16 46.0 
4 3 32.0 
12 11 30.0 
PROGRAMS ASSIGNED TO NODES (nID pID1 pID2 ...):
0 1 2 3 4 5 6 7 8 9 10 11 12 13 14 15 16 17 18 19 20 21 22 23 24 25 26 27 28 29 30  
14 1 2 3 5 7 9 11 12 13 14 16 17 18 20 21 22 23 24 25 27 28 30  
6 2 3 4 5 6 7 8 9 10 11 12 13 14 15 16 17 18 19 20 21 22 23 24 25 26 27 28 29 30  
4 2 4 5 6 7 8 9 10 12 13 14 15 16 17 18 19 21 23 24 26 27 28 30  
21 1 3 5 7 16 17 20 21 23 24  
9 1 2 3 4 7 8 9 10 11 12 13 14 15 16 17 18 19 20 21 23 24 25 26 27 28 29 30  
5 1 2 3 4 5 6 7 8 12 13 14 15 16 17 18 19 20 21 22 23 24 25 26 27 28 29 30  
35 1 2 3 4 5 6 8 9 10 11 12 13 14 16 17 18 19 21 22 23 25 27 28 29 30  
32 7 10 12 13 14 17 19 21 23 27  
22 3 4 16 18 20 23 27  
17 6 10 11 12 16 17 21 26 28  
39 1 2 5 6 7 9 12 16 17 18 21 25 28 30  
2 3  
13 2 4 5 6 9 11 12 13 14 15 17 18 19 22 25 27 28 30  
34 7 8 12 16 17 22 23 27  
19 1 4 5 11 18 20 21 24 25 26 27 29 30  
33 2 10 15 17 27 28 29  
16 1 2 3 4 5 8 9 10 11 12 13 14 15 16 17 18 19 20 21 22 23 24 25 28 29 30  
37 13  
10 1 2 3 4 5 6 7 8 9 10 11 12 13 14 16 17 19 20 22 24 25 26 27 28 29 30  
1 4 6 8 9 19 20 24 27 29  
18 8 9 10 14 15 17 25  
26 7 22 27  
7 1 2 3 4 5 6 7 8 9 10 11 12 13 15 16 17 18 19 20 21 22 23 24 25 26 27 28 29  
3 4 5 7 12 15 16 19 21 22 23  
15 25 29  
31  
27 3 4 5 10 11 12 13 14 15 16 17 19 20 21 22 23 24 25 26 27 28 30  
25 1 2 3 4 5 6 7 8 9 10 12 13 14 15 16 17 18 19 21 23 24 25 26 27 29 30  
28 1 2 5 7 8 9 10 12 14 19 21 27 29  
12 1 3 5 6 9 11 13 17 18 19 21 22 23 24 25 29  
29 9 12 20 23 24 25  
30 4 6 7 8 13 18 20 21 25 26 29  
11 4 10 11 14 22 27 29  
8 13 19 20  
36 1 2 3 4 5 6 7 8 9 10 11 12 13 14 15 16 18 19 20 21 22 23 25 27 28 29 30  
38 1 2 3 5 6 8 9 10 13 14 15 16 17 18 19 20 21 22 23 24 26 27 28 29 30  
24  
23 4 10 13 15 20 21 22 26  
20 5 6 8 10 18 21 24 26  
SIZE OF PROGRAMS (pID SIZE):
1 41.0 
2 55.0 
3 41.0 
4 95.0 
5 59.0 
6 95.0 
7 87.0 
8 88.0 
9 51.0 
10 73.0 
11 89.0 
12 58.0 
13 44.0 
14 77.0 
15 73.0 
16 93.0 
17 95.0 
18 84.0 
19 81.0 
20 61.0 
21 96.0 
22 57.0 
23 83.0 
24 92.0 
25 98.0 
26 64.0 
27 72.0 
28 69.0 
29 66.0 
30 68.0 
COST_INSTALL_SERVER_AND_PROGRAMS :
0 5500.0 0.8367346938775511 1.1224489795918366 0.8367346938775511 1.9387755102040816 1.2040816326530612 1.9387755102040816 1.7755102040816326 1.7959183673469388 1.0408163265306123 1.489795918367347 1.816326530612245 1.183673469387755 0.8979591836734694 1.5714285714285714 1.489795918367347 1.8979591836734695 1.9387755102040816 1.7142857142857142 1.653061224489796 1.2448979591836735 1.9591836734693877 1.163265306122449 1.6938775510204083 1.8775510204081634 2.0 1.3061224489795917 1.469387755102041 1.4081632653061225 1.346938775510204 1.3877551020408163  
14 135.46431041171965 1.2551020408163265 1.683673469387755 1.2551020408163265 2.9081632653061225 1.8061224489795917 2.9081632653061225 2.663265306122449 2.693877551020408 1.5612244897959184 2.2346938775510203 2.7244897959183674 1.7755102040816326 1.346938775510204 2.357142857142857 2.2346938775510203 2.8469387755102042 2.9081632653061225 2.5714285714285716 2.479591836734694 1.8673469387755102 2.938775510204082 1.7448979591836735 2.5408163265306123 2.816326530612245 3.0 1.9591836734693877 2.204081632653061 2.1122448979591835 2.020408163265306 2.0816326530612246  
6 183.05692810825218 0.8367346938775511 1.1224489795918366 0.8367346938775511 1.9387755102040816 1.2040816326530612 1.9387755102040816 1.7755102040816326 1.7959183673469388 1.0408163265306123 1.489795918367347 1.816326530612245 1.183673469387755 0.8979591836734694 1.5714285714285714 1.489795918367347 1.8979591836734695 1.9387755102040816 1.7142857142857142 1.653061224489796 1.2448979591836735 1.9591836734693877 1.163265306122449 1.6938775510204083 1.8775510204081634 2.0 1.3061224489795917 1.469387755102041 1.4081632653061225 1.346938775510204 1.3877551020408163  
4 29.155515069983114 1.2551020408163265 1.683673469387755 1.2551020408163265 2.9081632653061225 1.8061224489795917 2.9081632653061225 2.663265306122449 2.693877551020408 1.5612244897959184 2.2346938775510203 2.7244897959183674 1.7755102040816326 1.346938775510204 2.357142857142857 2.2346938775510203 2.8469387755102042 2.9081632653061225 2.5714285714285716 2.479591836734694 1.8673469387755102 2.938775510204082 1.7448979591836735 2.5408163265306123 2.816326530612245 3.0 1.9591836734693877 2.204081632653061 2.1122448979591835 2.020408163265306 2.0816326530612246  
21 23.2025974025974 1.2551020408163265 1.683673469387755 1.2551020408163265 2.9081632653061225 1.8061224489795917 2.9081632653061225 2.663265306122449 2.693877551020408 1.5612244897959184 2.2346938775510203 2.7244897959183674 1.7755102040816326 1.346938775510204 2.357142857142857 2.2346938775510203 2.8469387755102042 2.9081632653061225 2.5714285714285716 2.479591836734694 1.8673469387755102 2.938775510204082 1.7448979591836735 2.5408163265306123 2.816326530612245 3.0 1.9591836734693877 2.204081632653061 2.1122448979591835 2.020408163265306 2.0816326530612246  
9 46.08439673585628 0.8367346938775511 1.1224489795918366 0.8367346938775511 1.9387755102040816 1.2040816326530612 1.9387755102040816 1.7755102040816326 1.7959183673469388 1.0408163265306123 1.489795918367347 1.816326530612245 1.183673469387755 0.8979591836734694 1.5714285714285714 1.489795918367347 1.8979591836734695 1.9387755102040816 1.7142857142857142 1.653061224489796 1.2448979591836735 1.9591836734693877 1.163265306122449 1.6938775510204083 1.8775510204081634 2.0 1.3061224489795917 1.469387755102041 1.4081632653061225 1.346938775510204 1.3877551020408163  
5 62.05709632176627 0.8367346938775511 1.1224489795918366 0.8367346938775511 1.9387755102040816 1.2040816326530612 1.9387755102040816 1.7755102040816326 1.7959183673469388 1.0408163265306123 1.489795918367347 1.816326530612245 1.183673469387755 0.8979591836734694 1.5714285714285714 1.489795918367347 1.8979591836734695 1.9387755102040816 1.7142857142857142 1.653061224489796 1.2448979591836735 1.9591836734693877 1.163265306122449 1.6938775510204083 1.8775510204081634 2.0 1.3061224489795917 1.469387755102041 1.4081632653061225 1.346938775510204 1.3877551020408163  
35 21.504584034513325 1.2551020408163265 1.683673469387755 1.2551020408163265 2.9081632653061225 1.8061224489795917 2.9081632653061225 2.663265306122449 2.693877551020408 1.5612244897959184 2.2346938775510203 2.7244897959183674 1.7755102040816326 1.346938775510204 2.357142857142857 2.2346938775510203 2.8469387755102042 2.9081632653061225 2.5714285714285716 2.479591836734694 1.8673469387755102 2.938775510204082 1.7448979591836735 2.5408163265306123 2.816326530612245 3.0 1.9591836734693877 2.204081632653061 2.1122448979591835 2.020408163265306 2.0816326530612246  
32 27.00767237437006 1.2551020408163265 1.683673469387755 1.2551020408163265 2.9081632653061225 1.8061224489795917 2.9081632653061225 2.663265306122449 2.693877551020408 1.5612244897959184 2.2346938775510203 2.7244897959183674 1.7755102040816326 1.346938775510204 2.357142857142857 2.2346938775510203 2.8469387755102042 2.9081632653061225 2.5714285714285716 2.479591836734694 1.8673469387755102 2.938775510204082 1.7448979591836735 2.5408163265306123 2.816326530612245 3.0 1.9591836734693877 2.204081632653061 2.1122448979591835 2.020408163265306 2.0816326530612246  
22 26.313737243149 1.2551020408163265 1.683673469387755 1.2551020408163265 2.9081632653061225 1.8061224489795917 2.9081632653061225 2.663265306122449 2.693877551020408 1.5612244897959184 2.2346938775510203 2.7244897959183674 1.7755102040816326 1.346938775510204 2.357142857142857 2.2346938775510203 2.8469387755102042 2.9081632653061225 2.5714285714285716 2.479591836734694 1.8673469387755102 2.938775510204082 1.7448979591836735 2.5408163265306123 2.816326530612245 3.0 1.9591836734693877 2.204081632653061 2.1122448979591835 2.020408163265306 2.0816326530612246  
17 2.905964704722469 0.8367346938775511 1.1224489795918366 0.8367346938775511 1.9387755102040816 1.2040816326530612 1.9387755102040816 1.7755102040816326 1.7959183673469388 1.0408163265306123 1.489795918367347 1.816326530612245 1.183673469387755 0.8979591836734694 1.5714285714285714 1.489795918367347 1.8979591836734695 1.9387755102040816 1.7142857142857142 1.653061224489796 1.2448979591836735 1.9591836734693877 1.163265306122449 1.6938775510204083 1.8775510204081634 2.0 1.3061224489795917 1.469387755102041 1.4081632653061225 1.346938775510204 1.3877551020408163  
39 12.256173469387756 1.2551020408163265 1.683673469387755 1.2551020408163265 2.9081632653061225 1.8061224489795917 2.9081632653061225 2.663265306122449 2.693877551020408 1.5612244897959184 2.2346938775510203 2.7244897959183674 1.7755102040816326 1.346938775510204 2.357142857142857 2.2346938775510203 2.8469387755102042 2.9081632653061225 2.5714285714285716 2.479591836734694 1.8673469387755102 2.938775510204082 1.7448979591836735 2.5408163265306123 2.816326530612245 3.0 1.9591836734693877 2.204081632653061 2.1122448979591835 2.020408163265306 2.0816326530612246  
2 30.272949373388222 1.2551020408163265 1.683673469387755 1.2551020408163265 2.9081632653061225 1.8061224489795917 2.9081632653061225 2.663265306122449 2.693877551020408 1.5612244897959184 2.2346938775510203 2.7244897959183674 1.7755102040816326 1.346938775510204 2.357142857142857 2.2346938775510203 2.8469387755102042 2.9081632653061225 2.5714285714285716 2.479591836734694 1.8673469387755102 2.938775510204082 1.7448979591836735 2.5408163265306123 2.816326530612245 3.0 1.9591836734693877 2.204081632653061 2.1122448979591835 2.020408163265306 2.0816326530612246  
13 57.21375394846169 1.2551020408163265 1.683673469387755 1.2551020408163265 2.9081632653061225 1.8061224489795917 2.9081632653061225 2.663265306122449 2.693877551020408 1.5612244897959184 2.2346938775510203 2.7244897959183674 1.7755102040816326 1.346938775510204 2.357142857142857 2.2346938775510203 2.8469387755102042 2.9081632653061225 2.5714285714285716 2.479591836734694 1.8673469387755102 2.938775510204082 1.7448979591836735 2.5408163265306123 2.816326530612245 3.0 1.9591836734693877 2.204081632653061 2.1122448979591835 2.020408163265306 2.0816326530612246  
34 61.0 1.2551020408163265 1.683673469387755 1.2551020408163265 2.9081632653061225 1.8061224489795917 2.9081632653061225 2.663265306122449 2.693877551020408 1.5612244897959184 2.2346938775510203 2.7244897959183674 1.7755102040816326 1.346938775510204 2.357142857142857 2.2346938775510203 2.8469387755102042 2.9081632653061225 2.5714285714285716 2.479591836734694 1.8673469387755102 2.938775510204082 1.7448979591836735 2.5408163265306123 2.816326530612245 3.0 1.9591836734693877 2.204081632653061 2.1122448979591835 2.020408163265306 2.0816326530612246  
19 25.832111436950157 1.2551020408163265 1.683673469387755 1.2551020408163265 2.9081632653061225 1.8061224489795917 2.9081632653061225 2.663265306122449 2.693877551020408 1.5612244897959184 2.2346938775510203 2.7244897959183674 1.7755102040816326 1.346938775510204 2.357142857142857 2.2346938775510203 2.8469387755102042 2.9081632653061225 2.5714285714285716 2.479591836734694 1.8673469387755102 2.938775510204082 1.7448979591836735 2.5408163265306123 2.816326530612245 3.0 1.9591836734693877 2.204081632653061 2.1122448979591835 2.020408163265306 2.0816326530612246  
33 28.306074625713844 0.8367346938775511 1.1224489795918366 0.8367346938775511 1.9387755102040816 1.2040816326530612 1.9387755102040816 1.7755102040816326 1.7959183673469388 1.0408163265306123 1.489795918367347 1.816326530612245 1.183673469387755 0.8979591836734694 1.5714285714285714 1.489795918367347 1.8979591836734695 1.9387755102040816 1.7142857142857142 1.653061224489796 1.2448979591836735 1.9591836734693877 1.163265306122449 1.6938775510204083 1.8775510204081634 2.0 1.3061224489795917 1.469387755102041 1.4081632653061225 1.346938775510204 1.3877551020408163  
16 19.0 1.2551020408163265 1.683673469387755 1.2551020408163265 2.9081632653061225 1.8061224489795917 2.9081632653061225 2.663265306122449 2.693877551020408 1.5612244897959184 2.2346938775510203 2.7244897959183674 1.7755102040816326 1.346938775510204 2.357142857142857 2.2346938775510203 2.8469387755102042 2.9081632653061225 2.5714285714285716 2.479591836734694 1.8673469387755102 2.938775510204082 1.7448979591836735 2.5408163265306123 2.816326530612245 3.0 1.9591836734693877 2.204081632653061 2.1122448979591835 2.020408163265306 2.0816326530612246  
37 0.26040816326530614 0.8367346938775511 1.1224489795918366 0.8367346938775511 1.9387755102040816 1.2040816326530612 1.9387755102040816 1.7755102040816326 1.7959183673469388 1.0408163265306123 1.489795918367347 1.816326530612245 1.183673469387755 0.8979591836734694 1.5714285714285714 1.489795918367347 1.8979591836734695 1.9387755102040816 1.7142857142857142 1.653061224489796 1.2448979591836735 1.9591836734693877 1.163265306122449 1.6938775510204083 1.8775510204081634 2.0 1.3061224489795917 1.469387755102041 1.4081632653061225 1.346938775510204 1.3877551020408163  
10 98.6612824237085 1.2551020408163265 1.683673469387755 1.2551020408163265 2.9081632653061225 1.8061224489795917 2.9081632653061225 2.663265306122449 2.693877551020408 1.5612244897959184 2.2346938775510203 2.7244897959183674 1.7755102040816326 1.346938775510204 2.357142857142857 2.2346938775510203 2.8469387755102042 2.9081632653061225 2.5714285714285716 2.479591836734694 1.8673469387755102 2.938775510204082 1.7448979591836735 2.5408163265306123 2.816326530612245 3.0 1.9591836734693877 2.204081632653061 2.1122448979591835 2.020408163265306 2.0816326530612246  
1 6.911550468262222 0.8367346938775511 1.1224489795918366 0.8367346938775511 1.9387755102040816 1.2040816326530612 1.9387755102040816 1.7755102040816326 1.7959183673469388 1.0408163265306123 1.489795918367347 1.816326530612245 1.183673469387755 0.8979591836734694 1.5714285714285714 1.489795918367347 1.8979591836734695 1.9387755102040816 1.7142857142857142 1.653061224489796 1.2448979591836735 1.9591836734693877 1.163265306122449 1.6938775510204083 1.8775510204081634 2.0 1.3061224489795917 1.469387755102041 1.4081632653061225 1.346938775510204 1.3877551020408163  
18 32.085043988269796 1.2551020408163265 1.683673469387755 1.2551020408163265 2.9081632653061225 1.8061224489795917 2.9081632653061225 2.663265306122449 2.693877551020408 1.5612244897959184 2.2346938775510203 2.7244897959183674 1.7755102040816326 1.346938775510204 2.357142857142857 2.2346938775510203 2.8469387755102042 2.9081632653061225 2.5714285714285716 2.479591836734694 1.8673469387755102 2.938775510204082 1.7448979591836735 2.5408163265306123 2.816326530612245 3.0 1.9591836734693877 2.204081632653061 2.1122448979591835 2.020408163265306 2.0816326530612246  
26 3.590045668617097 0.8367346938775511 1.1224489795918366 0.8367346938775511 1.9387755102040816 1.2040816326530612 1.9387755102040816 1.7755102040816326 1.7959183673469388 1.0408163265306123 1.489795918367347 1.816326530612245 1.183673469387755 0.8979591836734694 1.5714285714285714 1.489795918367347 1.8979591836734695 1.9387755102040816 1.7142857142857142 1.653061224489796 1.2448979591836735 1.9591836734693877 1.163265306122449 1.6938775510204083 1.8775510204081634 2.0 1.3061224489795917 1.469387755102041 1.4081632653061225 1.346938775510204 1.3877551020408163  
7 22.75647408685386 1.2551020408163265 1.683673469387755 1.2551020408163265 2.9081632653061225 1.8061224489795917 2.9081632653061225 2.663265306122449 2.693877551020408 1.5612244897959184 2.2346938775510203 2.7244897959183674 1.7755102040816326 1.346938775510204 2.357142857142857 2.2346938775510203 2.8469387755102042 2.9081632653061225 2.5714285714285716 2.479591836734694 1.8673469387755102 2.938775510204082 1.7448979591836735 2.5408163265306123 2.816326530612245 3.0 1.9591836734693877 2.204081632653061 2.1122448979591835 2.020408163265306 2.0816326530612246  
3 67.6721440306838 1.2551020408163265 1.683673469387755 1.2551020408163265 2.9081632653061225 1.8061224489795917 2.9081632653061225 2.663265306122449 2.693877551020408 1.5612244897959184 2.2346938775510203 2.7244897959183674 1.7755102040816326 1.346938775510204 2.357142857142857 2.2346938775510203 2.8469387755102042 2.9081632653061225 2.5714285714285716 2.479591836734694 1.8673469387755102 2.938775510204082 1.7448979591836735 2.5408163265306123 2.816326530612245 3.0 1.9591836734693877 2.204081632653061 2.1122448979591835 2.020408163265306 2.0816326530612246  
15 2.8660245938279734 1.2551020408163265 1.683673469387755 1.2551020408163265 2.9081632653061225 1.8061224489795917 2.9081632653061225 2.663265306122449 2.693877551020408 1.5612244897959184 2.2346938775510203 2.7244897959183674 1.7755102040816326 1.346938775510204 2.357142857142857 2.2346938775510203 2.8469387755102042 2.9081632653061225 2.5714285714285716 2.479591836734694 1.8673469387755102 2.938775510204082 1.7448979591836735 2.5408163265306123 2.816326530612245 3.0 1.9591836734693877 2.204081632653061 2.1122448979591835 2.020408163265306 2.0816326530612246  
31 101.668652569841 1.2551020408163265 1.683673469387755 1.2551020408163265 2.9081632653061225 1.8061224489795917 2.9081632653061225 2.663265306122449 2.693877551020408 1.5612244897959184 2.2346938775510203 2.7244897959183674 1.7755102040816326 1.346938775510204 2.357142857142857 2.2346938775510203 2.8469387755102042 2.9081632653061225 2.5714285714285716 2.479591836734694 1.8673469387755102 2.938775510204082 1.7448979591836735 2.5408163265306123 2.816326530612245 3.0 1.9591836734693877 2.204081632653061 2.1122448979591835 2.020408163265306 2.0816326530612246  
27 70.14596537697471 0.8367346938775511 1.1224489795918366 0.8367346938775511 1.9387755102040816 1.2040816326530612 1.9387755102040816 1.7755102040816326 1.7959183673469388 1.0408163265306123 1.489795918367347 1.816326530612245 1.183673469387755 0.8979591836734694 1.5714285714285714 1.489795918367347 1.8979591836734695 1.9387755102040816 1.7142857142857142 1.653061224489796 1.2448979591836735 1.9591836734693877 1.163265306122449 1.6938775510204083 1.8775510204081634 2.0 1.3061224489795917 1.469387755102041 1.4081632653061225 1.346938775510204 1.3877551020408163  
25 74.9983135911707 1.2551020408163265 1.683673469387755 1.2551020408163265 2.9081632653061225 1.8061224489795917 2.9081632653061225 2.663265306122449 2.693877551020408 1.5612244897959184 2.2346938775510203 2.7244897959183674 1.7755102040816326 1.346938775510204 2.357142857142857 2.2346938775510203 2.8469387755102042 2.9081632653061225 2.5714285714285716 2.479591836734694 1.8673469387755102 2.938775510204082 1.7448979591836735 2.5408163265306123 2.816326530612245 3.0 1.9591836734693877 2.204081632653061 2.1122448979591835 2.020408163265306 2.0816326530612246  
28 87.41258066732722 0.8367346938775511 1.1224489795918366 0.8367346938775511 1.9387755102040816 1.2040816326530612 1.9387755102040816 1.7755102040816326 1.7959183673469388 1.0408163265306123 1.489795918367347 1.816326530612245 1.183673469387755 0.8979591836734694 1.5714285714285714 1.489795918367347 1.8979591836734695 1.9387755102040816 1.7142857142857142 1.653061224489796 1.2448979591836735 1.9591836734693877 1.163265306122449 1.6938775510204083 1.8775510204081634 2.0 1.3061224489795917 1.469387755102041 1.4081632653061225 1.346938775510204 1.3877551020408163  
12 45.78620908674298 0.8367346938775511 1.1224489795918366 0.8367346938775511 1.9387755102040816 1.2040816326530612 1.9387755102040816 1.7755102040816326 1.7959183673469388 1.0408163265306123 1.489795918367347 1.816326530612245 1.183673469387755 0.8979591836734694 1.5714285714285714 1.489795918367347 1.8979591836734695 1.9387755102040816 1.7142857142857142 1.653061224489796 1.2448979591836735 1.9591836734693877 1.163265306122449 1.6938775510204083 1.8775510204081634 2.0 1.3061224489795917 1.469387755102041 1.4081632653061225 1.346938775510204 1.3877551020408163  
29 32.81391231011906 0.8367346938775511 1.1224489795918366 0.8367346938775511 1.9387755102040816 1.2040816326530612 1.9387755102040816 1.7755102040816326 1.7959183673469388 1.0408163265306123 1.489795918367347 1.816326530612245 1.183673469387755 0.8979591836734694 1.5714285714285714 1.489795918367347 1.8979591836734695 1.9387755102040816 1.7142857142857142 1.653061224489796 1.2448979591836735 1.9591836734693877 1.163265306122449 1.6938775510204083 1.8775510204081634 2.0 1.3061224489795917 1.469387755102041 1.4081632653061225 1.346938775510204 1.3877551020408163  
30 92.19077703876172 1.2551020408163265 1.683673469387755 1.2551020408163265 2.9081632653061225 1.8061224489795917 2.9081632653061225 2.663265306122449 2.693877551020408 1.5612244897959184 2.2346938775510203 2.7244897959183674 1.7755102040816326 1.346938775510204 2.357142857142857 2.2346938775510203 2.8469387755102042 2.9081632653061225 2.5714285714285716 2.479591836734694 1.8673469387755102 2.938775510204082 1.7448979591836735 2.5408163265306123 2.816326530612245 3.0 1.9591836734693877 2.204081632653061 2.1122448979591835 2.020408163265306 2.0816326530612246  
11 23.66034187738044 1.2551020408163265 1.683673469387755 1.2551020408163265 2.9081632653061225 1.8061224489795917 2.9081632653061225 2.663265306122449 2.693877551020408 1.5612244897959184 2.2346938775510203 2.7244897959183674 1.7755102040816326 1.346938775510204 2.357142857142857 2.2346938775510203 2.8469387755102042 2.9081632653061225 2.5714285714285716 2.479591836734694 1.8673469387755102 2.938775510204082 1.7448979591836735 2.5408163265306123 2.816326530612245 3.0 1.9591836734693877 2.204081632653061 2.1122448979591835 2.020408163265306 2.0816326530612246  
8 50.82518210197709 0.8367346938775511 1.1224489795918366 0.8367346938775511 1.9387755102040816 1.2040816326530612 1.9387755102040816 1.7755102040816326 1.7959183673469388 1.0408163265306123 1.489795918367347 1.816326530612245 1.183673469387755 0.8979591836734694 1.5714285714285714 1.489795918367347 1.8979591836734695 1.9387755102040816 1.7142857142857142 1.653061224489796 1.2448979591836735 1.9591836734693877 1.163265306122449 1.6938775510204083 1.8775510204081634 2.0 1.3061224489795917 1.469387755102041 1.4081632653061225 1.346938775510204 1.3877551020408163  
36 79.96432846016256 0.8367346938775511 1.1224489795918366 0.8367346938775511 1.9387755102040816 1.2040816326530612 1.9387755102040816 1.7755102040816326 1.7959183673469388 1.0408163265306123 1.489795918367347 1.816326530612245 1.183673469387755 0.8979591836734694 1.5714285714285714 1.489795918367347 1.8979591836734695 1.9387755102040816 1.7142857142857142 1.653061224489796 1.2448979591836735 1.9591836734693877 1.163265306122449 1.6938775510204083 1.8775510204081634 2.0 1.3061224489795917 1.469387755102041 1.4081632653061225 1.346938775510204 1.3877551020408163  
38 0.7911198099929616 1.2551020408163265 1.683673469387755 1.2551020408163265 2.9081632653061225 1.8061224489795917 2.9081632653061225 2.663265306122449 2.693877551020408 1.5612244897959184 2.2346938775510203 2.7244897959183674 1.7755102040816326 1.346938775510204 2.357142857142857 2.2346938775510203 2.8469387755102042 2.9081632653061225 2.5714285714285716 2.479591836734694 1.8673469387755102 2.938775510204082 1.7448979591836735 2.5408163265306123 2.816326530612245 3.0 1.9591836734693877 2.204081632653061 2.1122448979591835 2.020408163265306 2.0816326530612246  
24 79.73432944606415 0.8367346938775511 1.1224489795918366 0.8367346938775511 1.9387755102040816 1.2040816326530612 1.9387755102040816 1.7755102040816326 1.7959183673469388 1.0408163265306123 1.489795918367347 1.816326530612245 1.183673469387755 0.8979591836734694 1.5714285714285714 1.489795918367347 1.8979591836734695 1.9387755102040816 1.7142857142857142 1.653061224489796 1.2448979591836735 1.9591836734693877 1.163265306122449 1.6938775510204083 1.8775510204081634 2.0 1.3061224489795917 1.469387755102041 1.4081632653061225 1.346938775510204 1.3877551020408163  
23 54.1622890410816 0.8367346938775511 1.1224489795918366 0.8367346938775511 1.9387755102040816 1.2040816326530612 1.9387755102040816 1.7755102040816326 1.7959183673469388 1.0408163265306123 1.489795918367347 1.816326530612245 1.183673469387755 0.8979591836734694 1.5714285714285714 1.489795918367347 1.8979591836734695 1.9387755102040816 1.7142857142857142 1.653061224489796 1.2448979591836735 1.9591836734693877 1.163265306122449 1.6938775510204083 1.8775510204081634 2.0 1.3061224489795917 1.469387755102041 1.4081632653061225 1.346938775510204 1.3877551020408163  
20 49.39553033334546 0.8367346938775511 1.1224489795918366 0.8367346938775511 1.9387755102040816 1.2040816326530612 1.9387755102040816 1.7755102040816326 1.7959183673469388 1.0408163265306123 1.489795918367347 1.816326530612245 1.183673469387755 0.8979591836734694 1.5714285714285714 1.489795918367347 1.8979591836734695 1.9387755102040816 1.7142857142857142 1.653061224489796 1.2448979591836735 1.9591836734693877 1.163265306122449 1.6938775510204083 1.8775510204081634 2.0 1.3061224489795917 1.469387755102041 1.4081632653061225 1.346938775510204 1.3877551020408163  
