Type1
20.0
10.0
5.0
20.0
35.0
15.0
35.0
32.5
27.500000000000004
22.5
25.0
21.666666666666668
31.666666666666664
25.0
26.666666666666668
27.500000000000004
30.0
30.0
41.25
31.25
Type1_Large
27.0
30.0
26.0
32.0
36.0
34.8
28.799999999999997
35.199999999999996
30.4
40.8
28.999999999999996
36.0
38.75
39.5
37.75
Type2
14.000000000000002
20.0
14.000000000000002
10.0
10.0
8.333333333333332
13.333333333333334
16.666666666666664
13.333333333333334
13.333333333333334
2.857142857142857
15.714285714285714
15.714285714285714
11.428571428571429
8.571428571428571
13.750000000000002
17.5
20.0
7.5
15.0
11.11111111111111
12.222222222222221
15.555555555555555
7.777777777777778
14.444444444444443
14.000000000000002
16.0
13.0
11.0
15.0
9.090909090909092
18.181818181818183
18.181818181818183
20.909090909090907
12.727272727272727
10.0
16.666666666666664
19.166666666666668
18.333333333333332
14.166666666666666
17.692307692307693
15.384615384615385
15.384615384615385
10.0
17.692307692307693
16.428571428571427
22.142857142857142
15.0
12.857142857142856
12.142857142857142
13.333333333333334
18.0
11.333333333333332
18.0
18.666666666666668
15.625
13.125
19.375
16.875
15.625
15.88235294117647
19.411764705882355
18.235294117647058
27.647058823529413
15.294117647058824
11.11111111111111
11.666666666666666
13.88888888888889
15.555555555555555
18.333333333333332
10.526315789473683
16.315789473684212
17.894736842105264
14.736842105263156
17.894736842105264
11.0
12.0
17.0
14.499999999999998
15.0
Type2_Large
21.0
16.5
14.499999999999998
19.5
17.0
17.0
17.0
16.75
17.75
18.0
18.333333333333332
21.333333333333336
19.833333333333332
20.666666666666668
20.666666666666668
20.625
22.625
19.125
19.75
21.875
21.0
18.6
20.4
20.1
18.7
Press any key to continue . . .















































































































































































